345.22	32.850
345.43	32.850
345.65	32.850
345.86	37.000
346.08	161.364
346.29	-2.899
346.51	-43.243
346.72	59.091
346.94	-173.077
347.15	-58.065
347.37	100.825
347.58	114.553
347.80	130.898
348.01	109.524
348.23	90.103
348.44	77.961
348.66	72.672
348.87	81.529
349.09	75.794
349.30	69.780
349.52	64.706
349.73	73.119
349.95	67.312
350.16	72.777
350.38	70.780
350.59	63.957
350.81	63.848
351.02	58.457
351.24	54.458
351.45	52.532
351.67	56.637
351.88	60.114
352.10	58.680
352.31	59.694
352.53	65.289
352.74	63.884
352.96	64.443
353.17	64.166
353.39	63.911
353.60	68.056
353.82	67.417
354.03	68.169
354.25	66.139
354.46	64.804
354.67	60.186
354.89	58.221
355.10	67.244
355.32	68.066
355.53	71.208
355.75	73.443
355.96	74.894
356.18	71.066
356.39	68.695
356.61	74.743
356.82	75.173
357.04	68.559
357.25	70.016
357.46	70.811
357.68	71.738
357.89	70.084
358.11	68.696
358.32	71.807
358.54	68.440
358.75	71.193
358.97	72.425
359.18	71.908
359.40	72.455
359.61	67.732
359.82	65.911
360.04	67.174
360.25	63.465
360.47	59.847
360.68	58.401
360.90	56.324
361.11	54.078
361.32	53.546
361.54	56.018
361.75	53.957
361.97	56.129
362.18	53.525
362.40	57.511
362.61	57.913
362.83	57.874
363.04	62.719
363.25	62.360
363.47	64.173
363.68	61.210
363.90	63.424
364.11	64.811
364.32	64.674
364.54	62.634
364.75	64.356
364.97	67.718
365.18	69.387
365.40	70.763
365.61	67.939
365.82	71.686
366.04	70.607
366.25	71.813
366.47	69.748
366.68	66.659
366.89	66.136
367.11	65.685
367.32	65.288
367.54	62.266
367.75	62.401
367.96	61.305
368.18	64.331
368.39	63.225
368.61	64.618
368.82	69.772
369.03	73.008
369.25	75.690
369.46	76.555
369.68	77.129
369.89	76.842
370.10	78.407
370.32	75.900
370.53	76.584
370.75	71.605
370.96	73.433
371.17	78.991
371.39	73.709
371.60	73.441
371.81	72.833
372.03	72.117
372.24	71.171
372.46	73.816
372.67	76.444
372.88	75.347
373.10	73.970
373.31	68.024
373.52	64.041
373.74	63.562
373.95	63.366
374.17	64.526
374.38	65.560
374.59	67.284
374.81	67.405
375.02	65.704
375.23	70.402
375.45	65.343
375.66	59.391
375.87	64.011
376.09	65.490
376.30	65.345
376.52	69.249
376.73	68.779
376.94	67.794
377.16	68.710
377.37	73.206
377.58	74.596
377.80	79.426
378.01	83.606
378.22	86.660
378.44	86.129
378.65	85.616
378.86	85.095
379.08	84.802
379.29	85.780
379.50	88.988
379.72	89.348
379.93	93.535
380.14	99.056
380.36	98.959
380.57	98.892
380.78	100.548
381.00	101.571
381.21	103.581
381.42	104.626
381.64	104.681
381.85	104.612
382.06	104.317
382.28	104.652
382.49	105.212
382.70	106.456
382.92	108.226
383.13	109.180
383.34	111.048
383.56	112.593
383.77	113.182
383.98	113.426
384.20	114.186
384.41	115.163
384.62	115.626
384.83	116.570
385.05	117.390
385.26	118.214
385.47	118.996
385.69	119.978
385.90	120.970
386.11	121.892
386.33	122.597
386.54	123.527
386.75	123.808
386.97	124.478
387.18	124.648
387.39	124.996
387.60	124.574
387.82	124.423
388.03	124.011
388.24	124.382
388.46	124.128
388.67	123.977
388.88	123.267
389.09	122.651
389.31	122.095
389.52	121.509
389.73	120.629
389.95	120.000
390.16	119.216
390.37	118.795
390.58	118.264
390.80	117.723
391.01	117.431
391.22	116.943
391.44	116.285
391.65	115.967
391.86	115.664
392.07	116.047
392.29	116.147
392.50	116.422
392.71	116.527
392.92	117.039
393.14	117.385
393.35	118.009
393.56	118.566
393.78	119.109
393.99	119.818
394.20	120.663
394.41	121.465
394.63	122.192
394.84	122.920
395.05	123.836
395.26	124.641
395.48	125.136
395.69	125.763
395.90	126.425
396.11	126.920
396.33	127.427
396.54	127.836
396.75	128.054
396.96	128.194
397.18	128.178
397.39	128.055
397.60	128.036
397.81	127.781
398.03	127.483
398.24	127.098
398.45	126.668
398.66	126.148
398.87	125.520
399.09	124.833
399.30	123.987
399.51	122.973
399.72	122.133
399.94	121.458
400.15	120.624
400.36	119.881
400.57	119.115
400.79	118.355
401.00	117.631
401.21	117.095
401.42	116.506
401.63	116.128
401.85	115.836
402.06	115.627
402.27	115.572
402.48	115.714
402.69	115.901
402.91	116.135
403.12	116.370
403.33	116.813
403.54	117.347
403.76	117.848
403.97	118.581
404.18	119.259
404.39	120.016
404.60	120.790
404.82	121.579
405.03	122.490
405.24	123.282
405.45	124.074
405.66	124.775
405.88	125.513
406.09	126.148
406.30	126.593
406.51	126.935
406.72	127.259
406.94	127.454
407.15	127.471
407.36	127.466
407.57	127.413
407.78	127.203
407.99	126.870
408.21	126.507
408.42	125.928
408.63	125.408
408.84	124.685
409.05	124.080
409.27	123.275
409.48	122.271
409.69	121.323
409.90	120.468
410.11	119.567
410.32	118.742
410.54	117.838
410.75	116.959
410.96	116.156
411.17	115.349
411.38	114.592
411.59	114.001
411.81	113.446
412.02	113.013
412.23	112.644
412.44	112.351
412.65	112.280
412.86	112.359
413.08	112.424
413.29	112.609
413.50	112.850
413.71	113.286
413.92	113.776
414.13	114.363
414.34	114.876
414.56	115.468
414.77	116.100
414.98	116.793
415.19	117.587
415.40	118.386
415.61	119.173
415.82	119.883
416.04	120.673
416.25	121.276
416.46	121.870
416.67	122.466
416.88	122.942
417.09	123.381
417.30	123.682
417.52	123.940
417.73	123.992
417.94	124.058
418.15	123.970
418.36	123.874
418.57	123.580
418.78	123.275
418.99	122.910
419.21	122.424
419.42	121.864
419.63	121.243
419.84	120.509
420.05	119.694
420.26	118.908
420.47	118.022
420.68	117.209
420.89	116.411
421.11	115.461
421.32	114.696
421.53	113.868
421.74	113.110
421.95	112.396
422.16	111.803
422.37	111.237
422.58	110.665
422.79	110.238
423.01	109.924
423.22	109.615
423.43	109.481
423.64	109.404
423.85	109.470
424.06	109.651
424.27	109.889
424.48	110.252
424.69	110.727
424.90	111.236
425.11	111.881
425.33	112.517
425.54	113.218
425.75	113.943
425.96	114.696
426.17	115.499
426.38	116.270
426.59	117.117
426.80	117.871
427.01	118.672
427.22	119.429
427.43	120.205
427.64	120.898
427.85	121.461
428.07	122.026
428.28	122.436
428.49	122.840
428.70	123.168
428.91	123.388
429.12	123.513
429.33	123.594
429.54	123.518
429.75	123.389
429.96	123.276
430.17	122.987
430.38	122.637
430.59	122.146
430.80	121.580
431.01	120.920
431.22	120.315
431.44	119.631
431.65	118.878
431.86	118.078
432.07	117.242
432.28	116.467
432.49	115.639
432.70	114.805
432.91	113.883
433.12	113.072
433.33	112.288
433.54	111.566
433.75	110.929
433.96	110.385
434.17	109.777
434.38	109.259
434.59	108.856
434.80	108.541
435.01	108.393
435.22	108.349
435.43	108.388
435.64	108.460
435.85	108.606
436.06	108.852
436.27	109.193
436.48	109.682
436.69	110.118
436.90	110.687
437.11	111.335
437.33	112.084
437.54	112.794
437.75	113.589
437.96	114.358
438.17	115.051
438.38	115.764
438.59	116.548
438.80	117.268
439.01	118.036
439.22	118.803
439.43	119.322
439.64	119.873
439.85	120.376
440.06	120.790
440.27	121.195
440.48	121.486
440.69	121.697
440.90	121.768
441.11	121.872
441.32	121.828
441.53	121.766
441.74	121.513
441.95	121.265
442.16	120.897
442.37	120.409
442.58	119.923
442.79	119.323
443.00	118.674
443.21	118.014
443.42	117.222
443.62	116.287
443.83	115.567
444.04	114.729
444.25	113.876
444.46	113.021
444.67	112.142
444.88	111.274
445.09	110.440
445.30	109.626
445.51	108.807
445.72	108.048
445.93	107.358
446.14	106.778
446.35	106.231
446.56	105.755
446.77	105.376
446.98	105.063
447.19	104.830
447.40	104.694
447.61	104.585
447.82	104.577
448.03	104.708
448.24	104.837
448.45	105.058
448.66	105.375
448.87	105.744
449.08	106.178
449.29	106.657
449.49	107.195
449.70	107.801
449.91	108.453
450.12	109.134
450.33	109.788
450.54	110.477
450.75	111.140
450.96	111.828
451.17	112.521
451.38	113.103
451.59	113.727
451.80	114.315
452.01	114.858
452.22	115.416
452.43	115.844
452.64	116.206
452.84	116.522
453.05	116.756
453.26	116.990
453.47	117.109
453.68	117.187
453.89	117.166
454.10	117.068
454.31	116.904
454.52	116.642
454.73	116.327
454.94	115.914
455.15	115.451
455.36	114.913
455.56	114.324
455.77	113.689
455.98	112.985
456.19	112.253
456.40	111.508
456.61	110.753
456.82	109.966
457.03	109.157
457.24	108.372
457.45	107.563
457.65	106.731
457.86	105.932
458.07	105.154
458.28	104.360
458.49	103.643
458.70	102.921
458.91	102.265
459.12	101.654
459.33	101.117
459.54	100.664
459.74	100.277
459.95	99.899
460.16	99.721
460.37	99.593
460.58	99.522
460.79	99.469
461.00	99.439
461.21	99.558
461.41	99.728
461.62	99.967
461.83	100.314
462.04	100.724
462.25	101.117
462.46	101.620
462.67	102.172
462.88	102.740
463.08	103.391
463.29	104.047
463.50	104.700
463.71	105.423
463.92	106.068
464.13	106.703
464.34	107.386
464.54	107.995
464.75	108.611
464.96	109.192
465.17	109.739
465.38	110.214
465.59	110.680
465.80	111.087
466.00	111.443
466.21	111.719
466.42	111.891
466.63	112.124
466.84	112.258
467.05	112.287
467.26	112.246
467.46	112.080
467.67	111.895
467.88	111.684
468.09	111.325
468.30	111.002
468.51	110.560
468.71	110.044
468.92	109.516
469.13	108.944
469.34	108.296
469.55	107.650
469.76	106.978
469.96	106.241
470.17	105.487
470.38	104.738
470.59	103.952
470.80	103.181
471.00	102.392
471.21	101.575
471.42	100.826
471.63	100.102
471.84	99.406
472.05	98.729
472.25	98.076
472.46	97.476
472.67	96.892
472.88	96.417
473.09	95.946
473.29	95.523
473.50	95.164
473.71	94.898
473.92	94.673
474.13	94.521
474.33	94.418
474.54	94.388
474.75	94.399
474.96	94.494
475.17	94.643
475.37	94.833
475.58	95.115
475.79	95.448
476.00	95.805
476.21	96.245
476.41	96.716
476.62	97.233
476.83	97.756
477.04	98.330
477.24	98.895
477.45	99.536
477.66	100.139
477.87	100.724
478.08	101.328
478.28	101.878
478.49	102.467
478.70	103.061
478.91	103.598
479.11	104.084
479.32	104.575
479.53	105.005
479.74	105.450
479.94	105.813
480.15	106.104
480.36	106.357
480.57	106.559
480.78	106.697
480.98	106.745
481.19	106.789
481.40	106.730
481.61	106.664
481.81	106.486
482.02	106.297
482.23	106.086
482.44	105.758
482.64	105.412
482.85	105.009
483.06	104.506
483.27	104.005
483.47	103.501
483.68	102.919
483.89	102.309
484.10	101.629
484.30	100.954
484.51	100.232
484.72	99.529
484.92	98.773
485.13	98.080
485.34	97.373
485.55	96.641
485.75	95.948
485.96	95.230
486.17	94.567
486.38	93.920
486.58	93.289
486.79	92.717
487.00	92.158
487.20	91.630
487.41	91.170
487.62	90.758
487.83	90.385
488.03	90.049
488.24	89.787
488.45	89.549
488.65	89.360
488.86	89.263
489.07	89.190
489.28	89.197
489.48	89.245
489.69	89.364
489.90	89.520
490.10	89.728
490.31	90.003
490.52	90.286
490.73	90.632
490.93	90.971
491.14	91.360
491.35	91.821
491.55	92.293
491.76	92.790
491.97	93.295
492.17	93.768
492.38	94.298
492.59	94.840
492.79	95.416
493.00	95.971
493.21	96.496
493.41	97.013
493.62	97.518
493.83	97.984
494.04	98.421
494.24	98.848
494.45	99.242
494.66	99.587
494.86	99.948
495.07	100.210
495.28	100.501
495.48	100.718
495.69	100.856
495.90	100.971
496.10	101.051
496.31	101.060
496.52	101.049
496.72	100.995
496.93	100.881
497.14	100.726
497.34	100.495
497.55	100.265
497.76	99.981
497.96	99.638
498.17	99.257
498.37	98.846
498.58	98.379
498.79	97.880
498.99	97.365
499.20	96.816
499.41	96.226
499.61	95.598
499.82	94.967
500.03	94.335
500.23	93.695
500.44	93.035
500.65	92.390
500.85	91.736
501.06	91.071
501.26	90.403
501.47	89.750
501.68	89.134
501.88	88.514
502.09	87.931
502.30	87.374
502.50	86.851
502.71	86.349
502.91	85.892
503.12	85.473
503.33	85.094
503.53	84.756
503.74	84.478
503.95	84.230
504.15	84.025
504.36	83.855
504.56	83.728
504.77	83.679
504.98	83.647
505.18	83.683
505.39	83.749
505.59	83.878
505.80	84.021
506.01	84.233
506.21	84.479
506.42	84.769
506.62	85.087
506.83	85.409
507.04	85.792
507.24	86.189
507.45	86.614
507.65	87.051
507.86	87.483
508.07	87.924
508.27	88.410
508.48	88.897
508.68	89.407
508.89	89.898
509.10	90.347
509.30	90.814
509.51	91.262
509.71	91.708
509.92	92.121
510.12	92.536
510.33	92.912
510.54	93.240
510.74	93.557
510.95	93.843
511.15	94.103
511.36	94.345
511.56	94.533
511.77	94.681
511.98	94.817
512.18	94.901
512.39	94.970
512.59	94.958
512.80	94.930
513.00	94.837
513.21	94.737
513.42	94.582
513.62	94.379
513.83	94.141
514.03	93.856
514.24	93.544
514.44	93.192
514.65	92.805
514.85	92.404
515.06	91.975
515.26	91.484
515.47	91.008
515.68	90.469
515.88	89.960
516.09	89.409
516.29	88.820
516.50	88.253
516.70	87.670
516.91	87.082
517.11	86.469
517.32	85.875
517.52	85.250
517.73	84.680
517.93	84.109
518.14	83.555
518.34	83.017
518.55	82.499
518.76	81.998
518.96	81.521
519.17	81.071
519.37	80.629
519.58	80.252
519.78	79.890
519.99	79.549
520.19	79.229
520.40	78.960
520.60	78.741
520.81	78.538
521.01	78.354
521.22	78.240
521.42	78.170
521.63	78.136
521.83	78.160
522.04	78.185
522.24	78.255
522.45	78.373
522.65	78.508
522.86	78.686
523.06	78.900
523.27	79.145
523.47	79.415
523.68	79.724
523.88	80.055
524.09	80.406
524.29	80.801
524.50	81.202
524.70	81.606
524.91	82.009
525.11	82.454
525.32	82.911
525.52	83.354
525.72	83.822
525.93	84.290
526.13	84.755
526.34	85.215
526.54	85.692
526.75	86.109
526.95	86.535
527.16	86.925
527.36	87.306
527.57	87.682
527.77	88.020
527.98	88.338
528.18	88.637
528.39	88.898
528.59	89.137
528.79	89.332
529.00	89.522
529.20	89.697
529.41	89.827
529.61	89.922
529.82	89.981
530.02	89.985
530.23	89.972
530.43	89.898
530.64	89.803
530.84	89.667
531.04	89.503
531.25	89.324
531.45	89.130
531.66	88.879
531.86	88.591
532.07	88.283
532.27	87.952
532.47	87.592
532.68	87.226
532.88	86.845
533.09	86.434
533.29	85.993
533.50	85.517
533.70	85.021
533.90	84.524
534.11	84.021
534.31	83.517
534.52	82.994
534.72	82.498
534.93	81.994
535.13	81.485
535.33	80.998
535.54	80.495
535.74	79.998
535.95	79.515
536.15	79.060
536.35	78.614
536.56	78.179
536.76	77.755
536.97	77.340
537.17	76.960
537.37	76.586
537.58	76.258
537.78	75.970
537.99	75.708
538.19	75.461
538.39	75.253
538.60	75.071
538.80	74.943
539.01	74.821
539.21	74.740
539.41	74.702
539.62	74.683
539.82	74.689
540.03	74.746
540.23	74.840
540.43	74.952
540.64	75.115
540.84	75.275
541.04	75.495
541.25	75.752
541.45	76.012
541.66	76.325
541.86	76.645
542.06	76.991
542.27	77.347
542.47	77.752
542.67	78.151
542.88	78.570
543.08	78.984
543.28	79.422
543.49	79.869
543.69	80.306
543.90	80.775
544.10	81.228
544.30	81.679
544.51	82.143
544.71	82.612
544.91	83.046
545.12	83.501
545.32	83.942
545.52	84.356
545.73	84.755
545.93	85.139
546.13	85.492
546.34	85.820
546.54	86.131
546.74	86.414
546.95	86.681
547.15	86.916
547.35	87.125
547.56	87.317
547.76	87.497
547.96	87.637
548.17	87.750
548.37	87.859
548.57	87.911
548.78	87.914
548.98	87.892
549.18	87.836
549.39	87.760
549.59	87.652
549.79	87.524
550.00	87.364
550.20	87.196
550.40	86.981
550.61	86.757
550.81	86.497
551.01	86.209
551.22	85.907
551.42	85.589
551.62	85.240
551.82	84.863
552.03	84.472
552.23	84.081
552.43	83.661
552.64	83.235
552.84	82.790
553.04	82.347
553.25	81.889
553.45	81.416
553.65	80.952
553.85	80.482
554.06	80.013
554.26	79.560
554.46	79.075
554.67	78.627
554.87	78.171
555.07	77.755
555.27	77.324
555.48	76.914
555.68	76.521
555.88	76.145
556.09	75.795
556.29	75.442
556.49	75.106
556.69	74.793
556.90	74.509
557.10	74.286
557.30	74.072
557.50	73.872
557.71	73.725
557.91	73.589
558.11	73.459
558.31	73.385
558.52	73.316
558.72	73.313
558.92	73.318
559.13	73.341
559.33	73.398
559.53	73.488
559.73	73.615
559.94	73.756
560.14	73.924
560.34	74.109
560.54	74.322
560.75	74.593
560.95	74.860
561.15	75.147
561.35	75.424
561.55	75.721
561.76	76.059
561.96	76.399
562.16	76.755
562.36	77.155
562.57	77.547
562.77	77.963
562.97	78.371
563.17	78.779
563.38	79.193
563.58	79.607
563.78	80.037
563.98	80.447
564.18	80.855
564.39	81.268
564.59	81.683
564.79	82.089
564.99	82.460
565.20	82.831
565.40	83.194
565.60	83.537
565.80	83.894
566.00	84.207
566.21	84.495
566.41	84.753
566.61	85.018
566.81	85.261
567.01	85.474
567.22	85.675
567.42	85.849
567.62	85.996
567.82	86.130
568.02	86.220
568.23	86.302
568.43	86.354
568.63	86.391
568.83	86.373
569.03	86.349
569.24	86.298
569.44	86.225
569.64	86.124
569.84	86.021
570.04	85.874
570.24	85.711
570.45	85.537
570.65	85.340
570.85	85.085
571.05	84.810
571.25	84.521
571.45	84.216
571.66	83.925
571.86	83.616
572.06	83.254
572.26	82.892
572.46	82.535
572.66	82.158
572.87	81.768
573.07	81.389
573.27	80.978
573.47	80.570
573.67	80.135
573.87	79.716
574.08	79.281
574.28	78.858
574.48	78.434
574.68	78.012
574.88	77.617
575.08	77.201
575.28	76.802
575.49	76.413
575.69	76.024
575.89	75.627
576.09	75.261
576.29	74.902
576.49	74.563
576.69	74.228
576.90	73.928
577.10	73.624
577.30	73.337
577.50	73.099
577.70	72.871
577.90	72.675
578.10	72.501
578.30	72.339
578.51	72.212
578.71	72.118
578.91	72.030
579.11	71.942
579.31	71.909
579.51	71.894
579.71	71.900
579.91	71.930
580.12	71.987
580.32	72.076
580.52	72.211
580.72	72.345
580.92	72.499
581.12	72.667
581.32	72.873
581.52	73.117
581.72	73.351
581.92	73.601
582.13	73.887
582.33	74.154
582.53	74.457
582.73	74.752
582.93	75.075
583.13	75.419
583.33	75.793
583.53	76.174
583.73	76.559
583.93	76.950
584.13	77.362
584.34	77.782
584.54	78.162
584.74	78.533
584.94	78.950
585.14	79.336
585.34	79.736
585.54	80.099
585.74	80.458
585.94	80.830
586.14	81.200
586.34	81.554
586.54	81.920
586.74	82.269
586.94	82.616
587.15	82.934
587.35	83.236
587.55	83.535
587.75	83.804
587.95	84.046
588.15	84.275
588.35	84.470
588.55	84.660
588.75	84.834
588.95	85.004
589.15	85.131
589.35	85.243
589.55	85.332
589.75	85.448
589.95	85.516
590.15	85.550
590.35	85.565
590.55	85.554
590.75	85.532
590.95	85.478
591.15	85.396
591.35	85.301
591.56	85.183
591.76	85.019
591.96	84.851
592.16	84.683
592.36	84.492
592.56	84.291
592.76	84.068
592.96	83.841
593.16	83.560
593.36	83.282
593.56	83.015
593.76	82.741
593.96	82.406
594.16	82.078
594.36	81.756
594.56	81.405
594.76	81.044
594.96	80.668
595.16	80.288
595.36	79.900
595.56	79.512
595.76	79.103
595.96	78.707
596.16	78.322
596.36	77.927
596.56	77.549
596.76	77.147
596.96	76.757
597.16	76.380
597.36	76.028
597.56	75.670
597.76	75.305
597.96	74.935
598.16	74.603
598.36	74.276
598.56	73.945
598.76	73.646
598.96	73.384
599.16	73.120
599.36	72.885
599.56	72.672
599.76	72.455
599.96	72.278
600.15	72.102
600.35	71.953
600.55	71.818
600.75	71.678
600.95	71.588
601.15	71.492
601.35	71.421
601.55	71.383
601.75	71.366
601.95	71.380
602.15	71.401
602.35	71.443
602.55	71.522
602.75	71.628
602.95	71.728
603.15	71.835
603.35	71.979
603.55	72.134
603.75	72.314
603.95	72.509
604.15	72.720
604.35	72.961
604.54	73.182
604.74	73.457
604.94	73.735
605.14	74.018
605.34	74.315
605.54	74.638
605.74	74.968
605.94	75.300
606.14	75.634
606.34	75.988
606.54	76.337
606.74	76.697
606.94	77.054
607.14	77.436
607.33	77.833
607.53	78.213
607.73	78.595
607.93	78.960
608.13	79.343
608.33	79.718
608.53	80.070
608.73	80.429
608.93	80.750
609.13	81.087
609.33	81.404
609.52	81.730
609.72	82.037
609.92	82.322
610.12	82.603
610.32	82.884
610.52	83.171
610.72	83.408
610.92	83.631
611.12	83.844
611.31	84.042
611.51	84.215
611.71	84.403
611.91	84.559
612.11	84.706
612.31	84.841
612.51	84.949
612.71	85.056
612.91	85.146
613.10	85.223
613.30	85.300
613.50	85.348
613.70	85.380
613.90	85.378
614.10	85.343
614.30	85.287
614.50	85.219
614.69	85.105
614.89	85.010
615.09	84.889
615.29	84.750
615.49	84.614
615.69	84.439
615.89	84.246
616.08	84.057
616.28	83.844
616.48	83.616
616.68	83.358
616.88	83.096
617.08	82.822
617.27	82.560
617.47	82.259
617.67	81.944
617.87	81.621
618.07	81.303
618.27	80.974
618.47	80.660
618.66	80.311
618.86	79.996
619.06	79.658
619.26	79.334
619.46	78.992
619.66	78.634
619.85	78.280
620.05	77.916
620.25	77.548
620.45	77.192
620.65	76.816
620.84	76.487
621.04	76.157
621.24	75.845
621.44	75.500
621.64	75.160
621.84	74.863
622.03	74.553
622.23	74.252
622.43	73.982
622.63	73.703
622.83	73.458
623.02	73.183
623.22	72.950
623.42	72.699
623.62	72.485
623.82	72.303
624.01	72.126
624.21	71.947
624.41	71.811
624.61	71.694
624.81	71.603
625.00	71.490
625.20	71.403
625.40	71.321
625.60	71.272
625.79	71.265
625.99	71.274
626.19	71.291
626.39	71.333
626.59	71.391
626.78	71.463
626.98	71.562
627.18	71.683
627.38	71.804
627.57	71.965
627.77	72.132
627.97	72.298
628.17	72.493
628.37	72.718
628.56	72.953
628.76	73.183
628.96	73.423
629.16	73.683
629.35	73.991
629.55	74.293
629.75	74.604
629.95	74.918
630.14	75.233
630.34	75.564
630.54	75.902
630.74	76.240
630.93	76.596
631.13	76.914
631.33	77.256
631.53	77.593
631.72	77.940
631.92	78.292
632.12	78.658
632.31	79.014
632.51	79.385
632.71	79.730
632.91	80.072
633.10	80.426
633.30	80.798
633.50	81.112
633.70	81.444
633.89	81.765
634.09	82.081
634.29	82.385
634.48	82.680
634.68	82.985
634.88	83.263
635.08	83.538
635.27	83.842
635.47	84.116
635.67	84.395
635.86	84.654
636.06	84.878
636.26	85.067
636.46	85.271
636.65	85.443
636.85	85.630
637.05	85.801
637.24	85.940
637.44	86.064
637.64	86.169
637.83	86.289
638.03	86.398
638.23	86.450
638.43	86.509
638.62	86.545
638.82	86.507
639.02	86.529
639.21	86.501
639.41	86.447
639.61	86.401
639.80	86.317
640.00	86.225
640.20	86.156
640.39	86.073
640.59	85.946
640.79	85.835
640.98	85.684
641.18	85.514
641.38	85.335
641.57	85.147
641.77	84.947
641.97	84.698
642.16	84.454
642.36	84.242
642.56	83.994
642.75	83.737
642.95	83.500
643.15	83.219
643.34	82.967
643.54	82.687
643.74	82.374
643.93	82.075
644.13	81.747
644.33	81.418
644.52	81.079
644.72	80.748
644.91	80.394
645.11	80.020
645.31	79.682
645.50	79.352
645.70	79.022
645.90	78.697
646.09	78.380
646.29	78.046
646.48	77.690
646.68	77.349
646.88	77.038
647.07	76.728
647.27	76.406
647.47	76.079
647.66	75.768
647.86	75.478
648.05	75.217
648.25	74.951
648.45	74.682
648.64	74.428
648.84	74.200
649.04	73.958
649.23	73.761
649.43	73.578
649.62	73.393
649.82	73.178
650.02	73.028
650.21	72.871
650.41	72.750
650.60	72.644
650.80	72.560
651.00	72.442
651.19	72.362
651.39	72.305
651.58	72.248
651.78	72.245
651.97	72.251
652.17	72.244
652.37	72.255
652.56	72.303
652.76	72.376
652.95	72.438
653.15	72.559
653.35	72.673
653.54	72.774
653.74	72.884
653.93	73.045
654.13	73.185
654.32	73.343
654.52	73.498
654.72	73.703
654.91	73.890
655.11	74.136
655.30	74.384
655.50	74.632
655.69	74.890
655.89	75.110
656.08	75.365
656.28	75.635
656.48	75.931
656.67	76.225
656.87	76.500
657.06	76.794
657.26	77.078
657.45	77.374
657.65	77.687
657.84	78.044
658.04	78.362
658.23	78.705
658.43	79.046
658.62	79.391
658.82	79.714
659.02	80.058
659.21	80.401
659.41	80.725
659.60	81.067
659.80	81.418
659.99	81.794
660.19	82.134
660.38	82.490
660.58	82.799
660.77	83.130
660.97	83.457
661.16	83.763
661.36	84.042
661.55	84.352
661.75	84.634
661.94	84.895
662.14	85.173
662.33	85.420
662.53	85.682
662.72	85.919
662.92	86.135
663.11	86.337
663.31	86.543
663.50	86.756
663.70	86.943
663.89	87.115
664.09	87.275
664.28	87.429
664.48	87.546
664.67	87.693
664.87	87.772
665.06	87.870
665.26	87.949
665.45	88.053
665.65	88.122
665.84	88.188
666.04	88.214
666.23	88.214
666.43	88.210
666.62	88.184
666.82	88.141
667.01	88.096
667.21	88.034
667.40	87.956
667.59	87.858
667.79	87.738
667.98	87.594
668.18	87.451
668.37	87.287
668.57	87.157
668.76	87.007
668.96	86.823
669.15	86.629
669.35	86.460
669.54	86.236
669.73	86.023
669.93	85.791
670.12	85.557
670.32	85.345
670.51	85.106
670.71	84.855
670.90	84.609
671.10	84.359
671.29	84.098
671.48	83.812
671.68	83.533
671.87	83.268
672.07	82.977
672.26	82.719
672.46	82.428
672.65	82.112
672.84	81.802
673.04	81.520
673.23	81.230
673.43	80.931
673.62	80.635
673.82	80.314
674.01	79.988
674.20	79.676
674.40	79.351
674.59	79.049
674.79	78.777
674.98	78.475
675.17	78.202
675.37	77.935
675.56	77.665
675.76	77.406
675.95	77.095
676.14	76.859
676.34	76.573
676.53	76.331
676.73	76.095
676.92	75.837
677.11	75.599
677.31	75.364
677.50	75.133
677.70	74.923
677.89	74.727
678.08	74.568
678.28	74.410
678.47	74.278
678.66	74.147
678.86	74.010
679.05	73.885
679.25	73.779
679.44	73.693
679.63	73.640
679.83	73.574
680.02	73.558
680.21	73.526
680.41	73.522
680.60	73.512
680.79	73.514
680.99	73.545
681.18	73.579
681.38	73.627
681.57	73.691
681.76	73.792
681.96	73.889
682.15	73.986
682.34	74.081
682.54	74.184
682.73	74.303
682.92	74.431
683.12	74.595
683.31	74.759
683.50	74.936
683.70	75.113
683.89	75.300
684.08	75.513
684.28	75.726
684.47	75.946
684.66	76.197
684.86	76.446
685.05	76.704
685.24	76.960
685.44	77.234
685.63	77.509
685.82	77.783
686.02	78.048
686.21	78.354
686.40	78.667
686.60	78.993
686.79	79.331
686.98	79.676
687.18	80.027
687.37	80.343
687.56	80.646
687.75	80.955
687.95	81.267
688.14	81.582
688.33	81.911
688.53	82.225
688.72	82.562
688.91	82.883
689.11	83.208
689.30	83.560
689.49	83.883
689.68	84.207
689.88	84.521
690.07	84.838
690.26	85.131
690.46	85.431
690.65	85.698
690.84	85.967
691.03	86.213
691.23	86.461
691.42	86.724
691.61	86.978
691.80	87.216
692.00	87.456
692.19	87.677
692.38	87.899
692.58	88.108
692.77	88.291
692.96	88.460
693.15	88.622
693.35	88.749
693.54	88.937
693.73	89.083
693.92	89.195
694.12	89.326
694.31	89.432
694.50	89.548
694.69	89.638
694.89	89.704
695.08	89.773
695.27	89.852
695.46	89.908
695.66	89.949
695.85	89.981
696.04	90.007
696.23	90.038
696.43	90.040
696.62	90.010
696.81	89.960
697.00	89.939
697.19	89.899
697.39	89.842
697.58	89.741
697.77	89.658
697.96	89.583
698.16	89.467
698.35	89.371
698.54	89.244
698.73	89.139
698.92	89.008
699.12	88.860
699.31	88.684
699.50	88.506
699.69	88.340
699.89	88.154
700.08	87.961
700.27	87.747
700.46	87.522
700.65	87.327
700.85	87.151
701.04	86.915
701.23	86.684
701.42	86.452
701.61	86.217
701.81	85.976
702.00	85.722
702.19	85.483
702.38	85.215
702.57	84.961
702.76	84.659
702.96	84.385
703.15	84.107
703.34	83.812
703.53	83.501
703.72	83.180
703.92	82.873
704.11	82.554
704.30	82.229
704.49	81.924
704.68	81.628
704.87	81.277
705.07	80.978
705.26	80.679
705.45	80.402
705.64	80.084
705.83	79.805
706.02	79.534
706.21	79.281
706.41	79.016
706.60	78.736
706.79	78.514
706.98	78.293
707.17	78.037
707.36	77.812
707.56	77.626
707.75	77.434
707.94	77.245
708.13	77.063
708.32	76.920
708.51	76.743
708.70	76.590
708.89	76.448
709.09	76.308
709.28	76.172
709.47	76.019
709.66	75.899
709.85	75.765
710.04	75.638
710.23	75.499
710.42	75.410
710.62	75.323
710.81	75.208
711.00	75.101
711.19	75.053
711.38	75.009
711.57	74.953
711.76	74.925
711.95	74.900
712.15	74.911
712.34	74.920
712.53	74.939
712.72	74.958
712.91	75.020
713.10	75.063
713.29	75.128
713.48	75.212
713.67	75.315
713.86	75.442
714.05	75.577
714.25	75.711
714.44	75.821
714.63	75.972
714.82	76.155
715.01	76.334
715.20	76.533
715.39	76.722
715.58	76.901
715.77	77.113
715.96	77.330
716.15	77.550
716.34	77.714
716.54	77.938
716.73	78.175
716.92	78.395
717.11	78.646
717.30	78.911
717.49	79.157
717.68	79.433
717.87	79.666
718.06	79.933
718.25	80.210
718.44	80.500
718.63	80.773
718.82	81.064
719.01	81.344
719.20	81.625
719.39	81.937
719.58	82.258
719.77	82.562
719.96	82.839
720.16	83.117
720.35	83.453
720.54	83.746
720.73	84.025
720.92	84.323
721.11	84.620
721.30	84.881
721.49	85.173
721.68	85.465
721.87	85.777
722.06	86.062
722.25	86.359
722.44	86.646
722.63	86.911
722.82	87.157
723.01	87.409
723.20	87.634
723.39	87.829
723.58	88.082
723.77	88.313
723.96	88.556
724.15	88.804
724.34	89.032
724.53	89.264
724.72	89.460
724.91	89.681
725.10	89.904
725.29	90.110
725.48	90.344
725.67	90.485
725.86	90.600
726.05	90.732
726.24	90.843
726.43	90.951
726.62	91.070
726.81	91.203
727.00	91.292
727.19	91.427
727.38	91.547
727.57	91.617
727.76	91.679
727.95	91.758
728.14	91.788
728.33	91.827
728.52	91.857
728.71	91.882
728.90	91.886
729.09	91.826
729.28	91.768
729.47	91.705
729.65	91.672
729.84	91.650
730.03	91.612
730.22	91.562
730.41	91.511
730.60	91.455
730.79	91.349
730.98	91.301
731.17	91.199
731.36	91.089
731.55	90.963
731.74	90.821
731.93	90.659
732.12	90.512
732.31	90.361
732.50	90.222
732.69	90.080
732.88	89.894
733.06	89.739
733.25	89.597
733.44	89.422
733.63	89.233
733.82	89.038
734.01	88.814
734.20	88.600
734.39	88.354
734.58	88.142
734.77	87.933
734.96	87.670
735.15	87.409
735.33	87.165
735.52	86.930
735.71	86.682
735.90	86.433
736.09	86.158
736.28	85.877
736.47	85.586
736.66	85.297
736.85	85.046
737.04	84.752
737.23	84.471
737.41	84.164
737.60	83.910
737.79	83.627
737.98	83.348
738.17	83.066
738.36	82.811
738.55	82.538
738.74	82.283
738.92	82.022
739.11	81.777
739.30	81.479
739.49	81.189
739.68	80.949
739.87	80.730
740.06	80.529
740.25	80.282
740.43	80.070
740.62	79.848
740.81	79.591
741.00	79.388
741.19	79.150
741.38	78.931
741.57	78.726
741.75	78.534
741.94	78.330
742.13	78.148
742.32	77.955
742.51	77.774
742.70	77.600
742.89	77.463
743.07	77.314
743.26	77.195
743.45	77.044
743.64	76.921
743.83	76.767
744.02	76.590
744.20	76.493
744.39	76.377
744.58	76.277
744.77	76.204
744.96	76.136
745.15	76.116
745.33	76.101
745.52	76.037
745.71	76.028
745.90	76.043
746.09	76.051
746.28	76.073
746.46	76.066
746.65	76.063
746.84	76.073
747.03	76.093
747.22	76.122
747.40	76.198
747.59	76.245
747.78	76.326
747.97	76.439
748.16	76.517
748.34	76.602
748.53	76.731
748.72	76.854
748.91	76.959
749.10	77.061
749.28	77.193
749.47	77.375
749.66	77.496
749.85	77.611
750.04	77.763
750.22	77.903
750.41	78.082
750.60	78.268
750.79	78.419
750.97	78.603
751.16	78.815
751.35	79.011
751.54	79.186
751.73	79.366
751.91	79.571
752.10	79.813
752.29	80.002
752.48	80.220
752.66	80.454
752.85	80.686
753.04	80.933
753.23	81.182
753.41	81.398
753.60	81.669
753.79	81.939
753.98	82.175
754.16	82.423
754.35	82.650
754.54	82.906
754.73	83.201
754.91	83.463
755.10	83.726
755.29	84.001
755.48	84.254
755.66	84.532
755.85	84.808
756.04	85.042
756.22	85.354
756.41	85.615
756.60	85.847
756.79	86.127
756.97	86.368
757.16	86.582
757.35	86.838
757.54	87.062
757.72	87.311
757.91	87.591
758.10	87.835
758.28	88.100
758.47	88.337
758.66	88.585
758.85	88.818
759.03	89.043
759.22	89.250
759.41	89.485
759.59	89.714
759.78	89.899
759.97	90.093
760.15	90.251
760.34	90.475
760.53	90.686
760.71	90.807
760.90	90.986
761.09	91.164
761.28	91.327
761.46	91.467
761.65	91.606
761.84	91.736
762.02	91.889
762.21	92.041
762.40	92.125
762.58	92.211
762.77	92.308
762.96	92.377
763.14	92.495
763.33	92.579
763.52	92.622
763.70	92.654
763.89	92.726
764.08	92.798
764.26	92.783
764.45	92.805
764.64	92.889
764.82	92.903
765.01	92.924
765.20	92.882
765.38	92.901
765.57	92.863
765.75	92.805
765.94	92.746
766.13	92.674
766.31	92.645
766.50	92.586
766.69	92.555
766.87	92.547
767.06	92.447
767.25	92.380
767.43	92.336
767.62	92.306
767.80	92.210
767.99	92.111
768.18	91.992
768.36	91.880
768.55	91.741
768.74	91.628
768.92	91.484
769.11	91.389
769.29	91.240
769.48	91.101
769.67	90.961
769.85	90.829
770.04	90.627
770.22	90.452
770.41	90.232
770.60	89.999
770.78	89.719
770.97	89.515
771.15	89.311
771.34	89.050
771.53	88.813
771.71	88.596
771.90	88.363
772.08	88.195
772.27	87.992
772.46	87.756
772.64	87.513
772.83	87.278
773.01	86.982
773.20	86.719
773.39	86.478
773.57	86.224
773.76	85.960
773.94	85.760
774.13	85.513
774.31	85.269
774.50	85.046
774.68	84.830
774.87	84.553
775.06	84.254
775.24	84.015
775.43	83.744
775.61	83.457
775.80	83.218
775.98	82.944
776.17	82.643
776.36	82.374
776.54	82.125
776.73	81.855
776.91	81.624
777.10	81.361
777.28	81.102
777.47	80.854
777.65	80.589
777.84	80.344
778.02	80.106
778.21	79.874
778.39	79.625
778.58	79.419
778.77	79.220
778.95	79.033
779.14	78.864
779.32	78.712
779.51	78.582
779.69	78.393
779.88	78.218
780.06	78.094
780.25	77.946
780.43	77.787
780.62	77.677
780.80	77.561
780.99	77.441
781.17	77.317
781.36	77.175
781.54	77.070
781.73	76.924
781.91	76.833
782.10	76.744
782.28	76.672
782.47	76.579
782.65	76.516
782.84	76.454
783.02	76.374
783.21	76.329
783.39	76.271
783.58	76.208
783.76	76.163
783.95	76.122
784.13	76.141
784.32	76.113
784.50	76.081
784.69	76.095
784.87	76.129
785.05	76.171
785.24	76.240
785.42	76.323
785.61	76.399
785.79	76.487
785.98	76.576
786.16	76.643
786.35	76.758
786.53	76.867
786.72	76.946
786.90	77.034
787.09	77.101
787.27	77.172
787.45	77.319
787.64	77.421
787.82	77.556
788.01	77.660
788.19	77.836
788.38	77.985
788.56	78.084
788.75	78.226
788.93	78.349
789.11	78.461
789.30	78.565
789.48	78.700
789.67	78.808
789.85	78.945
790.04	79.118
790.22	79.273
790.40	79.426
790.59	79.586
790.77	79.787
790.96	79.995
791.14	80.206
791.32	80.391
791.51	80.591
791.69	80.766
791.88	80.963
792.06	81.144
792.25	81.342
792.43	81.578
792.61	81.820
792.80	82.021
792.98	82.269
793.17	82.503
793.35	82.717
793.53	82.924
793.72	83.181
793.90	83.402
794.08	83.596
794.27	83.830
794.45	84.088
794.64	84.312
794.82	84.548
795.00	84.701
795.19	84.919
795.37	85.125
795.55	85.285
795.74	85.497
795.92	85.740
796.11	85.975
796.29	86.190
796.47	86.357
796.66	86.605
796.84	86.817
797.02	87.034
797.21	87.266
797.39	87.503
797.58	87.689
797.76	87.852
797.94	88.072
798.13	88.247
798.31	88.474
798.49	88.635
798.68	88.753
798.86	89.012
799.04	89.132
799.23	89.326
799.41	89.534
799.59	89.681
799.78	89.794
799.96	89.917
800.14	90.087
800.33	90.247
800.51	90.378
800.69	90.489
800.88	90.582
801.06	90.731
801.24	90.818
801.43	90.928
801.61	91.003
801.79	91.056
801.98	91.156
802.16	91.228
802.34	91.332
802.52	91.441
802.71	91.461
802.89	91.586
803.07	91.616
803.26	91.621
803.44	91.642
803.62	91.664
803.81	91.688
803.99	91.653
804.17	91.638
804.35	91.619
804.54	91.581
804.72	91.638
804.90	91.567
805.09	91.557
805.27	91.534
805.45	91.572
805.63	91.578
805.82	91.552
806.00	91.446
806.18	91.359
806.37	91.299
806.55	91.201
806.73	91.112
806.91	91.055
807.10	91.015
807.28	90.954
807.46	90.880
807.64	90.810
807.83	90.725
808.01	90.622
808.19	90.488
808.37	90.352
808.56	90.200
808.74	90.120
808.92	90.014
809.10	89.835
809.29	89.683
809.47	89.532
809.65	89.287
809.83	89.159
810.02	88.978
810.20	88.798
810.38	88.654
810.56	88.454
810.75	88.298
810.93	88.132
811.11	87.925
811.29	87.750
811.47	87.555
811.66	87.325
811.84	87.114
812.02	86.983
812.20	86.825
812.39	86.630
812.57	86.394
812.75	86.190
812.93	86.070
813.11	85.871
813.30	85.676
813.48	85.571
813.66	85.364
813.84	85.180
814.02	85.001
814.21	84.828
814.39	84.609
814.57	84.395
814.75	84.171
814.93	83.967
815.12	83.770
815.30	83.553
815.48	83.342
815.66	83.157
815.84	82.904
816.03	82.706
816.21	82.454
816.39	82.239
816.57	81.975
816.75	81.679
816.93	81.434
817.12	81.134
817.30	80.818
817.48	80.541
817.66	80.331
817.84	80.099
818.02	79.900
818.21	79.684
818.39	79.455
818.57	79.251
818.75	79.091
818.93	78.878
819.11	78.651
819.30	78.475
819.48	78.270
819.66	78.118
819.84	77.954
820.02	77.819
820.20	77.666
820.38	77.471
820.57	77.300
820.75	77.182
820.93	77.060
821.11	76.958
821.29	76.845
821.47	76.692
821.65	76.561
821.83	76.379
822.02	76.233
822.20	76.112
822.38	76.011
822.56	75.836
822.74	75.682
822.92	75.556
823.10	75.425
823.28	75.292
823.46	75.128
823.65	74.964
823.83	74.805
824.01	74.618
824.19	74.536
824.37	74.434
824.55	74.297
824.73	74.225
824.91	74.120
825.09	74.016
825.27	73.910
825.46	73.831
825.64	73.743
825.82	73.697
826.00	73.602
826.18	73.554
826.36	73.545
826.54	73.500
826.72	73.479
826.90	73.475
827.08	73.492
827.26	73.520
827.44	73.535
827.63	73.525
827.81	73.572
827.99	73.642
828.17	73.670
828.35	73.698
828.53	73.735
828.71	73.831
828.89	73.945
829.07	74.030
829.25	74.101
829.43	74.193
829.61	74.277
829.79	74.364
829.97	74.409
830.15	74.474
830.33	74.572
830.51	74.638
830.69	74.712
830.87	74.716
831.06	74.793
831.24	74.882
831.42	75.030
831.60	75.137
831.78	75.209
831.96	75.346
832.14	75.440
832.32	75.565
832.50	75.624
832.68	75.714
832.86	75.802
833.04	75.925
833.22	76.068
833.40	76.200
833.58	76.331
833.76	76.429
833.94	76.531
834.12	76.680
834.30	76.863
834.48	77.008
834.66	77.256
834.84	77.404
835.02	77.586
835.20	77.722
835.38	77.904
835.56	78.089
835.74	78.266
835.92	78.499
836.10	78.675
836.28	78.825
836.46	79.028
836.64	79.201
836.82	79.344
837.00	79.518
837.18	79.680
837.36	79.862
837.54	80.112
837.72	80.369
837.90	80.524
838.08	80.706
838.26	80.890
838.43	81.068
838.61	81.262
838.79	81.434
838.97	81.605
839.15	81.768
839.33	81.943
839.51	82.081
839.69	82.227
839.87	82.408
840.05	82.644
840.23	82.807
840.41	82.984
840.59	83.118
840.77	83.248
840.95	83.402
841.13	83.536
841.31	83.605
841.49	83.664
841.67	83.751
841.84	83.843
842.02	83.918
842.20	84.029
842.38	84.060
842.56	84.127
842.74	84.200
842.92	84.241
843.10	84.268
843.28	84.381
843.46	84.420
843.64	84.435
843.82	84.463
843.99	84.462
844.17	84.553
844.35	84.680
844.53	84.758
844.71	84.859
844.89	84.905
845.07	85.023
845.25	85.152
845.43	85.257
845.61	85.346
845.78	85.506
845.96	85.596
846.14	85.759
846.32	85.869
846.50	85.929
846.68	86.073
846.86	86.162
847.04	86.231
847.22	86.268
847.39	86.366
847.57	86.386
847.75	86.461
847.93	86.455
848.11	86.455
848.29	86.529
848.47	86.546
848.65	86.600
848.82	86.542
849.00	86.537
849.18	86.538
849.36	86.519
849.54	86.515
849.72	86.461
849.89	86.432
850.07	86.396
850.25	86.367
850.43	86.266
850.61	86.225
850.79	86.080
850.97	86.080
851.14	86.019
851.32	85.955
851.50	85.954
851.68	85.934
851.86	85.978
852.04	85.902
852.21	85.884
852.39	85.837
852.57	85.838
852.75	85.766
852.93	85.653
853.10	85.571
853.28	85.455
853.46	85.361
853.64	85.199
853.82	85.097
854.00	85.064
854.17	84.937
854.35	84.798
854.53	84.752
854.71	84.594
854.89	84.415
855.06	84.296
855.24	84.149
855.42	83.981
855.60	83.722
855.78	83.583
855.95	83.384
856.13	83.260
856.31	83.056
856.49	82.859
856.66	82.750
856.84	82.545
857.02	82.402
857.20	82.258
857.38	82.078
857.55	81.949
857.73	81.711
857.91	81.636
858.09	81.445
858.26	81.223
858.44	81.082
858.62	80.952
858.80	80.803
858.97	80.565
859.15	80.427
859.33	80.270
859.51	80.076
859.68	79.865
859.86	79.580
860.04	79.432
860.22	79.244
860.39	79.068
860.57	78.826
860.75	78.557
860.93	78.344
861.10	78.241
861.28	78.036
861.46	77.871
861.64	77.602
861.81	77.509
861.99	77.298
862.17	77.070
862.35	76.906
862.52	76.758
862.70	76.617
862.88	76.400
863.05	76.204
863.23	76.012
863.41	75.821
863.59	75.719
863.76	75.543
863.94	75.376
864.12	75.179
864.29	75.084
864.47	74.902
864.65	74.751
864.83	74.465
865.00	74.255
865.18	74.042
865.36	73.913
865.53	73.692
865.71	73.631
865.89	73.495
866.06	73.282
866.24	73.062
866.42	72.887
866.59	72.730
866.77	72.578
866.95	72.373
867.12	72.180
867.30	72.025
867.48	71.812
867.65	71.633
867.83	71.462
868.01	71.345
868.18	71.207
868.36	71.032
868.54	70.963
868.71	70.868
868.89	70.763
869.07	70.681
869.24	70.623
869.42	70.449
869.60	70.360
869.77	70.356
869.95	70.286
870.13	70.217
870.30	70.193
870.48	70.103
870.66	70.038
870.83	69.960
871.01	69.875
871.18	69.863
871.36	69.830
871.54	69.772
871.71	69.748
871.89	69.735
872.07	69.669
872.24	69.606
872.42	69.583
872.59	69.551
872.77	69.447
872.95	69.321
873.12	69.324
873.30	69.257
873.48	69.218
873.65	69.204
873.83	69.147
874.00	69.046
874.18	68.980
874.36	68.996
874.53	69.017
874.71	68.982
874.88	68.961
875.06	68.976
875.24	69.037
875.41	69.014
875.59	69.054
875.76	69.107
875.94	69.114
876.11	69.029
876.29	69.034
876.47	69.062
876.64	69.075
876.82	69.076
876.99	69.084
877.17	69.051
877.35	69.089
877.52	69.102
877.70	69.134
877.87	69.178
878.05	69.312
878.22	69.384
878.40	69.470
878.57	69.580
878.75	69.601
878.93	69.569
879.10	69.580
879.28	69.598
879.45	69.646
879.63	69.695
879.80	69.767
879.98	69.836
880.15	69.921
880.33	70.037
880.50	70.097
880.68	70.220
880.86	70.262
881.03	70.388
881.21	70.479
881.38	70.576
881.56	70.826
881.73	70.873
881.91	70.939
882.08	70.971
882.26	71.075
882.43	71.249
882.61	71.467
882.78	71.704
882.96	71.859
883.13	72.022
883.31	72.191
883.48	72.382
883.66	72.572
883.83	72.722
884.01	72.856
884.18	73.057
884.36	73.236
884.53	73.442
884.71	73.564
884.88	73.730
885.06	73.946
885.23	74.005
885.41	74.140
885.58	74.210
885.76	74.455
885.93	74.539
886.11	74.630
886.28	74.732
886.46	74.775
886.63	74.898
886.81	75.011
886.98	75.174
887.15	75.315
887.33	75.489
887.50	75.701
887.68	75.896
887.85	75.961
888.03	76.040
888.20	76.171
888.38	76.277
888.55	76.389
888.73	76.442
888.90	76.524
889.08	76.622
889.25	76.780
889.42	76.842
889.60	76.940
889.77	77.093
889.95	77.208
890.12	77.235
890.30	77.337
890.47	77.396
890.64	77.472
890.82	77.550
890.99	77.638
891.17	77.698
891.34	77.701
891.52	77.824
891.69	77.866
891.86	77.943
892.04	78.010
892.21	78.128
892.39	78.269
892.56	78.372
892.73	78.371
892.91	78.507
893.08	78.642
893.26	78.691
893.43	78.737
893.60	78.735
893.78	78.836
893.95	78.917
894.13	78.994
894.30	79.112
894.47	79.219
894.65	79.276
894.82	79.366
895.00	79.474
895.17	79.560
895.34	79.678
895.52	79.786
895.69	79.867
895.86	79.962
896.04	80.010
896.21	80.150
896.39	80.328
896.56	80.412
896.73	80.411
896.91	80.530
897.08	80.594
897.25	80.780
897.43	80.831
897.60	80.820
897.77	80.916
897.95	80.825
898.12	80.813
898.30	80.777
898.47	80.721
898.64	80.733
898.82	80.785
898.99	80.862
899.16	80.832
899.34	80.709
899.51	80.549
899.68	80.518
899.86	80.383
900.03	80.185
900.20	80.083
900.38	79.957
900.55	79.882
900.72	79.801
900.90	79.657
901.07	79.654
901.24	79.558
901.41	79.474
901.59	79.472
901.76	79.351
901.93	79.317
902.11	79.168
902.28	79.151
902.45	79.138
902.63	79.066
902.80	79.006
902.97	79.035
903.15	79.111
903.32	79.057
903.49	79.007
903.66	79.028
903.84	79.008
904.01	79.048
904.18	78.926
904.36	78.931
904.53	78.831
904.70	78.679
904.87	78.665
905.05	78.537
905.22	78.439
905.39	78.409
905.56	78.238
905.74	78.235
905.91	78.070
906.08	77.831
906.26	77.671
906.43	77.461
906.60	77.315
906.77	77.068
906.95	76.887
907.12	76.794
907.29	76.661
907.46	76.550
907.64	76.382
907.81	76.324
907.98	76.062
908.15	75.942
908.33	75.830
908.50	75.679
908.67	75.492
908.84	75.412
909.01	75.313
909.19	75.297
909.36	75.101
909.53	74.882
909.70	74.734
909.88	74.620
910.05	74.453
910.22	74.362
910.39	74.271
910.57	74.230
910.74	74.087
910.91	73.964
911.08	73.787
911.25	73.573
911.43	73.372
911.60	73.231
911.77	73.048
911.94	72.853
912.11	72.725
912.29	72.621
912.46	72.353
912.63	72.100
912.80	71.894
912.97	71.787
913.15	71.602
913.32	71.401
913.49	71.155
913.66	71.132
913.83	70.938
914.00	70.756
914.18	70.504
914.35	70.297
914.52	70.161
914.69	69.926
914.86	69.793
915.03	69.687
915.21	69.602
915.38	69.483
915.55	69.394
915.72	69.259
915.89	69.160
916.06	69.116
916.24	69.100
916.41	68.975
916.58	68.845
916.75	68.881
916.92	68.872
917.09	68.801
917.26	68.514
917.44	68.337
917.61	68.208
917.78	67.980
917.95	67.826
918.12	67.590
918.29	67.512
918.46	67.377
918.64	67.277
918.81	67.144
918.98	67.051
919.15	66.900
919.32	66.780
919.49	66.539
919.66	66.405
919.83	66.242
920.00	66.065
920.18	65.921
920.35	65.798
920.52	65.641
920.69	65.599
920.86	65.608
921.03	65.499
921.20	65.372
921.37	65.369
921.54	65.206
921.71	65.192
921.89	65.220
922.06	65.206
922.23	65.102
922.40	64.990
922.57	64.848
922.74	64.832
922.91	64.764
923.08	64.765
923.25	64.652
923.42	64.569
923.59	64.619
923.76	64.502
923.93	64.385
924.11	64.206
924.28	64.098
924.45	64.005
924.62	64.050
924.79	64.026
924.96	63.975
925.13	63.976
925.30	63.868
925.47	63.653
925.64	63.645
925.81	63.633
925.98	63.630
926.15	63.551
926.32	63.512
926.49	63.462
926.66	63.427
926.83	63.472
927.00	63.649
927.17	63.481
927.34	63.560
927.51	63.516
927.69	63.629
927.86	63.645
928.03	63.605
928.20	63.557
928.37	63.631
928.54	63.625
928.71	63.650
928.88	63.776
929.05	63.947
929.22	63.889
929.39	63.853
929.56	63.813
929.73	63.915
929.90	63.953
930.07	64.044
930.24	63.985
930.41	63.963
930.58	63.731
930.75	63.854
930.92	63.869
931.09	63.891
931.26	63.941
931.43	63.941
931.60	64.020
931.77	64.045
931.94	64.128
932.11	64.142
932.27	64.205
932.44	64.199
932.61	64.149
932.78	64.194
932.95	64.389
933.12	64.393
933.29	64.372
933.46	64.463
933.63	64.327
933.80	64.481
933.97	64.581
934.14	64.703
934.31	64.657
934.48	64.750
934.65	64.864
934.82	65.029
934.99	65.052
935.16	65.157
935.33	65.295
935.50	65.385
935.67	65.537
935.84	65.711
936.00	65.758
936.17	65.968
936.34	66.217
936.51	66.116
936.68	66.104
936.85	66.258
937.02	66.310
937.19	66.419
937.36	66.567
937.53	66.562
937.70	66.764
937.87	66.801
938.03	66.791
938.20	66.957
938.37	66.895
938.54	67.000
938.71	67.020
938.88	67.057
939.05	66.944
939.22	67.018
939.39	67.045
939.56	67.234
939.72	67.166
939.89	67.128
940.06	67.254
940.23	67.507
940.40	67.538
940.57	67.717
940.74	67.952
940.91	68.087
941.08	68.230
941.24	68.404
941.41	68.556
941.58	68.755
941.75	68.780
941.92	68.914
942.09	69.008
942.26	68.969
942.42	69.045
942.59	69.308
942.76	69.586
942.93	69.697
943.10	69.656
943.27	69.835
943.44	69.813
943.60	69.982
943.77	69.913
943.94	70.142
944.11	70.086
944.28	70.014
944.45	69.918
944.61	70.149
944.78	69.986
944.95	70.227
945.12	70.399
945.29	70.384
945.46	70.458
945.62	70.428
945.79	70.716
945.96	71.016
946.13	71.022
946.30	71.073
946.46	71.226
946.63	71.381
946.80	71.402
946.97	71.624
947.14	71.602
947.31	72.134
947.47	72.260
947.64	72.302
947.81	72.453
947.98	72.701
948.15	72.709
948.31	72.934
948.48	72.872
948.65	72.812
948.82	72.903
948.98	72.880
949.15	73.037
949.32	73.190
949.49	73.089
949.66	73.252
949.82	73.213
949.99	73.301
950.16	73.388
950.33	73.387
950.49	73.216
950.66	73.106
950.83	72.820
951.00	72.681
951.16	72.601
951.33	72.572
951.50	72.433
951.67	72.197
951.83	72.052
952.00	72.121
952.17	72.028
952.34	72.057
952.50	72.162
952.67	72.390
952.84	72.215
953.01	72.120
953.17	71.924
953.34	71.925
953.51	71.701
953.68	71.566
953.84	71.513
954.01	71.783
954.18	71.753
954.34	71.524
954.51	71.416
954.68	71.609
954.85	71.603
955.01	71.754
955.18	71.969
955.35	71.764
955.51	71.713
955.68	71.529
955.85	71.804
956.02	71.792
956.18	71.693
956.35	71.642
956.52	71.791
956.68	71.737
956.85	71.596
957.02	71.730
957.18	71.761
957.35	71.797
957.52	71.754
957.69	71.714
957.85	71.774
958.02	71.859
958.19	71.704
958.35	71.809
958.52	71.128
958.69	71.080
958.85	71.234
959.02	71.165
959.19	71.083
959.35	70.638
959.52	70.398
959.69	70.333
959.85	70.328
960.02	70.332
960.19	70.477
960.35	70.404
960.52	70.401
960.68	70.375
960.85	70.312
961.02	69.985
961.18	70.163
961.35	70.245
961.52	70.122
961.68	70.010
961.85	69.728
962.02	69.818
962.18	69.714
962.35	69.441
962.51	69.407
962.68	69.664
962.85	69.784
963.01	69.669
963.18	69.429
963.35	69.069
963.51	68.927
963.68	68.953
963.84	68.692
964.01	68.540
964.18	68.347
964.34	68.286
964.51	67.972
964.67	67.493
964.84	67.299
965.01	67.202
965.17	66.891
965.34	66.988
965.50	67.115
965.67	66.722
965.84	66.673
966.00	66.483
966.17	66.509
966.33	66.172
966.50	65.936
966.66	66.103
966.83	66.022
967.00	65.492
967.16	65.216
967.33	64.994
967.49	64.641
967.66	64.924
967.82	64.567
967.99	64.815
968.16	64.940
968.32	64.964
968.49	64.448
968.65	64.913
968.82	64.587
968.98	64.685
969.15	64.525
969.31	64.031
969.48	64.016
969.64	63.380
969.81	63.526
969.98	63.296
970.14	62.501
970.31	62.371
970.47	62.099
970.64	61.745
970.80	61.746
970.97	61.382
971.13	60.687
971.30	60.826
971.46	60.918
971.63	60.408
971.79	60.029
971.96	60.110
972.12	59.288
972.29	58.941
972.45	58.807
972.62	58.714
972.78	59.111
972.95	58.556
973.11	58.623
973.28	58.679
973.44	59.032
973.61	59.485
973.77	59.754
973.94	59.818
974.10	59.591
974.27	59.715
974.43	59.819
974.60	59.611
974.76	59.068
974.93	58.705
975.09	58.670
975.26	59.099
975.42	59.064
975.59	59.062
975.75	59.276
975.92	58.952
976.08	58.461
976.24	58.191
976.41	58.057
976.57	58.271
976.74	57.837
976.90	57.509
977.07	56.640
977.23	56.769
977.40	56.795
977.56	56.693
977.73	56.202
977.89	56.081
978.05	55.768
978.22	56.000
978.38	55.745
978.55	55.522
978.71	55.044
978.88	55.045
979.04	55.459
979.20	56.071
979.37	56.196
979.53	56.376
979.70	55.961
979.86	56.222
980.03	55.341
980.19	55.362
980.35	55.429
980.52	55.910
980.68	55.128
980.85	54.828
981.01	54.477
981.17	54.779
981.34	54.340
981.50	54.495
981.67	54.200
981.83	54.511
981.99	55.079
982.16	54.934
982.32	54.474
982.49	54.253
982.65	53.519
982.81	54.125
982.98	54.256
983.14	54.620
983.30	53.913
983.47	54.143
983.63	54.310
983.80	53.772
983.96	53.936
984.12	55.159
984.29	55.442
984.45	56.403
984.61	56.337
984.78	57.013
984.94	57.364
985.10	58.423
985.27	58.062
985.43	58.364
985.59	58.709
985.76	58.876
985.92	58.852
986.08	59.587
986.25	58.345
986.41	59.019
986.57	58.510
986.74	58.760
986.90	58.774
987.06	58.341
987.23	58.759
987.39	58.259
987.55	56.153
987.72	56.644
987.88	55.731
988.04	55.508
988.21	55.908
988.37	55.522
988.53	53.834
988.70	53.653
988.86	52.272
989.02	51.661
989.19	51.574
989.35	51.346
989.51	50.746
989.67	51.063
989.84	50.718
990.00	50.857
990.16	51.734
990.33	52.426
990.49	51.661
990.65	52.020
990.82	51.532
990.98	52.449
991.14	51.342
991.30	51.729
991.47	51.198
991.63	50.617
991.79	52.351
991.95	53.314
992.12	53.544
992.28	54.975
992.44	54.901
992.61	55.085
992.77	55.483
992.93	54.658
993.09	55.624
993.26	55.763
993.42	56.446
993.58	56.075
993.74	55.553
993.91	56.611
994.07	55.035
994.23	55.661
994.39	55.363
994.55	56.935
994.72	57.268
994.88	57.397
995.04	57.576
995.20	56.488
995.37	56.411
995.53	57.503
995.69	57.733
995.85	57.151
996.02	57.605
996.18	57.784
996.34	58.237
996.50	58.099
996.66	58.413
996.83	58.107
996.99	56.796
997.15	56.995
997.31	56.979
997.47	59.059
997.64	58.718
997.80	59.481
997.96	59.700
998.12	59.532
998.28	61.278
998.45	61.538
998.61	61.634
998.77	59.167
998.93	58.057
999.09	58.364
999.25	59.958
999.42	61.388
999.58	60.607
999.74	61.522
999.90	59.951
1000.06	59.851
1000.22	59.496
1000.39	60.995
1000.55	61.099
1000.71	60.981
1000.87	60.217
1001.03	60.883
1001.19	60.805
1001.36	58.623
1001.52	56.955
1001.68	55.999
1001.84	55.949
1002.00	53.701
1002.16	55.674
1002.32	55.919
1002.49	53.850
1002.65	52.751
1002.81	51.752
1002.97	52.030
1003.13	50.770
1003.29	51.828
1003.45	52.500
1003.62	55.163
1003.78	55.350
1003.94	52.768
1004.10	53.105
1004.26	52.346
1004.42	52.360
1004.58	51.511
1004.74	52.975
1004.90	54.301
1005.07	55.072
1005.23	54.749
1005.39	56.852
1005.55	57.420
1005.71	56.906
1005.87	59.209
1006.03	61.034
1006.19	60.284
1006.35	59.071
1006.51	59.744
1006.67	59.350
1006.84	56.361
1007.00	54.617
1007.16	56.917
1007.32	58.154
1007.48	57.642
1007.64	60.790
1007.80	58.439
1007.96	59.876
1008.12	60.321
1008.28	61.570
1008.44	61.988
1008.60	62.003
1008.76	61.792
1008.92	60.078
1009.09	58.302
1009.25	57.294
1009.41	57.780
1009.57	59.606
1009.73	61.095
1009.89	62.386
1010.05	63.383
1010.21	67.981
1010.37	69.895
1010.53	70.585
1010.69	72.744
1010.85	71.052
1011.01	68.889
1011.17	71.858
1011.33	72.474
1011.49	74.432
1011.65	72.456
1011.81	72.608
1011.97	72.895
1012.13	74.043
1012.29	79.758
1012.45	82.366
1012.61	85.649
1012.77	81.851
1012.93	79.458
1013.09	78.761
1013.25	77.832
1013.41	76.681
1013.57	73.149
1013.73	69.852
1013.89	62.488
1014.05	64.512
1014.21	64.941
1014.37	63.486
1014.53	62.904
1014.69	62.110
1014.85	62.715
1015.01	63.695
1015.17	66.822
1015.33	68.768
1015.49	67.016
1015.65	66.314
1015.81	66.462
1015.97	60.579
1016.13	61.842
1016.29	61.647
1016.45	61.041
1016.61	60.669
1016.77	59.067
1016.93	60.647
1017.09	58.887
1017.25	63.104
1017.41	60.775
1017.56	65.033
1017.72	69.210
1017.88	69.031
1018.04	71.998
1018.20	64.441
1018.36	64.352
1018.52	60.630
1018.68	62.308
1018.84	64.520
1019.00	58.963
1019.16	59.746
1019.32	66.124
1019.48	68.445
1019.64	68.729
1019.79	68.547
1019.95	64.455
1020.11	73.998
1020.27	69.210
1020.43	73.843
1020.59	72.289
1020.75	72.909
1020.91	70.470
1021.07	62.998
1021.23	62.289
1021.39	61.251
1021.54	69.017
1021.70	62.687
1021.86	51.640
1022.02	49.413
1022.18	47.840
1022.34	52.642
1022.50	56.631
1022.66	54.409
1022.82	50.022
1022.97	49.782
1023.13	56.454
1023.29	61.090
1023.45	58.126
1023.61	63.452
1023.77	62.087
1023.93	65.425
1024.08	65.388
1024.24	66.278
1024.40	68.463
1024.56	71.523
1024.72	72.643
1024.88	62.921
1025.04	83.372
1025.19	91.258
1025.35	89.637
1025.51	82.542
1025.67	85.042
1025.83	80.239
1025.99	83.811
1026.14	83.514
1026.30	88.262
1026.46	81.725
1026.62	81.901
1026.78	71.869
1026.94	65.258
1027.09	68.276
1027.25	63.563
1027.41	54.174
1027.57	52.247
1027.73	57.678
1027.89	52.691
1028.04	50.861
1028.20	44.665
1028.36	42.870
1028.52	40.385
1028.68	36.935
1028.83	38.843
1028.99	34.544
1029.15	31.489
1029.31	29.703
1029.47	32.972
1029.62	34.152
1029.78	32.393
1029.94	24.071
1030.10	21.575
1030.25	24.943
1030.41	22.600
1030.57	19.645
1030.73	39.087
1030.89	42.914
1031.04	37.712
1031.20	43.118
1031.36	38.055
1031.52	49.618
1031.67	47.917
1031.83	41.487
1031.99	46.471
1032.15	52.677
1032.30	69.645
1032.46	77.029
1032.62	61.072
1032.78	75.000
1032.93	109.117
1033.09	97.649
1033.25	110.013
1033.41	128.313
1033.56	127.231
1033.72	170.588
1033.88	428.571
1034.04	17.722
1034.19	-54.545
1034.35	173.649
1034.51	-136.957
1034.66	49.645
1034.82	-1550.000
1034.98	-1550.000
1035.14	-1550.000
