345.22	67.633
345.43	67.633
345.65	67.633
345.86	13.000
346.08	14.773
346.29	-7.971
346.51	9.009
346.72	-66.667
346.94	-88.462
347.15	54.839
347.37	121.856
347.58	152.599
347.80	173.278
348.01	144.992
348.23	102.496
348.44	87.373
348.66	84.620
348.87	92.235
349.09	81.997
349.30	72.976
349.52	77.243
349.73	79.583
349.95	79.582
350.16	82.123
350.38	83.343
350.59	76.629
350.81	78.232
351.02	74.556
351.24	73.164
351.45	70.842
351.67	73.408
351.88	72.209
352.10	71.031
352.31	67.933
352.53	71.211
352.74	70.023
352.96	74.913
353.17	74.976
353.39	77.006
353.60	80.629
353.82	82.453
354.03	78.797
354.25	76.001
354.46	69.825
354.67	62.708
354.89	57.592
355.10	64.093
355.32	60.807
355.53	66.644
355.75	72.450
355.96	72.618
356.18	73.881
356.39	76.177
356.61	78.264
356.82	79.019
357.04	74.146
357.25	77.333
357.46	75.090
357.68	74.327
357.89	70.777
358.11	68.717
358.32	69.613
358.54	69.177
358.75	70.749
358.97	73.633
359.18	81.030
359.40	83.365
359.61	82.246
359.82	85.418
360.04	85.023
360.25	80.004
360.47	77.436
360.68	75.777
360.90	75.996
361.11	71.716
361.32	72.781
361.54	76.578
361.75	73.293
361.97	76.644
362.18	76.915
362.40	75.994
362.61	77.110
362.83	78.870
363.04	80.642
363.25	83.559
363.47	85.486
363.68	82.286
363.90	82.422
364.11	83.393
364.32	81.829
364.54	77.086
364.75	75.763
364.97	77.853
365.18	74.708
365.40	69.316
365.61	69.195
365.82	66.487
366.04	68.962
366.25	70.515
366.47	70.857
366.68	68.971
366.89	70.108
367.11	66.724
367.32	69.257
367.54	66.922
367.75	66.832
367.96	65.225
368.18	67.764
368.39	66.372
368.61	65.263
368.82	68.322
369.03	71.808
369.25	75.047
369.46	76.678
369.68	77.429
369.89	78.499
370.10	78.958
370.32	80.760
370.53	76.486
370.75	74.602
370.96	75.625
371.17	78.048
371.39	80.253
371.60	82.875
371.81	82.445
372.03	83.330
372.24	81.072
372.46	85.257
372.67	85.096
372.88	86.074
373.10	87.785
373.31	84.652
373.52	81.532
373.74	80.961
373.95	79.446
374.17	79.950
374.38	82.780
374.59	83.130
374.81	83.191
375.02	84.966
375.23	86.807
375.45	85.383
375.66	82.466
375.87	81.597
376.09	80.426
376.30	80.338
376.52	80.607
376.73	78.797
376.94	76.923
377.16	77.667
377.37	81.220
377.58	80.812
377.80	84.741
378.01	86.831
378.22	87.432
378.44	89.420
378.65	92.853
378.86	92.065
379.08	90.840
379.29	91.282
379.50	90.883
379.72	90.436
379.93	91.889
380.14	93.951
380.36	95.802
380.57	98.464
380.78	97.761
381.00	100.636
381.21	102.679
381.42	104.517
381.64	105.030
381.85	105.929
382.06	105.854
382.28	106.054
382.49	106.438
382.70	108.254
382.92	109.391
383.13	109.240
383.34	110.977
383.56	113.548
383.77	115.332
383.98	116.227
384.20	118.241
384.41	118.493
384.62	118.790
384.83	118.973
385.05	119.316
385.26	120.539
385.47	120.922
385.69	122.041
385.90	122.651
386.11	123.076
386.33	123.381
386.54	124.076
386.75	124.432
386.97	125.318
387.18	125.287
387.39	125.537
387.60	125.310
387.82	125.081
388.03	124.661
388.24	124.480
388.46	124.264
388.67	123.623
388.88	123.117
389.09	122.843
389.31	122.279
389.52	121.715
389.73	120.859
389.95	120.133
390.16	119.444
390.37	118.838
390.58	118.496
390.80	117.972
391.01	117.682
391.22	117.327
391.44	116.800
391.65	116.573
391.86	116.258
392.07	116.468
392.29	116.685
392.50	116.847
392.71	116.978
392.92	117.394
393.14	117.722
393.35	118.240
393.56	118.739
393.78	119.422
393.99	120.162
394.20	121.047
394.41	121.750
394.63	122.346
394.84	123.191
395.05	123.958
395.26	124.730
395.48	125.301
395.69	125.888
395.90	126.570
396.11	127.039
396.33	127.441
396.54	127.857
396.75	128.111
396.96	128.135
397.18	128.144
397.39	128.062
397.60	128.053
397.81	127.828
398.03	127.447
398.24	126.960
398.45	126.404
398.66	125.807
398.87	125.259
399.09	124.584
399.30	123.754
399.51	122.904
399.72	122.112
399.94	121.359
400.15	120.525
400.36	119.684
400.57	118.964
400.79	118.328
401.00	117.565
401.21	116.984
401.42	116.577
401.63	116.172
401.85	115.859
402.06	115.645
402.27	115.607
402.48	115.755
402.69	116.005
402.91	116.270
403.12	116.588
403.33	117.050
403.54	117.636
403.76	118.129
403.97	118.741
404.18	119.424
404.39	120.159
404.60	120.926
404.82	121.764
405.03	122.591
405.24	123.435
405.45	124.214
405.66	124.902
405.88	125.536
406.09	126.168
406.30	126.632
406.51	126.985
406.72	127.308
406.94	127.482
407.15	127.442
407.36	127.478
407.57	127.380
407.78	127.153
407.99	126.771
408.21	126.422
408.42	125.930
408.63	125.361
408.84	124.629
409.05	123.913
409.27	123.002
409.48	122.049
409.69	121.032
409.90	120.165
410.11	119.338
410.32	118.474
410.54	117.581
410.75	116.683
410.96	115.848
411.17	115.018
411.38	114.297
411.59	113.734
411.81	113.210
412.02	112.719
412.23	112.344
412.44	112.070
412.65	111.988
412.86	112.006
413.08	112.099
413.29	112.315
413.50	112.617
413.71	113.111
413.92	113.601
414.13	114.161
414.34	114.786
414.56	115.236
414.77	115.913
414.98	116.605
415.19	117.403
415.40	118.264
415.61	119.071
415.82	119.815
416.04	120.584
416.25	121.177
416.46	121.857
416.67	122.525
416.88	123.073
417.09	123.488
417.30	123.873
417.52	124.191
417.73	124.293
417.94	124.255
418.15	124.145
418.36	124.086
418.57	123.783
418.78	123.403
418.99	123.122
419.21	122.635
419.42	122.098
419.63	121.560
419.84	120.796
420.05	120.024
420.26	119.181
420.47	118.283
420.68	117.494
420.89	116.663
421.11	115.733
421.32	114.876
421.53	114.031
421.74	113.199
421.95	112.429
422.16	111.814
422.37	111.359
422.58	110.868
422.79	110.375
423.01	110.088
423.22	109.799
423.43	109.657
423.64	109.600
423.85	109.639
424.06	109.703
424.27	109.954
424.48	110.280
424.69	110.790
424.90	111.318
425.11	111.910
425.33	112.555
425.54	113.247
425.75	114.017
425.96	114.755
426.17	115.552
426.38	116.363
426.59	117.146
426.80	117.949
427.01	118.745
427.22	119.532
427.43	120.320
427.64	121.019
427.85	121.585
428.07	122.110
428.28	122.536
428.49	122.944
428.70	123.273
428.91	123.499
429.12	123.581
429.33	123.698
429.54	123.631
429.75	123.450
429.96	123.280
430.17	122.968
430.38	122.660
430.59	122.213
430.80	121.637
431.01	121.027
431.22	120.315
431.44	119.582
431.65	118.831
431.86	117.998
432.07	117.199
432.28	116.392
432.49	115.595
432.70	114.772
432.91	113.930
433.12	113.106
433.33	112.321
433.54	111.646
433.75	110.931
433.96	110.359
434.17	109.803
434.38	109.318
434.59	108.957
434.80	108.587
435.01	108.413
435.22	108.355
435.43	108.344
435.64	108.437
435.85	108.578
436.06	108.850
436.27	109.200
436.48	109.651
436.69	110.084
436.90	110.600
437.11	111.258
437.33	111.946
437.54	112.658
437.75	113.466
437.96	114.193
438.17	114.929
438.38	115.646
438.59	116.413
438.80	117.120
439.01	117.893
439.22	118.635
439.43	119.162
439.64	119.675
439.85	120.208
440.06	120.613
440.27	121.042
440.48	121.277
440.69	121.485
440.90	121.548
441.11	121.665
441.32	121.666
441.53	121.529
441.74	121.331
441.95	121.081
442.16	120.702
442.37	120.243
442.58	119.747
442.79	119.156
443.00	118.466
443.21	117.784
443.42	116.982
443.62	116.132
443.83	115.434
444.04	114.610
444.25	113.825
444.46	113.018
444.67	112.146
444.88	111.339
445.09	110.497
445.30	109.713
445.51	108.933
445.72	108.178
445.93	107.524
446.14	106.928
446.35	106.337
446.56	105.893
446.77	105.513
446.98	105.211
447.19	104.977
447.40	104.870
447.61	104.772
447.82	104.749
448.03	104.861
448.24	104.968
448.45	105.219
448.66	105.507
448.87	105.875
449.08	106.308
449.29	106.768
449.49	107.310
449.70	107.931
449.91	108.548
450.12	109.202
450.33	109.876
450.54	110.532
450.75	111.258
450.96	111.902
451.17	112.617
451.38	113.228
451.59	113.866
451.80	114.440
452.01	115.003
452.22	115.546
452.43	115.987
452.64	116.361
452.84	116.724
453.05	116.940
453.26	117.163
453.47	117.264
453.68	117.310
453.89	117.312
454.10	117.157
454.31	116.990
454.52	116.744
454.73	116.414
454.94	115.980
455.15	115.478
455.36	114.940
455.56	114.315
455.77	113.663
455.98	113.008
456.19	112.312
456.40	111.567
456.61	110.783
456.82	109.944
457.03	109.128
457.24	108.262
457.45	107.448
457.65	106.563
457.86	105.764
458.07	104.995
458.28	104.181
458.49	103.484
458.70	102.770
458.91	102.158
459.12	101.587
459.33	101.081
459.54	100.639
459.74	100.237
459.95	99.871
460.16	99.643
460.37	99.498
460.58	99.404
460.79	99.364
461.00	99.376
461.21	99.522
461.41	99.726
461.62	100.016
461.83	100.382
462.04	100.795
462.25	101.190
462.46	101.678
462.67	102.220
462.88	102.837
463.08	103.473
463.29	104.104
463.50	104.751
463.71	105.476
463.92	106.133
464.13	106.781
464.34	107.447
464.54	108.081
464.75	108.661
464.96	109.252
465.17	109.812
465.38	110.308
465.59	110.753
465.80	111.133
466.00	111.453
466.21	111.708
466.42	111.924
466.63	112.124
466.84	112.245
467.05	112.306
467.26	112.209
467.46	112.081
467.67	111.883
467.88	111.646
468.09	111.286
468.30	110.952
468.51	110.541
468.71	110.029
468.92	109.486
469.13	108.907
469.34	108.303
469.55	107.579
469.76	106.892
469.96	106.171
470.17	105.412
470.38	104.641
470.59	103.844
470.80	103.049
471.00	102.311
471.21	101.545
471.42	100.771
471.63	100.085
471.84	99.395
472.05	98.717
472.25	98.067
472.46	97.474
472.67	96.890
472.88	96.384
473.09	95.944
473.29	95.528
473.50	95.202
473.71	94.898
473.92	94.720
474.13	94.587
474.33	94.488
474.54	94.505
474.75	94.558
474.96	94.660
475.17	94.833
475.37	95.016
475.58	95.298
475.79	95.648
476.00	96.005
476.21	96.412
476.41	96.865
476.62	97.390
476.83	97.889
477.04	98.465
477.24	99.028
477.45	99.616
477.66	100.231
477.87	100.805
478.08	101.413
478.28	101.969
478.49	102.560
478.70	103.166
478.91	103.666
479.11	104.171
479.32	104.677
479.53	105.121
479.74	105.542
479.94	105.897
480.15	106.171
480.36	106.379
480.57	106.578
480.78	106.739
480.98	106.784
481.19	106.810
481.40	106.767
481.61	106.700
481.81	106.554
482.02	106.333
482.23	106.115
482.44	105.784
482.64	105.430
482.85	105.006
483.06	104.491
483.27	104.020
483.47	103.496
483.68	102.919
483.89	102.296
484.10	101.644
484.30	100.972
484.51	100.268
484.72	99.610
484.92	98.875
485.13	98.170
485.34	97.463
485.55	96.763
485.75	96.084
485.96	95.384
486.17	94.723
486.38	94.113
486.58	93.479
486.79	92.905
487.00	92.368
487.20	91.836
487.41	91.391
487.62	90.954
487.83	90.576
488.03	90.242
488.24	89.975
488.45	89.751
488.65	89.564
488.86	89.460
489.07	89.373
489.28	89.374
489.48	89.419
489.69	89.534
489.90	89.682
490.10	89.875
490.31	90.123
490.52	90.395
490.73	90.725
490.93	91.097
491.14	91.501
491.35	91.927
491.55	92.385
491.76	92.877
491.97	93.377
492.17	93.860
492.38	94.379
492.59	94.893
492.79	95.433
493.00	95.974
493.21	96.506
493.41	97.021
493.62	97.532
493.83	98.016
494.04	98.445
494.24	98.868
494.45	99.259
494.66	99.634
494.86	100.000
495.07	100.260
495.28	100.511
495.48	100.696
495.69	100.867
495.90	100.994
496.10	101.065
496.31	101.078
496.52	101.028
496.72	100.970
496.93	100.881
497.14	100.731
497.34	100.513
497.55	100.296
497.76	100.011
497.96	99.654
498.17	99.275
498.37	98.866
498.58	98.409
498.79	97.912
498.99	97.385
499.20	96.818
499.41	96.238
499.61	95.607
499.82	95.002
500.03	94.347
500.23	93.717
500.44	93.059
500.65	92.413
500.85	91.789
501.06	91.123
501.26	90.467
501.47	89.812
501.68	89.190
501.88	88.551
502.09	87.965
502.30	87.433
502.50	86.895
502.71	86.420
502.91	85.968
503.12	85.556
503.33	85.179
503.53	84.846
503.74	84.571
503.95	84.351
504.15	84.151
504.36	83.997
504.56	83.877
504.77	83.815
504.98	83.768
505.18	83.800
505.39	83.874
505.59	83.982
505.80	84.133
506.01	84.342
506.21	84.586
506.42	84.855
506.62	85.135
506.83	85.477
507.04	85.828
507.24	86.197
507.45	86.600
507.65	87.020
507.86	87.456
508.07	87.930
508.27	88.389
508.48	88.841
508.68	89.328
508.89	89.808
509.10	90.278
509.30	90.748
509.51	91.184
509.71	91.619
509.92	92.027
510.12	92.439
510.33	92.797
510.54	93.145
510.74	93.466
510.95	93.766
511.15	94.014
511.36	94.244
511.56	94.456
511.77	94.607
511.98	94.748
512.18	94.855
512.39	94.888
512.59	94.887
512.80	94.877
513.00	94.800
513.21	94.662
513.42	94.520
513.62	94.349
513.83	94.130
514.03	93.856
514.24	93.541
514.44	93.183
514.65	92.810
514.85	92.397
515.06	91.974
515.26	91.482
515.47	91.008
515.68	90.503
515.88	89.977
516.09	89.438
516.29	88.872
516.50	88.282
516.70	87.697
516.91	87.109
517.11	86.490
517.32	85.894
517.52	85.305
517.73	84.725
517.93	84.151
518.14	83.593
518.34	83.068
518.55	82.554
518.76	82.070
518.96	81.589
519.17	81.132
519.37	80.677
519.58	80.298
519.78	79.921
519.99	79.586
520.19	79.277
520.40	79.010
520.60	78.771
520.81	78.574
521.01	78.396
521.22	78.287
521.42	78.217
521.63	78.186
521.83	78.189
522.04	78.224
522.24	78.287
522.45	78.415
522.65	78.545
522.86	78.735
523.06	78.944
523.27	79.201
523.47	79.491
523.68	79.824
523.88	80.146
524.09	80.495
524.29	80.879
524.50	81.279
524.70	81.683
524.91	82.086
525.11	82.546
525.32	83.006
525.52	83.446
525.72	83.933
525.93	84.377
526.13	84.848
526.34	85.277
526.54	85.733
526.75	86.134
526.95	86.560
527.16	86.950
527.36	87.318
527.57	87.669
527.77	87.975
527.98	88.282
528.18	88.586
528.39	88.851
528.59	89.086
528.79	89.286
529.00	89.477
529.20	89.639
529.41	89.757
529.61	89.855
529.82	89.906
530.02	89.894
530.23	89.881
530.43	89.819
530.64	89.747
530.84	89.630
531.04	89.473
531.25	89.296
531.45	89.104
531.66	88.867
531.86	88.596
532.07	88.301
532.27	87.969
532.47	87.613
532.68	87.243
532.88	86.846
533.09	86.440
533.29	85.982
533.50	85.512
533.70	84.998
533.90	84.506
534.11	84.028
534.31	83.535
534.52	83.031
534.72	82.525
534.93	82.013
535.13	81.489
535.33	80.997
535.54	80.477
535.74	79.971
535.95	79.473
536.15	79.015
536.35	78.576
536.56	78.145
536.76	77.728
536.97	77.352
537.17	76.975
537.37	76.622
537.58	76.319
537.78	76.045
537.99	75.802
538.19	75.540
538.39	75.317
538.60	75.139
538.80	74.991
539.01	74.882
539.21	74.806
539.41	74.759
539.62	74.725
539.82	74.750
540.03	74.798
540.23	74.899
540.43	75.012
540.64	75.173
540.84	75.345
541.04	75.565
541.25	75.801
541.45	76.083
541.66	76.369
541.86	76.686
542.06	77.021
542.27	77.379
542.47	77.777
542.67	78.158
542.88	78.563
543.08	79.000
543.28	79.434
543.49	79.865
543.69	80.315
543.90	80.786
544.10	81.230
544.30	81.711
544.51	82.150
544.71	82.613
544.91	83.034
545.12	83.487
545.32	83.923
545.52	84.306
545.73	84.697
545.93	85.079
546.13	85.403
546.34	85.736
546.54	86.030
546.74	86.302
546.95	86.587
547.15	86.827
547.35	87.022
547.56	87.208
547.76	87.394
547.96	87.531
548.17	87.653
548.37	87.753
548.57	87.778
548.78	87.821
548.98	87.822
549.18	87.771
549.39	87.679
549.59	87.561
549.79	87.449
550.00	87.281
550.20	87.131
550.40	86.945
550.61	86.705
550.81	86.462
551.01	86.189
551.22	85.881
551.42	85.553
551.62	85.220
551.82	84.850
552.03	84.470
552.23	84.079
552.43	83.650
552.64	83.228
552.84	82.798
553.04	82.339
553.25	81.864
553.45	81.397
553.65	80.938
553.85	80.484
554.06	80.034
554.26	79.582
554.46	79.098
554.67	78.639
554.87	78.196
555.07	77.776
555.27	77.363
555.48	76.962
555.68	76.576
555.88	76.196
556.09	75.841
556.29	75.482
556.49	75.160
556.69	74.861
556.90	74.572
557.10	74.321
557.30	74.119
557.50	73.921
557.71	73.759
557.91	73.621
558.11	73.495
558.31	73.404
558.52	73.342
558.72	73.313
558.92	73.317
559.13	73.359
559.33	73.409
559.53	73.488
559.73	73.612
559.94	73.753
560.14	73.925
560.34	74.115
560.54	74.318
560.75	74.555
560.95	74.809
561.15	75.110
561.35	75.417
561.55	75.716
561.76	76.050
561.96	76.384
562.16	76.752
562.36	77.149
562.57	77.547
562.77	77.951
562.97	78.375
563.17	78.784
563.38	79.183
563.58	79.600
563.78	80.011
563.98	80.430
564.18	80.835
564.39	81.238
564.59	81.639
564.79	82.059
564.99	82.457
565.20	82.827
565.40	83.164
565.60	83.498
565.80	83.844
566.00	84.156
566.21	84.469
566.41	84.729
566.61	84.987
566.81	85.227
567.01	85.438
567.22	85.628
567.42	85.809
567.62	85.946
567.82	86.080
568.02	86.194
568.23	86.276
568.43	86.333
568.63	86.367
568.83	86.370
569.03	86.331
569.24	86.285
569.44	86.212
569.64	86.133
569.84	86.023
570.04	85.863
570.24	85.702
570.45	85.518
570.65	85.329
570.85	85.088
571.05	84.821
571.25	84.550
571.45	84.244
571.66	83.928
571.86	83.618
572.06	83.254
572.26	82.901
572.46	82.522
572.66	82.146
572.87	81.748
573.07	81.351
573.27	80.959
573.47	80.541
573.67	80.135
573.87	79.699
574.08	79.275
574.28	78.858
574.48	78.452
574.68	78.029
574.88	77.604
575.08	77.179
575.28	76.762
575.49	76.358
575.69	75.978
575.89	75.603
576.09	75.251
576.29	74.902
576.49	74.551
576.69	74.220
576.90	73.915
577.10	73.629
577.30	73.360
577.50	73.108
577.70	72.875
577.90	72.667
578.10	72.499
578.30	72.338
578.51	72.212
578.71	72.099
578.91	72.013
579.11	71.968
579.31	71.942
579.51	71.935
579.71	71.957
579.91	71.986
580.12	72.043
580.32	72.131
580.52	72.253
580.72	72.391
580.92	72.530
581.12	72.713
581.32	72.914
581.52	73.145
581.72	73.375
581.92	73.627
582.13	73.904
582.33	74.186
582.53	74.489
582.73	74.785
582.93	75.120
583.13	75.456
583.33	75.798
583.53	76.166
583.73	76.560
583.93	76.943
584.13	77.343
584.34	77.770
584.54	78.159
584.74	78.547
584.94	78.960
585.14	79.382
585.34	79.769
585.54	80.133
585.74	80.505
585.94	80.879
586.14	81.259
586.34	81.610
586.54	81.958
586.74	82.311
586.94	82.660
587.15	82.975
587.35	83.292
587.55	83.591
587.75	83.858
587.95	84.090
588.15	84.323
588.35	84.531
588.55	84.698
588.75	84.886
588.95	85.043
589.15	85.156
589.35	85.253
589.55	85.344
589.75	85.436
589.95	85.501
590.15	85.542
590.35	85.548
590.55	85.544
590.75	85.519
590.95	85.448
591.15	85.369
591.35	85.276
591.56	85.149
591.76	84.998
591.96	84.834
592.16	84.663
592.36	84.460
592.56	84.248
592.76	84.028
592.96	83.782
593.16	83.512
593.36	83.235
593.56	82.975
593.76	82.677
593.96	82.352
594.16	82.030
594.36	81.698
594.56	81.348
594.76	80.988
594.96	80.640
595.16	80.270
595.36	79.890
595.56	79.494
595.76	79.098
595.96	78.700
596.16	78.305
596.36	77.918
596.56	77.547
596.76	77.148
596.96	76.764
597.16	76.377
597.36	76.015
597.56	75.660
597.76	75.284
597.96	74.943
598.16	74.617
598.36	74.269
598.56	73.941
598.76	73.649
598.96	73.377
599.16	73.091
599.36	72.863
599.56	72.637
599.76	72.437
599.96	72.255
600.15	72.075
600.35	71.940
600.55	71.810
600.75	71.681
600.95	71.585
601.15	71.505
601.35	71.456
601.55	71.428
601.75	71.426
601.95	71.436
602.15	71.473
602.35	71.515
602.55	71.604
602.75	71.706
602.95	71.819
603.15	71.940
603.35	72.095
603.55	72.255
603.75	72.416
603.95	72.593
604.15	72.794
604.35	73.032
604.54	73.275
604.74	73.543
604.94	73.818
605.14	74.112
605.34	74.412
605.54	74.719
605.74	75.038
605.94	75.359
606.14	75.714
606.34	76.045
606.54	76.397
606.74	76.764
606.94	77.137
607.14	77.518
607.33	77.903
607.53	78.291
607.73	78.662
607.93	79.042
608.13	79.420
608.33	79.789
608.53	80.138
608.73	80.486
608.93	80.822
609.13	81.145
609.33	81.475
609.52	81.796
609.72	82.093
609.92	82.388
610.12	82.682
610.32	82.949
610.52	83.228
610.72	83.475
610.92	83.703
611.12	83.914
611.31	84.099
611.51	84.289
611.71	84.456
611.91	84.618
612.11	84.780
612.31	84.921
612.51	85.033
612.71	85.151
612.91	85.238
613.10	85.292
613.30	85.376
613.50	85.408
613.70	85.428
613.90	85.440
614.10	85.395
614.30	85.336
614.50	85.259
614.69	85.161
614.89	85.067
615.09	84.941
615.29	84.796
615.49	84.635
615.69	84.458
615.89	84.258
616.08	84.055
616.28	83.841
616.48	83.618
616.68	83.365
616.88	83.096
617.08	82.805
617.27	82.540
617.47	82.236
617.67	81.922
617.87	81.593
618.07	81.255
618.27	80.945
618.47	80.627
618.66	80.295
618.86	79.961
619.06	79.608
619.26	79.278
619.46	78.950
619.66	78.581
619.85	78.224
620.05	77.884
620.25	77.509
620.45	77.129
620.65	76.767
620.84	76.438
621.04	76.111
621.24	75.808
621.44	75.476
621.64	75.154
621.84	74.843
622.03	74.548
622.23	74.262
622.43	73.976
622.63	73.689
622.83	73.433
623.02	73.186
623.22	72.972
623.42	72.723
623.62	72.508
623.82	72.341
624.01	72.160
624.21	71.996
624.41	71.851
624.61	71.767
624.81	71.667
625.00	71.566
625.20	71.489
625.40	71.428
625.60	71.398
625.79	71.383
625.99	71.415
626.19	71.435
626.39	71.482
626.59	71.542
626.78	71.632
626.98	71.717
627.18	71.828
627.38	71.949
627.57	72.105
627.77	72.262
627.97	72.446
628.17	72.653
628.37	72.858
628.56	73.112
628.76	73.328
628.96	73.565
629.16	73.836
629.35	74.119
629.55	74.410
629.75	74.699
629.95	75.014
630.14	75.324
630.34	75.664
630.54	75.996
630.74	76.333
630.93	76.678
631.13	77.036
631.33	77.375
631.53	77.697
631.72	78.056
631.92	78.415
632.12	78.790
632.31	79.135
632.51	79.514
632.71	79.865
632.91	80.206
633.10	80.553
633.30	80.897
633.50	81.212
633.70	81.540
633.89	81.851
634.09	82.147
634.29	82.460
634.48	82.752
634.68	83.045
634.88	83.326
635.08	83.598
635.27	83.875
635.47	84.140
635.67	84.417
635.86	84.667
636.06	84.903
636.26	85.101
636.46	85.293
636.65	85.462
636.85	85.656
637.05	85.822
637.24	85.960
637.44	86.075
637.64	86.199
637.83	86.304
638.03	86.421
638.23	86.506
638.43	86.542
638.62	86.558
638.82	86.560
639.02	86.552
639.21	86.536
639.41	86.476
639.61	86.427
639.80	86.344
640.00	86.252
640.20	86.166
640.39	86.060
640.59	85.941
640.79	85.804
640.98	85.644
641.18	85.481
641.38	85.312
641.57	85.140
641.77	84.930
641.97	84.702
642.16	84.447
642.36	84.192
642.56	83.937
642.75	83.702
642.95	83.449
643.15	83.169
643.34	82.905
643.54	82.627
643.74	82.340
643.93	82.037
644.13	81.709
644.33	81.369
644.52	81.044
644.72	80.723
644.91	80.401
645.11	80.049
645.31	79.720
645.50	79.399
645.70	79.056
645.90	78.749
646.09	78.426
646.29	78.113
646.48	77.787
646.68	77.455
646.88	77.115
647.07	76.784
647.27	76.488
647.47	76.160
647.66	75.874
647.86	75.567
648.05	75.303
648.25	75.048
648.45	74.786
648.64	74.534
648.84	74.298
649.04	74.047
649.23	73.822
649.43	73.610
649.62	73.409
649.82	73.218
650.02	73.040
650.21	72.878
650.41	72.742
650.60	72.633
650.80	72.561
651.00	72.464
651.19	72.415
651.39	72.351
651.58	72.310
651.78	72.281
651.97	72.299
652.17	72.311
652.37	72.317
652.56	72.366
652.76	72.407
652.95	72.481
653.15	72.596
653.35	72.716
653.54	72.835
653.74	72.954
653.93	73.100
654.13	73.257
654.32	73.426
654.52	73.580
654.72	73.759
654.91	73.941
655.11	74.169
655.30	74.386
655.50	74.650
655.69	74.910
655.89	75.161
656.08	75.414
656.28	75.678
656.48	75.979
656.67	76.272
656.87	76.574
657.06	76.855
657.26	77.146
657.45	77.426
657.65	77.744
657.84	78.082
658.04	78.417
658.23	78.754
658.43	79.105
658.62	79.483
658.82	79.839
659.02	80.179
659.21	80.523
659.41	80.870
659.60	81.192
659.80	81.525
659.99	81.875
660.19	82.191
660.38	82.552
660.58	82.851
660.77	83.191
660.97	83.486
661.16	83.800
661.36	84.097
661.55	84.421
661.75	84.705
661.94	84.972
662.14	85.234
662.33	85.496
662.53	85.729
662.72	85.936
662.92	86.152
663.11	86.370
663.31	86.562
663.50	86.754
663.70	86.945
663.89	87.116
664.09	87.268
664.28	87.440
664.48	87.533
664.67	87.687
664.87	87.767
665.06	87.886
665.26	87.972
665.45	88.050
665.65	88.095
665.84	88.147
666.04	88.188
666.23	88.176
666.43	88.156
666.62	88.137
666.82	88.113
667.01	88.069
667.21	87.997
667.40	87.925
667.59	87.847
667.79	87.734
667.98	87.609
668.18	87.491
668.37	87.327
668.57	87.199
668.76	87.026
668.96	86.831
669.15	86.634
669.35	86.450
669.54	86.230
669.73	86.020
669.93	85.791
670.12	85.559
670.32	85.353
670.51	85.109
670.71	84.867
670.90	84.633
671.10	84.385
671.29	84.124
671.48	83.866
671.68	83.573
671.87	83.291
672.07	82.988
672.26	82.702
672.46	82.417
672.65	82.144
672.84	81.843
673.04	81.564
673.23	81.269
673.43	80.949
673.62	80.656
673.82	80.370
674.01	80.052
674.20	79.744
674.40	79.415
674.59	79.107
674.79	78.824
674.98	78.523
675.17	78.223
675.37	77.945
675.56	77.655
675.76	77.386
675.95	77.091
676.14	76.857
676.34	76.576
676.53	76.330
676.73	76.054
676.92	75.798
677.11	75.565
677.31	75.339
677.50	75.151
677.70	74.944
677.89	74.728
678.08	74.557
678.28	74.382
678.47	74.259
678.66	74.139
678.86	74.017
679.05	73.874
679.25	73.783
679.44	73.716
679.63	73.654
679.83	73.605
680.02	73.587
680.21	73.552
680.41	73.554
680.60	73.536
680.79	73.557
680.99	73.581
681.18	73.598
681.38	73.635
681.57	73.701
681.76	73.796
681.96	73.902
682.15	74.010
682.34	74.111
682.54	74.217
682.73	74.355
682.92	74.463
683.12	74.641
683.31	74.811
683.50	74.970
683.70	75.168
683.89	75.339
684.08	75.569
684.28	75.770
684.47	75.990
684.66	76.236
684.86	76.467
685.05	76.732
685.24	77.013
685.44	77.292
685.63	77.539
685.82	77.813
686.02	78.085
686.21	78.384
686.40	78.709
686.60	79.037
686.79	79.335
686.98	79.669
687.18	80.003
687.37	80.318
687.56	80.633
687.75	80.955
687.95	81.294
688.14	81.597
688.33	81.938
688.53	82.287
688.72	82.620
688.91	82.956
689.11	83.275
689.30	83.610
689.49	83.944
689.68	84.289
689.88	84.612
690.07	84.915
690.26	85.210
690.46	85.500
690.65	85.763
690.84	86.031
691.03	86.313
691.23	86.557
691.42	86.793
691.61	87.036
691.80	87.278
692.00	87.512
692.19	87.712
692.38	87.908
692.58	88.084
692.77	88.258
692.96	88.419
693.15	88.593
693.35	88.733
693.54	88.874
693.73	89.013
693.92	89.140
694.12	89.281
694.31	89.386
694.50	89.500
694.69	89.592
694.89	89.688
695.08	89.735
695.27	89.813
695.46	89.870
695.66	89.913
695.85	89.937
696.04	89.962
696.23	90.007
696.43	90.047
696.62	90.029
696.81	89.994
697.00	89.975
697.19	89.946
697.39	89.889
697.58	89.811
697.77	89.713
697.96	89.606
698.16	89.486
698.35	89.421
698.54	89.268
698.73	89.159
698.92	89.024
699.12	88.871
699.31	88.700
699.50	88.538
699.69	88.377
699.89	88.191
700.08	88.000
700.27	87.777
700.46	87.542
700.65	87.342
700.85	87.150
701.04	86.922
701.23	86.676
701.42	86.447
701.61	86.220
701.81	85.975
702.00	85.737
702.19	85.485
702.38	85.182
702.57	84.929
702.76	84.638
702.96	84.350
703.15	84.069
703.34	83.771
703.53	83.485
703.72	83.149
703.92	82.825
704.11	82.509
704.30	82.205
704.49	81.897
704.68	81.595
704.87	81.285
705.07	80.980
705.26	80.681
705.45	80.406
705.64	80.114
705.83	79.829
706.02	79.550
706.21	79.298
706.41	79.017
706.60	78.734
706.79	78.493
706.98	78.270
707.17	78.034
707.36	77.817
707.56	77.612
707.75	77.425
707.94	77.226
708.13	77.039
708.32	76.857
708.51	76.699
708.70	76.555
708.89	76.393
709.09	76.236
709.28	76.108
709.47	75.945
709.66	75.817
709.85	75.700
710.04	75.575
710.23	75.458
710.42	75.374
710.62	75.305
710.81	75.222
711.00	75.130
711.19	75.066
711.38	75.004
711.57	74.958
711.76	74.929
711.95	74.947
712.15	74.949
712.34	74.971
712.53	74.979
712.72	74.989
712.91	75.057
713.10	75.129
713.29	75.191
713.48	75.244
713.67	75.340
713.86	75.479
714.05	75.600
714.25	75.718
714.44	75.853
714.63	75.992
714.82	76.166
715.01	76.356
715.20	76.579
715.39	76.758
715.58	76.939
715.77	77.169
715.96	77.377
716.15	77.589
716.34	77.785
716.54	78.004
716.73	78.252
716.92	78.469
717.11	78.708
717.30	78.955
717.49	79.234
717.68	79.507
717.87	79.726
718.06	80.004
718.25	80.278
718.44	80.571
718.63	80.880
718.82	81.147
719.01	81.416
719.20	81.667
719.39	81.983
719.58	82.283
719.77	82.550
719.96	82.808
720.16	83.081
720.35	83.402
720.54	83.690
720.73	83.966
720.92	84.240
721.11	84.534
721.30	84.845
721.49	85.139
721.68	85.429
721.87	85.744
722.06	86.030
722.25	86.324
722.44	86.577
722.63	86.801
722.82	87.062
723.01	87.300
723.20	87.543
723.39	87.755
723.58	88.014
723.77	88.254
723.96	88.503
724.15	88.743
724.34	88.954
724.53	89.183
724.72	89.363
724.91	89.595
725.10	89.816
725.29	89.985
725.48	90.200
725.67	90.347
725.86	90.484
726.05	90.611
726.24	90.723
726.43	90.856
726.62	91.003
726.81	91.126
727.00	91.267
727.19	91.390
727.38	91.534
727.57	91.594
727.76	91.672
727.95	91.736
728.14	91.771
728.33	91.791
728.52	91.807
728.71	91.848
728.90	91.848
729.09	91.827
729.28	91.788
729.47	91.725
729.65	91.674
729.84	91.623
730.03	91.578
730.22	91.515
730.41	91.458
730.60	91.384
730.79	91.273
730.98	91.185
731.17	91.097
731.36	90.951
731.55	90.798
731.74	90.665
731.93	90.536
732.12	90.391
732.31	90.253
732.50	90.133
732.69	89.978
732.88	89.799
733.06	89.615
733.25	89.443
733.44	89.289
733.63	89.111
733.82	88.926
734.01	88.706
734.20	88.503
734.39	88.273
734.58	88.065
734.77	87.881
734.96	87.608
735.15	87.342
735.33	87.079
735.52	86.870
735.71	86.626
735.90	86.345
736.09	86.083
736.28	85.805
736.47	85.515
736.66	85.225
736.85	84.953
737.04	84.660
737.23	84.373
737.41	84.055
737.60	83.787
737.79	83.483
737.98	83.203
738.17	82.940
738.36	82.675
738.55	82.407
738.74	82.123
738.92	81.861
739.11	81.627
739.30	81.391
739.49	81.135
739.68	80.866
739.87	80.655
740.06	80.452
740.25	80.215
740.43	79.981
740.62	79.758
740.81	79.533
741.00	79.325
741.19	79.121
741.38	78.908
741.57	78.673
741.75	78.483
741.94	78.296
742.13	78.088
742.32	77.884
742.51	77.689
742.70	77.515
742.89	77.375
743.07	77.217
743.26	77.054
743.45	76.881
743.64	76.757
743.83	76.600
744.02	76.419
744.20	76.309
744.39	76.204
744.58	76.119
744.77	76.038
744.96	75.974
745.15	75.923
745.33	75.906
745.52	75.914
745.71	75.899
745.90	75.910
746.09	75.952
746.28	75.977
746.46	75.980
746.65	75.998
746.84	76.031
747.03	76.023
747.22	76.084
747.40	76.162
747.59	76.235
747.78	76.308
747.97	76.433
748.16	76.532
748.34	76.627
748.53	76.738
748.72	76.847
748.91	76.961
749.10	77.088
749.28	77.219
749.47	77.376
749.66	77.508
749.85	77.625
750.04	77.740
750.22	77.896
750.41	78.071
750.60	78.239
750.79	78.355
750.97	78.545
751.16	78.731
751.35	78.897
751.54	79.075
751.73	79.283
751.91	79.480
752.10	79.701
752.29	79.900
752.48	80.139
752.66	80.386
752.85	80.624
753.04	80.862
753.23	81.106
753.41	81.309
753.60	81.576
753.79	81.821
753.98	82.082
754.16	82.337
754.35	82.588
754.54	82.849
754.73	83.166
754.91	83.448
755.10	83.723
755.29	84.001
755.48	84.241
755.66	84.492
755.85	84.739
756.04	85.010
756.22	85.308
756.41	85.534
756.60	85.773
756.79	86.030
756.97	86.291
757.16	86.505
757.35	86.754
757.54	86.990
757.72	87.270
757.91	87.496
758.10	87.744
758.28	87.973
758.47	88.182
758.66	88.396
758.85	88.616
759.03	88.823
759.22	89.031
759.41	89.266
759.59	89.482
759.78	89.717
759.97	89.868
760.15	90.042
760.34	90.274
760.53	90.473
760.71	90.609
760.90	90.776
761.09	90.938
761.28	91.084
761.46	91.236
761.65	91.362
761.84	91.517
762.02	91.659
762.21	91.816
762.40	91.968
762.58	92.090
762.77	92.184
762.96	92.280
763.14	92.404
763.33	92.487
763.52	92.552
763.70	92.587
763.89	92.666
764.08	92.718
764.26	92.711
764.45	92.727
764.64	92.780
764.82	92.770
765.01	92.787
765.20	92.777
765.38	92.770
765.57	92.734
765.75	92.699
765.94	92.593
766.13	92.538
766.31	92.468
766.50	92.393
766.69	92.353
766.87	92.320
767.06	92.256
767.25	92.163
767.43	92.126
767.62	92.080
767.80	92.017
767.99	91.896
768.18	91.788
768.36	91.680
768.55	91.566
768.74	91.448
768.92	91.335
769.11	91.229
769.29	91.094
769.48	90.973
769.67	90.841
769.85	90.748
770.04	90.564
770.22	90.385
770.41	90.174
770.60	89.954
770.78	89.694
770.97	89.469
771.15	89.273
771.34	88.996
771.53	88.774
771.71	88.504
771.90	88.344
772.08	88.196
772.27	87.979
772.46	87.735
772.64	87.490
772.83	87.227
773.01	86.949
773.20	86.694
773.39	86.421
773.57	86.125
773.76	85.865
773.94	85.628
774.13	85.369
774.31	85.122
774.50	84.907
774.68	84.662
774.87	84.418
775.06	84.116
775.24	83.875
775.43	83.569
775.61	83.302
775.80	82.998
775.98	82.658
776.17	82.370
776.36	82.101
776.54	81.879
776.73	81.627
776.91	81.393
777.10	81.150
777.28	80.894
777.47	80.695
777.65	80.455
777.84	80.234
778.02	80.008
778.21	79.808
778.39	79.568
778.58	79.375
778.77	79.161
778.95	79.020
779.14	78.835
779.32	78.680
779.51	78.573
779.69	78.397
779.88	78.262
780.06	78.151
780.25	78.011
780.43	77.851
780.62	77.748
780.80	77.609
780.99	77.486
781.17	77.349
781.36	77.188
781.54	77.049
781.73	76.897
781.91	76.811
782.10	76.703
782.28	76.584
782.47	76.496
782.65	76.406
782.84	76.322
783.02	76.253
783.21	76.219
783.39	76.121
783.58	76.084
783.76	76.044
783.95	75.990
784.13	76.002
784.32	75.991
784.50	75.972
784.69	76.023
784.87	76.019
785.05	76.091
785.24	76.166
785.42	76.240
785.61	76.317
785.79	76.370
785.98	76.464
786.16	76.537
786.35	76.629
786.53	76.689
786.72	76.781
786.90	76.887
787.09	76.946
787.27	77.056
787.45	77.187
787.64	77.321
787.82	77.431
788.01	77.514
788.19	77.642
788.38	77.752
788.56	77.799
788.75	77.965
788.93	78.105
789.11	78.233
789.30	78.343
789.48	78.464
789.67	78.633
789.85	78.763
790.04	78.951
790.22	79.123
790.40	79.342
790.59	79.496
790.77	79.683
790.96	79.889
791.14	80.073
791.32	80.225
791.51	80.384
791.69	80.587
791.88	80.818
792.06	81.038
792.25	81.257
792.43	81.524
792.61	81.732
792.80	81.924
792.98	82.168
793.17	82.381
793.35	82.599
793.53	82.794
793.72	83.069
793.90	83.294
794.08	83.495
794.27	83.699
794.45	83.937
794.64	84.139
794.82	84.341
795.00	84.555
795.19	84.805
795.37	85.051
795.55	85.232
795.74	85.450
795.92	85.636
796.11	85.851
796.29	86.085
796.47	86.260
796.66	86.423
796.84	86.635
797.02	86.880
797.21	87.102
797.39	87.320
797.58	87.474
797.76	87.663
797.94	87.865
798.13	88.051
798.31	88.254
798.49	88.415
798.68	88.581
798.86	88.771
799.04	88.912
799.23	89.055
799.41	89.240
799.59	89.375
799.78	89.514
799.96	89.669
800.14	89.791
800.33	89.971
800.51	90.173
800.69	90.231
800.88	90.344
801.06	90.475
801.24	90.540
801.43	90.675
801.61	90.756
801.79	90.838
801.98	90.894
802.16	90.998
802.34	91.085
802.52	91.197
802.71	91.268
802.89	91.349
803.07	91.425
803.26	91.471
803.44	91.481
803.62	91.518
803.81	91.531
803.99	91.501
804.17	91.457
804.35	91.415
804.54	91.399
804.72	91.405
804.90	91.395
805.09	91.435
805.27	91.398
805.45	91.412
805.63	91.371
805.82	91.395
806.00	91.298
806.18	91.300
806.37	91.260
806.55	91.179
806.73	91.104
806.91	91.027
807.10	90.937
807.28	90.868
807.46	90.771
807.64	90.657
807.83	90.573
808.01	90.520
808.19	90.385
808.37	90.275
808.56	90.128
808.74	89.988
808.92	89.820
809.10	89.643
809.29	89.476
809.47	89.324
809.65	89.101
809.83	88.940
810.02	88.749
810.20	88.569
810.38	88.356
810.56	88.161
810.75	87.981
810.93	87.823
811.11	87.646
811.29	87.479
811.47	87.306
811.66	87.115
811.84	86.896
812.02	86.798
812.20	86.631
812.39	86.452
812.57	86.274
812.75	86.104
812.93	85.977
813.11	85.781
813.30	85.604
813.48	85.460
813.66	85.296
813.84	85.064
814.02	84.828
814.21	84.672
814.39	84.473
814.57	84.284
814.75	84.074
814.93	83.880
815.12	83.628
815.30	83.418
815.48	83.216
815.66	82.986
815.84	82.724
816.03	82.480
816.21	82.245
816.39	81.995
816.57	81.744
816.75	81.455
816.93	81.190
817.12	80.899
817.30	80.625
817.48	80.336
817.66	80.115
817.84	79.905
818.02	79.705
818.21	79.452
818.39	79.233
818.57	78.999
818.75	78.820
818.93	78.641
819.11	78.439
819.30	78.248
819.48	78.086
819.66	77.934
819.84	77.787
820.02	77.591
820.20	77.424
820.38	77.256
820.57	77.107
820.75	76.974
820.93	76.860
821.11	76.685
821.29	76.618
821.47	76.491
821.65	76.339
821.83	76.191
822.02	76.092
822.20	75.962
822.38	75.853
822.56	75.685
822.74	75.546
822.92	75.361
823.10	75.249
823.28	75.109
823.46	74.953
823.65	74.827
823.83	74.729
824.01	74.642
824.19	74.536
824.37	74.397
824.55	74.293
824.73	74.212
824.91	74.109
825.09	73.956
825.27	73.857
825.46	73.781
825.64	73.668
825.82	73.580
826.00	73.478
826.18	73.432
826.36	73.354
826.54	73.324
826.72	73.366
826.90	73.311
827.08	73.310
827.26	73.316
827.44	73.313
827.63	73.321
827.81	73.323
827.99	73.365
828.17	73.403
828.35	73.416
828.53	73.451
828.71	73.557
828.89	73.654
829.07	73.715
829.25	73.780
829.43	73.861
829.61	73.881
829.79	73.951
829.97	74.022
830.15	74.128
830.33	74.189
830.51	74.220
830.69	74.333
830.87	74.307
831.06	74.423
831.24	74.505
831.42	74.576
831.60	74.662
831.78	74.778
831.96	74.923
832.14	75.073
832.32	75.206
832.50	75.297
832.68	75.400
832.86	75.493
833.04	75.605
833.22	75.733
833.40	75.907
833.58	76.044
833.76	76.165
833.94	76.300
834.12	76.471
834.30	76.659
834.48	76.827
834.66	77.089
834.84	77.213
835.02	77.357
835.20	77.552
835.38	77.721
835.56	77.839
835.74	78.018
835.92	78.201
836.10	78.362
836.28	78.544
836.46	78.675
836.64	78.879
836.82	79.057
837.00	79.202
837.18	79.410
837.36	79.611
837.54	79.781
837.72	79.948
837.90	80.116
838.08	80.278
838.26	80.443
838.43	80.582
838.61	80.741
838.79	80.940
838.97	81.135
839.15	81.363
839.33	81.570
839.51	81.670
839.69	81.849
839.87	82.001
840.05	82.201
840.23	82.421
840.41	82.595
840.59	82.722
840.77	82.932
840.95	83.036
841.13	83.119
841.31	83.236
841.49	83.353
841.67	83.445
841.84	83.610
842.02	83.646
842.20	83.770
842.38	83.856
842.56	83.940
842.74	84.010
842.92	83.994
843.10	84.032
843.28	84.149
843.46	84.168
843.64	84.192
843.82	84.230
843.99	84.280
844.17	84.372
844.35	84.542
844.53	84.641
844.71	84.763
844.89	84.853
845.07	84.990
845.25	85.115
845.43	85.277
845.61	85.364
845.78	85.522
845.96	85.643
846.14	85.765
846.32	85.869
846.50	85.956
846.68	86.106
846.86	86.198
847.04	86.282
847.22	86.306
847.39	86.423
847.57	86.517
847.75	86.541
847.93	86.504
848.11	86.491
848.29	86.541
848.47	86.563
848.65	86.595
848.82	86.553
849.00	86.540
849.18	86.477
849.36	86.378
849.54	86.398
849.72	86.342
849.89	86.300
850.07	86.333
850.25	86.268
850.43	86.163
850.61	86.151
850.79	86.046
850.97	86.010
851.14	85.972
851.32	85.852
851.50	85.787
851.68	85.811
851.86	85.821
852.04	85.720
852.21	85.678
852.39	85.640
852.57	85.632
852.75	85.587
852.93	85.522
853.10	85.460
853.28	85.308
853.46	85.221
853.64	85.134
853.82	84.937
854.00	84.859
854.17	84.710
854.35	84.514
854.53	84.406
854.71	84.324
854.89	84.159
855.06	84.050
855.24	83.961
855.42	83.830
855.60	83.645
855.78	83.455
855.95	83.298
856.13	83.168
856.31	82.952
856.49	82.756
856.66	82.667
856.84	82.491
857.02	82.388
857.20	82.265
857.38	82.040
857.55	81.884
857.73	81.632
857.91	81.549
858.09	81.368
858.26	81.181
858.44	81.029
858.62	80.845
858.80	80.690
858.97	80.468
859.15	80.227
859.33	79.964
859.51	79.825
859.68	79.567
859.86	79.327
860.04	79.136
860.22	78.957
860.39	78.671
860.57	78.425
860.75	78.199
860.93	78.017
861.10	77.880
861.28	77.701
861.46	77.523
861.64	77.304
861.81	77.161
861.99	76.969
862.17	76.748
862.35	76.587
862.52	76.370
862.70	76.199
862.88	76.025
863.05	75.850
863.23	75.634
863.41	75.513
863.59	75.374
863.76	75.258
863.94	75.101
864.12	74.990
864.29	74.878
864.47	74.629
864.65	74.401
864.83	74.137
865.00	73.962
865.18	73.797
865.36	73.660
865.53	73.496
865.71	73.404
865.89	73.282
866.06	73.092
866.24	72.973
866.42	72.809
866.59	72.648
866.77	72.536
866.95	72.359
867.12	72.157
867.30	71.977
867.48	71.744
867.65	71.536
867.83	71.333
868.01	71.170
868.18	71.048
868.36	70.939
868.54	70.820
868.71	70.725
868.89	70.675
869.07	70.521
869.24	70.415
869.42	70.300
869.60	70.167
869.77	70.111
869.95	69.947
870.13	69.880
870.30	69.880
870.48	69.788
870.66	69.742
870.83	69.734
871.01	69.629
871.18	69.659
871.36	69.628
871.54	69.556
871.71	69.486
871.89	69.483
872.07	69.376
872.24	69.385
872.42	69.343
872.59	69.281
872.77	69.246
872.95	69.267
873.12	69.176
873.30	69.109
873.48	69.112
873.65	69.097
873.83	69.032
874.00	68.927
874.18	68.935
874.36	68.901
874.53	68.837
874.71	68.877
874.88	68.839
875.06	68.805
875.24	68.893
875.41	69.028
875.59	69.042
875.76	69.091
875.94	69.139
876.11	69.111
876.29	69.071
876.47	69.089
876.64	69.006
876.82	69.004
876.99	69.072
877.17	69.044
877.35	69.142
877.52	69.186
877.70	69.178
877.87	69.205
878.05	69.293
878.22	69.369
878.40	69.453
878.57	69.462
878.75	69.595
878.93	69.621
879.10	69.651
879.28	69.689
879.45	69.776
879.63	69.817
879.80	69.856
879.98	70.000
880.15	70.137
880.33	70.255
880.50	70.356
880.68	70.467
880.86	70.596
881.03	70.735
881.21	70.826
881.38	70.997
881.56	71.143
881.73	71.203
881.91	71.325
882.08	71.372
882.26	71.509
882.43	71.555
882.61	71.743
882.78	71.812
882.96	71.974
883.13	72.119
883.31	72.234
883.48	72.486
883.66	72.583
883.83	72.710
884.01	72.893
884.18	73.185
884.36	73.340
884.53	73.433
884.71	73.498
884.88	73.605
885.06	73.750
885.23	73.789
885.41	73.966
885.58	74.033
885.76	74.219
885.93	74.319
886.11	74.503
886.28	74.627
886.46	74.772
886.63	74.975
886.81	75.038
886.98	75.194
887.15	75.215
887.33	75.388
887.50	75.545
887.68	75.663
887.85	75.684
888.03	75.802
888.20	75.963
888.38	76.161
888.55	76.322
888.73	76.386
888.90	76.528
889.08	76.634
889.25	76.756
889.42	76.801
889.60	76.932
889.77	76.914
889.95	76.931
890.12	76.958
890.30	77.000
890.47	77.022
890.64	77.085
890.82	77.223
890.99	77.317
891.17	77.354
891.34	77.430
891.52	77.507
891.69	77.540
891.86	77.633
892.04	77.622
892.21	77.793
892.39	77.950
892.56	78.083
892.73	78.118
892.91	78.184
893.08	78.469
893.26	78.649
893.43	78.873
893.60	78.948
893.78	79.055
893.95	79.146
894.13	79.368
894.30	79.493
894.47	79.659
894.65	79.726
894.82	79.804
895.00	79.849
895.17	79.970
895.34	80.157
895.52	80.302
895.69	80.376
895.86	80.417
896.04	80.429
896.21	80.577
896.39	80.729
896.56	80.888
896.73	80.797
896.91	80.695
897.08	80.647
897.25	80.783
897.43	80.781
897.60	80.815
897.77	80.815
897.95	80.749
898.12	80.628
898.30	80.707
898.47	80.725
898.64	80.710
898.82	80.604
898.99	80.495
899.16	80.398
899.34	80.303
899.51	80.104
899.68	80.031
899.86	79.912
900.03	79.765
900.20	79.642
900.38	79.576
900.55	79.636
900.72	79.584
900.90	79.476
901.07	79.511
901.24	79.425
901.41	79.349
901.59	79.365
901.76	79.330
901.93	79.186
902.11	79.001
902.28	78.966
902.45	79.055
902.63	79.048
902.80	78.962
902.97	79.012
903.15	79.133
903.32	79.112
903.49	78.984
903.66	79.003
903.84	78.971
904.01	78.907
904.18	78.807
904.36	78.775
904.53	78.696
904.70	78.635
904.87	78.601
905.05	78.425
905.22	78.372
905.39	78.279
905.56	78.175
905.74	78.143
905.91	78.065
906.08	77.856
906.26	77.731
906.43	77.632
906.60	77.444
906.77	77.263
906.95	77.174
907.12	77.041
907.29	76.850
907.46	76.794
907.64	76.606
907.81	76.451
907.98	76.216
908.15	76.117
908.33	76.027
908.50	75.812
908.67	75.786
908.84	75.646
909.01	75.482
909.19	75.408
909.36	75.342
909.53	75.138
909.70	74.960
909.88	74.852
910.05	74.645
910.22	74.587
910.39	74.377
910.57	74.179
910.74	74.076
910.91	74.020
911.08	73.830
911.25	73.728
911.43	73.556
911.60	73.495
911.77	73.263
911.94	72.932
912.11	72.781
912.29	72.569
912.46	72.318
912.63	72.131
912.80	71.806
912.97	71.525
913.15	71.399
913.32	71.310
913.49	71.130
913.66	70.994
913.83	70.857
914.00	70.685
914.18	70.550
914.35	70.400
914.52	70.063
914.69	69.836
914.86	69.672
915.03	69.506
915.21	69.444
915.38	69.262
915.55	69.278
915.72	69.137
915.89	68.986
916.06	68.933
916.24	68.838
916.41	68.742
916.58	68.675
916.75	68.561
916.92	68.435
917.09	68.209
917.26	67.956
917.44	67.663
917.61	67.589
917.78	67.436
917.95	67.315
918.12	67.262
918.29	67.179
918.46	66.989
918.64	66.901
918.81	66.774
918.98	66.689
919.15	66.484
919.32	66.382
919.49	66.230
919.66	66.096
919.83	66.049
920.00	65.990
920.18	65.924
920.35	65.872
920.52	65.719
920.69	65.725
920.86	65.872
921.03	65.835
921.20	65.717
921.37	65.630
921.54	65.348
921.71	65.232
921.89	65.150
922.06	65.150
922.23	65.067
922.40	64.871
922.57	64.715
922.74	64.729
922.91	64.684
923.08	64.697
923.25	64.586
923.42	64.483
923.59	64.500
923.76	64.261
923.93	64.096
924.11	63.961
924.28	63.804
924.45	63.696
924.62	63.766
924.79	63.804
924.96	63.772
925.13	63.867
925.30	63.841
925.47	63.707
925.64	63.662
925.81	63.790
925.98	63.816
926.15	63.908
926.32	63.719
926.49	63.598
926.66	63.477
926.83	63.455
927.00	63.453
927.17	63.391
927.34	63.526
927.51	63.442
927.69	63.538
927.86	63.631
928.03	63.568
928.20	63.480
928.37	63.386
928.54	63.426
928.71	63.486
928.88	63.504
929.05	63.625
929.22	63.617
929.39	63.459
929.56	63.498
929.73	63.490
929.90	63.626
930.07	63.769
930.24	63.879
930.41	63.845
930.58	63.952
930.75	64.077
930.92	63.986
931.09	64.198
931.26	64.262
931.43	64.258
931.60	64.313
931.77	64.379
931.94	64.448
932.11	64.436
932.27	64.456
932.44	64.579
932.61	64.551
932.78	64.626
932.95	64.745
933.12	64.744
933.29	64.758
933.46	64.828
933.63	64.833
933.80	64.829
933.97	65.000
934.14	65.020
934.31	64.873
934.48	65.144
934.65	65.140
934.82	65.104
934.99	65.124
935.16	65.303
935.33	65.379
935.50	65.526
935.67	65.695
935.84	65.831
936.00	65.880
936.17	65.983
936.34	66.133
936.51	66.126
936.68	66.090
936.85	66.169
937.02	66.329
937.19	66.201
937.36	66.351
937.53	66.276
937.70	66.294
937.87	66.420
938.03	66.368
938.20	66.432
938.37	66.600
938.54	66.696
938.71	66.518
938.88	66.508
939.05	66.583
939.22	66.497
939.39	66.564
939.56	66.762
939.72	66.892
939.89	66.898
940.06	66.972
940.23	67.098
940.40	67.044
940.57	67.102
940.74	67.358
940.91	67.424
941.08	67.611
941.24	67.754
941.41	67.985
941.58	68.188
941.75	68.288
941.92	68.294
942.09	68.520
942.26	68.798
942.42	68.934
942.59	68.916
942.76	69.312
942.93	69.334
943.10	69.259
943.27	69.325
943.44	69.461
943.60	69.620
943.77	69.497
943.94	69.806
944.11	69.681
944.28	69.770
944.45	69.901
944.61	69.978
944.78	69.959
944.95	69.819
945.12	69.864
945.29	69.956
945.46	70.002
945.62	69.889
945.79	70.077
945.96	70.398
946.13	70.583
946.30	70.462
946.46	70.686
946.63	70.784
946.80	70.870
946.97	70.848
947.14	70.831
947.31	71.311
947.47	71.569
947.64	71.674
947.81	71.748
947.98	71.974
948.15	72.049
948.31	72.246
948.48	72.387
948.65	72.560
948.82	72.619
948.98	72.837
949.15	73.238
949.32	73.286
949.49	73.158
949.66	73.125
949.82	73.170
949.99	73.109
950.16	73.226
950.33	73.204
950.49	73.375
950.66	73.350
950.83	73.371
951.00	73.055
951.16	73.103
951.33	73.142
951.50	72.897
951.67	73.023
951.83	73.089
952.00	73.153
952.17	72.958
952.34	72.853
952.50	72.988
952.67	72.723
952.84	72.655
953.01	72.643
953.17	72.753
953.34	72.773
953.51	72.606
953.68	72.394
953.84	72.347
954.01	72.351
954.18	72.254
954.34	72.313
954.51	72.418
954.68	72.260
954.85	72.187
955.01	72.367
955.18	72.373
955.35	72.162
955.51	72.057
955.68	72.052
955.85	72.343
956.02	72.200
956.18	72.435
956.35	72.384
956.52	72.415
956.68	72.348
956.85	72.237
957.02	72.673
957.18	72.888
957.35	72.915
957.52	72.732
957.69	72.900
957.85	72.860
958.02	72.655
958.19	72.706
958.35	72.753
958.52	72.370
958.69	71.952
958.85	71.862
959.02	71.916
959.19	71.694
959.35	71.564
959.52	71.499
959.69	71.060
959.85	70.757
960.02	70.667
960.19	70.447
960.35	70.514
960.52	70.124
960.68	69.821
960.85	70.022
961.02	69.702
961.18	69.609
961.35	69.079
961.52	68.975
961.68	69.073
961.85	68.865
962.02	68.776
962.18	69.131
962.35	68.896
962.51	68.976
962.68	68.888
962.85	68.608
963.01	68.377
963.18	68.470
963.35	67.987
963.51	67.620
963.68	67.809
963.84	67.597
964.01	67.606
964.18	67.516
964.34	67.011
964.51	66.966
964.67	66.625
964.84	66.657
965.01	66.738
965.17	66.386
965.34	66.456
965.50	66.461
965.67	66.150
965.84	66.055
966.00	66.105
966.17	66.209
966.33	66.100
966.50	65.743
966.66	65.332
966.83	65.826
967.00	65.768
967.16	65.427
967.33	65.278
967.49	64.882
967.66	64.825
967.82	64.787
967.99	65.122
968.16	65.280
968.32	65.334
968.49	64.995
968.65	65.088
968.82	64.970
968.98	65.233
969.15	64.887
969.31	64.505
969.48	64.068
969.64	63.648
969.81	63.831
969.98	63.704
970.14	63.978
970.31	63.682
970.47	63.492
970.64	63.324
970.80	63.270
970.97	62.737
971.13	62.515
971.30	62.402
971.46	61.933
971.63	61.636
971.79	61.422
971.96	61.382
972.12	61.371
972.29	61.072
972.45	60.563
972.62	60.641
972.78	61.092
972.95	60.492
973.11	60.661
973.28	60.293
973.44	60.596
973.61	60.574
973.77	60.524
973.94	60.147
974.10	60.347
974.27	60.111
974.43	60.678
974.60	60.648
974.76	60.484
974.93	60.659
975.09	60.726
975.26	60.853
975.42	60.990
975.59	60.445
975.75	60.587
975.92	60.556
976.08	60.436
976.24	60.286
976.41	60.611
976.57	60.529
976.74	60.215
976.90	60.004
977.07	59.455
977.23	59.550
977.40	59.897
977.56	59.232
977.73	59.239
977.89	58.994
978.05	58.713
978.22	58.500
978.38	58.141
978.55	58.116
978.71	58.117
978.88	57.931
979.04	58.096
979.20	58.050
979.37	58.074
979.53	57.256
979.70	57.518
979.86	57.089
980.03	57.002
980.19	57.192
980.35	57.234
980.52	57.075
980.68	56.698
980.85	56.862
981.01	57.084
981.17	56.353
981.34	55.569
981.50	55.351
981.67	56.206
981.83	56.715
981.99	56.889
982.16	56.382
982.32	55.522
982.49	55.652
982.65	55.220
982.81	55.222
982.98	56.021
983.14	55.937
983.30	56.081
983.47	55.621
983.63	55.397
983.80	55.618
983.96	55.326
984.12	55.755
984.29	55.776
984.45	55.105
984.61	55.351
984.78	56.980
984.94	57.493
985.10	57.155
985.27	56.692
985.43	56.091
985.59	56.644
985.76	57.124
985.92	57.332
986.08	57.191
986.25	56.679
986.41	57.221
986.57	56.041
986.74	56.090
986.90	56.911
987.06	56.768
987.23	56.333
987.39	55.719
987.55	55.310
987.72	55.403
987.88	55.715
988.04	56.888
988.21	56.200
988.37	55.792
988.53	54.787
988.70	54.554
988.86	54.771
989.02	54.817
989.19	55.035
989.35	55.233
989.51	55.206
989.67	55.760
989.84	55.325
990.00	55.354
990.16	56.243
990.33	56.107
990.49	56.834
990.65	56.677
990.82	57.517
990.98	57.128
991.14	56.319
991.30	56.895
991.47	55.989
991.63	56.251
991.79	57.818
991.95	58.273
992.12	58.522
992.28	58.535
992.44	58.928
992.61	58.414
992.77	57.645
992.93	58.086
993.09	57.646
993.26	57.274
993.42	58.413
993.58	57.028
993.74	56.425
993.91	56.043
994.07	55.507
994.23	56.284
994.39	56.230
994.55	57.301
994.72	57.820
994.88	58.057
995.04	57.799
995.20	56.372
995.37	55.742
995.53	55.789
995.69	55.420
995.85	54.659
996.02	54.313
996.18	55.171
996.34	56.874
996.50	56.721
996.66	57.161
996.83	56.833
996.99	56.436
997.15	57.022
997.31	56.879
997.47	58.631
997.64	59.670
997.80	60.863
997.96	59.991
998.12	59.239
998.28	59.782
998.45	59.771
998.61	59.250
998.77	58.937
998.93	59.062
999.09	60.586
999.25	59.585
999.42	61.714
999.58	60.880
999.74	58.841
999.90	58.848
1000.06	59.086
1000.22	57.469
1000.39	58.242
1000.55	58.696
1000.71	59.346
1000.87	59.488
1001.03	58.735
1001.19	58.623
1001.36	58.690
1001.52	57.675
1001.68	56.861
1001.84	56.293
1002.00	57.081
1002.16	59.128
1002.32	57.909
1002.49	55.737
1002.65	56.031
1002.81	57.239
1002.97	56.946
1003.13	56.024
1003.29	56.289
1003.45	56.242
1003.62	59.322
1003.78	60.848
1003.94	61.394
1004.10	59.327
1004.26	56.757
1004.42	56.041
1004.58	56.869
1004.74	57.085
1004.90	58.264
1005.07	58.157
1005.23	58.682
1005.39	59.000
1005.55	59.069
1005.71	60.593
1005.87	61.688
1006.03	62.470
1006.19	61.747
1006.35	63.385
1006.51	67.862
1006.67	69.398
1006.84	69.561
1007.00	68.870
1007.16	70.213
1007.32	67.501
1007.48	69.359
1007.64	72.948
1007.80	71.620
1007.96	67.725
1008.12	67.532
1008.28	67.722
1008.44	69.082
1008.60	70.386
1008.76	68.544
1008.92	66.388
1009.09	65.599
1009.25	64.230
1009.41	63.758
1009.57	64.246
1009.73	62.864
1009.89	60.209
1010.05	61.427
1010.21	63.243
1010.37	63.782
1010.53	64.196
1010.69	65.181
1010.85	66.000
1011.01	63.148
1011.17	62.801
1011.33	67.134
1011.49	67.874
1011.65	65.928
1011.81	62.998
1011.97	62.708
1012.13	65.397
1012.29	69.053
1012.45	66.908
1012.61	72.139
1012.77	68.874
1012.93	67.465
1013.09	68.092
1013.25	65.727
1013.41	63.540
1013.57	60.794
1013.73	57.405
1013.89	52.927
1014.05	54.879
1014.21	54.414
1014.37	51.850
1014.53	51.690
1014.69	50.536
1014.85	51.385
1015.01	57.347
1015.17	61.180
1015.33	60.496
1015.49	57.220
1015.65	57.430
1015.81	61.073
1015.97	56.087
1016.13	59.814
1016.29	56.097
1016.45	55.562
1016.61	58.250
1016.77	57.269
1016.93	55.635
1017.09	55.565
1017.25	55.759
1017.41	52.559
1017.56	52.546
1017.72	59.848
1017.88	62.717
1018.04	62.180
1018.20	54.211
1018.36	58.100
1018.52	55.060
1018.68	55.740
1018.84	57.635
1019.00	55.920
1019.16	57.385
1019.32	61.032
1019.48	58.794
1019.64	58.733
1019.79	57.439
1019.95	55.307
1020.11	58.073
1020.27	58.580
1020.43	61.654
1020.59	64.742
1020.75	66.709
1020.91	68.815
1021.07	63.271
1021.23	58.296
1021.39	57.007
1021.54	70.369
1021.70	60.526
1021.86	59.817
1022.02	62.728
1022.18	63.948
1022.34	64.203
1022.50	61.920
1022.66	60.188
1022.82	68.196
1022.97	71.733
1023.13	71.601
1023.29	72.973
1023.45	74.044
1023.61	70.079
1023.77	75.052
1023.93	73.478
1024.08	72.560
1024.24	72.631
1024.40	74.464
1024.56	90.639
1024.72	90.185
1024.88	68.165
1025.04	72.339
1025.19	68.393
1025.35	59.780
1025.51	70.732
1025.67	77.821
1025.83	78.540
1025.99	85.915
1026.14	72.183
1026.30	74.417
1026.46	84.098
1026.62	81.690
1026.78	58.398
1026.94	62.459
1027.09	58.515
1027.25	56.243
1027.41	49.069
1027.57	47.528
1027.73	41.489
1027.89	29.934
1028.04	42.031
1028.20	44.276
1028.36	44.014
1028.52	44.414
1028.68	44.620
1028.83	39.480
1028.99	35.089
1029.15	34.383
1029.31	31.386
1029.47	34.283
1029.62	40.353
1029.78	35.350
1029.94	34.225
1030.10	43.885
1030.25	47.323
1030.41	50.293
1030.57	54.497
1030.73	65.126
1030.89	70.858
1031.04	73.268
1031.20	83.194
1031.36	85.247
1031.52	84.452
1031.67	86.285
1031.83	97.456
1031.99	125.950
1032.15	108.317
1032.30	124.284
1032.46	148.086
1032.62	123.554
1032.78	119.194
1032.93	122.650
1033.09	123.639
1033.25	119.650
1033.41	142.620
1033.56	138.308
1033.72	-41.176
1033.88	350.000
1034.04	37.975
1034.19	-78.182
1034.35	88.514
1034.51	-19.565
1034.66	118.440
1034.82	-150.000
1034.98	-150.000
1035.14	-150.000
