345.22	53.623
345.43	53.623
345.65	53.623
345.86	39.000
346.08	269.318
346.29	9.420
346.51	-75.676
346.72	-146.970
346.94	242.308
347.15	19.355
347.37	205.567
347.58	213.929
347.80	250.313
348.01	194.089
348.23	131.842
348.44	119.294
348.66	112.255
348.87	114.824
349.09	103.631
349.30	96.970
349.52	90.882
349.73	92.442
349.95	90.759
350.16	90.744
350.38	83.758
350.59	75.435
350.81	74.783
351.02	71.967
351.24	71.166
351.45	67.525
351.67	71.906
351.88	72.061
352.10	71.010
352.31	70.287
352.53	76.315
352.74	78.326
352.96	79.106
353.17	75.503
353.39	79.395
353.60	79.532
353.82	79.814
354.03	84.136
354.25	79.684
354.46	74.428
354.67	73.893
354.89	73.888
355.10	76.190
355.32	70.408
355.53	70.701
355.75	73.419
355.96	76.537
356.18	77.688
356.39	75.851
356.61	79.487
356.82	76.479
357.04	69.645
357.25	70.307
357.46	65.860
357.68	67.866
357.89	64.958
358.11	63.200
358.32	68.164
358.54	64.797
358.75	65.355
358.97	66.469
359.18	66.439
359.40	68.853
359.61	68.627
359.82	72.456
360.04	71.631
360.25	68.723
360.47	65.648
360.68	61.243
360.90	64.271
361.11	62.234
361.32	61.391
361.54	68.345
361.75	66.172
361.97	67.642
362.18	66.101
362.40	69.804
362.61	72.708
362.83	70.494
363.04	69.324
363.25	71.315
363.47	75.418
363.68	77.463
363.90	76.475
364.11	73.923
364.32	74.811
364.54	75.664
364.75	71.425
364.97	73.544
365.18	76.450
365.40	73.794
365.61	73.592
365.82	76.909
366.04	73.551
366.25	70.862
366.47	69.124
366.68	68.993
366.89	68.200
367.11	68.003
367.32	69.110
367.54	68.494
367.75	68.164
367.96	66.190
368.18	65.389
368.39	67.236
368.61	70.651
368.82	71.492
369.03	76.235
369.25	82.555
369.46	81.894
369.68	82.307
369.89	85.286
370.10	86.824
370.32	86.760
370.53	86.515
370.75	83.574
370.96	87.889
371.17	89.515
371.39	85.761
371.60	83.805
371.81	83.250
372.03	85.369
372.24	84.353
372.46	88.082
372.67	89.363
372.88	87.100
373.10	86.945
373.31	87.131
373.52	85.421
373.74	82.289
373.95	82.815
374.17	82.760
374.38	81.885
374.59	81.317
374.81	80.409
375.02	79.713
375.23	84.857
375.45	82.239
375.66	78.617
375.87	80.850
376.09	81.881
376.30	82.523
376.52	83.699
376.73	82.765
376.94	80.235
377.16	81.504
377.37	85.236
377.58	83.541
377.80	83.632
378.01	84.114
378.22	85.611
378.44	85.976
378.65	86.967
378.86	87.831
379.08	88.174
379.29	89.548
379.50	92.095
379.72	91.101
379.93	93.655
380.14	96.235
380.36	97.596
380.57	98.736
380.78	98.201
381.00	100.112
381.21	100.982
381.42	102.883
381.64	103.248
381.85	101.852
382.06	103.838
382.28	104.553
382.49	104.889
382.70	106.124
382.92	106.685
383.13	107.224
383.34	107.932
383.56	108.766
383.77	110.116
383.98	110.188
384.20	111.956
384.41	112.548
384.62	113.700
384.83	114.537
385.05	115.301
385.26	116.751
385.47	116.934
385.69	117.793
385.90	118.484
386.11	119.221
386.33	120.084
386.54	120.332
386.75	120.841
386.97	121.655
387.18	122.189
387.39	122.727
387.60	122.560
387.82	122.715
388.03	122.621
388.24	122.580
388.46	122.349
388.67	122.203
388.88	121.750
389.09	121.355
389.31	120.664
389.52	120.359
389.73	119.457
389.95	119.160
390.16	118.712
390.37	118.393
390.58	118.115
390.80	117.646
391.01	117.416
391.22	117.186
391.44	116.800
391.65	116.420
391.86	116.172
392.07	116.474
392.29	116.650
392.50	116.873
392.71	117.041
392.92	117.475
393.14	117.670
393.35	118.256
393.56	118.834
393.78	119.619
393.99	120.324
394.20	121.133
394.41	121.792
394.63	122.430
394.84	123.185
395.05	123.958
395.26	124.632
395.48	125.328
395.69	125.787
395.90	126.419
396.11	126.927
396.33	127.437
396.54	127.795
396.75	127.834
396.96	127.918
397.18	127.926
397.39	127.870
397.60	127.892
397.81	127.640
398.03	127.274
398.24	126.921
398.45	126.311
398.66	125.813
398.87	125.136
399.09	124.489
399.30	123.704
399.51	122.740
399.72	122.051
399.94	121.274
400.15	120.516
400.36	119.750
400.57	118.970
400.79	118.292
401.00	117.542
401.21	117.070
401.42	116.677
401.63	116.320
401.85	116.038
402.06	115.928
402.27	115.820
402.48	115.853
402.69	115.971
402.91	116.173
403.12	116.385
403.33	116.954
403.54	117.490
403.76	117.933
403.97	118.644
404.18	119.347
404.39	120.027
404.60	120.823
404.82	121.564
405.03	122.422
405.24	123.127
405.45	123.986
405.66	124.715
405.88	125.380
406.09	125.975
406.30	126.474
406.51	126.648
406.72	126.906
406.94	127.174
407.15	127.155
407.36	127.233
407.57	127.245
407.78	126.970
407.99	126.614
408.21	126.188
408.42	125.755
408.63	125.210
408.84	124.576
409.05	123.863
409.27	123.011
409.48	122.110
409.69	121.227
409.90	120.294
410.11	119.438
410.32	118.568
410.54	117.764
410.75	116.833
410.96	116.105
411.17	115.356
411.38	114.629
411.59	114.056
411.81	113.462
412.02	112.972
412.23	112.608
412.44	112.417
412.65	112.432
412.86	112.452
413.08	112.503
413.29	112.613
413.50	112.962
413.71	113.421
413.92	113.915
414.13	114.463
414.34	115.061
414.56	115.598
414.77	116.236
414.98	116.840
415.19	117.673
415.40	118.520
415.61	119.329
415.82	120.005
416.04	120.763
416.25	121.449
416.46	122.024
416.67	122.648
416.88	123.097
417.09	123.487
417.30	123.684
417.52	123.948
417.73	124.053
417.94	123.996
418.15	123.957
418.36	123.839
418.57	123.528
418.78	123.204
418.99	122.843
419.21	122.359
419.42	121.797
419.63	121.173
419.84	120.427
420.05	119.668
420.26	118.928
420.47	118.060
420.68	117.184
420.89	116.405
421.11	115.515
421.32	114.667
421.53	113.844
421.74	113.162
421.95	112.433
422.16	111.827
422.37	111.313
422.58	110.768
422.79	110.298
423.01	110.014
423.22	109.754
423.43	109.613
423.64	109.523
423.85	109.604
424.06	109.752
424.27	110.012
424.48	110.331
424.69	110.768
424.90	111.282
425.11	111.885
425.33	112.583
425.54	113.246
425.75	113.964
425.96	114.714
426.17	115.547
426.38	116.338
426.59	117.160
426.80	117.967
427.01	118.692
427.22	119.479
427.43	120.286
427.64	120.975
427.85	121.563
428.07	122.149
428.28	122.586
428.49	122.971
428.70	123.269
428.91	123.500
429.12	123.610
429.33	123.700
429.54	123.669
429.75	123.504
429.96	123.300
430.17	123.066
430.38	122.696
430.59	122.114
430.80	121.555
431.01	120.935
431.22	120.261
431.44	119.565
431.65	118.801
431.86	117.953
432.07	117.126
432.28	116.331
432.49	115.517
432.70	114.672
432.91	113.815
433.12	112.987
433.33	112.208
433.54	111.534
433.75	110.866
433.96	110.301
434.17	109.691
434.38	109.291
434.59	108.903
434.80	108.584
435.01	108.445
435.22	108.387
435.43	108.384
435.64	108.442
435.85	108.652
436.06	108.908
436.27	109.239
436.48	109.673
436.69	110.142
436.90	110.704
437.11	111.387
437.33	112.092
437.54	112.796
437.75	113.567
437.96	114.292
438.17	115.002
438.38	115.695
438.59	116.482
438.80	117.144
439.01	117.903
439.22	118.657
439.43	119.229
439.64	119.790
439.85	120.311
440.06	120.727
440.27	121.079
440.48	121.333
440.69	121.551
440.90	121.648
441.11	121.716
441.32	121.675
441.53	121.512
441.74	121.248
441.95	120.963
442.16	120.572
442.37	120.101
442.58	119.602
442.79	119.078
443.00	118.438
443.21	117.752
443.42	116.940
443.62	116.069
443.83	115.316
444.04	114.476
444.25	113.645
444.46	112.847
444.67	111.981
444.88	111.155
445.09	110.320
445.30	109.528
445.51	108.762
445.72	108.021
445.93	107.353
446.14	106.791
446.35	106.242
446.56	105.799
446.77	105.436
446.98	105.113
447.19	104.844
447.40	104.697
447.61	104.603
447.82	104.614
448.03	104.771
448.24	104.953
448.45	105.205
448.66	105.524
448.87	105.851
449.08	106.303
449.29	106.797
449.49	107.376
449.70	107.942
449.91	108.567
450.12	109.177
450.33	109.867
450.54	110.565
450.75	111.257
450.96	111.940
451.17	112.607
451.38	113.236
451.59	113.848
451.80	114.382
452.01	114.983
452.22	115.498
452.43	115.846
452.64	116.186
452.84	116.511
453.05	116.705
453.26	116.946
453.47	117.074
453.68	117.133
453.89	117.061
454.10	116.930
454.31	116.726
454.52	116.485
454.73	116.164
454.94	115.773
455.15	115.303
455.36	114.748
455.56	114.151
455.77	113.498
455.98	112.837
456.19	112.163
456.40	111.379
456.61	110.623
456.82	109.826
457.03	109.030
457.24	108.193
457.45	107.408
457.65	106.547
457.86	105.734
458.07	104.944
458.28	104.182
458.49	103.508
458.70	102.839
458.91	102.227
459.12	101.641
459.33	101.091
459.54	100.653
459.74	100.269
459.95	99.922
460.16	99.706
460.37	99.545
460.58	99.469
460.79	99.469
461.00	99.490
461.21	99.607
461.41	99.783
461.62	100.038
461.83	100.391
462.04	100.788
462.25	101.200
462.46	101.724
462.67	102.280
462.88	102.847
463.08	103.473
463.29	104.110
463.50	104.771
463.71	105.449
463.92	106.103
464.13	106.725
464.34	107.364
464.54	108.037
464.75	108.657
464.96	109.224
465.17	109.772
465.38	110.233
465.59	110.740
465.80	111.124
466.00	111.444
466.21	111.697
466.42	111.890
466.63	112.084
466.84	112.171
467.05	112.192
467.26	112.157
467.46	112.002
467.67	111.812
467.88	111.556
468.09	111.204
468.30	110.864
468.51	110.453
468.71	109.970
468.92	109.416
469.13	108.825
469.34	108.199
469.55	107.508
469.76	106.838
469.96	106.086
470.17	105.306
470.38	104.576
470.59	103.803
470.80	103.036
471.00	102.289
471.21	101.525
471.42	100.769
471.63	100.026
471.84	99.358
472.05	98.670
472.25	98.056
472.46	97.491
472.67	96.898
472.88	96.426
473.09	95.985
473.29	95.567
473.50	95.257
473.71	95.004
473.92	94.789
474.13	94.659
474.33	94.568
474.54	94.571
474.75	94.597
474.96	94.671
475.17	94.827
475.37	94.999
475.58	95.280
475.79	95.614
476.00	95.999
476.21	96.406
476.41	96.869
476.62	97.351
476.83	97.885
477.04	98.498
477.24	99.043
477.45	99.632
477.66	100.241
477.87	100.823
478.08	101.410
478.28	101.958
478.49	102.500
478.70	103.076
478.91	103.600
479.11	104.110
479.32	104.631
479.53	105.065
479.74	105.481
479.94	105.821
480.15	106.118
480.36	106.338
480.57	106.534
480.78	106.718
480.98	106.793
481.19	106.795
481.40	106.737
481.61	106.674
481.81	106.547
482.02	106.356
482.23	106.135
482.44	105.792
482.64	105.440
482.85	105.046
483.06	104.557
483.27	104.048
483.47	103.505
483.68	102.894
483.89	102.297
484.10	101.656
484.30	100.994
484.51	100.289
484.72	99.630
484.92	98.889
485.13	98.153
485.34	97.433
485.55	96.711
485.75	96.008
485.96	95.296
486.17	94.608
486.38	93.945
486.58	93.288
486.79	92.725
487.00	92.177
487.20	91.655
487.41	91.224
487.62	90.839
487.83	90.466
488.03	90.157
488.24	89.880
488.45	89.647
488.65	89.466
488.86	89.350
489.07	89.275
489.28	89.289
489.48	89.346
489.69	89.468
489.90	89.625
490.10	89.823
490.31	90.089
490.52	90.367
490.73	90.709
490.93	91.089
491.14	91.483
491.35	91.935
491.55	92.424
491.76	92.889
491.97	93.390
492.17	93.897
492.38	94.426
492.59	94.968
492.79	95.530
493.00	96.074
493.21	96.601
493.41	97.109
493.62	97.596
493.83	98.078
494.04	98.518
494.24	98.945
494.45	99.345
494.66	99.676
494.86	100.020
495.07	100.306
495.28	100.572
495.48	100.781
495.69	100.935
495.90	101.060
496.10	101.140
496.31	101.140
496.52	101.107
496.72	101.063
496.93	100.947
497.14	100.763
497.34	100.522
497.55	100.260
497.76	99.965
497.96	99.614
498.17	99.222
498.37	98.806
498.58	98.340
498.79	97.838
498.99	97.345
499.20	96.773
499.41	96.181
499.61	95.545
499.82	94.909
500.03	94.263
500.23	93.591
500.44	92.929
500.65	92.281
500.85	91.642
501.06	90.971
501.26	90.330
501.47	89.696
501.68	89.109
501.88	88.522
502.09	87.938
502.30	87.387
502.50	86.873
502.71	86.400
502.91	85.966
503.12	85.555
503.33	85.182
503.53	84.871
503.74	84.587
503.95	84.346
504.15	84.160
504.36	83.995
504.56	83.893
504.77	83.841
504.98	83.816
505.18	83.848
505.39	83.916
505.59	84.021
505.80	84.183
506.01	84.374
506.21	84.604
506.42	84.893
506.62	85.193
506.83	85.527
507.04	85.890
507.24	86.281
507.45	86.701
507.65	87.136
507.86	87.572
508.07	88.016
508.27	88.477
508.48	88.944
508.68	89.450
508.89	89.920
509.10	90.373
509.30	90.823
509.51	91.251
509.71	91.665
509.92	92.081
510.12	92.484
510.33	92.856
510.54	93.197
510.74	93.511
510.95	93.807
511.15	94.049
511.36	94.264
511.56	94.441
511.77	94.585
511.98	94.702
512.18	94.795
512.39	94.854
512.59	94.879
512.80	94.843
513.00	94.757
513.21	94.641
513.42	94.485
513.62	94.287
513.83	94.063
514.03	93.793
514.24	93.480
514.44	93.104
514.65	92.735
514.85	92.324
515.06	91.890
515.26	91.428
515.47	90.957
515.68	90.447
515.88	89.930
516.09	89.380
516.29	88.814
516.50	88.228
516.70	87.643
516.91	87.043
517.11	86.456
517.32	85.866
517.52	85.269
517.73	84.712
517.93	84.143
518.14	83.577
518.34	83.057
518.55	82.533
518.76	82.054
518.96	81.558
519.17	81.106
519.37	80.665
519.58	80.282
519.78	79.908
519.99	79.571
520.19	79.249
520.40	78.997
520.60	78.754
520.81	78.561
521.01	78.390
521.22	78.283
521.42	78.208
521.63	78.166
521.83	78.184
522.04	78.217
522.24	78.307
522.45	78.433
522.65	78.568
522.86	78.767
523.06	78.981
523.27	79.240
523.47	79.535
523.68	79.860
523.88	80.167
524.09	80.522
524.29	80.909
524.50	81.306
524.70	81.691
524.91	82.108
525.11	82.547
525.32	83.002
525.52	83.437
525.72	83.903
525.93	84.374
526.13	84.821
526.34	85.258
526.54	85.708
526.75	86.133
526.95	86.543
527.16	86.928
527.36	87.320
527.57	87.669
527.77	88.000
527.98	88.310
528.18	88.618
528.39	88.878
528.59	89.109
528.79	89.326
529.00	89.529
529.20	89.687
529.41	89.827
529.61	89.927
529.82	89.986
530.02	90.002
530.23	89.977
530.43	89.914
530.64	89.828
530.84	89.703
531.04	89.541
531.25	89.362
531.45	89.163
531.66	88.915
531.86	88.653
532.07	88.325
532.27	87.981
532.47	87.614
532.68	87.239
532.88	86.862
533.09	86.443
533.29	85.996
533.50	85.545
533.70	85.037
533.90	84.526
534.11	84.032
534.31	83.520
534.52	83.006
534.72	82.523
534.93	82.027
535.13	81.492
535.33	80.994
535.54	80.492
535.74	79.988
535.95	79.501
536.15	79.026
536.35	78.599
536.56	78.185
536.76	77.771
536.97	77.377
537.17	76.981
537.37	76.627
537.58	76.310
537.78	76.003
537.99	75.757
538.19	75.516
538.39	75.301
538.60	75.125
538.80	74.980
539.01	74.853
539.21	74.763
539.41	74.736
539.62	74.714
539.82	74.734
540.03	74.792
540.23	74.877
540.43	74.987
540.64	75.153
540.84	75.329
541.04	75.551
541.25	75.807
541.45	76.073
541.66	76.357
541.86	76.661
542.06	77.022
542.27	77.389
542.47	77.797
542.67	78.194
542.88	78.592
543.08	79.033
543.28	79.477
543.49	79.923
543.69	80.378
543.90	80.837
544.10	81.286
544.30	81.756
544.51	82.214
544.71	82.684
544.91	83.108
545.12	83.545
545.32	83.956
545.52	84.352
545.73	84.753
545.93	85.143
546.13	85.498
546.34	85.810
546.54	86.103
546.74	86.366
546.95	86.620
547.15	86.872
547.35	87.071
547.56	87.247
547.76	87.422
547.96	87.547
548.17	87.673
548.37	87.766
548.57	87.790
548.78	87.804
548.98	87.787
549.18	87.730
549.39	87.626
549.59	87.536
549.79	87.407
550.00	87.253
550.20	87.084
550.40	86.861
550.61	86.640
550.81	86.389
551.01	86.126
551.22	85.830
551.42	85.506
551.62	85.155
551.82	84.785
552.03	84.413
552.23	84.037
552.43	83.607
552.64	83.197
552.84	82.765
553.04	82.320
553.25	81.866
553.45	81.401
553.65	80.954
553.85	80.495
554.06	80.051
554.26	79.595
554.46	79.122
554.67	78.682
554.87	78.232
555.07	77.813
555.27	77.383
555.48	76.983
555.68	76.593
555.88	76.231
556.09	75.888
556.29	75.535
556.49	75.201
556.69	74.908
556.90	74.608
557.10	74.372
557.30	74.153
557.50	73.950
557.71	73.799
557.91	73.662
558.11	73.545
558.31	73.458
558.52	73.393
558.72	73.392
558.92	73.397
559.13	73.431
559.33	73.489
559.53	73.570
559.73	73.692
559.94	73.813
560.14	73.969
560.34	74.148
560.54	74.348
560.75	74.594
560.95	74.846
561.15	75.148
561.35	75.441
561.55	75.747
561.76	76.100
561.96	76.428
562.16	76.804
562.36	77.202
562.57	77.580
562.77	77.992
562.97	78.380
563.17	78.781
563.38	79.187
563.58	79.606
563.78	80.028
563.98	80.435
564.18	80.845
564.39	81.258
564.59	81.676
564.79	82.087
564.99	82.453
565.20	82.833
565.40	83.180
565.60	83.502
565.80	83.846
566.00	84.145
566.21	84.451
566.41	84.713
566.61	84.948
566.81	85.203
567.01	85.412
567.22	85.621
567.42	85.813
567.62	85.960
567.82	86.084
568.02	86.182
568.23	86.263
568.43	86.323
568.63	86.354
568.83	86.334
569.03	86.287
569.24	86.250
569.44	86.176
569.64	86.082
569.84	85.987
570.04	85.833
570.24	85.680
570.45	85.492
570.65	85.279
570.85	85.048
571.05	84.787
571.25	84.506
571.45	84.185
571.66	83.877
571.86	83.557
572.06	83.200
572.26	82.840
572.46	82.464
572.66	82.096
572.87	81.702
573.07	81.319
573.27	80.927
573.47	80.527
573.67	80.101
573.87	79.663
574.08	79.227
574.28	78.818
574.48	78.388
574.68	77.969
574.88	77.552
575.08	77.128
575.28	76.714
575.49	76.324
575.69	75.947
575.89	75.562
576.09	75.195
576.29	74.835
576.49	74.506
576.69	74.181
576.90	73.865
577.10	73.579
577.30	73.296
577.50	73.051
577.70	72.812
577.90	72.611
578.10	72.458
578.30	72.303
578.51	72.170
578.71	72.076
578.91	71.991
579.11	71.947
579.31	71.929
579.51	71.925
579.71	71.940
579.91	71.992
580.12	72.042
580.32	72.147
580.52	72.282
580.72	72.396
580.92	72.555
581.12	72.726
581.32	72.935
581.52	73.184
581.72	73.425
581.92	73.682
582.13	73.962
582.33	74.235
582.53	74.544
582.73	74.850
582.93	75.175
583.13	75.517
583.33	75.886
583.53	76.242
583.73	76.631
583.93	77.017
584.13	77.402
584.34	77.837
584.54	78.200
584.74	78.580
584.94	79.001
585.14	79.419
585.34	79.831
585.54	80.181
585.74	80.533
585.94	80.921
586.14	81.290
586.34	81.641
586.54	81.986
586.74	82.318
586.94	82.645
587.15	82.969
587.35	83.278
587.55	83.541
587.75	83.815
587.95	84.038
588.15	84.263
588.35	84.460
588.55	84.639
588.75	84.827
588.95	84.983
589.15	85.118
589.35	85.228
589.55	85.315
589.75	85.416
589.95	85.475
590.15	85.482
590.35	85.502
590.55	85.502
590.75	85.478
590.95	85.430
591.15	85.369
591.35	85.270
591.56	85.135
591.76	85.010
591.96	84.843
592.16	84.693
592.36	84.494
592.56	84.289
592.76	84.063
592.96	83.831
593.16	83.553
593.36	83.258
593.56	82.965
593.76	82.655
593.96	82.336
594.16	82.031
594.36	81.721
594.56	81.370
594.76	81.004
594.96	80.655
595.16	80.288
595.36	79.910
595.56	79.512
595.76	79.111
595.96	78.692
596.16	78.317
596.36	77.905
596.56	77.519
596.76	77.139
596.96	76.744
597.16	76.376
597.36	76.031
597.56	75.688
597.76	75.332
597.96	74.994
598.16	74.659
598.36	74.322
598.56	73.997
598.76	73.695
598.96	73.424
599.16	73.152
599.36	72.897
599.56	72.686
599.76	72.489
599.96	72.318
600.15	72.153
600.35	72.006
600.55	71.877
600.75	71.756
600.95	71.661
601.15	71.572
601.35	71.498
601.55	71.452
601.75	71.433
601.95	71.442
602.15	71.476
602.35	71.519
602.55	71.592
602.75	71.685
602.95	71.783
603.15	71.895
603.35	72.050
603.55	72.228
603.75	72.388
603.95	72.572
604.15	72.778
604.35	73.016
604.54	73.256
604.74	73.534
604.94	73.802
605.14	74.086
605.34	74.395
605.54	74.724
605.74	75.054
605.94	75.380
606.14	75.716
606.34	76.068
606.54	76.422
606.74	76.782
606.94	77.155
607.14	77.551
607.33	77.947
607.53	78.312
607.73	78.687
607.93	79.041
608.13	79.421
608.33	79.785
608.53	80.140
608.73	80.488
608.93	80.812
609.13	81.152
609.33	81.480
609.52	81.793
609.72	82.081
609.92	82.368
610.12	82.648
610.32	82.913
610.52	83.188
610.72	83.426
610.92	83.658
611.12	83.866
611.31	84.064
611.51	84.247
611.71	84.420
611.91	84.583
612.11	84.747
612.31	84.881
612.51	85.000
612.71	85.102
612.91	85.182
613.10	85.247
613.30	85.327
613.50	85.355
613.70	85.381
613.90	85.384
614.10	85.356
614.30	85.315
614.50	85.253
614.69	85.155
614.89	85.075
615.09	84.950
615.29	84.817
615.49	84.661
615.69	84.492
615.89	84.310
616.08	84.105
616.28	83.887
616.48	83.660
616.68	83.396
616.88	83.141
617.08	82.859
617.27	82.583
617.47	82.278
617.67	81.967
617.87	81.642
618.07	81.317
618.27	81.003
618.47	80.670
618.66	80.344
618.86	80.001
619.06	79.637
619.26	79.289
619.46	78.932
619.66	78.573
619.85	78.213
620.05	77.852
620.25	77.480
620.45	77.115
620.65	76.748
620.84	76.422
621.04	76.084
621.24	75.766
621.44	75.446
621.64	75.101
621.84	74.804
622.03	74.511
622.23	74.227
622.43	73.943
622.63	73.662
622.83	73.400
623.02	73.150
623.22	72.932
623.42	72.702
623.62	72.502
623.82	72.312
624.01	72.135
624.21	71.986
624.41	71.847
624.61	71.736
624.81	71.627
625.00	71.526
625.20	71.436
625.40	71.379
625.60	71.336
625.79	71.348
625.99	71.345
626.19	71.342
626.39	71.380
626.59	71.434
626.78	71.526
626.98	71.633
627.18	71.742
627.38	71.873
627.57	72.035
627.77	72.217
627.97	72.415
628.17	72.614
628.37	72.814
628.56	73.066
628.76	73.309
628.96	73.567
629.16	73.839
629.35	74.134
629.55	74.419
629.75	74.741
629.95	75.049
630.14	75.377
630.34	75.729
630.54	76.080
630.74	76.415
630.93	76.756
631.13	77.094
631.33	77.438
631.53	77.761
631.72	78.099
631.92	78.445
632.12	78.785
632.31	79.128
632.51	79.490
632.71	79.827
632.91	80.176
633.10	80.522
633.30	80.871
633.50	81.189
633.70	81.547
633.89	81.842
634.09	82.165
634.29	82.467
634.48	82.751
634.68	83.051
634.88	83.332
635.08	83.609
635.27	83.894
635.47	84.171
635.67	84.428
635.86	84.679
636.06	84.901
636.26	85.109
636.46	85.304
636.65	85.488
636.85	85.679
637.05	85.839
637.24	85.966
637.44	86.089
637.64	86.198
637.83	86.290
638.03	86.400
638.23	86.452
638.43	86.495
638.62	86.524
638.82	86.504
639.02	86.503
639.21	86.472
639.41	86.403
639.61	86.328
639.80	86.268
640.00	86.189
640.20	86.120
640.39	86.022
640.59	85.907
640.79	85.781
640.98	85.612
641.18	85.446
641.38	85.286
641.57	85.089
641.77	84.900
641.97	84.666
642.16	84.411
642.36	84.179
642.56	83.937
642.75	83.692
642.95	83.418
643.15	83.150
643.34	82.904
643.54	82.618
643.74	82.318
643.93	82.009
644.13	81.694
644.33	81.337
644.52	81.013
644.72	80.695
644.91	80.354
645.11	80.023
645.31	79.684
645.50	79.361
645.70	79.036
645.90	78.720
646.09	78.391
646.29	78.077
646.48	77.747
646.68	77.401
646.88	77.064
647.07	76.765
647.27	76.449
647.47	76.116
647.66	75.833
647.86	75.543
648.05	75.270
648.25	74.998
648.45	74.742
648.64	74.479
648.84	74.245
649.04	74.006
649.23	73.777
649.43	73.583
649.62	73.380
649.82	73.182
650.02	73.011
650.21	72.865
650.41	72.731
650.60	72.614
650.80	72.549
651.00	72.461
651.19	72.399
651.39	72.344
651.58	72.313
651.78	72.289
651.97	72.301
652.17	72.312
652.37	72.330
652.56	72.387
652.76	72.447
652.95	72.514
653.15	72.648
653.35	72.765
653.54	72.882
653.74	73.018
653.93	73.156
654.13	73.305
654.32	73.466
654.52	73.627
654.72	73.811
654.91	74.002
655.11	74.232
655.30	74.476
655.50	74.721
655.69	74.972
655.89	75.228
656.08	75.481
656.28	75.762
656.48	76.046
656.67	76.321
656.87	76.623
657.06	76.909
657.26	77.182
657.45	77.486
657.65	77.796
657.84	78.108
658.04	78.457
658.23	78.792
658.43	79.126
658.62	79.488
658.82	79.829
659.02	80.167
659.21	80.509
659.41	80.828
659.60	81.167
659.80	81.499
659.99	81.856
660.19	82.197
660.38	82.521
660.58	82.832
660.77	83.169
660.97	83.457
661.16	83.759
661.36	84.034
661.55	84.331
661.75	84.616
661.94	84.874
662.14	85.140
662.33	85.393
662.53	85.637
662.72	85.866
662.92	86.089
663.11	86.303
663.31	86.493
663.50	86.693
663.70	86.889
663.89	87.064
664.09	87.195
664.28	87.346
664.48	87.484
664.67	87.641
664.87	87.739
665.06	87.860
665.26	87.945
665.45	88.030
665.65	88.074
665.84	88.133
666.04	88.177
666.23	88.162
666.43	88.155
666.62	88.138
666.82	88.108
667.01	88.053
667.21	87.977
667.40	87.914
667.59	87.844
667.79	87.722
667.98	87.597
668.18	87.459
668.37	87.301
668.57	87.154
668.76	86.977
668.96	86.782
669.15	86.594
669.35	86.418
669.54	86.208
669.73	86.001
669.93	85.771
670.12	85.546
670.32	85.346
670.51	85.101
670.71	84.858
670.90	84.608
671.10	84.355
671.29	84.099
671.48	83.805
671.68	83.501
671.87	83.226
672.07	82.930
672.26	82.683
672.46	82.414
672.65	82.131
672.84	81.819
673.04	81.530
673.23	81.231
673.43	80.919
673.62	80.628
673.82	80.329
674.01	79.997
674.20	79.681
674.40	79.373
674.59	79.078
674.79	78.789
674.98	78.480
675.17	78.197
675.37	77.912
675.56	77.631
675.76	77.366
675.95	77.077
676.14	76.836
676.34	76.556
676.53	76.292
676.73	76.028
676.92	75.796
677.11	75.561
677.31	75.323
677.50	75.113
677.70	74.896
677.89	74.697
678.08	74.527
678.28	74.374
678.47	74.210
678.66	74.089
678.86	73.974
679.05	73.865
679.25	73.759
679.44	73.696
679.63	73.644
679.83	73.574
680.02	73.548
680.21	73.514
680.41	73.499
680.60	73.491
680.79	73.486
680.99	73.506
681.18	73.531
681.38	73.565
681.57	73.634
681.76	73.736
681.96	73.832
682.15	73.939
682.34	74.032
682.54	74.156
682.73	74.276
682.92	74.389
683.12	74.554
683.31	74.733
683.50	74.886
683.70	75.081
683.89	75.279
684.08	75.485
684.28	75.702
684.47	75.921
684.66	76.156
684.86	76.403
685.05	76.656
685.24	76.925
685.44	77.212
685.63	77.475
685.82	77.756
686.02	78.040
686.21	78.351
686.40	78.655
686.60	78.980
686.79	79.287
686.98	79.625
687.18	79.935
687.37	80.267
687.56	80.591
687.75	80.909
687.95	81.242
688.14	81.553
688.33	81.873
688.53	82.212
688.72	82.564
688.91	82.902
689.11	83.236
689.30	83.588
689.49	83.931
689.68	84.251
689.88	84.547
690.07	84.853
690.26	85.127
690.46	85.431
690.65	85.695
690.84	85.981
691.03	86.264
691.23	86.524
691.42	86.768
691.61	87.037
691.80	87.275
692.00	87.486
692.19	87.704
692.38	87.908
692.58	88.084
692.77	88.233
692.96	88.398
693.15	88.538
693.35	88.665
693.54	88.799
693.73	88.964
693.92	89.096
694.12	89.226
694.31	89.336
694.50	89.444
694.69	89.522
694.89	89.594
695.08	89.635
695.27	89.695
695.46	89.726
695.66	89.749
695.85	89.783
696.04	89.816
696.23	89.861
696.43	89.890
696.62	89.870
696.81	89.854
697.00	89.829
697.19	89.813
697.39	89.755
697.58	89.709
697.77	89.609
697.96	89.531
698.16	89.418
698.35	89.330
698.54	89.214
698.73	89.099
698.92	88.958
699.12	88.807
699.31	88.671
699.50	88.511
699.69	88.341
699.89	88.147
700.08	87.952
700.27	87.718
700.46	87.497
700.65	87.287
700.85	87.080
701.04	86.847
701.23	86.609
701.42	86.376
701.61	86.108
701.81	85.862
702.00	85.611
702.19	85.366
702.38	85.074
702.57	84.804
702.76	84.508
702.96	84.240
703.15	83.977
703.34	83.671
703.53	83.379
703.72	83.054
703.92	82.747
704.11	82.444
704.30	82.134
704.49	81.823
704.68	81.548
704.87	81.242
705.07	80.955
705.26	80.649
705.45	80.364
705.64	80.076
705.83	79.816
706.02	79.515
706.21	79.243
706.41	78.989
706.60	78.731
706.79	78.477
706.98	78.224
707.17	77.951
707.36	77.728
707.56	77.521
707.75	77.331
707.94	77.131
708.13	76.966
708.32	76.798
708.51	76.638
708.70	76.481
708.89	76.332
709.09	76.172
709.28	76.055
709.47	75.906
709.66	75.768
709.85	75.647
710.04	75.536
710.23	75.416
710.42	75.337
710.62	75.246
710.81	75.176
711.00	75.122
711.19	75.107
711.38	75.039
711.57	74.977
711.76	74.937
711.95	74.935
712.15	74.920
712.34	74.935
712.53	74.949
712.72	74.963
712.91	75.026
713.10	75.096
713.29	75.149
713.48	75.244
713.67	75.362
713.86	75.459
714.05	75.580
714.25	75.713
714.44	75.834
714.63	75.973
714.82	76.137
715.01	76.300
715.20	76.474
715.39	76.655
715.58	76.856
715.77	77.091
715.96	77.300
716.15	77.502
716.34	77.701
716.54	77.912
716.73	78.152
716.92	78.362
717.11	78.608
717.30	78.878
717.49	79.138
717.68	79.407
717.87	79.655
718.06	79.939
718.25	80.240
718.44	80.527
718.63	80.818
718.82	81.125
719.01	81.389
719.20	81.651
719.39	81.966
719.58	82.276
719.77	82.555
719.96	82.832
720.16	83.118
720.35	83.422
720.54	83.727
720.73	84.020
720.92	84.323
721.11	84.623
721.30	84.889
721.49	85.165
721.68	85.440
721.87	85.738
722.06	85.981
722.25	86.244
722.44	86.518
722.63	86.792
722.82	87.014
723.01	87.265
723.20	87.499
723.39	87.737
723.58	87.988
723.77	88.208
723.96	88.442
724.15	88.691
724.34	88.892
724.53	89.109
724.72	89.285
724.91	89.467
725.10	89.674
725.29	89.859
725.48	90.067
725.67	90.220
725.86	90.358
726.05	90.557
726.24	90.673
726.43	90.771
726.62	90.878
726.81	91.026
727.00	91.140
727.19	91.253
727.38	91.366
727.57	91.437
727.76	91.531
727.95	91.609
728.14	91.655
728.33	91.718
728.52	91.740
728.71	91.779
728.90	91.823
729.09	91.800
729.28	91.768
729.47	91.712
729.65	91.668
729.84	91.634
730.03	91.542
730.22	91.504
730.41	91.459
730.60	91.383
730.79	91.293
730.98	91.201
731.17	91.134
731.36	90.990
731.55	90.841
731.74	90.666
731.93	90.526
732.12	90.375
732.31	90.232
732.50	90.094
732.69	89.950
732.88	89.734
733.06	89.528
733.25	89.366
733.44	89.207
733.63	89.001
733.82	88.815
734.01	88.613
734.20	88.381
734.39	88.166
734.58	87.980
734.77	87.741
734.96	87.503
735.15	87.241
735.33	86.982
735.52	86.763
735.71	86.551
735.90	86.280
736.09	85.996
736.28	85.685
736.47	85.403
736.66	85.114
736.85	84.882
737.04	84.578
737.23	84.279
737.41	83.954
737.60	83.713
737.79	83.409
737.98	83.138
738.17	82.868
738.36	82.634
738.55	82.336
738.74	82.089
738.92	81.842
739.11	81.587
739.30	81.346
739.49	81.055
739.68	80.812
739.87	80.590
740.06	80.382
740.25	80.163
740.43	79.931
740.62	79.694
740.81	79.423
741.00	79.250
741.19	79.030
741.38	78.816
741.57	78.590
741.75	78.394
741.94	78.179
742.13	77.975
742.32	77.737
742.51	77.561
742.70	77.379
742.89	77.217
743.07	77.051
743.26	76.902
743.45	76.759
743.64	76.611
743.83	76.470
744.02	76.302
744.20	76.169
744.39	76.052
744.58	75.969
744.77	75.903
744.96	75.841
745.15	75.821
745.33	75.809
745.52	75.786
745.71	75.778
745.90	75.804
746.09	75.838
746.28	75.870
746.46	75.863
746.65	75.855
746.84	75.865
747.03	75.915
747.22	75.973
747.40	76.056
747.59	76.104
747.78	76.177
747.97	76.273
748.16	76.405
748.34	76.504
748.53	76.608
748.72	76.742
748.91	76.844
749.10	76.944
749.28	77.068
749.47	77.196
749.66	77.336
749.85	77.452
750.04	77.585
750.22	77.732
750.41	77.907
750.60	78.129
750.79	78.290
750.97	78.447
751.16	78.643
751.35	78.812
751.54	78.997
751.73	79.203
751.91	79.444
752.10	79.680
752.29	79.868
752.48	80.101
752.66	80.332
752.85	80.574
753.04	80.819
753.23	81.088
753.41	81.322
753.60	81.573
753.79	81.844
753.98	82.088
754.16	82.343
754.35	82.597
754.54	82.838
754.73	83.146
754.91	83.435
755.10	83.676
755.29	83.965
755.48	84.231
755.66	84.466
755.85	84.708
756.04	84.939
756.22	85.219
756.41	85.454
756.60	85.680
756.79	85.942
756.97	86.207
757.16	86.396
757.35	86.665
757.54	86.907
757.72	87.138
757.91	87.406
758.10	87.622
758.28	87.857
758.47	88.069
758.66	88.299
758.85	88.517
759.03	88.743
759.22	88.939
759.41	89.191
759.59	89.436
759.78	89.639
759.97	89.826
760.15	90.022
760.34	90.247
760.53	90.454
760.71	90.594
760.90	90.767
761.09	90.966
761.28	91.121
761.46	91.252
761.65	91.382
761.84	91.503
762.02	91.661
762.21	91.854
762.40	91.975
762.58	92.046
762.77	92.119
762.96	92.208
763.14	92.305
763.33	92.350
763.52	92.403
763.70	92.441
763.89	92.521
764.08	92.571
764.26	92.562
764.45	92.575
764.64	92.619
764.82	92.605
765.01	92.587
765.20	92.589
765.38	92.574
765.57	92.522
765.75	92.475
765.94	92.404
766.13	92.308
766.31	92.284
766.50	92.248
766.69	92.225
766.87	92.182
767.06	92.119
767.25	92.060
767.43	92.010
767.62	91.961
767.80	91.846
767.99	91.743
768.18	91.645
768.36	91.533
768.55	91.412
768.74	91.293
768.92	91.175
769.11	91.043
769.29	90.941
769.48	90.855
769.67	90.724
769.85	90.590
770.04	90.369
770.22	90.140
770.41	89.936
770.60	89.737
770.78	89.515
770.97	89.294
771.15	89.078
771.34	88.817
771.53	88.581
771.71	88.360
771.90	88.160
772.08	87.981
772.27	87.776
772.46	87.525
772.64	87.273
772.83	87.050
773.01	86.782
773.20	86.508
773.39	86.264
773.57	85.979
773.76	85.729
773.94	85.545
774.13	85.319
774.31	85.030
774.50	84.766
774.68	84.511
774.87	84.278
775.06	83.974
775.24	83.706
775.43	83.441
775.61	83.183
775.80	82.907
775.98	82.636
776.17	82.356
776.36	82.111
776.54	81.883
776.73	81.602
776.91	81.371
777.10	81.124
777.28	80.851
777.47	80.619
777.65	80.371
777.84	80.126
778.02	79.894
778.21	79.682
778.39	79.466
778.58	79.273
778.77	79.061
778.95	78.904
779.14	78.768
779.32	78.590
779.51	78.437
779.69	78.272
779.88	78.125
780.06	77.965
780.25	77.803
780.43	77.642
780.62	77.529
780.80	77.380
780.99	77.245
781.17	77.097
781.36	76.980
781.54	76.874
781.73	76.718
781.91	76.622
782.10	76.570
782.28	76.477
782.47	76.355
782.65	76.245
782.84	76.171
783.02	76.100
783.21	76.053
783.39	75.979
783.58	75.944
783.76	75.878
783.95	75.856
784.13	75.878
784.32	75.864
784.50	75.850
784.69	75.873
784.87	75.908
785.05	75.959
785.24	76.008
785.42	76.081
785.61	76.132
785.79	76.189
785.98	76.254
786.16	76.330
786.35	76.466
786.53	76.561
786.72	76.623
786.90	76.712
787.09	76.785
787.27	76.887
787.45	77.013
787.64	77.130
787.82	77.247
788.01	77.357
788.19	77.533
788.38	77.668
788.56	77.747
788.75	77.897
788.93	78.055
789.11	78.182
789.30	78.285
789.48	78.445
789.67	78.600
789.85	78.730
790.04	78.893
790.22	79.033
790.40	79.217
790.59	79.410
790.77	79.584
790.96	79.791
791.14	80.011
791.32	80.182
791.51	80.368
791.69	80.572
791.88	80.804
792.06	80.989
792.25	81.177
792.43	81.418
792.61	81.593
792.80	81.791
792.98	82.007
793.17	82.190
793.35	82.383
793.53	82.610
793.72	82.831
793.90	83.060
794.08	83.261
794.27	83.490
794.45	83.731
794.64	83.956
794.82	84.171
795.00	84.337
795.19	84.538
795.37	84.771
795.55	84.931
795.74	85.108
795.92	85.285
796.11	85.522
796.29	85.766
796.47	85.982
796.66	86.185
796.84	86.417
797.02	86.644
797.21	86.873
797.39	87.063
797.58	87.281
797.76	87.449
797.94	87.670
798.13	87.847
798.31	88.056
798.49	88.237
798.68	88.405
798.86	88.600
799.04	88.760
799.23	88.900
799.41	89.096
799.59	89.198
799.78	89.334
799.96	89.473
800.14	89.599
800.33	89.776
800.51	89.941
800.69	90.038
800.88	90.216
801.06	90.350
801.24	90.457
801.43	90.555
801.61	90.635
801.79	90.679
801.98	90.786
802.16	90.870
802.34	90.963
802.52	91.063
802.71	91.111
802.89	91.194
803.07	91.267
803.26	91.310
803.44	91.390
803.62	91.409
803.81	91.420
803.99	91.406
804.17	91.386
804.35	91.331
804.54	91.294
804.72	91.279
804.90	91.281
805.09	91.276
805.27	91.273
805.45	91.261
805.63	91.232
805.82	91.189
806.00	91.085
806.18	90.998
806.37	90.923
806.55	90.862
806.73	90.801
806.91	90.689
807.10	90.608
807.28	90.501
807.46	90.474
807.64	90.426
807.83	90.308
808.01	90.171
808.19	90.041
808.37	89.930
808.56	89.749
808.74	89.584
808.92	89.421
809.10	89.236
809.29	89.082
809.47	88.963
809.65	88.728
809.83	88.591
810.02	88.415
810.20	88.264
810.38	88.103
810.56	87.867
810.75	87.760
810.93	87.635
811.11	87.473
811.29	87.286
811.47	87.071
811.66	86.895
811.84	86.733
812.02	86.607
812.20	86.421
812.39	86.261
812.57	86.062
812.75	85.903
812.93	85.801
813.11	85.613
813.30	85.446
813.48	85.318
813.66	85.120
813.84	84.968
814.02	84.745
814.21	84.580
814.39	84.382
814.57	84.163
814.75	83.911
814.93	83.708
815.12	83.470
815.30	83.238
815.48	83.007
815.66	82.768
815.84	82.493
816.03	82.296
816.21	82.054
816.39	81.832
816.57	81.582
816.75	81.258
816.93	81.018
817.12	80.703
817.30	80.452
817.48	80.201
817.66	79.939
817.84	79.727
818.02	79.496
818.21	79.286
818.39	79.043
818.57	78.805
818.75	78.620
818.93	78.406
819.11	78.202
819.30	77.983
819.48	77.828
819.66	77.692
819.84	77.500
820.02	77.341
820.20	77.215
820.38	77.042
820.57	76.882
820.75	76.777
820.93	76.673
821.11	76.560
821.29	76.458
821.47	76.304
821.65	76.176
821.83	76.026
822.02	75.901
822.20	75.785
822.38	75.712
822.56	75.546
822.74	75.426
822.92	75.261
823.10	75.210
823.28	75.039
823.46	74.890
823.65	74.759
823.83	74.633
824.01	74.490
824.19	74.382
824.37	74.269
824.55	74.145
824.73	74.049
824.91	73.923
825.09	73.783
825.27	73.712
825.46	73.624
825.64	73.513
825.82	73.472
826.00	73.387
826.18	73.309
826.36	73.275
826.54	73.217
826.72	73.266
826.90	73.231
827.08	73.229
827.26	73.252
827.44	73.313
827.63	73.351
827.81	73.404
827.99	73.445
828.17	73.502
828.35	73.566
828.53	73.636
828.71	73.718
828.89	73.806
829.07	73.857
829.25	73.901
829.43	74.043
829.61	74.072
829.79	74.147
829.97	74.236
830.15	74.290
830.33	74.399
830.51	74.450
830.69	74.508
830.87	74.570
831.06	74.652
831.24	74.695
831.42	74.775
831.60	74.814
831.78	74.923
831.96	75.041
832.14	75.129
832.32	75.202
832.50	75.307
832.68	75.404
832.86	75.502
833.04	75.641
833.22	75.706
833.40	75.875
833.58	75.964
833.76	76.098
833.94	76.253
834.12	76.424
834.30	76.579
834.48	76.722
834.66	76.918
834.84	77.056
835.02	77.236
835.20	77.378
835.38	77.550
835.56	77.731
835.74	77.922
835.92	78.135
836.10	78.340
836.28	78.447
836.46	78.633
836.64	78.783
836.82	78.922
837.00	79.131
837.18	79.292
837.36	79.523
837.54	79.682
837.72	79.858
837.90	80.034
838.08	80.222
838.26	80.384
838.43	80.536
838.61	80.710
838.79	80.858
838.97	81.038
839.15	81.256
839.33	81.452
839.51	81.579
839.69	81.704
839.87	81.864
840.05	82.075
840.23	82.219
840.41	82.435
840.59	82.612
840.77	82.748
840.95	82.854
841.13	82.995
841.31	83.148
841.49	83.232
841.67	83.281
841.84	83.375
842.02	83.458
842.20	83.631
842.38	83.679
842.56	83.801
842.74	83.917
842.92	83.969
843.10	83.981
843.28	84.089
843.46	84.153
843.64	84.142
843.82	84.232
843.99	84.296
844.17	84.374
844.35	84.464
844.53	84.496
844.71	84.632
844.89	84.689
845.07	84.799
845.25	84.925
845.43	85.071
845.61	85.140
845.78	85.305
845.96	85.345
846.14	85.528
846.32	85.603
846.50	85.649
846.68	85.736
846.86	85.836
847.04	85.875
847.22	85.897
847.39	86.011
847.57	86.021
847.75	86.028
847.93	86.019
848.11	86.045
848.29	86.128
848.47	86.098
848.65	86.131
848.82	86.091
849.00	86.097
849.18	86.053
849.36	86.043
849.54	86.058
849.72	86.015
849.89	85.984
850.07	86.000
850.25	85.956
850.43	85.896
850.61	85.779
850.79	85.692
850.97	85.692
851.14	85.616
851.32	85.566
851.50	85.529
851.68	85.489
851.86	85.472
852.04	85.345
852.21	85.318
852.39	85.265
852.57	85.177
852.75	85.137
852.93	85.060
853.10	84.999
853.28	84.843
853.46	84.717
853.64	84.557
853.82	84.359
854.00	84.320
854.17	84.191
854.35	84.060
854.53	83.995
854.71	83.827
854.89	83.672
855.06	83.591
855.24	83.524
855.42	83.427
855.60	83.268
855.78	83.146
855.95	82.984
856.13	82.851
856.31	82.669
856.49	82.480
856.66	82.368
856.84	82.193
857.02	82.096
857.20	82.034
857.38	81.870
857.55	81.727
857.73	81.422
857.91	81.242
858.09	81.092
858.26	80.876
858.44	80.744
858.62	80.607
858.80	80.403
858.97	80.196
859.15	79.997
859.33	79.756
859.51	79.597
859.68	79.423
859.86	79.196
860.04	79.032
860.22	78.777
860.39	78.491
860.57	78.221
860.75	77.967
860.93	77.720
861.10	77.563
861.28	77.424
861.46	77.267
861.64	77.132
861.81	76.980
861.99	76.783
862.17	76.554
862.35	76.361
862.52	76.223
862.70	76.038
862.88	75.847
863.05	75.657
863.23	75.486
863.41	75.342
863.59	75.142
863.76	75.023
863.94	74.912
864.12	74.851
864.29	74.708
864.47	74.552
864.65	74.361
864.83	74.098
865.00	73.910
865.18	73.705
865.36	73.536
865.53	73.315
865.71	73.288
865.89	73.138
866.06	72.976
866.24	72.739
866.42	72.564
866.59	72.404
866.77	72.260
866.95	72.104
867.12	71.872
867.30	71.714
867.48	71.485
867.65	71.343
867.83	71.127
868.01	71.027
868.18	70.857
868.36	70.717
868.54	70.631
868.71	70.566
868.89	70.497
869.07	70.361
869.24	70.346
869.42	70.108
869.60	69.990
869.77	69.964
869.95	69.890
870.13	69.804
870.30	69.775
870.48	69.704
870.66	69.644
870.83	69.601
871.01	69.527
871.18	69.522
871.36	69.437
871.54	69.379
871.71	69.309
871.89	69.342
872.07	69.273
872.24	69.227
872.42	69.148
872.59	69.160
872.77	69.177
872.95	69.108
873.12	69.075
873.30	69.034
873.48	68.961
873.65	68.893
873.83	68.865
874.00	68.813
874.18	68.791
874.36	68.757
874.53	68.695
874.71	68.628
874.88	68.604
875.06	68.695
875.24	68.769
875.41	68.833
875.59	68.797
875.76	68.914
875.94	68.938
876.11	68.875
876.29	68.792
876.47	68.758
876.64	68.751
876.82	68.735
876.99	68.763
877.17	68.782
877.35	68.829
877.52	68.861
877.70	68.836
877.87	68.884
878.05	68.920
878.22	68.997
878.40	69.138
878.57	69.204
878.75	69.117
878.93	69.108
879.10	69.111
879.28	69.162
879.45	69.152
879.63	69.163
879.80	69.247
879.98	69.343
880.15	69.401
880.33	69.491
880.50	69.584
880.68	69.734
880.86	69.896
881.03	70.038
881.21	70.196
881.38	70.307
881.56	70.508
881.73	70.659
881.91	70.795
882.08	70.911
882.26	71.012
882.43	71.174
882.61	71.371
882.78	71.523
882.96	71.705
883.13	71.872
883.31	72.043
883.48	72.271
883.66	72.464
883.83	72.672
884.01	72.867
884.18	73.136
884.36	73.241
884.53	73.345
884.71	73.488
884.88	73.536
885.06	73.599
885.23	73.624
885.41	73.716
885.58	73.845
885.76	74.013
885.93	74.142
886.11	74.327
886.28	74.419
886.46	74.500
886.63	74.551
886.81	74.635
886.98	74.835
887.15	74.903
887.33	75.082
887.50	75.205
887.68	75.277
887.85	75.328
888.03	75.416
888.20	75.531
888.38	75.668
888.55	75.841
888.73	76.029
888.90	76.147
889.08	76.265
889.25	76.305
889.42	76.390
889.60	76.556
889.77	76.586
889.95	76.724
890.12	76.822
890.30	76.863
890.47	76.875
890.64	76.954
890.82	77.008
890.99	77.060
891.17	77.132
891.34	77.191
891.52	77.198
891.69	77.275
891.86	77.353
892.04	77.372
892.21	77.411
892.39	77.607
892.56	77.702
892.73	77.791
892.91	77.910
893.08	78.003
893.26	78.047
893.43	78.150
893.60	78.099
893.78	78.213
893.95	78.395
894.13	78.668
894.30	78.768
894.47	78.981
894.65	79.028
894.82	79.126
895.00	79.243
895.17	79.405
895.34	79.579
895.52	79.657
895.69	79.795
895.86	79.910
896.04	79.824
896.21	79.952
896.39	80.049
896.56	80.222
896.73	80.224
896.91	80.196
897.08	80.348
897.25	80.444
897.43	80.435
897.60	80.449
897.77	80.331
897.95	80.258
898.12	80.250
898.30	80.321
898.47	80.256
898.64	80.222
898.82	80.221
898.99	80.164
899.16	80.093
899.34	80.002
899.51	79.874
899.68	79.840
899.86	79.780
900.03	79.594
900.20	79.403
900.38	79.389
900.55	79.437
900.72	79.252
900.90	79.255
901.07	79.171
901.24	79.100
901.41	79.130
901.59	79.107
901.76	78.970
901.93	78.872
902.11	78.750
902.28	78.759
902.45	78.829
902.63	78.779
902.80	78.733
902.97	78.605
903.15	78.675
903.32	78.744
903.49	78.663
903.66	78.708
903.84	78.746
904.01	78.684
904.18	78.626
904.36	78.591
904.53	78.553
904.70	78.570
904.87	78.525
905.05	78.378
905.22	78.388
905.39	78.290
905.56	78.123
905.74	78.103
905.91	77.967
906.08	77.729
906.26	77.673
906.43	77.616
906.60	77.607
906.77	77.438
906.95	77.289
907.12	77.065
907.29	76.871
907.46	76.817
907.64	76.685
907.81	76.557
907.98	76.406
908.15	76.217
908.33	76.093
908.50	76.026
908.67	75.967
908.84	75.788
909.01	75.624
909.19	75.526
909.36	75.350
909.53	75.138
909.70	74.883
909.88	74.782
910.05	74.580
910.22	74.414
910.39	74.220
910.57	74.135
910.74	74.169
910.91	74.148
911.08	73.861
911.25	73.689
911.43	73.509
911.60	73.333
911.77	73.141
911.94	72.924
912.11	72.626
912.29	72.454
912.46	72.255
912.63	72.075
912.80	71.838
912.97	71.711
913.15	71.652
913.32	71.598
913.49	71.372
913.66	71.277
913.83	71.092
914.00	70.994
914.18	70.750
914.35	70.473
914.52	70.248
914.69	70.126
914.86	69.880
915.03	69.672
915.21	69.666
915.38	69.484
915.55	69.397
915.72	69.320
915.89	69.142
916.06	69.043
916.24	68.996
916.41	68.931
916.58	68.772
916.75	68.553
916.92	68.396
917.09	68.167
917.26	67.911
917.44	67.671
917.61	67.523
917.78	67.324
917.95	67.287
918.12	67.052
918.29	66.978
918.46	66.932
918.64	66.856
918.81	66.577
918.98	66.551
919.15	66.472
919.32	66.282
919.49	66.141
919.66	66.001
919.83	65.761
920.00	65.607
920.18	65.556
920.35	65.626
920.52	65.584
920.69	65.601
920.86	65.656
921.03	65.704
921.20	65.613
921.37	65.637
921.54	65.334
921.71	65.288
921.89	65.132
922.06	65.167
922.23	65.034
922.40	65.044
922.57	64.946
922.74	64.775
922.91	64.837
923.08	64.782
923.25	64.702
923.42	64.750
923.59	64.767
923.76	64.683
923.93	64.584
924.11	64.485
924.28	64.351
924.45	64.255
924.62	64.253
924.79	64.263
924.96	64.035
925.13	64.055
925.30	63.866
925.47	63.760
925.64	63.605
925.81	63.698
925.98	63.713
926.15	63.673
926.32	63.627
926.49	63.591
926.66	63.518
926.83	63.554
927.00	63.609
927.17	63.614
927.34	63.639
927.51	63.529
927.69	63.546
927.86	63.503
928.03	63.428
928.20	63.406
928.37	63.278
928.54	63.451
928.71	63.503
928.88	63.681
929.05	63.778
929.22	63.887
929.39	63.830
929.56	63.737
929.73	63.704
929.90	63.826
930.07	63.741
930.24	63.776
930.41	63.781
930.58	63.859
930.75	63.987
930.92	63.988
931.09	64.050
931.26	64.036
931.43	64.193
931.60	64.242
931.77	64.258
931.94	64.424
932.11	64.462
932.27	64.581
932.44	64.644
932.61	64.743
932.78	64.674
932.95	64.819
933.12	64.840
933.29	64.930
933.46	64.960
933.63	65.043
933.80	65.024
933.97	65.034
934.14	65.048
934.31	65.039
934.48	65.041
934.65	65.122
934.82	65.300
934.99	65.361
935.16	65.296
935.33	65.353
935.50	65.546
935.67	65.685
935.84	65.778
936.00	65.825
936.17	65.847
936.34	65.953
936.51	65.877
936.68	65.855
936.85	65.851
937.02	65.835
937.19	65.781
937.36	66.104
937.53	66.113
937.70	66.043
937.87	66.105
938.03	66.185
938.20	66.123
938.37	66.184
938.54	66.128
938.71	66.384
938.88	66.603
939.05	66.385
939.22	66.310
939.39	66.249
939.56	66.398
939.72	66.505
939.89	66.595
940.06	66.803
940.23	66.960
940.40	67.078
940.57	67.218
940.74	67.332
940.91	67.305
941.08	67.537
941.24	67.717
941.41	67.778
941.58	68.063
941.75	68.242
941.92	68.244
942.09	68.420
942.26	68.326
942.42	68.210
942.59	68.442
942.76	68.697
942.93	68.807
943.10	68.825
943.27	68.914
943.44	68.963
943.60	68.925
943.77	68.840
943.94	69.064
944.11	69.110
944.28	69.271
944.45	69.367
944.61	69.447
944.78	69.453
944.95	69.560
945.12	69.631
945.29	69.560
945.46	69.585
945.62	69.635
945.79	69.962
945.96	70.279
946.13	70.407
946.30	70.527
946.46	70.741
946.63	70.934
946.80	70.975
946.97	71.248
947.14	71.373
947.31	71.972
947.47	72.116
947.64	72.303
947.81	72.316
947.98	72.459
948.15	72.375
948.31	72.529
948.48	72.503
948.65	72.520
948.82	72.821
948.98	72.888
949.15	73.139
949.32	73.101
949.49	73.026
949.66	72.979
949.82	72.788
949.99	72.778
950.16	72.691
950.33	72.728
950.49	72.632
950.66	72.647
950.83	72.213
951.00	72.120
951.16	72.077
951.33	72.081
951.50	72.111
951.67	72.175
951.83	72.158
952.00	72.342
952.17	72.140
952.34	72.081
952.50	72.302
952.67	72.059
952.84	72.122
953.01	71.932
953.17	71.950
953.34	72.158
953.51	72.165
953.68	72.064
953.84	71.920
954.01	71.978
954.18	71.634
954.34	71.875
954.51	71.708
954.68	71.526
954.85	71.638
955.01	71.534
955.18	71.802
955.35	71.400
955.51	71.189
955.68	71.362
955.85	71.415
956.02	71.033
956.18	70.985
956.35	70.735
956.52	71.004
956.68	70.995
956.85	70.875
957.02	70.747
957.18	70.800
957.35	70.569
957.52	70.706
957.69	71.041
957.85	71.007
958.02	70.985
958.19	70.991
958.35	70.864
958.52	70.555
958.69	70.019
958.85	70.389
959.02	70.488
959.19	69.798
959.35	69.889
959.52	70.129
959.69	70.391
959.85	70.688
960.02	70.368
960.19	70.161
960.35	70.015
960.52	70.068
960.68	69.984
960.85	70.265
961.02	69.830
961.18	69.896
961.35	69.634
961.52	69.603
961.68	69.498
961.85	69.564
962.02	69.424
962.18	69.422
962.35	69.253
962.51	68.981
962.68	69.463
962.85	68.795
963.01	68.321
963.18	67.942
963.35	67.445
963.51	67.573
963.68	67.572
963.84	67.511
964.01	67.260
964.18	67.107
964.34	66.892
964.51	66.686
964.67	66.136
964.84	66.079
965.01	65.601
965.17	65.419
965.34	65.340
965.50	65.161
965.67	65.090
965.84	64.838
966.00	64.881
966.17	65.016
966.33	65.212
966.50	65.213
966.66	65.127
966.83	65.180
967.00	64.895
967.16	64.715
967.33	64.115
967.49	63.882
967.66	64.296
967.82	64.063
967.99	64.083
968.16	64.054
968.32	64.127
968.49	64.102
968.65	63.991
968.82	63.668
968.98	63.666
969.15	63.269
969.31	63.105
969.48	63.282
969.64	62.796
969.81	62.907
969.98	62.649
970.14	62.469
970.31	62.106
970.47	61.837
970.64	61.616
970.80	61.959
970.97	61.480
971.13	60.706
971.30	60.543
971.46	60.280
971.63	60.337
971.79	60.161
971.96	60.102
972.12	59.997
972.29	59.376
972.45	59.680
972.62	60.079
972.78	60.086
972.95	59.369
973.11	58.926
973.28	58.421
973.44	58.435
973.61	58.711
973.77	58.582
973.94	58.744
974.10	58.689
974.27	58.458
974.43	58.738
974.60	58.671
974.76	58.486
974.93	58.444
975.09	58.323
975.26	57.771
975.42	58.234
975.59	57.642
975.75	58.472
975.92	57.969
976.08	57.167
976.24	56.786
976.41	56.371
976.57	56.463
976.74	56.638
976.90	56.613
977.07	56.389
977.23	56.680
977.40	56.231
977.56	55.801
977.73	55.688
977.89	55.544
978.05	55.271
978.22	55.394
978.38	55.145
978.55	54.138
978.71	54.238
978.88	53.683
979.04	54.132
979.20	53.900
979.37	54.233
979.53	54.277
979.70	54.571
979.86	55.726
980.03	56.030
980.19	56.257
980.35	56.481
980.52	56.183
980.68	56.301
980.85	56.634
981.01	57.080
981.17	57.026
981.34	56.746
981.50	57.506
981.67	57.223
981.83	57.095
981.99	57.883
982.16	57.805
982.32	56.697
982.49	56.403
982.65	56.137
982.81	56.493
982.98	56.741
983.14	56.927
983.30	55.550
983.47	55.399
983.63	55.415
983.80	54.634
983.96	53.932
984.12	53.948
984.29	53.633
984.45	53.393
984.61	52.932
984.78	53.508
984.94	53.039
985.10	53.750
985.27	53.889
985.43	53.780
985.59	53.967
985.76	55.481
985.92	55.907
986.08	56.000
986.25	54.887
986.41	55.808
986.57	55.162
986.74	55.645
986.90	55.283
987.06	54.328
987.23	54.629
987.39	55.049
987.55	53.862
987.72	54.162
987.88	53.739
988.04	54.405
988.21	55.055
988.37	54.943
988.53	53.746
988.70	54.570
988.86	55.060
989.02	54.794
989.19	54.310
989.35	54.353
989.51	54.158
989.67	53.850
989.84	53.307
990.00	52.823
990.16	52.990
990.33	53.259
990.49	53.682
990.65	54.160
990.82	54.356
990.98	54.945
991.14	55.044
991.30	55.957
991.47	55.392
991.63	55.315
991.79	56.598
991.95	57.192
992.12	56.964
992.28	55.882
992.44	56.515
992.61	55.632
992.77	56.081
992.93	57.538
993.09	57.951
993.26	57.925
993.42	59.043
993.58	59.167
993.74	59.118
993.91	59.270
994.07	58.144
994.23	58.205
994.39	58.467
994.55	57.390
994.72	57.019
994.88	57.541
995.04	56.768
995.20	54.758
995.37	54.615
995.53	53.329
995.69	54.766
995.85	53.511
996.02	53.427
996.18	54.214
996.34	52.294
996.50	51.594
996.66	52.171
996.83	51.419
996.99	49.690
997.15	50.641
997.31	50.185
997.47	50.820
997.64	50.471
997.80	51.486
997.96	53.900
998.12	53.709
998.28	54.613
998.45	54.201
998.61	56.271
998.77	57.018
998.93	58.838
999.09	59.151
999.25	60.331
999.42	63.518
999.58	62.255
999.74	62.661
999.90	65.033
1000.06	64.175
1000.22	64.475
1000.39	64.594
1000.55	62.936
1000.71	63.318
1000.87	64.355
1001.03	63.661
1001.19	63.924
1001.36	60.944
1001.52	59.654
1001.68	57.825
1001.84	59.617
1002.00	58.696
1002.16	59.234
1002.32	58.433
1002.49	57.207
1002.65	57.536
1002.81	55.705
1002.97	55.779
1003.13	55.212
1003.29	54.113
1003.45	53.747
1003.62	54.025
1003.78	54.374
1003.94	55.091
1004.10	55.212
1004.26	54.363
1004.42	54.802
1004.58	52.251
1004.74	54.606
1004.90	57.612
1005.07	57.667
1005.23	55.459
1005.39	55.709
1005.55	55.231
1005.71	53.985
1005.87	56.457
1006.03	55.429
1006.19	55.199
1006.35	54.162
1006.51	55.866
1006.67	57.007
1006.84	57.505
1007.00	57.141
1007.16	58.847
1007.32	57.967
1007.48	57.252
1007.64	59.468
1007.80	60.117
1007.96	59.846
1008.12	58.065
1008.28	57.653
1008.44	57.229
1008.60	58.665
1008.76	55.268
1008.92	55.114
1009.09	55.175
1009.25	52.402
1009.41	52.826
1009.57	54.702
1009.73	55.440
1009.89	55.066
1010.05	54.495
1010.21	54.967
1010.37	55.710
1010.53	56.640
1010.69	57.401
1010.85	57.169
1011.01	53.370
1011.17	53.763
1011.33	56.838
1011.49	59.554
1011.65	59.361
1011.81	59.888
1011.97	58.400
1012.13	61.013
1012.29	62.093
1012.45	67.271
1012.61	68.990
1012.77	66.457
1012.93	62.531
1013.09	62.868
1013.25	59.456
1013.41	62.304
1013.57	59.608
1013.73	58.260
1013.89	52.077
1014.05	55.578
1014.21	50.763
1014.37	51.753
1014.53	48.825
1014.69	45.423
1014.85	46.344
1015.01	43.058
1015.17	48.732
1015.33	48.060
1015.49	51.501
1015.65	55.963
1015.81	51.574
1015.97	49.787
1016.13	53.564
1016.29	55.419
1016.45	55.507
1016.61	62.381
1016.77	58.103
1016.93	62.795
1017.09	60.631
1017.25	62.847
1017.41	57.815
1017.56	66.035
1017.72	67.629
1017.88	66.906
1018.04	71.720
1018.20	67.928
1018.36	69.161
1018.52	65.754
1018.68	68.627
1018.84	66.369
1019.00	61.237
1019.16	61.650
1019.32	68.703
1019.48	71.278
1019.64	77.041
1019.79	77.301
1019.95	71.264
1020.11	72.784
1020.27	68.831
1020.43	78.750
1020.59	85.402
1020.75	85.563
1020.91	82.230
1021.07	76.425
1021.23	78.057
1021.39	73.985
1021.54	77.640
1021.70	76.198
1021.86	70.693
1022.02	70.214
1022.18	70.529
1022.34	68.827
1022.50	71.400
1022.66	64.598
1022.82	59.559
1022.97	51.873
1023.13	53.830
1023.29	60.764
1023.45	58.939
1023.61	61.573
1023.77	54.597
1023.93	53.900
1024.08	59.761
1024.24	54.738
1024.40	59.890
1024.56	61.635
1024.72	53.555
1024.88	49.139
1025.04	57.576
1025.19	65.098
1025.35	61.464
1025.51	72.015
1025.67	75.242
1025.83	64.443
1025.99	73.550
1026.14	71.419
1026.30	79.082
1026.46	73.418
1026.62	67.465
1026.78	66.944
1026.94	55.214
1027.09	56.698
1027.25	55.597
1027.41	55.255
1027.57	52.640
1027.73	48.360
1027.89	51.228
1028.04	59.117
1028.20	56.371
1028.36	55.986
1028.52	56.136
1028.68	57.522
1028.83	51.741
1028.99	54.880
1029.15	57.149
1029.31	49.093
1029.47	49.842
1029.62	54.220
1029.78	53.458
1029.94	49.728
1030.10	51.549
1030.25	55.979
1030.41	54.684
1030.57	53.609
1030.73	55.530
1030.89	64.538
1031.04	72.745
1031.20	71.939
1031.36	68.148
1031.52	71.538
1031.67	73.090
1031.83	60.763
1031.99	69.164
1032.15	59.465
1032.30	52.348
1032.46	32.925
1032.62	49.365
1032.78	46.682
1032.93	52.849
1033.09	49.752
1033.25	37.297
1033.41	17.018
1033.56	13.077
1033.72	-14.706
1033.88	78.571
1034.04	-130.380
1034.19	145.455
1034.35	50.676
1034.51	-98.913
1034.66	26.241
1034.82	4450.000
1034.98	4450.000
1035.14	4450.000
