345.22	44.928
345.43	44.928
345.65	44.928
345.86	27.000
346.08	96.591
346.29	-37.681
346.51	36.036
346.72	210.606
346.94	-103.846
347.15	-94.624
347.37	100.000
347.58	120.998
347.80	162.004
348.01	144.335
348.23	108.434
348.44	109.804
348.66	99.020
348.87	101.706
349.09	102.068
349.30	91.781
349.52	83.309
349.73	87.927
349.95	81.143
350.16	85.269
350.38	82.374
350.59	76.110
350.81	76.699
351.02	77.342
351.24	75.792
351.45	76.801
351.67	78.991
351.88	78.331
352.10	75.196
352.31	74.045
352.53	77.375
352.74	75.023
352.96	74.218
353.17	69.942
353.39	68.495
353.60	71.418
353.82	72.981
354.03	71.243
354.25	67.301
354.46	62.048
354.67	56.497
354.89	53.361
355.10	58.826
355.32	57.839
355.53	56.040
355.75	55.192
355.96	56.969
356.18	57.107
356.39	59.814
356.61	64.377
356.82	61.193
357.04	60.009
357.25	64.936
357.46	64.628
357.68	67.088
357.89	66.597
358.11	66.138
358.32	68.619
358.54	70.078
358.75	68.528
358.97	72.658
359.18	78.765
359.40	79.554
359.61	80.904
359.82	81.983
360.04	82.298
360.25	81.340
360.47	77.581
360.68	78.250
360.90	75.975
361.11	72.881
361.32	74.267
361.54	77.539
361.75	74.400
361.97	76.022
362.18	77.002
362.40	77.692
362.61	75.929
362.83	75.006
363.04	77.909
363.25	82.043
363.47	80.381
363.68	76.211
363.90	76.980
364.11	79.158
364.32	81.664
364.54	80.466
364.75	79.114
364.97	83.582
365.18	81.055
365.40	81.810
365.61	80.363
365.82	81.733
366.04	78.187
366.25	77.306
366.47	76.797
366.68	76.817
366.89	79.264
367.11	76.430
367.32	74.990
367.54	67.224
367.75	67.687
367.96	69.357
368.18	71.836
368.39	72.630
368.61	71.694
368.82	73.096
369.03	76.156
369.25	80.917
369.46	80.115
369.68	80.528
369.89	81.513
370.10	81.790
370.32	79.240
370.53	81.876
370.75	79.420
370.96	80.681
371.17	80.640
371.39	76.550
371.60	79.640
371.81	81.219
372.03	86.608
372.24	86.022
372.46	91.007
372.67	92.657
372.88	91.930
373.10	91.084
373.31	88.056
373.52	87.894
373.74	83.519
373.95	81.131
374.17	81.690
374.38	81.507
374.59	83.130
374.81	83.078
375.02	79.434
375.23	83.709
375.45	79.500
375.66	76.782
375.87	79.943
376.09	79.352
376.30	76.779
376.52	80.014
376.73	76.266
376.94	72.928
377.16	73.078
377.37	75.701
377.58	75.590
377.80	78.187
378.01	79.968
378.22	81.905
378.44	85.853
378.65	88.063
378.86	88.724
379.08	89.859
379.29	91.492
379.50	93.320
379.72	93.157
379.93	96.994
380.14	100.618
380.36	101.606
380.57	102.905
380.78	103.423
381.00	102.814
381.21	105.447
381.42	106.511
381.64	107.073
381.85	107.156
382.06	108.718
382.28	108.583
382.49	108.352
382.70	109.450
382.92	109.874
383.13	110.378
383.34	111.406
383.56	112.709
383.77	114.416
383.98	115.118
384.20	116.632
384.41	116.391
384.62	116.788
384.83	117.443
385.05	118.322
385.26	120.210
385.47	121.026
385.69	121.800
385.90	122.581
386.11	123.225
386.33	124.114
386.54	124.377
386.75	124.487
386.97	124.989
387.18	125.267
387.39	125.383
387.60	124.847
387.82	124.713
388.03	124.643
388.24	124.304
388.46	123.987
388.67	123.582
388.88	123.066
389.09	122.376
389.31	121.861
389.52	121.172
389.73	120.117
389.95	119.452
390.16	118.859
390.37	118.252
390.58	117.864
390.80	117.083
391.01	116.707
391.22	116.614
391.44	116.136
391.65	115.786
391.86	115.720
392.07	116.080
392.29	116.292
392.50	116.392
392.71	116.716
392.92	117.202
393.14	117.432
393.35	117.978
393.56	118.686
393.78	119.303
393.99	120.117
394.20	121.082
394.41	121.824
394.63	122.427
394.84	123.255
395.05	123.979
395.26	124.686
395.48	125.469
395.69	125.926
395.90	126.782
396.11	127.373
396.33	127.774
396.54	128.268
396.75	128.504
396.96	128.709
397.18	128.681
397.39	128.625
397.60	128.649
397.81	128.521
398.03	128.288
398.24	127.843
398.45	127.308
398.66	126.656
398.87	126.066
399.09	125.382
399.30	124.547
399.51	123.658
399.72	122.906
399.94	122.112
400.15	121.313
400.36	120.451
400.57	119.490
400.79	118.822
401.00	118.026
401.21	117.437
401.42	117.000
401.63	116.561
401.85	116.262
402.06	116.115
402.27	116.025
402.48	115.959
402.69	116.123
402.91	116.280
403.12	116.514
403.33	116.939
403.54	117.568
403.76	118.107
403.97	118.859
404.18	119.523
404.39	120.276
404.60	121.167
404.82	121.950
405.03	122.867
405.24	123.588
405.45	124.287
405.66	124.928
405.88	125.545
406.09	126.206
406.30	126.685
406.51	126.973
406.72	127.275
406.94	127.536
407.15	127.598
407.36	127.719
407.57	127.729
407.78	127.543
407.99	127.151
408.21	126.756
408.42	126.213
408.63	125.693
408.84	124.955
409.05	124.161
409.27	123.335
409.48	122.438
409.69	121.520
409.90	120.657
410.11	119.844
410.32	118.924
410.54	118.002
410.75	117.068
410.96	116.253
411.17	115.400
411.38	114.674
411.59	114.009
411.81	113.364
412.02	112.887
412.23	112.483
412.44	112.230
412.65	112.132
412.86	112.140
413.08	112.263
413.29	112.362
413.50	112.725
413.71	113.162
413.92	113.597
414.13	114.096
414.34	114.723
414.56	115.276
414.77	115.917
414.98	116.545
415.19	117.400
415.40	118.187
415.61	119.062
415.82	119.808
416.04	120.590
416.25	121.248
416.46	121.877
416.67	122.530
416.88	123.096
417.09	123.591
417.30	123.902
417.52	124.116
417.73	124.299
417.94	124.336
418.15	124.245
418.36	124.227
418.57	124.008
418.78	123.699
418.99	123.320
419.21	122.902
419.42	122.345
419.63	121.730
419.84	121.037
420.05	120.253
420.26	119.421
420.47	118.545
420.68	117.684
420.89	116.809
421.11	115.829
421.32	114.963
421.53	114.090
421.74	113.333
421.95	112.631
422.16	111.986
422.37	111.384
422.58	110.831
422.79	110.329
423.01	110.012
423.22	109.706
423.43	109.557
423.64	109.412
423.85	109.536
424.06	109.652
424.27	109.880
424.48	110.170
424.69	110.653
424.90	111.158
425.11	111.803
425.33	112.473
425.54	113.188
425.75	113.895
425.96	114.622
426.17	115.405
426.38	116.184
426.59	116.959
426.80	117.752
427.01	118.554
427.22	119.363
427.43	120.164
427.64	120.773
427.85	121.393
428.07	122.002
428.28	122.435
428.49	122.878
428.70	123.228
428.91	123.472
429.12	123.550
429.33	123.645
429.54	123.609
429.75	123.521
429.96	123.360
430.17	123.139
430.38	122.808
430.59	122.303
430.80	121.749
431.01	121.135
431.22	120.460
431.44	119.773
431.65	119.025
431.86	118.172
432.07	117.377
432.28	116.559
432.49	115.719
432.70	114.859
432.91	113.959
433.12	113.087
433.33	112.300
433.54	111.633
433.75	111.010
433.96	110.428
434.17	109.777
434.38	109.309
434.59	108.881
434.80	108.553
435.01	108.411
435.22	108.332
435.43	108.332
435.64	108.483
435.85	108.621
436.06	108.841
436.27	109.187
436.48	109.619
436.69	110.105
436.90	110.616
437.11	111.261
437.33	111.930
437.54	112.651
437.75	113.426
437.96	114.183
438.17	114.880
438.38	115.539
438.59	116.345
438.80	117.070
439.01	117.837
439.22	118.567
439.43	119.114
439.64	119.697
439.85	120.198
440.06	120.563
440.27	120.941
440.48	121.207
440.69	121.446
440.90	121.558
441.11	121.647
441.32	121.650
441.53	121.547
441.74	121.329
441.95	121.105
442.16	120.744
442.37	120.246
442.58	119.746
442.79	119.219
443.00	118.564
443.21	117.885
443.42	117.100
443.62	116.205
443.83	115.473
444.04	114.621
444.25	113.825
444.46	112.964
444.67	112.091
444.88	111.306
445.09	110.431
445.30	109.647
445.51	108.819
445.72	108.037
445.93	107.390
446.14	106.781
446.35	106.184
446.56	105.729
446.77	105.393
446.98	105.057
447.19	104.820
447.40	104.661
447.61	104.538
447.82	104.518
448.03	104.654
448.24	104.806
448.45	105.044
448.66	105.403
448.87	105.754
449.08	106.227
449.29	106.655
449.49	107.226
449.70	107.827
449.91	108.478
450.12	109.167
450.33	109.794
450.54	110.517
450.75	111.244
450.96	111.892
451.17	112.535
451.38	113.174
451.59	113.823
451.80	114.392
452.01	114.990
452.22	115.497
452.43	115.922
452.64	116.242
452.84	116.586
453.05	116.792
453.26	117.066
453.47	117.195
453.68	117.274
453.89	117.238
454.10	117.085
454.31	116.925
454.52	116.674
454.73	116.373
454.94	115.945
455.15	115.454
455.36	114.914
455.56	114.296
455.77	113.635
455.98	112.929
456.19	112.235
456.40	111.492
456.61	110.761
456.82	109.956
457.03	109.160
457.24	108.333
457.45	107.497
457.65	106.645
457.86	105.817
458.07	105.048
458.28	104.277
458.49	103.577
458.70	102.837
458.91	102.192
459.12	101.587
459.33	101.049
459.54	100.568
459.74	100.155
459.95	99.839
460.16	99.612
460.37	99.451
460.58	99.381
460.79	99.311
461.00	99.292
461.21	99.401
461.41	99.598
461.62	99.826
461.83	100.182
462.04	100.533
462.25	100.910
462.46	101.376
462.67	101.909
462.88	102.510
463.08	103.180
463.29	103.788
463.50	104.454
463.71	105.163
463.92	105.837
464.13	106.503
464.34	107.133
464.54	107.788
464.75	108.399
464.96	108.960
465.17	109.520
465.38	110.005
465.59	110.502
465.80	110.913
466.00	111.224
466.21	111.489
466.42	111.733
466.63	111.978
466.84	112.112
467.05	112.142
467.26	112.095
467.46	111.914
467.67	111.764
467.88	111.541
468.09	111.206
468.30	110.865
468.51	110.448
468.71	109.988
468.92	109.450
469.13	108.881
469.34	108.279
469.55	107.585
469.76	106.935
469.96	106.174
470.17	105.390
470.38	104.678
470.59	103.878
470.80	103.091
471.00	102.331
471.21	101.526
471.42	100.794
471.63	100.059
471.84	99.359
472.05	98.677
472.25	98.001
472.46	97.412
472.67	96.838
472.88	96.339
473.09	95.870
473.29	95.446
473.50	95.122
473.71	94.836
473.92	94.594
474.13	94.417
474.33	94.336
474.54	94.321
474.75	94.356
474.96	94.438
475.17	94.592
475.37	94.736
475.58	95.014
475.79	95.346
476.00	95.715
476.21	96.148
476.41	96.599
476.62	97.111
476.83	97.611
477.04	98.193
477.24	98.772
477.45	99.367
477.66	99.993
477.87	100.568
478.08	101.183
478.28	101.785
478.49	102.372
478.70	102.957
478.91	103.501
479.11	103.987
479.32	104.511
479.53	104.958
479.74	105.414
479.94	105.781
480.15	106.062
480.36	106.311
480.57	106.527
480.78	106.712
480.98	106.798
481.19	106.832
481.40	106.773
481.61	106.710
481.81	106.573
482.02	106.348
482.23	106.119
482.44	105.769
482.64	105.410
482.85	105.010
483.06	104.532
483.27	104.052
483.47	103.524
483.68	102.944
483.89	102.320
484.10	101.661
484.30	101.006
484.51	100.294
484.72	99.590
484.92	98.853
485.13	98.121
485.34	97.420
485.55	96.693
485.75	96.003
485.96	95.290
486.17	94.624
486.38	93.992
486.58	93.347
486.79	92.775
487.00	92.203
487.20	91.680
487.41	91.193
487.62	90.756
487.83	90.379
488.03	90.034
488.24	89.766
488.45	89.519
488.65	89.317
488.86	89.192
489.07	89.122
489.28	89.120
489.48	89.161
489.69	89.272
489.90	89.415
490.10	89.631
490.31	89.883
490.52	90.136
490.73	90.459
490.93	90.815
491.14	91.212
491.35	91.676
491.55	92.109
491.76	92.611
491.97	93.113
492.17	93.624
492.38	94.166
492.59	94.681
492.79	95.246
493.00	95.789
493.21	96.349
493.41	96.854
493.62	97.370
493.83	97.876
494.04	98.307
494.24	98.760
494.45	99.159
494.66	99.502
494.86	99.865
495.07	100.155
495.28	100.455
495.48	100.664
495.69	100.830
495.90	100.991
496.10	101.070
496.31	101.096
496.52	101.057
496.72	101.003
496.93	100.928
497.14	100.774
497.34	100.563
497.55	100.304
497.76	100.037
497.96	99.685
498.17	99.303
498.37	98.876
498.58	98.395
498.79	97.887
498.99	97.390
499.20	96.823
499.41	96.236
499.61	95.601
499.82	94.990
500.03	94.343
500.23	93.680
500.44	93.017
500.65	92.350
500.85	91.702
501.06	91.032
501.26	90.371
501.47	89.718
501.68	89.112
501.88	88.500
502.09	87.909
502.30	87.339
502.50	86.791
502.71	86.315
502.91	85.863
503.12	85.439
503.33	85.066
503.53	84.754
503.74	84.449
503.95	84.207
504.15	83.986
504.36	83.807
504.56	83.702
504.77	83.634
504.98	83.604
505.18	83.637
505.39	83.696
505.59	83.801
505.80	83.957
506.01	84.152
506.21	84.400
506.42	84.683
506.62	85.013
506.83	85.359
507.04	85.740
507.24	86.135
507.45	86.548
507.65	86.971
507.86	87.406
508.07	87.881
508.27	88.350
508.48	88.828
508.68	89.343
508.89	89.834
509.10	90.329
509.30	90.804
509.51	91.255
509.71	91.680
509.92	92.114
510.12	92.514
510.33	92.890
510.54	93.236
510.74	93.549
510.95	93.825
511.15	94.085
511.36	94.315
511.56	94.527
511.77	94.694
511.98	94.815
512.18	94.895
512.39	94.965
512.59	94.975
512.80	94.951
513.00	94.869
513.21	94.734
513.42	94.585
513.62	94.387
513.83	94.157
514.03	93.892
514.24	93.572
514.44	93.224
514.65	92.859
514.85	92.458
515.06	92.020
515.26	91.559
515.47	91.064
515.68	90.547
515.88	90.017
516.09	89.460
516.29	88.904
516.50	88.337
516.70	87.726
516.91	87.136
517.11	86.531
517.32	85.925
517.52	85.334
517.73	84.756
517.93	84.181
518.14	83.633
518.34	83.104
518.55	82.581
518.76	82.087
518.96	81.588
519.17	81.115
519.37	80.690
519.58	80.285
519.78	79.921
519.99	79.569
520.19	79.253
520.40	78.993
520.60	78.755
520.81	78.552
521.01	78.384
521.22	78.266
521.42	78.193
521.63	78.153
521.83	78.140
522.04	78.159
522.24	78.231
522.45	78.346
522.65	78.491
522.86	78.678
523.06	78.884
523.27	79.126
523.47	79.418
523.68	79.730
523.88	80.069
524.09	80.424
524.29	80.808
524.50	81.204
524.70	81.610
524.91	82.021
525.11	82.459
525.32	82.915
525.52	83.353
525.72	83.811
525.93	84.292
526.13	84.770
526.34	85.239
526.54	85.699
526.75	86.111
526.95	86.539
527.16	86.929
527.36	87.327
527.57	87.709
527.77	88.038
527.98	88.362
528.18	88.646
528.39	88.912
528.59	89.167
528.79	89.382
529.00	89.570
529.20	89.724
529.41	89.881
529.61	89.993
529.82	90.056
530.02	90.087
530.23	90.061
530.43	90.000
530.64	89.904
530.84	89.777
531.04	89.619
531.25	89.441
531.45	89.256
531.66	89.006
531.86	88.724
532.07	88.415
532.27	88.073
532.47	87.731
532.68	87.370
532.88	86.972
533.09	86.553
533.29	86.105
533.50	85.651
533.70	85.134
533.90	84.631
534.11	84.146
534.31	83.619
534.52	83.107
534.72	82.602
534.93	82.085
535.13	81.558
535.33	81.057
535.54	80.532
535.74	80.021
535.95	79.519
536.15	79.058
536.35	78.608
536.56	78.189
536.76	77.752
536.97	77.344
537.17	76.959
537.37	76.598
537.58	76.277
537.78	75.995
537.99	75.739
538.19	75.482
538.39	75.258
538.60	75.069
538.80	74.932
539.01	74.807
539.21	74.722
539.41	74.687
539.62	74.659
539.82	74.682
540.03	74.725
540.23	74.827
540.43	74.929
540.64	75.089
540.84	75.253
541.04	75.470
541.25	75.724
541.45	75.998
541.66	76.286
541.86	76.605
542.06	76.933
542.27	77.291
542.47	77.684
542.67	78.082
542.88	78.523
543.08	78.946
543.28	79.386
543.49	79.834
543.69	80.288
543.90	80.760
544.10	81.199
544.30	81.666
544.51	82.118
544.71	82.605
544.91	83.058
545.12	83.501
545.32	83.938
545.52	84.344
545.73	84.756
545.93	85.155
546.13	85.496
546.34	85.828
546.54	86.131
546.74	86.428
546.95	86.702
547.15	86.936
547.35	87.129
547.56	87.328
547.76	87.509
547.96	87.656
548.17	87.787
548.37	87.888
548.57	87.951
548.78	87.974
548.98	87.949
549.18	87.879
549.39	87.793
549.59	87.690
549.79	87.569
550.00	87.399
550.20	87.234
550.40	87.022
550.61	86.802
550.81	86.554
551.01	86.268
551.22	85.974
551.42	85.667
551.62	85.344
551.82	84.986
552.03	84.608
552.23	84.207
552.43	83.792
552.64	83.369
552.84	82.912
553.04	82.455
553.25	81.996
553.45	81.548
553.65	81.102
553.85	80.667
554.06	80.199
554.26	79.726
554.46	79.240
554.67	78.796
554.87	78.345
555.07	77.919
555.27	77.492
555.48	77.065
555.68	76.668
555.88	76.285
556.09	75.911
556.29	75.550
556.49	75.208
556.69	74.886
556.90	74.615
557.10	74.365
557.30	74.149
557.50	73.943
557.71	73.781
557.91	73.639
558.11	73.488
558.31	73.389
558.52	73.336
558.72	73.308
558.92	73.318
559.13	73.348
559.33	73.424
559.53	73.502
559.73	73.628
559.94	73.749
560.14	73.900
560.34	74.088
560.54	74.306
560.75	74.565
560.95	74.814
561.15	75.110
561.35	75.418
561.55	75.725
561.76	76.047
561.96	76.367
562.16	76.723
562.36	77.116
562.57	77.517
562.77	77.922
562.97	78.348
563.17	78.749
563.38	79.164
563.58	79.569
563.78	79.999
563.98	80.414
564.18	80.828
564.39	81.248
564.59	81.674
564.79	82.084
564.99	82.463
565.20	82.839
565.40	83.181
565.60	83.512
565.80	83.860
566.00	84.183
566.21	84.495
566.41	84.765
566.61	85.018
566.81	85.267
567.01	85.482
567.22	85.692
567.42	85.883
567.62	86.020
567.82	86.138
568.02	86.244
568.23	86.319
568.43	86.389
568.63	86.445
568.83	86.442
569.03	86.424
569.24	86.370
569.44	86.307
569.64	86.219
569.84	86.128
570.04	85.994
570.24	85.838
570.45	85.657
570.65	85.456
570.85	85.242
571.05	84.977
571.25	84.693
571.45	84.372
571.66	84.063
571.86	83.739
572.06	83.393
572.26	83.026
572.46	82.670
572.66	82.286
572.87	81.874
573.07	81.467
573.27	81.054
573.47	80.664
573.67	80.246
573.87	79.805
574.08	79.353
574.28	78.926
574.48	78.514
574.68	78.080
574.88	77.655
575.08	77.219
575.28	76.805
575.49	76.421
575.69	76.026
575.89	75.630
576.09	75.281
576.29	74.920
576.49	74.577
576.69	74.238
576.90	73.921
577.10	73.632
577.30	73.360
577.50	73.103
577.70	72.849
577.90	72.636
578.10	72.474
578.30	72.326
578.51	72.196
578.71	72.081
578.91	72.004
579.11	71.932
579.31	71.897
579.51	71.883
579.71	71.892
579.91	71.922
580.12	71.980
580.32	72.060
580.52	72.191
580.72	72.316
580.92	72.469
581.12	72.640
581.32	72.839
581.52	73.067
581.72	73.303
581.92	73.572
582.13	73.857
582.33	74.132
582.53	74.440
582.73	74.750
582.93	75.069
583.13	75.403
583.33	75.778
583.53	76.154
583.73	76.525
583.93	76.909
584.13	77.307
584.34	77.730
584.54	78.112
584.74	78.475
584.94	78.895
585.14	79.320
585.34	79.731
585.54	80.098
585.74	80.461
585.94	80.831
586.14	81.210
586.34	81.567
586.54	81.915
586.74	82.258
586.94	82.586
587.15	82.928
587.35	83.234
587.55	83.534
587.75	83.806
587.95	84.060
588.15	84.302
588.35	84.523
588.55	84.730
588.75	84.923
588.95	85.109
589.15	85.255
589.35	85.365
589.55	85.456
589.75	85.560
589.95	85.624
590.15	85.669
590.35	85.684
590.55	85.695
590.75	85.661
590.95	85.599
591.15	85.528
591.35	85.435
591.56	85.312
591.76	85.161
591.96	84.997
592.16	84.835
592.36	84.622
592.56	84.436
592.76	84.178
592.96	83.935
593.16	83.656
593.36	83.376
593.56	83.078
593.76	82.775
593.96	82.443
594.16	82.127
594.36	81.805
594.56	81.451
594.76	81.078
594.96	80.734
595.16	80.364
595.36	79.995
595.56	79.599
595.76	79.209
595.96	78.805
596.16	78.439
596.36	78.037
596.56	77.656
596.76	77.241
596.96	76.860
597.16	76.485
597.36	76.115
597.56	75.744
597.76	75.380
597.96	75.023
598.16	74.685
598.36	74.344
598.56	74.003
598.76	73.694
598.96	73.397
599.16	73.131
599.36	72.895
599.56	72.660
599.76	72.440
599.96	72.255
600.15	72.088
600.35	71.915
600.55	71.786
600.75	71.665
600.95	71.573
601.15	71.488
601.35	71.416
601.55	71.388
601.75	71.361
601.95	71.366
602.15	71.395
602.35	71.437
602.55	71.524
602.75	71.615
602.95	71.730
603.15	71.867
603.35	72.010
603.55	72.156
603.75	72.321
603.95	72.495
604.15	72.688
604.35	72.909
604.54	73.135
604.74	73.415
604.94	73.689
605.14	73.967
605.34	74.273
605.54	74.580
605.74	74.911
605.94	75.246
606.14	75.590
606.34	75.944
606.54	76.312
606.74	76.671
606.94	77.030
607.14	77.415
607.33	77.804
607.53	78.181
607.73	78.577
607.93	78.950
608.13	79.342
608.33	79.720
608.53	80.072
608.73	80.448
608.93	80.766
609.13	81.098
609.33	81.434
609.52	81.768
609.72	82.082
609.92	82.363
610.12	82.653
610.32	82.940
610.52	83.211
610.72	83.458
610.92	83.689
611.12	83.932
611.31	84.135
611.51	84.326
611.71	84.504
611.91	84.661
612.11	84.820
612.31	84.969
612.51	85.092
612.71	85.212
612.91	85.283
613.10	85.355
613.30	85.451
613.50	85.494
613.70	85.502
613.90	85.509
614.10	85.495
614.30	85.443
614.50	85.379
614.69	85.285
614.89	85.184
615.09	85.069
615.29	84.928
615.49	84.771
615.69	84.582
615.89	84.389
616.08	84.195
616.28	83.986
616.48	83.747
616.68	83.482
616.88	83.216
617.08	82.945
617.27	82.654
617.47	82.341
617.67	82.035
617.87	81.706
618.07	81.386
618.27	81.062
618.47	80.733
618.66	80.395
618.86	80.068
619.06	79.709
619.26	79.380
619.46	79.038
619.66	78.677
619.85	78.328
620.05	77.982
620.25	77.613
620.45	77.237
620.65	76.880
620.84	76.569
621.04	76.222
621.24	75.916
621.44	75.598
621.64	75.258
621.84	74.925
622.03	74.625
622.23	74.307
622.43	74.015
622.63	73.757
622.83	73.481
623.02	73.222
623.22	72.994
623.42	72.740
623.62	72.523
623.82	72.323
624.01	72.124
624.21	71.960
624.41	71.812
624.61	71.699
624.81	71.608
625.00	71.484
625.20	71.408
625.40	71.323
625.60	71.277
625.79	71.254
625.99	71.282
626.19	71.300
626.39	71.346
626.59	71.400
626.78	71.462
626.98	71.562
627.18	71.659
627.38	71.789
627.57	71.956
627.77	72.119
627.97	72.297
628.17	72.506
628.37	72.710
628.56	72.941
628.76	73.185
628.96	73.409
629.16	73.676
629.35	73.985
629.55	74.280
629.75	74.596
629.95	74.921
630.14	75.219
630.34	75.552
630.54	75.898
630.74	76.242
630.93	76.579
631.13	76.918
631.33	77.268
631.53	77.608
631.72	77.939
631.92	78.299
632.12	78.676
632.31	79.030
632.51	79.396
632.71	79.762
632.91	80.112
633.10	80.476
633.30	80.841
633.50	81.162
633.70	81.501
633.89	81.815
634.09	82.134
634.29	82.455
634.48	82.757
634.68	83.067
634.88	83.349
635.08	83.642
635.27	83.929
635.47	84.206
635.67	84.470
635.86	84.730
636.06	84.975
636.26	85.179
636.46	85.380
636.65	85.553
636.85	85.737
637.05	85.887
637.24	86.014
637.44	86.141
637.64	86.273
637.83	86.396
638.03	86.495
638.23	86.553
638.43	86.622
638.62	86.650
638.82	86.645
639.02	86.642
639.21	86.623
639.41	86.571
639.61	86.527
639.80	86.452
640.00	86.364
640.20	86.267
640.39	86.171
640.59	86.059
640.79	85.946
640.98	85.800
641.18	85.636
641.38	85.471
641.57	85.271
641.77	85.056
641.97	84.813
642.16	84.586
642.36	84.355
642.56	84.083
642.75	83.846
642.95	83.586
643.15	83.320
643.34	83.054
643.54	82.785
643.74	82.484
643.93	82.186
644.13	81.874
644.33	81.536
644.52	81.203
644.72	80.879
644.91	80.540
645.11	80.161
645.31	79.841
645.50	79.510
645.70	79.188
645.90	78.867
646.09	78.536
646.29	78.208
646.48	77.877
646.68	77.541
646.88	77.201
647.07	76.873
647.27	76.565
647.47	76.244
647.66	75.936
647.86	75.637
648.05	75.358
648.25	75.077
648.45	74.802
648.64	74.534
648.84	74.282
649.04	74.028
649.23	73.830
649.43	73.628
649.62	73.409
649.82	73.207
650.02	73.016
650.21	72.853
650.41	72.720
650.60	72.599
650.80	72.520
651.00	72.414
651.19	72.358
651.39	72.282
651.58	72.239
651.78	72.207
651.97	72.210
652.17	72.228
652.37	72.259
652.56	72.315
652.76	72.387
652.95	72.455
653.15	72.575
653.35	72.666
653.54	72.776
653.74	72.905
653.93	73.053
654.13	73.213
654.32	73.364
654.52	73.507
654.72	73.698
654.91	73.886
655.11	74.114
655.30	74.343
655.50	74.592
655.69	74.845
655.89	75.101
656.08	75.365
656.28	75.632
656.48	75.898
656.67	76.173
656.87	76.470
657.06	76.781
657.26	77.062
657.45	77.380
657.65	77.694
657.84	78.031
658.04	78.348
658.23	78.705
658.43	79.074
658.62	79.443
658.82	79.792
659.02	80.144
659.21	80.509
659.41	80.832
659.60	81.160
659.80	81.501
659.99	81.855
660.19	82.179
660.38	82.525
660.58	82.861
660.77	83.207
660.97	83.512
661.16	83.806
661.36	84.111
661.55	84.427
661.75	84.713
661.94	84.980
662.14	85.244
662.33	85.499
662.53	85.758
662.72	85.998
662.92	86.220
663.11	86.433
663.31	86.636
663.50	86.860
663.70	87.083
663.89	87.271
664.09	87.443
664.28	87.617
664.48	87.758
664.67	87.898
664.87	88.000
665.06	88.102
665.26	88.198
665.45	88.275
665.65	88.332
665.84	88.394
666.04	88.449
666.23	88.465
666.43	88.453
666.62	88.417
666.82	88.385
667.01	88.345
667.21	88.291
667.40	88.211
667.59	88.133
667.79	88.011
667.98	87.879
668.18	87.726
668.37	87.570
668.57	87.417
668.76	87.249
668.96	87.072
669.15	86.892
669.35	86.707
669.54	86.492
669.73	86.284
669.93	86.045
670.12	85.806
670.32	85.592
670.51	85.349
670.71	85.115
670.90	84.857
671.10	84.606
671.29	84.329
671.48	84.056
671.68	83.759
671.87	83.476
672.07	83.183
672.26	82.944
672.46	82.661
672.65	82.354
672.84	82.056
673.04	81.761
673.23	81.451
673.43	81.136
673.62	80.852
673.82	80.547
674.01	80.234
674.20	79.942
674.40	79.637
674.59	79.330
674.79	79.028
674.98	78.737
675.17	78.436
675.37	78.157
675.56	77.873
675.76	77.603
675.95	77.303
676.14	77.041
676.34	76.744
676.53	76.484
676.73	76.224
676.92	75.960
677.11	75.723
677.31	75.508
677.50	75.303
677.70	75.090
677.89	74.877
678.08	74.699
678.28	74.527
678.47	74.361
678.66	74.212
678.86	74.095
679.05	73.965
679.25	73.856
679.44	73.766
679.63	73.693
679.83	73.632
680.02	73.617
680.21	73.583
680.41	73.575
680.60	73.543
680.79	73.559
680.99	73.590
681.18	73.592
681.38	73.627
681.57	73.691
681.76	73.764
681.96	73.866
682.15	73.955
682.34	74.052
682.54	74.172
682.73	74.309
682.92	74.426
683.12	74.588
683.31	74.759
683.50	74.927
683.70	75.124
683.89	75.295
684.08	75.484
684.28	75.709
684.47	75.915
684.66	76.162
684.86	76.404
685.05	76.663
685.24	76.946
685.44	77.211
685.63	77.489
685.82	77.777
686.02	78.057
686.21	78.385
686.40	78.681
686.60	79.016
686.79	79.340
686.98	79.670
687.18	80.009
687.37	80.340
687.56	80.679
687.75	80.990
687.95	81.311
688.14	81.643
688.33	81.982
688.53	82.318
688.72	82.648
688.91	82.988
689.11	83.311
689.30	83.667
689.49	83.999
689.68	84.313
689.88	84.611
690.07	84.908
690.26	85.200
690.46	85.519
690.65	85.791
690.84	86.062
691.03	86.352
691.23	86.600
691.42	86.880
691.61	87.128
691.80	87.385
692.00	87.618
692.19	87.850
692.38	88.046
692.58	88.245
692.77	88.443
692.96	88.600
693.15	88.784
693.35	88.920
693.54	89.098
693.73	89.253
693.92	89.410
694.12	89.549
694.31	89.653
694.50	89.754
694.69	89.846
694.89	89.930
695.08	89.988
695.27	90.077
695.46	90.102
695.66	90.134
695.85	90.173
696.04	90.225
696.23	90.253
696.43	90.260
696.62	90.233
696.81	90.193
697.00	90.171
697.19	90.132
697.39	90.075
697.58	89.996
697.77	89.919
697.96	89.844
698.16	89.744
698.35	89.650
698.54	89.524
698.73	89.426
698.92	89.296
699.12	89.139
699.31	88.973
699.50	88.813
699.69	88.658
699.89	88.461
700.08	88.279
700.27	88.054
700.46	87.857
700.65	87.658
700.85	87.480
701.04	87.250
701.23	87.000
701.42	86.757
701.61	86.531
701.81	86.269
702.00	86.004
702.19	85.751
702.38	85.477
702.57	85.239
702.76	84.919
702.96	84.639
703.15	84.367
703.34	84.061
703.53	83.757
703.72	83.427
703.92	83.111
704.11	82.795
704.30	82.484
704.49	82.167
704.68	81.869
704.87	81.559
705.07	81.264
705.26	80.986
705.45	80.734
705.64	80.407
705.83	80.140
706.02	79.854
706.21	79.592
706.41	79.316
706.60	79.017
706.79	78.773
706.98	78.532
707.17	78.278
707.36	78.042
707.56	77.840
707.75	77.635
707.94	77.437
708.13	77.240
708.32	77.080
708.51	76.902
708.70	76.754
708.89	76.584
709.09	76.436
709.28	76.300
709.47	76.123
709.66	75.970
709.85	75.840
710.04	75.722
710.23	75.599
710.42	75.509
710.62	75.429
710.81	75.341
711.00	75.259
711.19	75.187
711.38	75.135
711.57	75.073
711.76	75.047
711.95	75.042
712.15	75.057
712.34	75.064
712.53	75.081
712.72	75.099
712.91	75.148
713.10	75.211
713.29	75.265
713.48	75.339
713.67	75.489
713.86	75.603
714.05	75.736
714.25	75.859
714.44	75.995
714.63	76.153
714.82	76.318
715.01	76.493
715.20	76.722
715.39	76.897
715.58	77.102
715.77	77.314
715.96	77.557
716.15	77.749
716.34	77.955
716.54	78.177
716.73	78.418
716.92	78.646
717.11	78.904
717.30	79.153
717.49	79.436
717.68	79.685
717.87	79.937
718.06	80.201
718.25	80.506
718.44	80.803
718.63	81.090
718.82	81.384
719.01	81.663
719.20	81.961
719.39	82.302
719.58	82.600
719.77	82.898
719.96	83.161
720.16	83.465
720.35	83.757
720.54	84.060
720.73	84.363
720.92	84.662
721.11	84.954
721.30	85.273
721.49	85.555
721.68	85.856
721.87	86.157
722.06	86.421
722.25	86.688
722.44	86.955
722.63	87.227
722.82	87.494
723.01	87.765
723.20	87.956
723.39	88.179
723.58	88.459
723.77	88.702
723.96	88.919
724.15	89.178
724.34	89.444
724.53	89.675
724.72	89.870
724.91	90.090
725.10	90.301
725.29	90.466
725.48	90.661
725.67	90.817
725.86	90.991
726.05	91.182
726.24	91.322
726.43	91.456
726.62	91.565
726.81	91.716
727.00	91.824
727.19	91.975
727.38	92.105
727.57	92.157
727.76	92.233
727.95	92.312
728.14	92.344
728.33	92.358
728.52	92.378
728.71	92.401
728.90	92.406
729.09	92.399
729.28	92.365
729.47	92.332
729.65	92.302
729.84	92.255
730.03	92.198
730.22	92.142
730.41	92.088
730.60	92.021
730.79	91.895
730.98	91.826
731.17	91.736
731.36	91.615
731.55	91.500
731.74	91.375
731.93	91.246
732.12	91.071
732.31	90.956
732.50	90.838
732.69	90.721
732.88	90.532
733.06	90.356
733.25	90.212
733.44	90.029
733.63	89.837
733.82	89.625
734.01	89.412
734.20	89.192
734.39	88.941
734.58	88.740
734.77	88.510
734.96	88.256
735.15	88.001
735.33	87.741
735.52	87.504
735.71	87.230
735.90	86.971
736.09	86.723
736.28	86.405
736.47	86.096
736.66	85.801
736.85	85.528
737.04	85.200
737.23	84.904
737.41	84.617
737.60	84.348
737.79	84.047
737.98	83.750
738.17	83.476
738.36	83.211
738.55	82.930
738.74	82.686
738.92	82.403
739.11	82.150
739.30	81.871
739.49	81.579
739.68	81.343
739.87	81.111
740.06	80.916
740.25	80.684
740.43	80.461
740.62	80.218
740.81	79.979
741.00	79.787
741.19	79.553
741.38	79.328
741.57	79.126
741.75	78.941
741.94	78.756
742.13	78.550
742.32	78.379
742.51	78.188
742.70	78.004
742.89	77.852
743.07	77.679
743.26	77.515
743.45	77.372
743.64	77.260
743.83	77.106
744.02	76.925
744.20	76.804
744.39	76.702
744.58	76.602
744.77	76.550
744.96	76.488
745.15	76.466
745.33	76.424
745.52	76.384
745.71	76.385
745.90	76.351
746.09	76.363
746.28	76.378
746.46	76.377
746.65	76.414
746.84	76.447
747.03	76.480
747.22	76.531
747.40	76.578
747.59	76.620
747.78	76.679
747.97	76.778
748.16	76.886
748.34	76.969
748.53	77.080
748.72	77.194
748.91	77.288
749.10	77.399
749.28	77.561
749.47	77.708
749.66	77.818
749.85	77.949
750.04	78.079
750.22	78.210
750.41	78.378
750.60	78.534
750.79	78.667
750.97	78.824
751.16	79.033
751.35	79.235
751.54	79.415
751.73	79.651
751.91	79.850
752.10	80.102
752.29	80.328
752.48	80.549
752.66	80.793
752.85	81.038
753.04	81.268
753.23	81.508
753.41	81.742
753.60	82.010
753.79	82.316
753.98	82.577
754.16	82.854
754.35	83.106
754.54	83.356
754.73	83.659
754.91	83.946
755.10	84.235
755.29	84.514
755.48	84.757
755.66	85.013
755.85	85.285
756.04	85.511
756.22	85.786
756.41	86.052
756.60	86.317
756.79	86.600
756.97	86.841
757.16	87.045
757.35	87.297
757.54	87.563
757.72	87.791
757.91	88.038
758.10	88.263
758.28	88.521
758.47	88.765
758.66	89.024
758.85	89.265
759.03	89.465
759.22	89.691
759.41	89.964
759.59	90.216
759.78	90.414
759.97	90.596
760.15	90.765
760.34	90.993
760.53	91.152
760.71	91.299
760.90	91.508
761.09	91.717
761.28	91.903
761.46	92.054
761.65	92.190
761.84	92.361
762.02	92.517
762.21	92.650
762.40	92.739
762.58	92.837
762.77	92.924
762.96	93.030
763.14	93.147
763.33	93.206
763.52	93.231
763.70	93.287
763.89	93.358
764.08	93.432
764.26	93.426
764.45	93.479
764.64	93.522
764.82	93.524
765.01	93.524
765.20	93.506
765.38	93.504
765.57	93.483
765.75	93.457
765.94	93.381
766.13	93.355
766.31	93.367
766.50	93.309
766.69	93.281
766.87	93.238
767.06	93.161
767.25	93.095
767.43	93.040
767.62	92.992
767.80	92.917
767.99	92.809
768.18	92.685
768.36	92.550
768.55	92.435
768.74	92.296
768.92	92.151
769.11	92.029
769.29	91.861
769.48	91.736
769.67	91.560
769.85	91.440
770.04	91.226
770.22	91.038
770.41	90.829
770.60	90.593
770.78	90.352
770.97	90.122
771.15	89.894
771.34	89.634
771.53	89.390
771.71	89.154
771.90	88.935
772.08	88.796
772.27	88.581
772.46	88.331
772.64	88.108
772.83	87.881
773.01	87.602
773.20	87.359
773.39	87.110
773.57	86.863
773.76	86.609
773.94	86.419
774.13	86.169
774.31	85.902
774.50	85.692
774.68	85.443
774.87	85.193
775.06	84.904
775.24	84.667
775.43	84.415
775.61	84.153
775.80	83.903
775.98	83.581
776.17	83.311
776.36	83.038
776.54	82.773
776.73	82.504
776.91	82.237
777.10	81.967
777.28	81.688
777.47	81.423
777.65	81.154
777.84	80.887
778.02	80.643
778.21	80.414
778.39	80.153
778.58	79.921
778.77	79.714
778.95	79.532
779.14	79.340
779.32	79.177
779.51	79.028
779.69	78.848
779.88	78.693
780.06	78.541
780.25	78.399
780.43	78.253
780.62	78.131
780.80	77.997
780.99	77.869
781.17	77.747
781.36	77.653
781.54	77.555
781.73	77.413
781.91	77.279
782.10	77.212
782.28	77.133
782.47	77.070
782.65	76.969
782.84	76.889
783.02	76.857
783.21	76.780
783.39	76.712
783.58	76.641
783.76	76.577
783.95	76.550
784.13	76.555
784.32	76.538
784.50	76.519
784.69	76.566
784.87	76.596
785.05	76.634
785.24	76.667
785.42	76.734
785.61	76.800
785.79	76.892
785.98	76.967
786.16	77.011
786.35	77.098
786.53	77.173
786.72	77.269
786.90	77.320
787.09	77.394
787.27	77.499
787.45	77.642
787.64	77.787
787.82	77.893
788.01	77.996
788.19	78.150
788.38	78.287
788.56	78.369
788.75	78.499
788.93	78.655
789.11	78.755
789.30	78.876
789.48	79.014
789.67	79.151
789.85	79.263
790.04	79.475
790.22	79.650
790.40	79.833
790.59	79.997
790.77	80.168
790.96	80.384
791.14	80.571
791.32	80.745
791.51	80.919
791.69	81.141
791.88	81.368
792.06	81.582
792.25	81.762
792.43	82.050
792.61	82.282
792.80	82.479
792.98	82.723
793.17	82.923
793.35	83.118
793.53	83.356
793.72	83.608
793.90	83.821
794.08	84.041
794.27	84.281
794.45	84.559
794.64	84.833
794.82	85.049
795.00	85.254
795.19	85.467
795.37	85.695
795.55	85.875
795.74	86.070
795.92	86.279
796.11	86.504
796.29	86.683
796.47	86.865
796.66	87.062
796.84	87.322
797.02	87.561
797.21	87.782
797.39	87.993
797.58	88.197
797.76	88.391
797.94	88.617
798.13	88.824
798.31	89.031
798.49	89.232
798.68	89.413
798.86	89.657
799.04	89.844
799.23	90.061
799.41	90.227
799.59	90.403
799.78	90.541
799.96	90.719
800.14	90.868
800.33	91.044
800.51	91.229
800.69	91.297
800.88	91.456
801.06	91.658
801.24	91.767
801.43	91.892
801.61	91.957
801.79	92.012
801.98	92.090
802.16	92.160
802.34	92.201
802.52	92.296
802.71	92.309
802.89	92.398
803.07	92.435
803.26	92.492
803.44	92.512
803.62	92.531
803.81	92.588
803.99	92.600
804.17	92.597
804.35	92.579
804.54	92.558
804.72	92.555
804.90	92.472
805.09	92.487
805.27	92.477
805.45	92.509
805.63	92.476
805.82	92.442
806.00	92.375
806.18	92.334
806.37	92.268
806.55	92.199
806.73	92.140
806.91	92.048
807.10	91.983
807.28	91.913
807.46	91.830
807.64	91.710
807.83	91.610
808.01	91.534
808.19	91.366
808.37	91.259
808.56	91.094
808.74	90.994
808.92	90.816
809.10	90.664
809.29	90.518
809.47	90.391
809.65	90.182
809.83	90.033
810.02	89.871
810.20	89.704
810.38	89.502
810.56	89.278
810.75	89.114
810.93	88.941
811.11	88.751
811.29	88.587
811.47	88.413
811.66	88.193
811.84	87.950
812.02	87.791
812.20	87.616
812.39	87.464
812.57	87.256
812.75	87.124
812.93	86.951
813.11	86.745
813.30	86.583
813.48	86.426
813.66	86.202
813.84	86.007
814.02	85.810
814.21	85.651
814.39	85.429
814.57	85.228
814.75	85.000
814.93	84.773
815.12	84.538
815.30	84.301
815.48	84.060
815.66	83.864
815.84	83.659
816.03	83.417
816.21	83.134
816.39	82.923
816.57	82.620
816.75	82.312
816.93	82.066
817.12	81.764
817.30	81.481
817.48	81.219
817.66	80.973
817.84	80.762
818.02	80.546
818.21	80.318
818.39	80.111
818.57	79.873
818.75	79.654
818.93	79.442
819.11	79.206
819.30	79.039
819.48	78.852
819.66	78.662
819.84	78.553
820.02	78.366
820.20	78.171
820.38	77.987
820.57	77.872
820.75	77.707
820.93	77.565
821.11	77.423
821.29	77.320
821.47	77.160
821.65	76.987
821.83	76.810
822.02	76.705
822.20	76.503
822.38	76.410
822.56	76.298
822.74	76.193
822.92	76.053
823.10	75.945
823.28	75.771
823.46	75.636
823.65	75.459
823.83	75.348
824.01	75.278
824.19	75.190
824.37	75.044
824.55	74.902
824.73	74.777
824.91	74.684
825.09	74.566
825.27	74.465
825.46	74.377
825.64	74.278
825.82	74.207
826.00	74.158
826.18	74.096
826.36	74.034
826.54	74.009
826.72	74.042
826.90	74.008
827.08	74.032
827.26	73.992
827.44	73.994
827.63	74.019
827.81	74.037
827.99	74.038
828.17	74.103
828.35	74.178
828.53	74.236
828.71	74.350
828.89	74.433
829.07	74.543
829.25	74.623
829.43	74.745
829.61	74.809
829.79	74.879
829.97	74.987
830.15	75.105
830.33	75.165
830.51	75.200
830.69	75.282
830.87	75.315
831.06	75.519
831.24	75.607
831.42	75.678
831.60	75.735
831.78	75.858
831.96	75.957
832.14	76.060
832.32	76.257
832.50	76.324
832.68	76.416
832.86	76.487
833.04	76.597
833.22	76.698
833.40	76.851
833.58	77.011
833.76	77.097
833.94	77.220
834.12	77.380
834.30	77.525
834.48	77.696
834.66	77.896
834.84	78.010
835.02	78.181
835.20	78.390
835.38	78.588
835.56	78.774
835.74	78.958
835.92	79.162
836.10	79.245
836.28	79.469
836.46	79.670
836.64	79.847
836.82	80.049
837.00	80.216
837.18	80.381
837.36	80.566
837.54	80.720
837.72	80.918
837.90	81.130
838.08	81.365
838.26	81.595
838.43	81.794
838.61	81.995
838.79	82.186
838.97	82.346
839.15	82.495
839.33	82.680
839.51	82.822
839.69	82.993
839.87	83.178
840.05	83.359
840.23	83.532
840.41	83.671
840.59	83.784
840.77	83.937
840.95	84.056
841.13	84.178
841.31	84.318
841.49	84.378
841.67	84.432
841.84	84.520
842.02	84.542
842.20	84.664
842.38	84.670
842.56	84.748
842.74	84.877
842.92	84.958
843.10	85.039
843.28	85.117
843.46	85.172
843.64	85.214
843.82	85.292
843.99	85.320
844.17	85.456
844.35	85.616
844.53	85.743
844.71	85.890
844.89	85.926
845.07	86.084
845.25	86.236
845.43	86.341
845.61	86.415
845.78	86.543
845.96	86.597
846.14	86.756
846.32	86.873
846.50	86.926
846.68	87.071
846.86	87.096
847.04	87.212
847.22	87.258
847.39	87.378
847.57	87.386
847.75	87.422
847.93	87.390
848.11	87.399
848.29	87.444
848.47	87.411
848.65	87.486
848.82	87.449
849.00	87.451
849.18	87.437
849.36	87.413
849.54	87.468
849.72	87.426
849.89	87.426
850.07	87.448
850.25	87.412
850.43	87.279
850.61	87.250
850.79	87.155
850.97	87.174
851.14	87.109
851.32	87.050
851.50	87.047
851.68	87.020
851.86	87.010
852.04	86.924
852.21	86.917
852.39	86.852
852.57	86.839
852.75	86.802
852.93	86.721
853.10	86.685
853.28	86.510
853.46	86.470
853.64	86.334
853.82	86.149
854.00	86.037
854.17	85.947
854.35	85.827
854.53	85.722
854.71	85.515
854.89	85.342
855.06	85.223
855.24	85.068
855.42	84.970
855.60	84.779
855.78	84.658
855.95	84.471
856.13	84.335
856.31	84.104
856.49	83.882
856.66	83.741
856.84	83.514
857.02	83.435
857.20	83.318
857.38	83.143
857.55	82.983
857.73	82.747
857.91	82.630
858.09	82.381
858.26	82.213
858.44	82.092
858.62	81.948
858.80	81.765
858.97	81.585
859.15	81.389
859.33	81.150
859.51	80.934
859.68	80.694
859.86	80.456
860.04	80.290
860.22	80.083
860.39	79.835
860.57	79.603
860.75	79.283
860.93	79.011
861.10	78.829
861.28	78.647
861.46	78.436
861.64	78.199
861.81	78.083
861.99	77.841
862.17	77.604
862.35	77.385
862.52	77.190
862.70	76.978
862.88	76.761
863.05	76.592
863.23	76.334
863.41	76.232
863.59	76.044
863.76	75.909
863.94	75.821
864.12	75.710
864.29	75.537
864.47	75.343
864.65	75.176
864.83	74.932
865.00	74.733
865.18	74.630
865.36	74.442
865.53	74.264
865.71	74.197
865.89	73.984
866.06	73.818
866.24	73.615
866.42	73.479
866.59	73.339
866.77	73.182
866.95	73.091
867.12	72.873
867.30	72.739
867.48	72.529
867.65	72.278
867.83	72.123
868.01	72.023
868.18	71.908
868.36	71.717
868.54	71.613
868.71	71.514
868.89	71.402
869.07	71.254
869.24	71.178
869.42	71.010
869.60	70.977
869.77	70.919
869.95	70.795
870.13	70.714
870.30	70.644
870.48	70.495
870.66	70.397
870.83	70.360
871.01	70.219
871.18	70.162
871.36	70.174
871.54	70.071
871.71	70.060
871.89	70.063
872.07	70.025
872.24	70.006
872.42	69.991
872.59	69.921
872.77	69.950
872.95	69.890
873.12	69.804
873.30	69.722
873.48	69.737
873.65	69.796
873.83	69.744
874.00	69.633
874.18	69.680
874.36	69.702
874.53	69.651
874.71	69.677
874.88	69.696
875.06	69.659
875.24	69.660
875.41	69.599
875.59	69.567
875.76	69.617
875.94	69.572
876.11	69.527
876.29	69.506
876.47	69.547
876.64	69.545
876.82	69.573
876.99	69.612
877.17	69.541
877.35	69.497
877.52	69.575
877.70	69.668
877.87	69.694
878.05	69.742
878.22	69.751
878.40	69.864
878.57	69.844
878.75	69.909
878.93	69.968
879.10	70.075
879.28	70.201
879.45	70.295
879.63	70.403
879.80	70.457
879.98	70.539
880.15	70.530
880.33	70.570
880.50	70.701
880.68	70.830
880.86	70.979
881.03	71.127
881.21	71.224
881.38	71.394
881.56	71.574
881.73	71.696
881.91	71.836
882.08	71.905
882.26	72.114
882.43	72.194
882.61	72.390
882.78	72.482
882.96	72.595
883.13	72.687
883.31	72.900
883.48	73.080
883.66	73.256
883.83	73.444
884.01	73.596
884.18	73.752
884.36	73.928
884.53	74.010
884.71	74.138
884.88	74.323
885.06	74.387
885.23	74.460
885.41	74.549
885.58	74.662
885.76	74.880
885.93	74.972
886.11	75.162
886.28	75.252
886.46	75.301
886.63	75.419
886.81	75.533
886.98	75.588
887.15	75.716
887.33	75.855
887.50	76.002
887.68	76.175
887.85	76.265
888.03	76.308
888.20	76.488
888.38	76.643
888.55	76.728
888.73	76.797
888.90	76.856
889.08	77.052
889.25	77.169
889.42	77.223
889.60	77.313
889.77	77.317
889.95	77.439
890.12	77.607
890.30	77.684
890.47	77.793
890.64	77.913
890.82	77.977
890.99	78.027
891.17	78.131
891.34	78.188
891.52	78.237
891.69	78.311
891.86	78.369
892.04	78.429
892.21	78.477
892.39	78.677
892.56	78.837
892.73	78.778
892.91	78.902
893.08	79.055
893.26	79.084
893.43	79.285
893.60	79.300
893.78	79.391
893.95	79.432
894.13	79.510
894.30	79.669
894.47	79.824
894.65	79.982
894.82	80.075
895.00	80.188
895.17	80.398
895.34	80.577
895.52	80.726
895.69	80.811
895.86	80.925
896.04	80.964
896.21	81.083
896.39	81.287
896.56	81.411
896.73	81.387
896.91	81.488
897.08	81.520
897.25	81.679
897.43	81.737
897.60	81.834
897.77	81.871
897.95	81.766
898.12	81.719
898.30	81.778
898.47	81.751
898.64	81.763
898.82	81.616
898.99	81.493
899.16	81.414
899.34	81.324
899.51	81.210
899.68	81.127
899.86	81.033
900.03	80.790
900.20	80.636
900.38	80.601
900.55	80.605
900.72	80.538
900.90	80.436
901.07	80.433
901.24	80.306
901.41	80.299
901.59	80.242
901.76	80.144
901.93	80.059
902.11	79.877
902.28	79.790
902.45	79.850
902.63	79.911
902.80	79.872
902.97	79.852
903.15	79.947
903.32	79.956
903.49	79.850
903.66	79.912
903.84	79.883
904.01	79.808
904.18	79.740
904.36	79.618
904.53	79.521
904.70	79.425
904.87	79.477
905.05	79.271
905.22	79.237
905.39	79.183
905.56	79.132
905.74	79.115
905.91	78.945
906.08	78.808
906.26	78.700
906.43	78.558
906.60	78.383
906.77	78.055
906.95	77.871
907.12	77.759
907.29	77.594
907.46	77.581
907.64	77.483
907.81	77.290
907.98	77.127
908.15	76.973
908.33	76.881
908.50	76.606
908.67	76.533
908.84	76.422
909.01	76.214
909.19	76.025
909.36	75.817
909.53	75.762
909.70	75.555
909.88	75.501
910.05	75.346
910.22	75.286
910.39	75.222
910.57	75.184
910.74	75.097
910.91	74.956
911.08	74.731
911.25	74.601
911.43	74.454
911.60	74.322
911.77	74.190
911.94	73.872
912.11	73.820
912.29	73.511
912.46	73.228
912.63	73.086
912.80	72.894
912.97	72.698
913.15	72.564
913.32	72.425
913.49	72.112
913.66	72.037
913.83	71.852
914.00	71.667
914.18	71.442
914.35	71.311
914.52	71.173
914.69	70.921
914.86	70.667
915.03	70.516
915.21	70.440
915.38	70.179
915.55	70.111
915.72	69.832
915.89	69.817
916.06	69.764
916.24	69.692
916.41	69.514
916.58	69.579
916.75	69.297
916.92	69.143
917.09	68.944
917.26	68.601
917.44	68.390
917.61	68.234
917.78	68.055
917.95	67.821
918.12	67.590
918.29	67.538
918.46	67.411
918.64	67.203
918.81	67.067
918.98	67.018
919.15	66.907
919.32	66.829
919.49	66.644
919.66	66.455
919.83	66.298
920.00	66.128
920.18	65.935
920.35	65.994
920.52	65.951
920.69	66.042
920.86	66.077
921.03	65.986
921.20	65.984
921.37	65.945
921.54	65.789
921.71	65.786
921.89	65.675
922.06	65.675
922.23	65.754
922.40	65.706
922.57	65.588
922.74	65.509
922.91	65.416
923.08	65.410
923.25	65.376
923.42	65.326
923.59	65.417
923.76	65.273
923.93	65.145
924.11	65.037
924.28	64.875
924.45	64.929
924.62	65.077
924.79	65.015
924.96	64.880
925.13	64.875
925.30	64.873
925.47	64.845
925.64	64.707
925.81	64.654
925.98	64.575
926.15	64.588
926.32	64.519
926.49	64.599
926.66	64.563
926.83	64.548
927.00	64.521
927.17	64.378
927.34	64.547
927.51	64.579
927.69	64.667
927.86	64.657
928.03	64.447
928.20	64.434
928.37	64.362
928.54	64.412
928.71	64.486
928.88	64.437
929.05	64.541
929.22	64.706
929.39	64.644
929.56	64.763
929.73	64.768
929.90	64.911
930.07	64.900
930.24	65.016
930.41	64.993
930.58	65.059
930.75	65.181
930.92	65.003
931.09	65.023
931.26	64.973
931.43	65.020
931.60	65.139
931.77	64.999
931.94	65.109
932.11	65.206
932.27	65.280
932.44	65.380
932.61	65.339
932.78	65.244
932.95	65.403
933.12	65.293
933.29	65.392
933.46	65.338
933.63	65.271
933.80	65.197
933.97	65.262
934.14	65.355
934.31	65.258
934.48	65.357
934.65	65.335
934.82	65.540
934.99	65.597
935.16	65.693
935.33	65.858
935.50	66.067
935.67	66.065
935.84	66.062
936.00	66.077
936.17	66.255
936.34	66.453
936.51	66.613
936.68	66.676
936.85	66.732
937.02	66.853
937.19	66.996
937.36	67.143
937.53	67.303
937.70	67.399
937.87	67.508
938.03	67.630
938.20	67.715
938.37	67.685
938.54	67.780
938.71	67.756
938.88	67.929
939.05	67.832
939.22	67.989
939.39	68.088
939.56	68.305
939.72	68.239
939.89	68.230
940.06	68.146
940.23	68.096
940.40	68.222
940.57	68.440
940.74	68.466
940.91	68.509
941.08	68.493
941.24	68.631
941.41	68.801
941.58	68.955
941.75	69.027
941.92	69.146
942.09	69.201
942.26	69.317
942.42	69.243
942.59	69.438
942.76	69.734
942.93	69.956
943.10	69.863
943.27	70.007
943.44	70.204
943.60	70.332
943.77	70.421
943.94	70.682
944.11	70.603
944.28	70.668
944.45	70.654
944.61	70.636
944.78	70.545
944.95	70.683
945.12	70.818
945.29	70.954
945.46	70.892
945.62	70.871
945.79	71.028
945.96	71.463
946.13	71.487
946.30	71.386
946.46	71.473
946.63	71.631
946.80	71.790
946.97	71.887
947.14	72.074
947.31	72.569
947.47	72.709
947.64	72.909
947.81	73.305
947.98	73.642
948.15	73.764
948.31	73.997
948.48	74.002
948.65	74.052
948.82	74.285
948.98	74.392
949.15	74.582
949.32	74.768
949.49	74.591
949.66	74.713
949.82	74.503
949.99	74.547
950.16	74.545
950.33	74.326
950.49	74.249
950.66	74.110
950.83	73.798
951.00	73.451
951.16	73.208
951.33	73.029
951.50	72.971
951.67	72.909
951.83	72.852
952.00	73.018
952.17	72.973
952.34	73.000
952.50	73.244
952.67	73.252
952.84	73.162
953.01	73.088
953.17	73.031
953.34	73.308
953.51	73.273
953.68	73.091
953.84	73.196
954.01	73.118
954.18	72.843
954.34	72.964
954.51	73.267
954.68	73.277
954.85	73.424
955.01	73.405
955.18	73.997
955.35	73.670
955.51	73.375
955.68	73.417
955.85	73.567
956.02	73.266
956.18	73.469
956.35	73.444
956.52	73.448
956.68	73.538
956.85	73.377
957.02	73.344
957.18	73.553
957.35	73.305
957.52	73.414
957.69	73.635
957.85	73.704
958.02	73.393
958.19	73.367
958.35	72.907
958.52	72.588
958.69	72.059
958.85	72.427
959.02	72.524
959.19	72.190
959.35	71.985
959.52	72.085
959.69	72.090
959.85	71.833
960.02	71.811
960.19	71.287
960.35	70.943
960.52	70.597
960.68	70.399
960.85	70.583
961.02	70.336
961.18	70.255
961.35	69.699
961.52	69.768
961.68	69.777
961.85	69.824
962.02	69.958
962.18	69.829
962.35	69.346
962.51	69.244
962.68	69.315
962.85	69.154
963.01	68.557
963.18	68.041
963.35	67.777
963.51	67.536
963.68	67.778
963.84	67.996
964.01	68.172
964.18	68.136
964.34	68.037
964.51	67.867
964.67	67.610
964.84	67.781
965.01	67.179
965.17	67.175
965.34	67.254
965.50	66.803
965.67	66.763
965.84	66.724
966.00	66.844
966.17	66.815
966.33	66.740
966.50	66.725
966.66	66.536
966.83	66.477
967.00	66.299
967.16	66.219
967.33	65.710
967.49	65.409
967.66	65.489
967.82	65.261
967.99	65.348
968.16	65.480
968.32	65.422
968.49	65.414
968.65	65.436
968.82	65.221
968.98	65.599
969.15	65.321
969.31	65.492
969.48	65.042
969.64	64.828
969.81	64.660
969.98	64.784
970.14	65.223
970.31	65.572
970.47	65.642
970.64	65.246
970.80	65.487
970.97	64.883
971.13	64.540
971.30	64.220
971.46	64.264
971.63	63.935
971.79	63.920
971.96	63.839
972.12	63.492
972.29	62.879
972.45	62.230
972.62	62.318
972.78	61.957
972.95	61.677
973.11	61.264
973.28	61.086
973.44	61.216
973.61	60.762
973.77	60.186
973.94	59.851
974.10	60.139
974.27	60.658
974.43	60.928
974.60	60.651
974.76	60.905
974.93	60.508
975.09	60.176
975.26	59.759
975.42	59.691
975.59	59.221
975.75	60.036
975.92	60.256
976.08	59.659
976.24	59.541
976.41	59.162
976.57	59.315
976.74	59.194
976.90	58.732
977.07	57.997
977.23	58.269
977.40	57.970
977.56	57.103
977.73	55.934
977.89	56.071
978.05	55.879
978.22	55.213
978.38	55.029
978.55	55.405
978.71	55.550
978.88	55.533
979.04	55.528
979.20	55.156
979.37	55.309
979.53	55.307
979.70	55.940
979.86	56.233
980.03	56.117
980.19	55.899
980.35	55.982
980.52	56.060
980.68	55.829
980.85	55.938
981.01	56.033
981.17	56.509
981.34	55.882
981.50	55.991
981.67	56.014
981.83	55.826
981.99	55.054
982.16	54.376
982.32	53.679
982.49	53.592
982.65	53.593
982.81	54.321
982.98	54.596
983.14	54.074
983.30	54.422
983.47	54.321
983.63	53.767
983.80	53.857
983.96	53.731
984.12	54.322
984.29	55.080
984.45	54.814
984.61	54.303
984.78	54.859
984.94	55.069
985.10	55.835
985.27	56.047
985.43	56.962
985.59	57.008
985.76	57.624
985.92	58.030
986.08	57.806
986.25	56.750
986.41	57.744
986.57	57.656
986.74	57.226
986.90	57.628
987.06	58.156
987.23	58.223
987.39	58.170
987.55	57.060
987.72	55.795
987.88	55.340
988.04	55.589
988.21	55.699
988.37	55.428
988.53	55.261
988.70	55.867
988.86	54.992
989.02	55.510
989.19	55.555
989.35	56.002
989.51	55.387
989.67	54.539
989.84	53.632
990.00	53.033
990.16	53.404
990.33	53.522
990.49	54.089
990.65	53.440
990.82	54.056
990.98	54.064
991.14	54.333
991.30	56.551
991.47	55.650
991.63	56.258
991.79	56.707
991.95	57.108
992.12	56.880
992.28	56.697
992.44	56.476
992.61	56.056
992.77	55.778
992.93	56.288
993.09	56.106
993.26	56.359
993.42	56.544
993.58	56.710
993.74	55.568
993.91	55.897
994.07	55.841
994.23	56.676
994.39	57.059
994.55	56.323
994.72	55.402
994.88	56.068
995.04	55.099
995.20	55.294
995.37	54.584
995.53	54.631
995.69	54.941
995.85	54.433
996.02	54.650
996.18	54.614
996.34	55.012
996.50	55.752
996.66	56.393
996.83	56.639
996.99	56.220
997.15	57.695
997.31	55.948
997.47	56.325
997.64	55.070
997.80	55.625
997.96	58.489
998.12	58.624
998.28	60.064
998.45	59.503
998.61	60.038
998.77	58.217
998.93	58.916
999.09	60.137
999.25	61.086
999.42	63.069
999.58	61.982
999.74	59.778
999.90	59.779
1000.06	58.199
1000.22	59.321
1000.39	58.936
1000.55	58.532
1000.71	59.654
1000.87	61.342
1001.03	61.054
1001.19	61.635
1001.36	60.222
1001.52	58.743
1001.68	59.016
1001.84	61.486
1002.00	59.808
1002.16	62.195
1002.32	60.924
1002.49	58.273
1002.65	57.407
1002.81	55.469
1002.97	56.446
1003.13	59.296
1003.29	60.185
1003.45	61.145
1003.62	60.448
1003.78	60.736
1003.94	61.117
1004.10	60.079
1004.26	58.058
1004.42	59.033
1004.58	57.141
1004.74	57.059
1004.90	57.692
1005.07	54.952
1005.23	54.459
1005.39	55.984
1005.55	56.533
1005.71	56.012
1005.87	58.507
1006.03	60.175
1006.19	60.781
1006.35	61.076
1006.51	60.815
1006.67	60.529
1006.84	59.488
1007.00	59.621
1007.16	60.749
1007.32	59.548
1007.48	60.444
1007.64	61.466
1007.80	61.395
1007.96	61.177
1008.12	61.181
1008.28	61.525
1008.44	63.838
1008.60	63.634
1008.76	60.687
1008.92	59.091
1009.09	58.436
1009.25	58.323
1009.41	58.276
1009.57	58.654
1009.73	59.276
1009.89	59.129
1010.05	60.280
1010.21	60.619
1010.37	60.295
1010.53	59.889
1010.69	60.542
1010.85	59.840
1011.01	58.370
1011.17	56.620
1011.33	62.351
1011.49	62.862
1011.65	61.478
1011.81	62.978
1011.97	61.378
1012.13	65.171
1012.29	64.736
1012.45	64.778
1012.61	69.976
1012.77	66.771
1012.93	62.946
1013.09	59.757
1013.25	58.848
1013.41	57.975
1013.57	53.830
1013.73	52.678
1013.89	48.820
1014.05	47.542
1014.21	44.811
1014.37	45.278
1014.53	43.805
1014.69	38.264
1014.85	39.007
1015.01	42.328
1015.17	42.754
1015.33	41.957
1015.49	39.071
1015.65	46.944
1015.81	49.360
1015.97	40.112
1016.13	42.407
1016.29	50.547
1016.45	54.553
1016.61	59.310
1016.77	57.530
1016.93	62.556
1017.09	62.901
1017.25	66.133
1017.41	64.232
1017.56	70.206
1017.72	78.389
1017.88	78.396
1018.04	82.618
1018.20	82.632
1018.36	73.670
1018.52	68.746
1018.68	71.379
1018.84	77.399
1019.00	72.876
1019.16	70.215
1019.32	81.229
1019.48	81.061
1019.64	81.545
1019.79	71.626
1019.95	66.620
1020.11	71.092
1020.27	68.185
1020.43	70.202
1020.59	76.536
1020.75	76.093
1020.91	72.082
1021.07	62.295
1021.23	60.889
1021.39	57.300
1021.54	61.162
1021.70	65.789
1021.86	68.535
1022.02	70.255
1022.18	59.427
1022.34	57.184
1022.50	59.276
1022.66	49.743
1022.82	52.677
1022.97	52.352
1023.13	62.866
1023.29	63.979
1023.45	60.851
1023.61	67.359
1023.77	59.504
1023.93	53.447
1024.08	54.930
1024.24	56.644
1024.40	59.094
1024.56	70.929
1024.72	70.093
1024.88	56.554
1025.04	64.180
1025.19	62.139
1025.35	54.598
1025.51	56.996
1025.67	68.665
1025.83	66.331
1025.99	70.427
1026.14	66.709
1026.30	58.390
1026.46	48.497
1026.62	52.746
1026.78	51.039
1026.94	46.817
1027.09	57.580
1027.25	64.855
1027.41	69.970
1027.57	67.360
1027.73	66.736
1027.89	61.709
1028.04	65.651
1028.20	68.467
1028.36	62.412
1028.52	66.392
1028.68	62.459
1028.83	71.800
1028.99	68.271
1029.15	69.915
1029.31	70.252
1029.47	64.631
1029.62	67.054
1029.78	71.338
1029.94	71.719
1030.10	77.218
1030.25	77.107
1030.41	78.337
1030.57	72.544
1030.73	69.807
1030.89	69.062
1031.04	70.588
1031.20	73.232
1031.36	59.681
1031.52	66.610
1031.67	67.274
1031.83	51.370
1031.99	52.877
1032.15	44.168
1032.30	44.444
1032.46	32.466
1032.62	26.798
1032.78	52.251
1032.93	60.541
1033.09	49.505
1033.25	38.924
1033.41	22.892
1033.56	23.846
1033.72	55.882
1033.88	592.857
1034.04	11.392
1034.19	-1.818
1034.35	108.784
1034.51	-29.348
1034.66	52.482
1034.82	2600.000
1034.98	2600.000
1035.14	2600.000
