345.22	12.077
345.43	12.077
345.65	12.077
345.86	6.000
346.08	-82.955
346.29	-50.000
346.51	-11.712
346.72	175.758
346.94	-288.462
347.15	-83.871
347.37	-13.814
347.58	26.819
347.80	56.994
348.01	63.875
348.23	49.742
348.44	61.804
348.66	56.495
348.87	51.353
349.09	62.733
349.30	57.534
349.52	55.000
349.73	56.703
349.95	59.195
350.16	69.056
350.38	65.800
350.59	65.126
350.81	60.731
351.02	61.834
351.24	64.204
351.45	62.527
351.67	66.749
351.88	66.363
352.10	63.361
352.31	63.638
352.53	67.919
352.74	71.698
352.96	71.485
353.17	70.925
353.39	75.811
353.60	76.048
353.82	75.259
354.03	74.551
354.25	74.172
354.46	71.080
354.67	64.303
354.89	64.869
355.10	68.879
355.32	69.666
355.53	72.660
355.75	72.912
355.96	73.698
356.18	73.143
356.39	73.543
356.61	74.866
356.82	70.069
357.04	66.523
357.25	68.315
357.46	67.428
357.68	67.551
357.89	64.475
358.11	61.594
358.32	65.349
358.54	63.508
358.75	62.035
358.97	64.053
359.18	66.909
359.40	66.084
359.61	63.043
359.82	67.142
360.04	67.343
360.25	64.822
360.47	63.295
360.68	58.401
360.90	57.372
361.11	55.062
361.32	58.142
361.54	60.217
361.75	57.047
361.97	59.386
362.18	61.227
362.40	63.421
362.61	66.609
362.83	66.250
363.04	65.839
363.25	68.563
363.47	70.078
363.68	66.520
363.90	69.468
364.11	69.783
364.32	67.297
364.54	65.268
364.75	64.907
364.97	66.418
365.18	68.194
365.40	64.745
365.61	68.195
365.82	71.358
366.04	69.402
366.25	69.912
366.47	68.153
366.68	66.504
366.89	70.646
367.11	68.046
367.32	66.128
367.54	65.430
367.75	63.553
367.96	60.823
368.18	60.579
368.39	58.848
368.61	61.184
368.82	60.340
369.03	62.620
369.25	63.700
369.46	63.318
369.68	68.073
369.89	72.350
370.10	73.097
370.32	72.160
370.53	73.149
370.75	70.429
370.96	73.106
371.17	73.552
371.39	71.349
371.60	70.670
371.81	71.466
372.03	70.937
372.24	72.103
372.46	75.627
372.67	78.131
372.88	76.937
373.10	77.289
373.31	76.919
373.52	75.608
373.74	75.942
373.95	76.563
374.17	75.707
374.38	74.210
374.59	75.897
374.81	73.973
375.02	70.808
375.23	72.562
375.45	70.050
375.66	65.449
375.87	64.776
376.09	67.000
376.30	68.129
376.52	74.515
376.73	72.621
376.94	74.961
377.16	75.681
377.37	81.306
377.58	80.408
377.80	81.007
378.01	84.512
378.22	85.842
378.44	87.329
378.65	88.423
378.86	89.026
379.08	88.547
379.29	88.564
379.50	92.676
379.72	93.786
379.93	97.209
380.14	101.329
380.36	102.681
380.57	103.030
380.78	103.589
381.00	103.328
381.21	103.795
381.42	103.528
381.64	104.895
381.85	103.466
382.06	104.415
382.28	105.949
382.49	105.542
382.70	106.966
382.92	107.774
383.13	107.798
383.34	109.650
383.56	110.612
383.77	112.598
383.98	112.556
384.20	113.433
384.41	113.904
384.62	114.642
384.83	115.191
385.05	116.058
385.26	117.042
385.47	118.072
385.69	119.501
385.90	120.353
386.11	120.804
386.33	122.047
386.54	122.484
386.75	122.484
386.97	123.282
387.18	123.478
387.39	123.646
387.60	123.627
387.82	123.372
388.03	123.377
388.24	123.485
388.46	123.590
388.67	123.405
388.88	123.088
389.09	122.542
389.31	122.142
389.52	121.406
389.73	120.732
389.95	120.033
390.16	119.394
390.37	118.837
390.58	118.513
390.80	117.876
391.01	117.507
391.22	117.377
391.44	116.964
391.65	116.606
391.86	116.506
392.07	116.666
392.29	116.889
392.50	117.000
392.71	117.113
392.92	117.456
393.14	117.781
393.35	118.181
393.56	118.832
393.78	119.441
393.99	120.432
394.20	121.342
394.41	121.979
394.63	122.544
394.84	123.375
395.05	124.285
395.26	124.967
395.48	125.600
395.69	126.151
395.90	126.786
396.11	127.507
396.33	127.914
396.54	128.296
396.75	128.464
396.96	128.683
397.18	128.588
397.39	128.479
397.60	128.282
397.81	128.065
398.03	127.717
398.24	127.287
398.45	126.619
398.66	125.835
398.87	125.365
399.09	124.740
399.30	123.872
399.51	122.763
399.72	121.977
399.94	121.220
400.15	120.464
400.36	119.741
400.57	118.900
400.79	118.304
401.00	117.567
401.21	116.983
401.42	116.557
401.63	116.213
401.85	115.939
402.06	115.936
402.27	115.819
402.48	115.895
402.69	115.961
402.91	116.169
403.12	116.515
403.33	116.908
403.54	117.493
403.76	118.002
403.97	118.739
404.18	119.406
404.39	120.165
404.60	120.996
404.82	121.725
405.03	122.576
405.24	123.287
405.45	124.119
405.66	124.828
405.88	125.402
406.09	126.071
406.30	126.517
406.51	126.779
406.72	127.096
406.94	127.296
407.15	127.438
407.36	127.526
407.57	127.460
407.78	127.231
407.99	126.848
408.21	126.518
408.42	126.102
408.63	125.651
408.84	124.969
409.05	124.156
409.27	123.294
409.48	122.332
409.69	121.401
409.90	120.510
410.11	119.665
410.32	118.737
410.54	117.788
410.75	116.927
410.96	116.150
411.17	115.343
411.38	114.580
411.59	114.013
411.81	113.446
412.02	112.975
412.23	112.664
412.44	112.452
412.65	112.413
412.86	112.407
413.08	112.496
413.29	112.610
413.50	112.980
413.71	113.424
413.92	113.932
414.13	114.519
414.34	115.120
414.56	115.669
414.77	116.397
414.98	117.053
415.19	117.857
415.40	118.651
415.61	119.464
415.82	120.214
416.04	120.931
416.25	121.532
416.46	122.139
416.67	122.669
416.88	123.136
417.09	123.520
417.30	123.759
417.52	123.975
417.73	124.140
417.94	124.127
418.15	124.058
418.36	123.896
418.57	123.536
418.78	123.167
418.99	122.807
419.21	122.331
419.42	121.814
419.63	121.172
419.84	120.481
420.05	119.739
420.26	118.901
420.47	117.996
420.68	117.177
420.89	116.322
421.11	115.403
421.32	114.602
421.53	113.744
421.74	113.045
421.95	112.260
422.16	111.621
422.37	111.057
422.58	110.501
422.79	110.083
423.01	109.794
423.22	109.492
423.43	109.326
423.64	109.232
423.85	109.303
424.06	109.462
424.27	109.633
424.48	109.905
424.69	110.423
424.90	110.966
425.11	111.569
425.33	112.274
425.54	113.041
425.75	113.736
425.96	114.448
426.17	115.194
426.38	116.065
426.59	116.864
426.80	117.689
427.01	118.496
427.22	119.289
427.43	120.117
427.64	120.836
427.85	121.452
428.07	122.003
428.28	122.413
428.49	122.798
428.70	123.119
428.91	123.374
429.12	123.455
429.33	123.510
429.54	123.461
429.75	123.345
429.96	123.155
430.17	122.897
430.38	122.624
430.59	122.187
430.80	121.570
431.01	120.929
431.22	120.307
431.44	119.598
431.65	118.855
431.86	118.027
432.07	117.225
432.28	116.421
432.49	115.635
432.70	114.806
432.91	113.940
433.12	113.122
433.33	112.344
433.54	111.684
433.75	111.019
433.96	110.438
434.17	109.819
434.38	109.333
434.59	108.924
434.80	108.565
435.01	108.373
435.22	108.359
435.43	108.365
435.64	108.443
435.85	108.617
436.06	108.835
436.27	109.183
436.48	109.606
436.69	110.078
436.90	110.603
437.11	111.280
437.33	112.003
437.54	112.721
437.75	113.522
437.96	114.267
438.17	115.048
438.38	115.784
438.59	116.564
438.80	117.289
439.01	118.069
439.22	118.833
439.43	119.423
439.64	119.928
439.85	120.478
440.06	120.846
440.27	121.214
440.48	121.489
440.69	121.688
440.90	121.804
441.11	121.873
441.32	121.841
441.53	121.721
441.74	121.491
441.95	121.248
442.16	120.878
442.37	120.365
442.58	119.799
442.79	119.244
443.00	118.595
443.21	117.938
443.42	117.142
443.62	116.272
443.83	115.491
444.04	114.690
444.25	113.869
444.46	113.046
444.67	112.189
444.88	111.325
445.09	110.484
445.30	109.682
445.51	108.903
445.72	108.142
445.93	107.504
446.14	106.876
446.35	106.278
446.56	105.817
446.77	105.469
446.98	105.157
447.19	104.872
447.40	104.723
447.61	104.601
447.82	104.592
448.03	104.718
448.24	104.862
448.45	105.060
448.66	105.356
448.87	105.702
449.08	106.167
449.29	106.695
449.49	107.232
449.70	107.819
449.91	108.443
450.12	109.123
450.33	109.757
450.54	110.473
450.75	111.218
450.96	111.866
451.17	112.531
451.38	113.192
451.59	113.834
451.80	114.427
452.01	114.946
452.22	115.502
452.43	115.925
452.64	116.298
452.84	116.655
453.05	116.886
453.26	117.111
453.47	117.182
453.68	117.228
453.89	117.229
454.10	117.125
454.31	116.953
454.52	116.669
454.73	116.339
454.94	115.967
455.15	115.481
455.36	114.913
455.56	114.316
455.77	113.667
455.98	112.986
456.19	112.246
456.40	111.517
456.61	110.763
456.82	109.926
457.03	109.122
457.24	108.310
457.45	107.484
457.65	106.643
457.86	105.849
458.07	105.077
458.28	104.276
458.49	103.562
458.70	102.865
458.91	102.246
459.12	101.673
459.33	101.057
459.54	100.589
459.74	100.203
459.95	99.864
460.16	99.627
460.37	99.497
460.58	99.417
460.79	99.391
461.00	99.417
461.21	99.548
461.41	99.753
461.62	99.996
461.83	100.346
462.04	100.742
462.25	101.169
462.46	101.668
462.67	102.210
462.88	102.783
463.08	103.414
463.29	104.042
463.50	104.680
463.71	105.386
463.92	106.061
464.13	106.724
464.34	107.384
464.54	108.029
464.75	108.617
464.96	109.196
465.17	109.733
465.38	110.156
465.59	110.613
465.80	110.975
466.00	111.301
466.21	111.566
466.42	111.765
466.63	111.939
466.84	112.050
467.05	112.097
467.26	112.072
467.46	111.901
467.67	111.740
467.88	111.512
468.09	111.204
468.30	110.848
468.51	110.422
468.71	109.951
468.92	109.413
469.13	108.848
469.34	108.248
469.55	107.572
469.76	106.899
469.96	106.180
470.17	105.440
470.38	104.688
470.59	103.910
470.80	103.128
471.00	102.378
471.21	101.590
471.42	100.838
471.63	100.092
471.84	99.377
472.05	98.665
472.25	98.022
472.46	97.426
472.67	96.853
472.88	96.370
473.09	95.859
473.29	95.457
473.50	95.133
473.71	94.837
473.92	94.637
474.13	94.481
474.33	94.381
474.54	94.331
474.75	94.394
474.96	94.489
475.17	94.649
475.37	94.823
475.58	95.090
475.79	95.405
476.00	95.769
476.21	96.228
476.41	96.680
476.62	97.154
476.83	97.669
477.04	98.277
477.24	98.868
477.45	99.485
477.66	100.073
477.87	100.661
478.08	101.261
478.28	101.822
478.49	102.397
478.70	102.999
478.91	103.540
479.11	104.023
479.32	104.521
479.53	104.961
479.74	105.402
479.94	105.753
480.15	106.030
480.36	106.284
480.57	106.493
480.78	106.687
480.98	106.759
481.19	106.783
481.40	106.731
481.61	106.651
481.81	106.513
482.02	106.300
482.23	106.061
482.44	105.742
482.64	105.392
482.85	104.974
483.06	104.476
483.27	104.000
483.47	103.456
483.68	102.885
483.89	102.277
484.10	101.640
484.30	100.978
484.51	100.276
484.72	99.577
484.92	98.834
485.13	98.122
485.34	97.436
485.55	96.708
485.75	95.981
485.96	95.272
486.17	94.593
486.38	93.959
486.58	93.324
486.79	92.751
487.00	92.193
487.20	91.683
487.41	91.239
487.62	90.815
487.83	90.448
488.03	90.106
488.24	89.832
488.45	89.578
488.65	89.363
488.86	89.257
489.07	89.204
489.28	89.209
489.48	89.244
489.69	89.348
489.90	89.504
490.10	89.727
490.31	89.968
490.52	90.236
490.73	90.578
490.93	90.949
491.14	91.350
491.35	91.788
491.55	92.262
491.76	92.714
491.97	93.206
492.17	93.712
492.38	94.267
492.59	94.784
492.79	95.343
493.00	95.926
493.21	96.466
493.41	96.978
493.62	97.483
493.83	97.973
494.04	98.413
494.24	98.850
494.45	99.259
494.66	99.621
494.86	99.978
495.07	100.270
495.28	100.529
495.48	100.729
495.69	100.903
495.90	101.020
496.10	101.115
496.31	101.146
496.52	101.124
496.72	101.041
496.93	100.953
497.14	100.801
497.34	100.583
497.55	100.340
497.76	100.057
497.96	99.711
498.17	99.321
498.37	98.906
498.58	98.449
498.79	97.938
498.99	97.425
499.20	96.876
499.41	96.283
499.61	95.652
499.82	95.029
500.03	94.357
500.23	93.734
500.44	93.087
500.65	92.413
500.85	91.769
501.06	91.095
501.26	90.431
501.47	89.802
501.68	89.175
501.88	88.554
502.09	87.952
502.30	87.383
502.50	86.870
502.71	86.389
502.91	85.918
503.12	85.494
503.33	85.109
503.53	84.783
503.74	84.501
503.95	84.257
504.15	84.049
504.36	83.895
504.56	83.744
504.77	83.667
504.98	83.648
505.18	83.661
505.39	83.746
505.59	83.855
505.80	83.987
506.01	84.189
506.21	84.433
506.42	84.717
506.62	85.029
506.83	85.347
507.04	85.715
507.24	86.117
507.45	86.535
507.65	86.980
507.86	87.419
508.07	87.870
508.27	88.336
508.48	88.811
508.68	89.299
508.89	89.806
509.10	90.274
509.30	90.745
509.51	91.218
509.71	91.645
509.92	92.085
510.12	92.486
510.33	92.859
510.54	93.204
510.74	93.516
510.95	93.802
511.15	94.071
511.36	94.301
511.56	94.504
511.77	94.668
511.98	94.792
512.18	94.886
512.39	94.939
512.59	94.964
512.80	94.932
513.00	94.883
513.21	94.758
513.42	94.609
513.62	94.408
513.83	94.167
514.03	93.885
514.24	93.558
514.44	93.195
514.65	92.826
514.85	92.416
515.06	91.983
515.26	91.519
515.47	91.028
515.68	90.518
515.88	89.983
516.09	89.423
516.29	88.862
516.50	88.275
516.70	87.668
516.91	87.057
517.11	86.452
517.32	85.843
517.52	85.245
517.73	84.676
517.93	84.101
518.14	83.542
518.34	83.012
518.55	82.500
518.76	82.014
518.96	81.524
519.17	81.068
519.37	80.626
519.58	80.226
519.78	79.855
519.99	79.506
520.19	79.193
520.40	78.919
520.60	78.671
520.81	78.476
521.01	78.310
521.22	78.210
521.42	78.141
521.63	78.106
521.83	78.111
522.04	78.140
522.24	78.221
522.45	78.329
522.65	78.473
522.86	78.653
523.06	78.866
523.27	79.127
523.47	79.419
523.68	79.727
523.88	80.070
524.09	80.404
524.29	80.766
524.50	81.165
524.70	81.579
524.91	82.007
525.11	82.452
525.32	82.923
525.52	83.375
525.72	83.851
525.93	84.317
526.13	84.790
526.34	85.224
526.54	85.674
526.75	86.089
526.95	86.516
527.16	86.911
527.36	87.291
527.57	87.628
527.77	87.951
527.98	88.290
528.18	88.597
528.39	88.872
528.59	89.132
528.79	89.351
529.00	89.536
529.20	89.692
529.41	89.831
529.61	89.929
529.82	89.972
530.02	89.984
530.23	89.970
530.43	89.897
530.64	89.815
530.84	89.701
531.04	89.552
531.25	89.365
531.45	89.165
531.66	88.926
531.86	88.675
532.07	88.364
532.27	88.024
532.47	87.657
532.68	87.288
532.88	86.912
533.09	86.490
533.29	86.047
533.50	85.572
533.70	85.055
533.90	84.542
534.11	84.046
534.31	83.530
534.52	83.009
534.72	82.521
534.93	82.026
535.13	81.495
535.33	80.994
535.54	80.495
535.74	79.991
535.95	79.487
536.15	79.025
536.35	78.589
536.56	78.148
536.76	77.727
536.97	77.334
537.17	76.929
537.37	76.558
537.58	76.239
537.78	75.957
537.99	75.709
538.19	75.470
538.39	75.269
538.60	75.095
538.80	74.956
539.01	74.830
539.21	74.740
539.41	74.699
539.62	74.686
539.82	74.697
540.03	74.741
540.23	74.843
540.43	74.953
540.64	75.106
540.84	75.287
541.04	75.493
541.25	75.745
541.45	76.034
541.66	76.336
541.86	76.645
542.06	76.985
542.27	77.338
542.47	77.723
542.67	78.118
542.88	78.535
543.08	78.966
543.28	79.397
543.49	79.850
543.69	80.315
543.90	80.751
544.10	81.211
544.30	81.702
544.51	82.155
544.71	82.614
544.91	83.049
545.12	83.483
545.32	83.915
545.52	84.318
545.73	84.723
545.93	85.104
546.13	85.465
546.34	85.789
546.54	86.102
546.74	86.394
546.95	86.658
547.15	86.903
547.35	87.080
547.56	87.290
547.76	87.464
547.96	87.595
548.17	87.728
548.37	87.819
548.57	87.856
548.78	87.873
548.98	87.871
549.18	87.821
549.39	87.742
549.59	87.637
549.79	87.515
550.00	87.359
550.20	87.208
550.40	86.992
550.61	86.764
550.81	86.497
551.01	86.217
551.22	85.913
551.42	85.591
551.62	85.264
551.82	84.884
552.03	84.497
552.23	84.094
552.43	83.684
552.64	83.266
552.84	82.812
553.04	82.374
553.25	81.916
553.45	81.432
553.65	80.972
553.85	80.525
554.06	80.070
554.26	79.588
554.46	79.116
554.67	78.669
554.87	78.227
555.07	77.811
555.27	77.387
555.48	76.973
555.68	76.589
555.88	76.213
556.09	75.858
556.29	75.515
556.49	75.193
556.69	74.872
556.90	74.558
557.10	74.312
557.30	74.099
557.50	73.898
557.71	73.752
557.91	73.611
558.11	73.478
558.31	73.396
558.52	73.341
558.72	73.306
558.92	73.307
559.13	73.336
559.33	73.399
559.53	73.487
559.73	73.614
559.94	73.737
560.14	73.908
560.34	74.092
560.54	74.287
560.75	74.548
560.95	74.814
561.15	75.138
561.35	75.434
561.55	75.759
561.76	76.072
561.96	76.416
562.16	76.789
562.36	77.191
562.57	77.571
562.77	77.976
562.97	78.391
563.17	78.808
563.38	79.210
563.58	79.628
563.78	80.040
563.98	80.456
564.18	80.857
564.39	81.271
564.59	81.681
564.79	82.096
564.99	82.468
565.20	82.828
565.40	83.172
565.60	83.528
565.80	83.853
566.00	84.186
566.21	84.483
566.41	84.756
566.61	84.990
566.81	85.223
567.01	85.439
567.22	85.634
567.42	85.805
567.62	85.953
567.82	86.073
568.02	86.190
568.23	86.264
568.43	86.317
568.63	86.357
568.83	86.363
569.03	86.330
569.24	86.276
569.44	86.217
569.64	86.119
569.84	86.002
570.04	85.848
570.24	85.689
570.45	85.512
570.65	85.317
570.85	85.100
571.05	84.864
571.25	84.592
571.45	84.269
571.66	83.966
571.86	83.659
572.06	83.305
572.26	82.928
572.46	82.576
572.66	82.232
572.87	81.817
573.07	81.399
573.27	81.009
573.47	80.614
573.67	80.197
573.87	79.778
574.08	79.342
574.28	78.929
574.48	78.502
574.68	78.070
574.88	77.631
575.08	77.202
575.28	76.778
575.49	76.376
575.69	76.010
575.89	75.612
576.09	75.240
576.29	74.888
576.49	74.550
576.69	74.209
576.90	73.878
577.10	73.595
577.30	73.329
577.50	73.065
577.70	72.821
577.90	72.612
578.10	72.423
578.30	72.276
578.51	72.134
578.71	72.027
578.91	71.946
579.11	71.892
579.31	71.857
579.51	71.849
579.71	71.862
579.91	71.885
580.12	71.955
580.32	72.044
580.52	72.157
580.72	72.289
580.92	72.438
581.12	72.615
581.32	72.801
581.52	73.028
581.72	73.272
581.92	73.528
582.13	73.807
582.33	74.092
582.53	74.395
582.73	74.700
582.93	75.035
583.13	75.371
583.33	75.750
583.53	76.126
583.73	76.496
583.93	76.876
584.13	77.276
584.34	77.687
584.54	78.068
584.74	78.463
584.94	78.869
585.14	79.282
585.34	79.678
585.54	80.066
585.74	80.435
585.94	80.813
586.14	81.183
586.34	81.527
586.54	81.884
586.74	82.231
586.94	82.581
587.15	82.911
587.35	83.218
587.55	83.496
587.75	83.764
587.95	84.017
588.15	84.260
588.35	84.474
588.55	84.666
588.75	84.859
588.95	85.022
589.15	85.169
589.35	85.284
589.55	85.385
589.75	85.495
589.95	85.573
590.15	85.609
590.35	85.619
590.55	85.637
590.75	85.603
590.95	85.550
591.15	85.469
591.35	85.357
591.56	85.232
591.76	85.085
591.96	84.924
592.16	84.770
592.36	84.571
592.56	84.365
592.76	84.144
592.96	83.909
593.16	83.637
593.36	83.358
593.56	83.059
593.76	82.761
593.96	82.426
594.16	82.084
594.36	81.761
594.56	81.424
594.76	81.062
594.96	80.701
595.16	80.301
595.36	79.926
595.56	79.537
595.76	79.146
595.96	78.738
596.16	78.351
596.36	77.948
596.56	77.558
596.76	77.156
596.96	76.750
597.16	76.367
597.36	76.001
597.56	75.644
597.76	75.292
597.96	74.937
598.16	74.598
598.36	74.268
598.56	73.939
598.76	73.634
598.96	73.366
599.16	73.108
599.36	72.891
599.56	72.661
599.76	72.447
599.96	72.257
600.15	72.088
600.35	71.940
600.55	71.815
600.75	71.687
600.95	71.589
601.15	71.530
601.35	71.461
601.55	71.424
601.75	71.394
601.95	71.400
602.15	71.442
602.35	71.491
602.55	71.584
602.75	71.664
602.95	71.761
603.15	71.863
603.35	72.009
603.55	72.165
603.75	72.335
603.95	72.521
604.15	72.724
604.35	72.946
604.54	73.180
604.74	73.436
604.94	73.719
605.14	74.012
605.34	74.305
605.54	74.630
605.74	74.960
605.94	75.297
606.14	75.635
606.34	75.981
606.54	76.338
606.74	76.708
606.94	77.080
607.14	77.465
607.33	77.852
607.53	78.220
607.73	78.591
607.93	78.957
608.13	79.330
608.33	79.692
608.53	80.060
608.73	80.429
608.93	80.769
609.13	81.102
609.33	81.439
609.52	81.753
609.72	82.050
609.92	82.319
610.12	82.599
610.32	82.880
610.52	83.144
610.72	83.389
610.92	83.591
611.12	83.824
611.31	84.033
611.51	84.231
611.71	84.412
611.91	84.581
612.11	84.743
612.31	84.889
612.51	85.017
612.71	85.119
612.91	85.174
613.10	85.222
613.30	85.294
613.50	85.333
613.70	85.355
613.90	85.356
614.10	85.361
614.30	85.314
614.50	85.252
614.69	85.154
614.89	85.040
615.09	84.945
615.29	84.794
615.49	84.631
615.69	84.433
615.89	84.246
616.08	84.041
616.28	83.831
616.48	83.584
616.68	83.321
616.88	83.059
617.08	82.793
617.27	82.535
617.47	82.241
617.67	81.915
617.87	81.580
618.07	81.265
618.27	80.928
618.47	80.602
618.66	80.278
618.86	79.950
619.06	79.604
619.26	79.256
619.46	78.913
619.66	78.564
619.85	78.217
620.05	77.858
620.25	77.483
620.45	77.108
620.65	76.760
620.84	76.434
621.04	76.098
621.24	75.797
621.44	75.455
621.64	75.094
621.84	74.794
622.03	74.507
622.23	74.206
622.43	73.934
622.63	73.656
622.83	73.375
623.02	73.116
623.22	72.888
623.42	72.656
623.62	72.459
623.82	72.279
624.01	72.096
624.21	71.928
624.41	71.801
624.61	71.686
624.81	71.594
625.00	71.497
625.20	71.410
625.40	71.326
625.60	71.278
625.79	71.279
625.99	71.293
626.19	71.304
626.39	71.341
626.59	71.376
626.78	71.469
626.98	71.556
627.18	71.665
627.38	71.802
627.57	71.958
627.77	72.111
627.97	72.280
628.17	72.495
628.37	72.717
628.56	72.959
628.76	73.201
628.96	73.439
629.16	73.702
629.35	74.004
629.55	74.317
629.75	74.642
629.95	74.942
630.14	75.263
630.34	75.590
630.54	75.921
630.74	76.275
630.93	76.613
631.13	76.961
631.33	77.309
631.53	77.621
631.72	77.958
631.92	78.307
632.12	78.659
632.31	78.985
632.51	79.351
632.71	79.701
632.91	80.053
633.10	80.415
633.30	80.771
633.50	81.093
633.70	81.421
633.89	81.728
634.09	82.077
634.29	82.367
634.48	82.678
634.68	82.987
634.88	83.280
635.08	83.544
635.27	83.832
635.47	84.103
635.67	84.384
635.86	84.635
636.06	84.873
636.26	85.083
636.46	85.300
636.65	85.483
636.85	85.658
637.05	85.818
637.24	85.952
637.44	86.079
637.64	86.203
637.83	86.310
638.03	86.421
638.23	86.476
638.43	86.536
638.62	86.555
638.82	86.563
639.02	86.553
639.21	86.545
639.41	86.479
639.61	86.430
639.80	86.344
640.00	86.266
640.20	86.175
640.39	86.094
640.59	85.975
640.79	85.842
640.98	85.686
641.18	85.521
641.38	85.345
641.57	85.146
641.77	84.943
641.97	84.699
642.16	84.451
642.36	84.223
642.56	83.969
642.75	83.727
642.95	83.468
643.15	83.214
643.34	82.933
643.54	82.660
643.74	82.348
643.93	82.057
644.13	81.731
644.33	81.401
644.52	81.072
644.72	80.747
644.91	80.410
645.11	80.075
645.31	79.736
645.50	79.408
645.70	79.084
645.90	78.756
646.09	78.432
646.29	78.115
646.48	77.783
646.68	77.471
646.88	77.144
647.07	76.810
647.27	76.468
647.47	76.170
647.66	75.891
647.86	75.606
648.05	75.328
648.25	75.062
648.45	74.793
648.64	74.525
648.84	74.292
649.04	74.055
649.23	73.831
649.43	73.639
649.62	73.450
649.82	73.247
650.02	73.066
650.21	72.906
650.41	72.768
650.60	72.623
650.80	72.522
651.00	72.420
651.19	72.347
651.39	72.316
651.58	72.262
651.78	72.220
651.97	72.217
652.17	72.226
652.37	72.233
652.56	72.303
652.76	72.366
652.95	72.425
653.15	72.540
653.35	72.645
653.54	72.745
653.74	72.857
653.93	73.023
654.13	73.195
654.32	73.363
654.52	73.535
654.72	73.747
654.91	73.926
655.11	74.153
655.30	74.399
655.50	74.625
655.69	74.873
655.89	75.120
656.08	75.384
656.28	75.654
656.48	75.943
656.67	76.221
656.87	76.520
657.06	76.816
657.26	77.105
657.45	77.407
657.65	77.739
657.84	78.085
658.04	78.397
658.23	78.729
658.43	79.061
658.62	79.410
658.82	79.741
659.02	80.106
659.21	80.465
659.41	80.802
659.60	81.146
659.80	81.496
659.99	81.870
660.19	82.203
660.38	82.550
660.58	82.861
660.77	83.172
660.97	83.468
661.16	83.777
661.36	84.066
661.55	84.371
661.75	84.647
661.94	84.920
662.14	85.189
662.33	85.452
662.53	85.721
662.72	85.952
662.92	86.187
663.11	86.390
663.31	86.602
663.50	86.784
663.70	86.968
663.89	87.149
664.09	87.295
664.28	87.456
664.48	87.590
664.67	87.745
664.87	87.860
665.06	87.965
665.26	88.049
665.45	88.120
665.65	88.183
665.84	88.259
666.04	88.282
666.23	88.290
666.43	88.268
666.62	88.232
666.82	88.182
667.01	88.117
667.21	88.048
667.40	87.936
667.59	87.882
667.79	87.776
667.98	87.643
668.18	87.490
668.37	87.354
668.57	87.214
668.76	87.058
668.96	86.872
669.15	86.684
669.35	86.500
669.54	86.302
669.73	86.090
669.93	85.846
670.12	85.601
670.32	85.386
670.51	85.157
670.71	84.908
670.90	84.660
671.10	84.426
671.29	84.167
671.48	83.895
671.68	83.585
671.87	83.296
672.07	82.993
672.26	82.732
672.46	82.425
672.65	82.124
672.84	81.815
673.04	81.509
673.23	81.204
673.43	80.901
673.62	80.606
673.82	80.295
674.01	79.963
674.20	79.670
674.40	79.335
674.59	79.028
674.79	78.748
674.98	78.484
675.17	78.188
675.37	77.905
675.56	77.622
675.76	77.374
675.95	77.094
676.14	76.838
676.34	76.560
676.53	76.319
676.73	76.075
676.92	75.824
677.11	75.595
677.31	75.366
677.50	75.140
677.70	74.926
677.89	74.726
678.08	74.553
678.28	74.400
678.47	74.261
678.66	74.130
678.86	74.004
679.05	73.862
679.25	73.767
679.44	73.683
679.63	73.636
679.83	73.557
680.02	73.531
680.21	73.520
680.41	73.509
680.60	73.491
680.79	73.468
680.99	73.489
681.18	73.502
681.38	73.548
681.57	73.632
681.76	73.740
681.96	73.834
682.15	73.939
682.34	74.026
682.54	74.137
682.73	74.262
682.92	74.406
683.12	74.567
683.31	74.722
683.50	74.908
683.70	75.098
683.89	75.298
684.08	75.494
684.28	75.707
684.47	75.943
684.66	76.174
684.86	76.425
685.05	76.681
685.24	76.965
685.44	77.240
685.63	77.507
685.82	77.766
686.02	78.044
686.21	78.355
686.40	78.666
686.60	78.989
686.79	79.308
686.98	79.622
687.18	79.952
687.37	80.288
687.56	80.579
687.75	80.913
687.95	81.246
688.14	81.577
688.33	81.887
688.53	82.199
688.72	82.555
688.91	82.908
689.11	83.225
689.30	83.590
689.49	83.928
689.68	84.251
689.88	84.570
690.07	84.884
690.26	85.173
690.46	85.476
690.65	85.761
690.84	86.046
691.03	86.324
691.23	86.596
691.42	86.836
691.61	87.110
691.80	87.316
692.00	87.541
692.19	87.758
692.38	87.974
692.58	88.184
692.77	88.345
692.96	88.508
693.15	88.685
693.35	88.827
693.54	88.982
693.73	89.132
693.92	89.265
694.12	89.395
694.31	89.496
694.50	89.624
694.69	89.703
694.89	89.776
695.08	89.836
695.27	89.901
695.46	89.963
695.66	90.006
695.85	90.069
696.04	90.076
696.23	90.110
696.43	90.110
696.62	90.076
696.81	90.054
697.00	90.017
697.19	89.969
697.39	89.905
697.58	89.835
697.77	89.733
697.96	89.645
698.16	89.547
698.35	89.461
698.54	89.314
698.73	89.228
698.92	89.096
699.12	88.946
699.31	88.777
699.50	88.621
699.69	88.446
699.89	88.237
700.08	88.059
700.27	87.839
700.46	87.663
700.65	87.471
700.85	87.270
701.04	87.049
701.23	86.824
701.42	86.588
701.61	86.344
701.81	86.087
702.00	85.824
702.19	85.553
702.38	85.279
702.57	85.012
702.76	84.695
702.96	84.401
703.15	84.119
703.34	83.808
703.53	83.484
703.72	83.169
703.92	82.868
704.11	82.567
704.30	82.247
704.49	81.927
704.68	81.630
704.87	81.311
705.07	80.997
705.26	80.697
705.45	80.421
705.64	80.126
705.83	79.860
706.02	79.587
706.21	79.337
706.41	79.068
706.60	78.797
706.79	78.551
706.98	78.322
707.17	78.077
707.36	77.860
707.56	77.666
707.75	77.468
707.94	77.286
708.13	77.096
708.32	76.908
708.51	76.736
708.70	76.577
708.89	76.424
709.09	76.284
709.28	76.162
709.47	75.982
709.66	75.852
709.85	75.738
710.04	75.626
710.23	75.516
710.42	75.441
710.62	75.362
710.81	75.262
711.00	75.189
711.19	75.152
711.38	75.099
711.57	75.055
711.76	75.032
711.95	75.030
712.15	75.011
712.34	75.047
712.53	75.069
712.72	75.083
712.91	75.136
713.10	75.198
713.29	75.261
713.48	75.361
713.67	75.454
713.86	75.572
714.05	75.696
714.25	75.813
714.44	75.916
714.63	76.061
714.82	76.239
715.01	76.408
715.20	76.599
715.39	76.803
715.58	76.998
715.77	77.191
715.96	77.389
716.15	77.628
716.34	77.849
716.54	78.066
716.73	78.324
716.92	78.549
717.11	78.806
717.30	79.041
717.49	79.294
717.68	79.554
717.87	79.797
718.06	80.066
718.25	80.359
718.44	80.660
718.63	80.954
718.82	81.248
719.01	81.547
719.20	81.827
719.39	82.110
719.58	82.405
719.77	82.703
719.96	82.990
720.16	83.266
720.35	83.556
720.54	83.855
720.73	84.128
720.92	84.432
721.11	84.745
721.30	85.056
721.49	85.348
721.68	85.647
721.87	85.953
722.06	86.241
722.25	86.495
722.44	86.773
722.63	87.029
722.82	87.287
723.01	87.509
723.20	87.719
723.39	87.964
723.58	88.235
723.77	88.479
723.96	88.705
724.15	88.955
724.34	89.167
724.53	89.371
724.72	89.567
724.91	89.777
725.10	89.963
725.29	90.142
725.48	90.342
725.67	90.515
725.86	90.629
726.05	90.773
726.24	90.921
726.43	91.052
726.62	91.173
726.81	91.312
727.00	91.424
727.19	91.553
727.38	91.645
727.57	91.725
727.76	91.818
727.95	91.877
728.14	91.906
728.33	91.945
728.52	91.958
728.71	91.979
728.90	91.980
729.09	91.962
729.28	91.912
729.47	91.849
729.65	91.803
729.84	91.778
730.03	91.700
730.22	91.650
730.41	91.577
730.60	91.528
730.79	91.421
730.98	91.344
731.17	91.258
731.36	91.140
731.55	90.990
731.74	90.823
731.93	90.667
732.12	90.493
732.31	90.370
732.50	90.261
732.69	90.135
732.88	89.955
733.06	89.765
733.25	89.612
733.44	89.469
733.63	89.272
733.82	89.088
734.01	88.899
734.20	88.675
734.39	88.438
734.58	88.219
734.77	88.004
734.96	87.765
735.15	87.526
735.33	87.296
735.52	87.063
735.71	86.844
735.90	86.596
736.09	86.401
736.28	86.101
736.47	85.807
736.66	85.527
736.85	85.260
737.04	84.971
737.23	84.689
737.41	84.378
737.60	84.128
737.79	83.835
737.98	83.557
738.17	83.301
738.36	83.080
738.55	82.797
738.74	82.536
738.92	82.278
739.11	81.996
739.30	81.721
739.49	81.467
739.68	81.191
739.87	80.972
740.06	80.694
740.25	80.460
740.43	80.230
740.62	79.999
740.81	79.757
741.00	79.576
741.19	79.347
741.38	79.132
741.57	78.919
741.75	78.746
741.94	78.537
742.13	78.328
742.32	78.095
742.51	77.909
742.70	77.725
742.89	77.557
743.07	77.420
743.26	77.269
743.45	77.087
743.64	76.968
743.83	76.821
744.02	76.683
744.20	76.565
744.39	76.465
744.58	76.381
744.77	76.321
744.96	76.234
745.15	76.216
745.33	76.192
745.52	76.144
745.71	76.115
745.90	76.090
746.09	76.079
746.28	76.118
746.46	76.105
746.65	76.111
746.84	76.163
747.03	76.197
747.22	76.241
747.40	76.315
747.59	76.368
747.78	76.448
747.97	76.561
748.16	76.678
748.34	76.769
748.53	76.874
748.72	76.997
748.91	77.100
749.10	77.189
749.28	77.312
749.47	77.444
749.66	77.573
749.85	77.733
750.04	77.896
750.22	78.023
750.41	78.213
750.60	78.409
750.79	78.534
750.97	78.674
751.16	78.861
751.35	79.034
751.54	79.205
751.73	79.406
751.91	79.581
752.10	79.810
752.29	80.038
752.48	80.265
752.66	80.500
752.85	80.753
753.04	80.983
753.23	81.242
753.41	81.484
753.60	81.760
753.79	82.026
753.98	82.260
754.16	82.528
754.35	82.790
754.54	83.032
754.73	83.357
754.91	83.640
755.10	83.915
755.29	84.202
755.48	84.478
755.66	84.730
755.85	85.000
756.04	85.232
756.22	85.492
756.41	85.736
756.60	85.971
756.79	86.220
756.97	86.505
757.16	86.736
757.35	86.983
757.54	87.215
757.72	87.466
757.91	87.732
758.10	87.965
758.28	88.191
758.47	88.415
758.66	88.625
758.85	88.872
759.03	89.111
759.22	89.337
759.41	89.572
759.59	89.811
759.78	90.057
759.97	90.266
760.15	90.450
760.34	90.669
760.53	90.860
760.71	91.013
760.90	91.206
761.09	91.387
761.28	91.569
761.46	91.720
761.65	91.847
761.84	92.005
762.02	92.139
762.21	92.331
762.40	92.446
762.58	92.535
762.77	92.609
762.96	92.661
763.14	92.780
763.33	92.831
763.52	92.864
763.70	92.869
763.89	92.905
764.08	92.984
764.26	92.974
764.45	93.019
764.64	93.063
764.82	93.042
765.01	93.024
765.20	92.978
765.38	92.974
765.57	92.943
765.75	92.904
765.94	92.846
766.13	92.769
766.31	92.767
766.50	92.723
766.69	92.691
766.87	92.686
767.06	92.584
767.25	92.535
767.43	92.495
767.62	92.452
767.80	92.380
767.99	92.257
768.18	92.154
768.36	92.070
768.55	91.987
768.74	91.854
768.92	91.720
769.11	91.643
769.29	91.518
769.48	91.385
769.67	91.210
769.85	91.074
770.04	90.844
770.22	90.644
770.41	90.415
770.60	90.228
770.78	89.989
770.97	89.774
771.15	89.559
771.34	89.321
771.53	89.093
771.71	88.873
771.90	88.646
772.08	88.478
772.27	88.230
772.46	87.952
772.64	87.748
772.83	87.526
773.01	87.257
773.20	86.985
773.39	86.749
773.57	86.512
773.76	86.267
773.94	86.066
774.13	85.812
774.31	85.584
774.50	85.342
774.68	85.079
774.87	84.851
775.06	84.580
775.24	84.319
775.43	84.063
775.61	83.778
775.80	83.520
775.98	83.241
776.17	82.953
776.36	82.695
776.54	82.416
776.73	82.145
776.91	81.895
777.10	81.654
777.28	81.378
777.47	81.118
777.65	80.870
777.84	80.638
778.02	80.411
778.21	80.177
778.39	79.923
778.58	79.745
778.77	79.522
778.95	79.338
779.14	79.164
779.32	78.974
779.51	78.821
779.69	78.646
779.88	78.480
780.06	78.351
780.25	78.190
780.43	78.038
780.62	77.921
780.80	77.779
780.99	77.634
781.17	77.522
781.36	77.407
781.54	77.301
781.73	77.170
781.91	77.075
782.10	76.951
782.28	76.858
782.47	76.742
782.65	76.642
782.84	76.531
783.02	76.478
783.21	76.448
783.39	76.401
783.58	76.393
783.76	76.337
783.95	76.279
784.13	76.288
784.32	76.296
784.50	76.281
784.69	76.309
784.87	76.329
785.05	76.369
785.24	76.412
785.42	76.431
785.61	76.481
785.79	76.553
785.98	76.669
786.16	76.750
786.35	76.849
786.53	76.917
786.72	77.022
786.90	77.080
787.09	77.144
787.27	77.253
787.45	77.328
787.64	77.417
787.82	77.546
788.01	77.675
788.19	77.792
788.38	77.932
788.56	78.024
788.75	78.173
788.93	78.315
789.11	78.437
789.30	78.587
789.48	78.744
789.67	78.882
789.85	79.010
790.04	79.189
790.22	79.320
790.40	79.522
790.59	79.688
790.77	79.878
790.96	80.082
791.14	80.277
791.32	80.476
791.51	80.696
791.69	80.880
791.88	81.060
792.06	81.266
792.25	81.460
792.43	81.687
792.61	81.896
792.80	82.085
792.98	82.327
793.17	82.559
793.35	82.735
793.53	82.953
793.72	83.205
793.90	83.423
794.08	83.663
794.27	83.909
794.45	84.164
794.64	84.405
794.82	84.610
795.00	84.776
795.19	84.988
795.37	85.195
795.55	85.387
795.74	85.625
795.92	85.855
796.11	86.086
796.29	86.340
796.47	86.537
796.66	86.756
796.84	86.978
797.02	87.206
797.21	87.416
797.39	87.633
797.58	87.812
797.76	87.983
797.94	88.185
798.13	88.358
798.31	88.590
798.49	88.755
798.68	88.951
798.86	89.171
799.04	89.346
799.23	89.517
799.41	89.694
799.59	89.867
799.78	89.954
799.96	90.084
800.14	90.202
800.33	90.375
800.51	90.517
800.69	90.609
800.88	90.732
801.06	90.896
801.24	90.981
801.43	91.087
801.61	91.252
801.79	91.349
801.98	91.444
802.16	91.523
802.34	91.643
802.52	91.731
802.71	91.774
802.89	91.851
803.07	91.925
803.26	91.971
803.44	91.977
803.62	92.057
803.81	92.094
803.99	92.093
804.17	92.081
804.35	92.058
804.54	92.034
804.72	92.023
804.90	92.032
805.09	92.034
805.27	92.036
805.45	91.962
805.63	91.931
805.82	91.900
806.00	91.779
806.18	91.642
806.37	91.577
806.55	91.489
806.73	91.414
806.91	91.360
807.10	91.320
807.28	91.227
807.46	91.154
807.64	91.061
807.83	90.997
808.01	90.897
808.19	90.769
808.37	90.665
808.56	90.494
808.74	90.346
808.92	90.200
809.10	90.061
809.29	89.906
809.47	89.738
809.65	89.546
809.83	89.441
810.02	89.316
810.20	89.165
810.38	89.017
810.56	88.806
810.75	88.652
810.93	88.452
811.11	88.275
811.29	88.073
811.47	87.893
811.66	87.651
811.84	87.446
812.02	87.325
812.20	87.110
812.39	86.976
812.57	86.756
812.75	86.583
812.93	86.423
813.11	86.253
813.30	86.102
813.48	85.929
813.66	85.680
813.84	85.480
814.02	85.279
814.21	85.098
814.39	84.890
814.57	84.644
814.75	84.414
814.93	84.206
815.12	83.976
815.30	83.764
815.48	83.545
815.66	83.308
815.84	83.007
816.03	82.830
816.21	82.565
816.39	82.354
816.57	82.071
816.75	81.767
816.93	81.492
817.12	81.220
817.30	80.932
817.48	80.713
817.66	80.523
817.84	80.260
818.02	80.060
818.21	79.823
818.39	79.623
818.57	79.393
818.75	79.201
818.93	79.024
819.11	78.771
819.30	78.594
819.48	78.428
819.66	78.299
819.84	78.106
820.02	77.973
820.20	77.825
820.38	77.715
820.57	77.567
820.75	77.459
820.93	77.300
821.11	77.161
821.29	77.040
821.47	76.902
821.65	76.718
821.83	76.544
822.02	76.431
822.20	76.258
822.38	76.210
822.56	76.057
822.74	75.913
822.92	75.772
823.10	75.633
823.28	75.473
823.46	75.301
823.65	75.186
823.83	75.014
824.01	74.852
824.19	74.696
824.37	74.598
824.55	74.439
824.73	74.368
824.91	74.273
825.09	74.170
825.27	74.060
825.46	74.021
825.64	73.937
825.82	73.865
826.00	73.810
826.18	73.723
826.36	73.692
826.54	73.691
826.72	73.686
826.90	73.704
827.08	73.702
827.26	73.776
827.44	73.762
827.63	73.754
827.81	73.825
827.99	73.880
828.17	73.909
828.35	73.985
828.53	74.037
828.71	74.126
828.89	74.176
829.07	74.242
829.25	74.313
829.43	74.410
829.61	74.473
829.79	74.533
829.97	74.609
830.15	74.647
830.33	74.684
830.51	74.757
830.69	74.822
830.87	74.891
831.06	74.968
831.24	75.073
831.42	75.190
831.60	75.167
831.78	75.287
831.96	75.401
832.14	75.494
832.32	75.584
832.50	75.683
832.68	75.768
832.86	75.858
833.04	75.950
833.22	76.080
833.40	76.238
833.58	76.366
833.76	76.500
833.94	76.690
834.12	76.854
834.30	77.069
834.48	77.199
834.66	77.391
834.84	77.499
835.02	77.645
835.20	77.831
835.38	78.087
835.56	78.261
835.74	78.462
835.92	78.662
836.10	78.853
836.28	79.036
836.46	79.266
836.64	79.444
836.82	79.638
837.00	79.785
837.18	79.968
837.36	80.163
837.54	80.311
837.72	80.476
837.90	80.672
838.08	80.849
838.26	81.000
838.43	81.159
838.61	81.389
838.79	81.578
838.97	81.723
839.15	81.936
839.33	82.080
839.51	82.198
839.69	82.368
839.87	82.541
840.05	82.770
840.23	82.914
840.41	83.088
840.59	83.229
840.77	83.362
840.95	83.479
841.13	83.591
841.31	83.712
841.49	83.817
841.67	83.887
841.84	84.012
842.02	84.163
842.20	84.291
842.38	84.332
842.56	84.460
842.74	84.592
842.92	84.613
843.10	84.640
843.28	84.743
843.46	84.808
843.64	84.812
843.82	84.867
843.99	84.895
844.17	84.990
844.35	85.150
844.53	85.262
844.71	85.423
844.89	85.504
845.07	85.633
845.25	85.765
845.43	85.869
845.61	85.952
845.78	86.083
845.96	86.147
846.14	86.285
846.32	86.366
846.50	86.463
846.68	86.580
846.86	86.676
847.04	86.741
847.22	86.791
847.39	86.903
847.57	86.877
847.75	86.931
847.93	86.908
848.11	86.878
848.29	86.975
848.47	86.902
848.65	86.960
848.82	86.938
849.00	86.927
849.18	86.911
849.36	86.856
849.54	86.800
849.72	86.766
849.89	86.752
850.07	86.727
850.25	86.601
850.43	86.516
850.61	86.452
850.79	86.359
850.97	86.300
851.14	86.260
851.32	86.225
851.50	86.173
851.68	86.112
851.86	86.132
852.04	85.993
852.21	85.959
852.39	85.845
852.57	85.838
852.75	85.741
852.93	85.650
853.10	85.558
853.28	85.430
853.46	85.347
853.64	85.181
853.82	85.033
854.00	84.988
854.17	84.864
854.35	84.734
854.53	84.622
854.71	84.511
854.89	84.311
855.06	84.200
855.24	84.094
855.42	84.035
855.60	83.830
855.78	83.698
855.95	83.535
856.13	83.452
856.31	83.184
856.49	83.047
856.66	82.915
856.84	82.707
857.02	82.616
857.20	82.491
857.38	82.359
857.55	82.235
857.73	82.064
857.91	81.927
858.09	81.771
858.26	81.634
858.44	81.387
858.62	81.232
858.80	81.018
858.97	80.811
859.15	80.576
859.33	80.327
859.51	80.113
859.68	79.972
859.86	79.780
860.04	79.605
860.22	79.391
860.39	79.142
860.57	78.910
860.75	78.613
860.93	78.417
861.10	78.235
861.28	78.027
861.46	77.767
861.64	77.542
861.81	77.381
861.99	77.133
862.17	77.018
862.35	76.841
862.52	76.726
862.70	76.575
862.88	76.443
863.05	76.273
863.23	76.120
863.41	75.892
863.59	75.660
863.76	75.577
863.94	75.409
864.12	75.336
864.29	75.198
864.47	75.048
864.65	74.873
864.83	74.650
865.00	74.463
865.18	74.373
865.36	74.232
865.53	74.076
865.71	73.983
865.89	73.766
866.06	73.596
866.24	73.368
866.42	73.178
866.59	73.008
866.77	72.880
866.95	72.697
867.12	72.544
867.30	72.428
867.48	72.196
867.65	72.019
867.83	71.816
868.01	71.724
868.18	71.595
868.36	71.443
868.54	71.349
868.71	71.260
868.89	71.152
869.07	71.019
869.24	70.892
869.42	70.779
869.60	70.689
869.77	70.695
869.95	70.637
870.13	70.555
870.30	70.472
870.48	70.390
870.66	70.374
870.83	70.285
871.01	70.134
871.18	70.122
871.36	70.076
871.54	69.968
871.71	69.903
871.89	69.857
872.07	69.777
872.24	69.701
872.42	69.675
872.59	69.596
872.77	69.594
872.95	69.510
873.12	69.432
873.30	69.349
873.48	69.250
873.65	69.183
873.83	69.163
874.00	69.118
874.18	69.095
874.36	69.103
874.53	69.123
874.71	69.146
874.88	69.148
875.06	69.203
875.24	69.264
875.41	69.300
875.59	69.367
875.76	69.433
875.94	69.401
876.11	69.375
876.29	69.345
876.47	69.345
876.64	69.421
876.82	69.399
876.99	69.498
877.17	69.581
877.35	69.619
877.52	69.672
877.70	69.700
877.87	69.721
878.05	69.658
878.22	69.758
878.40	69.793
878.57	69.767
878.75	69.781
878.93	69.838
879.10	69.842
879.28	69.873
879.45	69.904
879.63	69.941
879.80	69.922
879.98	70.051
880.15	70.177
880.33	70.234
880.50	70.302
880.68	70.441
880.86	70.475
881.03	70.629
881.21	70.678
881.38	70.792
881.56	70.993
881.73	71.213
881.91	71.276
882.08	71.479
882.26	71.673
882.43	71.776
882.61	71.989
882.78	72.194
882.96	72.360
883.13	72.551
883.31	72.764
883.48	72.995
883.66	73.164
883.83	73.260
884.01	73.379
884.18	73.604
884.36	73.746
884.53	73.849
884.71	73.960
884.88	74.090
885.06	74.267
885.23	74.312
885.41	74.419
885.58	74.516
885.76	74.624
885.93	74.643
886.11	74.865
886.28	74.856
886.46	74.953
886.63	75.085
886.81	75.111
886.98	75.332
887.15	75.324
887.33	75.409
887.50	75.605
887.68	75.714
887.85	75.860
888.03	75.945
888.20	76.084
888.38	76.245
888.55	76.433
888.73	76.466
888.90	76.533
889.08	76.577
889.25	76.671
889.42	76.766
889.60	77.045
889.77	77.054
889.95	77.201
890.12	77.263
890.30	77.256
890.47	77.350
890.64	77.399
890.82	77.628
890.99	77.798
891.17	77.822
891.34	77.961
891.52	78.037
891.69	78.160
891.86	78.215
892.04	78.178
892.21	78.258
892.39	78.403
892.56	78.579
892.73	78.596
892.91	78.674
893.08	78.851
893.26	78.825
893.43	78.936
893.60	78.997
893.78	79.073
893.95	79.192
894.13	79.427
894.30	79.549
894.47	79.644
894.65	79.651
894.82	79.850
895.00	79.897
895.17	80.005
895.34	79.998
895.52	80.182
895.69	80.298
895.86	80.269
896.04	80.313
896.21	80.412
896.39	80.625
896.56	80.756
896.73	80.704
896.91	80.649
897.08	80.693
897.25	80.791
897.43	80.852
897.60	80.897
897.77	80.781
897.95	80.657
898.12	80.585
898.30	80.636
898.47	80.578
898.64	80.636
898.82	80.623
898.99	80.681
899.16	80.620
899.34	80.607
899.51	80.571
899.68	80.490
899.86	80.407
900.03	80.239
900.20	80.162
900.38	80.108
900.55	80.209
900.72	80.114
900.90	80.019
901.07	80.004
901.24	79.971
901.41	80.007
901.59	80.004
901.76	79.968
901.93	79.853
902.11	79.616
902.28	79.483
902.45	79.475
902.63	79.413
902.80	79.382
902.97	79.385
903.15	79.445
903.32	79.363
903.49	79.313
903.66	79.328
903.84	79.264
904.01	79.186
904.18	79.074
904.36	79.065
904.53	78.972
904.70	78.875
904.87	78.850
905.05	78.704
905.22	78.684
905.39	78.679
905.56	78.633
905.74	78.639
905.91	78.585
906.08	78.463
906.26	78.385
906.43	78.193
906.60	77.920
906.77	77.811
906.95	77.775
907.12	77.653
907.29	77.447
907.46	77.395
907.64	77.334
907.81	77.240
907.98	77.021
908.15	76.924
908.33	76.745
908.50	76.497
908.67	76.354
908.84	76.254
909.01	76.084
909.19	75.863
909.36	75.707
909.53	75.490
909.70	75.219
909.88	75.072
910.05	74.856
910.22	74.866
910.39	74.700
910.57	74.613
910.74	74.460
910.91	74.405
911.08	74.187
911.25	73.964
911.43	73.762
911.60	73.687
911.77	73.473
911.94	73.386
912.11	73.290
912.29	73.101
912.46	72.842
912.63	72.528
912.80	72.310
912.97	72.151
913.15	72.026
913.32	71.909
913.49	71.687
913.66	71.748
913.83	71.435
914.00	71.178
914.18	70.926
914.35	70.749
914.52	70.487
914.69	70.243
914.86	70.083
915.03	69.914
915.21	69.753
915.38	69.635
915.55	69.549
915.72	69.400
915.89	69.252
916.06	69.184
916.24	69.202
916.41	69.168
916.58	69.096
916.75	68.857
916.92	68.720
917.09	68.615
917.26	68.302
917.44	68.129
917.61	67.998
917.78	67.792
917.95	67.650
918.12	67.446
918.29	67.516
918.46	67.305
918.64	67.181
918.81	67.008
918.98	66.888
919.15	66.715
919.32	66.637
919.49	66.534
919.66	66.362
919.83	66.133
920.00	66.055
920.18	65.875
920.35	65.915
920.52	65.854
920.69	65.805
920.86	65.754
921.03	65.756
921.20	65.696
921.37	65.641
921.54	65.520
921.71	65.568
921.89	65.385
922.06	65.378
922.23	65.290
922.40	65.232
922.57	65.114
922.74	65.017
922.91	64.926
923.08	64.816
923.25	64.772
923.42	64.836
923.59	64.793
923.76	64.637
923.93	64.610
924.11	64.443
924.28	64.355
924.45	64.284
924.62	64.291
924.79	64.212
924.96	64.229
925.13	64.205
925.30	64.183
925.47	64.046
925.64	64.126
925.81	64.235
925.98	64.238
926.15	64.241
926.32	64.044
926.49	64.006
926.66	64.059
926.83	63.990
927.00	63.938
927.17	63.813
927.34	63.937
927.51	63.760
927.69	63.830
927.86	63.779
928.03	63.782
928.20	63.836
928.37	63.867
928.54	63.849
928.71	63.842
928.88	63.905
929.05	63.973
929.22	64.045
929.39	63.915
929.56	63.759
929.73	63.806
929.90	63.950
930.07	63.967
930.24	63.951
930.41	63.974
930.58	63.990
930.75	64.086
930.92	64.089
931.09	64.223
931.26	64.353
931.43	64.355
931.60	64.421
931.77	64.416
931.94	64.543
932.11	64.597
932.27	64.603
932.44	64.641
932.61	64.811
932.78	64.704
932.95	64.863
933.12	64.961
933.29	64.947
933.46	64.999
933.63	65.033
933.80	65.081
933.97	65.157
934.14	65.217
934.31	65.243
934.48	65.289
934.65	65.301
934.82	65.268
934.99	65.274
935.16	65.331
935.33	65.397
935.50	65.550
935.67	65.673
935.84	65.760
936.00	65.735
936.17	65.769
936.34	65.971
936.51	66.018
936.68	66.223
936.85	66.292
937.02	66.468
937.19	66.463
937.36	66.563
937.53	66.572
937.70	66.741
937.87	66.781
938.03	66.842
938.20	66.942
938.37	67.086
938.54	67.185
938.71	67.337
938.88	67.469
939.05	67.400
939.22	67.262
939.39	67.483
939.56	67.698
939.72	67.784
939.89	67.774
940.06	67.743
940.23	67.697
940.40	67.833
940.57	68.029
940.74	68.342
940.91	68.424
941.08	68.680
941.24	68.774
941.41	68.970
941.58	69.165
941.75	69.304
941.92	69.483
942.09	69.727
942.26	69.680
942.42	69.716
942.59	69.766
942.76	70.225
942.93	70.205
943.10	70.179
943.27	70.259
943.44	70.377
943.60	70.679
943.77	70.650
943.94	70.750
944.11	70.700
944.28	70.535
944.45	70.590
944.61	70.625
944.78	70.406
944.95	70.373
945.12	70.652
945.29	70.764
945.46	70.657
945.62	70.563
945.79	70.553
945.96	70.775
946.13	71.029
946.30	70.931
946.46	71.214
946.63	71.327
946.80	71.457
946.97	71.555
947.14	71.483
947.31	71.985
947.47	72.233
947.64	72.310
947.81	72.309
947.98	72.551
948.15	72.347
948.31	72.619
948.48	72.763
948.65	72.669
948.82	72.880
948.98	72.955
949.15	73.280
949.32	73.508
949.49	73.594
949.66	73.516
949.82	73.550
949.99	73.452
950.16	73.414
950.33	73.155
950.49	73.113
950.66	73.078
950.83	72.859
951.00	72.550
951.16	72.307
951.33	72.505
951.50	72.311
951.67	72.548
951.83	72.702
952.00	72.597
952.17	72.386
952.34	72.213
952.50	72.276
952.67	72.049
952.84	71.988
953.01	71.692
953.17	71.711
953.34	71.682
953.51	71.679
953.68	71.478
953.84	71.641
954.01	71.574
954.18	71.597
954.34	71.762
954.51	71.779
954.68	72.011
954.85	71.955
955.01	72.017
955.18	72.231
955.35	71.964
955.51	71.943
955.68	72.017
955.85	72.134
956.02	72.129
956.18	72.167
956.35	71.994
956.52	72.010
956.68	71.984
956.85	71.783
957.02	71.731
957.18	71.769
957.35	71.640
957.52	71.924
957.69	71.866
957.85	71.738
958.02	71.894
958.19	71.536
958.35	71.668
958.52	71.235
958.69	70.856
958.85	70.916
959.02	70.967
959.19	70.691
959.35	70.652
959.52	70.435
959.69	70.305
959.85	70.346
960.02	70.425
960.19	70.172
960.35	70.206
960.52	70.095
960.68	70.160
960.85	70.056
961.02	69.566
961.18	69.508
961.35	69.250
961.52	69.030
961.68	68.933
961.85	68.768
962.02	68.837
962.18	68.839
962.35	68.721
962.51	68.689
962.68	68.713
962.85	68.360
963.01	68.067
963.18	68.224
963.35	67.879
963.51	67.807
963.68	67.906
963.84	67.550
964.01	67.327
964.18	67.117
964.34	67.092
964.51	66.857
964.67	66.649
964.84	66.487
965.01	66.267
965.17	66.008
965.34	65.677
965.50	65.532
965.67	65.527
965.84	65.382
966.00	65.430
966.17	65.627
966.33	65.556
966.50	65.582
966.66	65.420
966.83	65.477
967.00	65.058
967.16	64.610
967.33	64.738
967.49	64.943
967.66	64.966
967.82	64.586
967.99	64.610
968.16	64.562
968.32	64.714
968.49	64.465
968.65	64.618
968.82	64.774
968.98	64.778
969.15	64.405
969.31	63.968
969.48	63.592
969.64	63.093
969.81	63.011
969.98	62.798
970.14	62.354
970.31	62.211
970.47	62.150
970.64	62.131
970.80	61.791
970.97	61.007
971.13	60.545
971.30	60.584
971.46	60.599
971.63	60.458
971.79	60.133
971.96	59.983
972.12	59.860
972.29	59.205
972.45	59.027
972.62	59.176
972.78	59.361
972.95	58.913
973.11	58.621
973.28	58.323
973.44	58.387
973.61	58.972
973.77	58.736
973.94	58.719
974.10	58.621
974.27	58.632
974.43	58.727
974.60	58.977
974.76	58.919
974.93	58.677
975.09	58.346
975.26	58.442
975.42	58.618
975.59	58.460
975.75	58.805
975.92	59.123
976.08	58.473
976.24	58.167
976.41	58.440
976.57	58.659
976.74	58.643
976.90	58.537
977.07	57.598
977.23	57.945
977.40	57.877
977.56	57.754
977.73	57.726
977.89	57.868
978.05	57.680
978.22	57.372
978.38	57.319
978.55	57.125
978.71	56.903
978.88	56.874
979.04	56.984
979.20	56.658
979.37	56.683
979.53	56.529
979.70	57.027
979.86	56.467
980.03	56.521
980.19	56.786
980.35	56.924
980.52	56.786
980.68	56.765
980.85	56.185
981.01	55.713
981.17	55.468
981.34	54.859
981.50	54.539
981.67	54.584
981.83	54.329
981.99	54.277
982.16	54.216
982.32	53.185
982.49	53.396
982.65	53.325
982.81	53.116
982.98	53.193
983.14	52.723
983.30	52.715
983.47	52.364
983.63	51.840
983.80	51.027
983.96	50.861
984.12	51.281
984.29	51.735
984.45	52.255
984.61	52.599
984.78	53.808
984.94	54.151
985.10	54.831
985.27	54.940
985.43	55.306
985.59	55.808
985.76	57.010
985.92	56.729
986.08	57.459
986.25	56.911
986.41	57.652
986.57	57.399
986.74	57.650
986.90	57.639
987.06	57.960
987.23	58.366
987.39	57.872
987.55	56.365
987.72	56.698
987.88	55.977
988.04	56.393
988.21	55.848
988.37	55.676
988.53	54.517
988.70	54.889
988.86	54.685
989.02	54.209
989.19	53.379
989.35	53.450
989.51	52.268
989.67	51.379
989.84	50.561
990.00	50.997
990.16	52.193
990.33	51.723
990.49	51.555
990.65	51.373
990.82	52.132
990.98	52.089
991.14	51.833
991.30	52.930
991.47	52.355
991.63	52.811
991.79	53.519
991.95	54.065
992.12	53.226
992.28	53.906
992.44	53.789
992.61	55.105
992.77	54.963
992.93	56.115
993.09	58.521
993.26	59.172
993.42	59.247
993.58	57.769
993.74	57.908
993.91	57.740
994.07	57.796
994.23	58.684
994.39	59.363
994.55	60.210
994.72	60.094
994.88	60.129
995.04	59.783
995.20	59.381
995.37	58.378
995.53	59.598
995.69	59.041
995.85	57.709
996.02	56.743
996.18	57.268
996.34	56.841
996.50	55.097
996.66	55.720
996.83	54.618
996.99	53.971
997.15	55.495
997.31	55.269
997.47	55.295
997.64	54.986
997.80	56.998
997.96	57.025
998.12	58.331
998.28	60.083
998.45	60.232
998.61	59.058
998.77	60.290
998.93	60.332
999.09	61.084
999.25	63.092
999.42	64.934
999.58	65.167
999.74	64.929
999.90	64.892
1000.06	64.399
1000.22	64.763
1000.39	65.481
1000.55	64.435
1000.71	63.987
1000.87	65.491
1001.03	65.445
1001.19	63.242
1001.36	62.299
1001.52	59.226
1001.68	57.553
1001.84	59.010
1002.00	59.441
1002.16	59.986
1002.32	58.503
1002.49	56.316
1002.65	55.326
1002.81	53.569
1002.97	52.137
1003.13	52.991
1003.29	54.942
1003.45	55.891
1003.62	56.961
1003.78	57.129
1003.94	58.016
1004.10	58.958
1004.26	58.192
1004.42	57.043
1004.58	58.127
1004.74	60.282
1004.90	62.345
1005.07	62.050
1005.23	60.931
1005.39	62.911
1005.55	62.450
1005.71	62.833
1005.87	66.504
1006.03	67.934
1006.19	67.301
1006.35	67.948
1006.51	67.167
1006.67	66.264
1006.84	64.394
1007.00	65.042
1007.16	67.005
1007.32	64.466
1007.48	65.463
1007.64	65.524
1007.80	65.106
1007.96	61.872
1008.12	60.454
1008.28	59.514
1008.44	63.398
1008.60	63.115
1008.76	63.094
1008.92	62.724
1009.09	62.681
1009.25	60.307
1009.41	57.609
1009.57	59.060
1009.73	59.871
1009.89	60.003
1010.05	60.145
1010.21	61.770
1010.37	57.651
1010.53	57.286
1010.69	59.783
1010.85	60.512
1011.01	59.722
1011.17	59.589
1011.33	64.099
1011.49	63.587
1011.65	63.497
1011.81	56.619
1011.97	57.069
1012.13	56.711
1012.29	58.414
1012.45	60.245
1012.61	63.365
1012.77	64.935
1012.93	63.043
1013.09	59.878
1013.25	61.595
1013.41	62.458
1013.57	58.576
1013.73	62.836
1013.89	57.106
1014.05	58.947
1014.21	56.814
1014.37	54.552
1014.53	54.971
1014.69	54.153
1014.85	54.430
1015.01	56.483
1015.17	62.888
1015.33	63.063
1015.49	61.495
1015.65	59.766
1015.81	57.684
1015.97	55.662
1016.13	57.319
1016.29	58.598
1016.45	63.877
1016.61	63.115
1016.77	60.631
1016.93	63.776
1017.09	60.050
1017.25	63.132
1017.41	61.272
1017.56	62.053
1017.72	71.337
1017.88	74.387
1018.04	74.869
1018.20	72.664
1018.36	73.820
1018.52	68.619
1018.68	68.908
1018.84	71.406
1019.00	69.197
1019.16	70.708
1019.32	73.150
1019.48	72.925
1019.64	72.830
1019.79	66.955
1019.95	67.912
1020.11	72.784
1020.27	65.376
1020.43	72.101
1020.59	70.804
1020.75	60.807
1020.91	64.286
1021.07	53.084
1021.23	44.792
1021.39	39.773
1021.54	46.328
1021.70	35.899
1021.86	32.379
1022.02	30.393
1022.18	29.794
1022.34	36.499
1022.50	32.587
1022.66	22.731
1022.82	14.800
1022.97	14.329
1023.13	22.676
1023.29	18.639
1023.45	19.359
1023.61	28.981
1023.77	25.465
1023.93	38.500
1024.08	49.701
1024.24	52.091
1024.40	53.276
1024.56	62.821
1024.72	77.125
1024.88	64.195
1025.04	67.288
1025.19	78.547
1025.35	70.142
1025.51	71.181
1025.67	65.764
1025.83	76.149
1025.99	88.337
1026.14	92.616
1026.30	115.199
1026.46	116.139
1026.62	109.437
1026.78	95.490
1026.94	80.790
1027.09	82.399
1027.25	66.685
1027.41	63.063
1027.57	58.202
1027.73	54.086
1027.89	50.944
1028.04	45.519
1028.20	44.924
1028.36	43.970
1028.52	37.134
1028.68	38.938
1028.83	36.096
1028.99	36.178
1029.15	35.404
1029.31	36.963
1029.47	40.118
1029.62	35.960
1029.78	28.617
1029.94	27.439
1030.10	23.990
1030.25	34.624
1030.41	25.293
1030.57	36.982
1030.73	33.002
1030.89	16.500
1031.04	28.431
1031.20	28.441
1031.36	25.398
1031.52	26.763
1031.67	46.962
1031.83	52.642
1031.99	59.718
1032.15	42.256
1032.30	39.290
1032.46	26.953
1032.62	12.694
1032.78	26.422
1032.93	26.211
1033.09	42.203
1033.25	32.290
1033.41	32.078
1033.56	18.000
1033.72	-411.765
1033.88	-207.143
1034.04	24.051
1034.19	98.182
1034.35	124.324
1034.51	14.130
1034.66	116.312
1034.82	350.000
1034.98	350.000
1035.14	350.000
