345.22	-30.435
345.43	-30.435
345.65	-30.435
345.86	57.500
346.08	119.318
346.29	23.913
346.51	77.477
346.72	222.727
346.94	-0.000
347.15	-147.312
347.37	10.722
347.58	100.624
347.80	157.411
348.01	155.829
348.23	121.859
348.44	117.333
348.66	114.522
348.87	112.882
349.09	113.817
349.30	101.743
349.52	93.125
349.73	102.462
349.95	96.909
350.16	102.571
350.38	103.099
350.59	96.988
350.81	90.112
351.02	85.158
351.24	83.315
351.45	80.511
351.67	85.179
351.88	87.503
352.10	79.856
352.31	78.257
352.53	84.357
352.74	86.000
352.96	89.182
353.17	86.577
353.39	88.808
353.60	88.865
353.82	92.210
354.03	91.326
354.25	84.380
354.46	82.427
354.67	79.177
354.89	78.530
355.10	82.395
355.32	82.676
355.53	84.740
355.75	81.864
355.96	83.505
356.18	81.818
356.39	78.485
356.61	86.088
356.82	85.207
357.04	77.833
357.25	75.744
357.46	73.947
357.68	75.126
357.89	72.941
358.11	72.585
358.32	74.043
358.54	74.151
358.75	77.157
358.97	82.811
359.18	83.700
359.40	84.343
359.61	84.399
359.82	84.143
360.04	83.988
360.25	83.418
360.47	79.356
360.68	76.533
360.90	77.782
361.11	73.785
361.32	73.693
361.54	77.894
361.75	77.720
361.97	74.093
362.18	73.869
362.40	73.222
362.61	72.987
362.83	73.777
363.04	70.257
363.25	69.613
363.47	67.514
363.68	68.722
363.90	68.649
364.11	68.404
364.32	69.353
364.54	65.851
364.75	65.756
364.97	67.742
365.18	68.218
365.40	66.881
365.61	63.285
365.82	62.459
366.04	62.541
366.25	60.964
366.47	62.930
366.68	59.702
366.89	61.423
367.11	58.081
367.32	56.930
367.54	58.174
367.75	59.618
367.96	58.660
368.18	55.828
368.39	55.221
368.61	57.105
368.82	57.344
369.03	60.102
369.25	65.256
369.46	67.635
369.68	69.672
369.89	69.994
370.10	71.839
370.32	75.040
370.53	73.445
370.75	71.131
370.96	73.549
371.17	73.630
371.39	72.500
371.60	74.177
371.81	75.166
372.03	75.655
372.24	76.742
372.46	81.437
372.67	82.854
372.88	82.049
373.10	81.547
373.31	78.867
373.52	76.147
373.74	71.744
373.95	71.434
374.17	70.738
374.38	75.840
374.59	78.006
374.81	76.756
375.02	74.311
375.23	79.426
375.45	75.657
375.66	75.731
375.87	75.960
376.09	77.606
376.30	77.678
376.52	80.590
376.73	76.104
376.94	74.260
377.16	76.503
377.37	78.230
377.58	76.482
377.80	79.752
378.01	81.573
378.22	83.943
378.44	83.454
378.65	85.826
378.86	84.375
379.08	84.554
379.29	84.506
379.50	89.026
379.72	87.692
379.93	91.293
380.14	94.965
380.36	97.153
380.57	99.603
380.78	99.462
381.00	101.000
381.21	102.447
381.42	104.676
381.64	104.182
381.85	105.029
382.06	105.694
382.28	106.991
382.49	107.803
382.70	109.181
382.92	110.674
383.13	110.348
383.34	111.104
383.56	112.968
383.77	114.953
383.98	115.091
384.20	116.825
384.41	117.156
384.62	117.659
384.83	118.467
385.05	118.850
385.26	120.260
385.47	120.636
385.69	121.927
385.90	122.557
386.11	123.106
386.33	123.672
386.54	124.065
386.75	124.152
386.97	124.558
387.18	124.484
387.39	124.733
387.60	124.334
387.82	124.551
388.03	123.905
388.24	123.789
388.46	123.621
388.67	123.267
388.88	123.002
389.09	122.278
389.31	121.799
389.52	121.239
389.73	120.300
389.95	119.865
390.16	119.254
390.37	118.675
390.58	118.315
390.80	117.796
391.01	117.531
391.22	117.241
391.44	116.757
391.65	116.433
391.86	116.119
392.07	116.598
392.29	116.475
392.50	116.791
392.71	116.904
392.92	117.346
393.14	117.596
393.35	117.920
393.56	118.548
393.78	119.030
393.99	119.779
394.20	120.678
394.41	121.372
394.63	121.959
394.84	122.781
395.05	123.680
395.26	124.413
395.48	125.160
395.69	125.673
395.90	126.393
396.11	127.050
396.33	127.582
396.54	127.965
396.75	128.313
396.96	128.399
397.18	128.434
397.39	128.233
397.60	128.248
397.81	128.115
398.03	127.828
398.24	127.453
398.45	126.844
398.66	126.229
398.87	125.590
399.09	124.952
399.30	124.056
399.51	123.104
399.72	122.299
399.94	121.439
400.15	120.746
400.36	119.919
400.57	119.171
400.79	118.537
401.00	117.679
401.21	117.070
401.42	116.638
401.63	116.287
401.85	116.032
402.06	115.848
402.27	115.776
402.48	115.781
402.69	115.874
402.91	116.104
403.12	116.348
403.33	116.854
403.54	117.455
403.76	117.945
403.97	118.592
404.18	119.252
404.39	119.985
404.60	120.682
404.82	121.550
405.03	122.299
405.24	122.930
405.45	123.761
405.66	124.486
405.88	125.122
406.09	125.640
406.30	126.102
406.51	126.421
406.72	126.678
406.94	126.892
407.15	127.032
407.36	127.120
407.57	127.109
407.78	126.831
407.99	126.364
408.21	126.042
408.42	125.606
408.63	125.065
408.84	124.360
409.05	123.668
409.27	122.825
409.48	121.895
409.69	121.063
409.90	120.198
410.11	119.355
410.32	118.481
410.54	117.640
410.75	116.808
410.96	116.020
411.17	115.288
411.38	114.620
411.59	113.970
411.81	113.369
412.02	112.904
412.23	112.554
412.44	112.369
412.65	112.248
412.86	112.266
413.08	112.377
413.29	112.586
413.50	112.996
413.71	113.395
413.92	113.886
414.13	114.391
414.34	114.975
414.56	115.486
414.77	116.120
414.98	116.767
415.19	117.564
415.40	118.381
415.61	119.123
415.82	119.840
416.04	120.630
416.25	121.275
416.46	121.932
416.67	122.573
416.88	123.019
417.09	123.533
417.30	123.804
417.52	124.019
417.73	124.108
417.94	124.076
418.15	124.020
418.36	123.951
418.57	123.657
418.78	123.306
418.99	122.964
419.21	122.523
419.42	121.985
419.63	121.341
419.84	120.648
420.05	119.896
420.26	119.058
420.47	118.148
420.68	117.307
420.89	116.427
421.11	115.494
421.32	114.679
421.53	113.794
421.74	113.077
421.95	112.381
422.16	111.747
422.37	111.164
422.58	110.656
422.79	110.163
423.01	109.875
423.22	109.616
423.43	109.480
423.64	109.378
423.85	109.501
424.06	109.643
424.27	109.868
424.48	110.181
424.69	110.675
424.90	111.186
425.11	111.824
425.33	112.513
425.54	113.213
425.75	113.943
425.96	114.666
426.17	115.412
426.38	116.230
426.59	117.042
426.80	117.850
427.01	118.635
427.22	119.432
427.43	120.222
427.64	120.897
427.85	121.484
428.07	122.086
428.28	122.494
428.49	122.901
428.70	123.218
428.91	123.423
429.12	123.535
429.33	123.601
429.54	123.579
429.75	123.413
429.96	123.215
430.17	122.959
430.38	122.658
430.59	122.145
430.80	121.571
431.01	120.987
431.22	120.342
431.44	119.545
431.65	118.794
431.86	117.954
432.07	117.137
432.28	116.266
432.49	115.421
432.70	114.600
432.91	113.736
433.12	112.866
433.33	112.095
433.54	111.425
433.75	110.761
433.96	110.151
434.17	109.575
434.38	109.111
434.59	108.716
434.80	108.371
435.01	108.305
435.22	108.254
435.43	108.258
435.64	108.368
435.85	108.604
436.06	108.837
436.27	109.185
436.48	109.635
436.69	110.143
436.90	110.720
437.11	111.377
437.33	112.050
437.54	112.804
437.75	113.625
437.96	114.301
438.17	115.056
438.38	115.752
438.59	116.506
438.80	117.236
439.01	118.027
439.22	118.751
439.43	119.246
439.64	119.755
439.85	120.231
440.06	120.591
440.27	120.987
440.48	121.280
440.69	121.484
440.90	121.569
441.11	121.695
441.32	121.667
441.53	121.510
441.74	121.296
441.95	121.017
442.16	120.615
442.37	120.185
442.58	119.665
442.79	119.153
443.00	118.562
443.21	117.880
443.42	117.103
443.62	116.243
443.83	115.539
444.04	114.749
444.25	113.955
444.46	113.102
444.67	112.229
444.88	111.396
445.09	110.618
445.30	109.835
445.51	109.015
445.72	108.235
445.93	107.593
446.14	107.042
446.35	106.476
446.56	106.033
446.77	105.659
446.98	105.327
447.19	105.065
447.40	104.879
447.61	104.752
447.82	104.730
448.03	104.855
448.24	104.980
448.45	105.222
448.66	105.511
448.87	105.897
449.08	106.342
449.29	106.808
449.49	107.312
449.70	107.896
449.91	108.494
450.12	109.178
450.33	109.859
450.54	110.497
450.75	111.194
450.96	111.847
451.17	112.521
451.38	113.189
451.59	113.799
451.80	114.376
452.01	114.953
452.22	115.452
452.43	115.925
452.64	116.258
452.84	116.547
453.05	116.791
453.26	117.027
453.47	117.137
453.68	117.215
453.89	117.157
454.10	117.025
454.31	116.865
454.52	116.606
454.73	116.256
454.94	115.858
455.15	115.394
455.36	114.863
455.56	114.243
455.77	113.595
455.98	112.943
456.19	112.229
456.40	111.482
456.61	110.728
456.82	109.867
457.03	109.055
457.24	108.241
457.45	107.430
457.65	106.573
457.86	105.749
458.07	104.966
458.28	104.197
458.49	103.521
458.70	102.835
458.91	102.197
459.12	101.633
459.33	101.108
459.54	100.654
459.74	100.264
459.95	99.921
460.16	99.697
460.37	99.527
460.58	99.459
460.79	99.445
461.00	99.477
461.21	99.603
461.41	99.800
461.62	100.072
461.83	100.392
462.04	100.787
462.25	101.192
462.46	101.717
462.67	102.273
462.88	102.864
463.08	103.506
463.29	104.100
463.50	104.739
463.71	105.427
463.92	106.106
464.13	106.755
464.34	107.438
464.54	108.099
464.75	108.696
464.96	109.260
465.17	109.776
465.38	110.228
465.59	110.679
465.80	111.062
466.00	111.374
466.21	111.693
466.42	111.909
466.63	112.101
466.84	112.202
467.05	112.228
467.26	112.157
467.46	111.996
467.67	111.829
467.88	111.594
468.09	111.254
468.30	110.897
468.51	110.472
468.71	109.980
468.92	109.448
469.13	108.875
469.34	108.268
469.55	107.598
469.76	106.924
469.96	106.200
470.17	105.470
470.38	104.732
470.59	103.902
470.80	103.094
471.00	102.334
471.21	101.543
471.42	100.814
471.63	100.084
471.84	99.388
472.05	98.712
472.25	98.079
472.46	97.485
472.67	96.909
472.88	96.411
473.09	95.936
473.29	95.480
473.50	95.148
473.71	94.853
473.92	94.634
474.13	94.450
474.33	94.368
474.54	94.342
474.75	94.384
474.96	94.494
475.17	94.676
475.37	94.869
475.58	95.143
475.79	95.477
476.00	95.845
476.21	96.280
476.41	96.739
476.62	97.242
476.83	97.781
477.04	98.355
477.24	98.933
477.45	99.556
477.66	100.177
477.87	100.765
478.08	101.386
478.28	101.927
478.49	102.551
478.70	103.134
478.91	103.665
479.11	104.154
479.32	104.658
479.53	105.085
479.74	105.513
479.94	105.851
480.15	106.136
480.36	106.387
480.57	106.582
480.78	106.749
480.98	106.799
481.19	106.795
481.40	106.731
481.61	106.659
481.81	106.484
482.02	106.272
482.23	106.048
482.44	105.697
482.64	105.368
482.85	104.934
483.06	104.443
483.27	103.951
483.47	103.419
483.68	102.848
483.89	102.244
484.10	101.590
484.30	100.929
484.51	100.211
484.72	99.535
484.92	98.807
485.13	98.101
485.34	97.395
485.55	96.701
485.75	96.011
485.96	95.296
486.17	94.647
486.38	94.001
486.58	93.353
486.79	92.776
487.00	92.222
487.20	91.726
487.41	91.261
487.62	90.839
487.83	90.472
488.03	90.118
488.24	89.852
488.45	89.627
488.65	89.452
488.86	89.341
489.07	89.245
489.28	89.221
489.48	89.259
489.69	89.398
489.90	89.538
490.10	89.746
490.31	90.007
490.52	90.281
490.73	90.618
490.93	90.992
491.14	91.402
491.35	91.836
491.55	92.289
491.76	92.773
491.97	93.284
492.17	93.783
492.38	94.307
492.59	94.832
492.79	95.389
493.00	95.928
493.21	96.472
493.41	97.004
493.62	97.523
493.83	98.013
494.04	98.434
494.24	98.868
494.45	99.268
494.66	99.617
494.86	99.962
495.07	100.244
495.28	100.518
495.48	100.719
495.69	100.905
495.90	101.032
496.10	101.126
496.31	101.143
496.52	101.121
496.72	101.075
496.93	100.963
497.14	100.794
497.34	100.576
497.55	100.327
497.76	100.034
497.96	99.697
498.17	99.299
498.37	98.885
498.58	98.418
498.79	97.903
498.99	97.388
499.20	96.824
499.41	96.236
499.61	95.594
499.82	94.983
500.03	94.326
500.23	93.684
500.44	93.011
500.65	92.351
500.85	91.693
501.06	91.022
501.26	90.379
501.47	89.724
501.68	89.100
501.88	88.493
502.09	87.917
502.30	87.349
502.50	86.838
502.71	86.364
502.91	85.925
503.12	85.519
503.33	85.139
503.53	84.819
503.74	84.533
503.95	84.292
504.15	84.069
504.36	83.900
504.56	83.785
504.77	83.730
504.98	83.687
505.18	83.722
505.39	83.784
505.59	83.901
505.80	84.073
506.01	84.291
506.21	84.540
506.42	84.802
506.62	85.111
506.83	85.447
507.04	85.794
507.24	86.178
507.45	86.589
507.65	87.032
507.86	87.464
508.07	87.925
508.27	88.411
508.48	88.907
508.68	89.409
508.89	89.893
509.10	90.343
509.30	90.815
509.51	91.268
509.71	91.720
509.92	92.132
510.12	92.530
510.33	92.898
510.54	93.222
510.74	93.549
510.95	93.850
511.15	94.090
511.36	94.335
511.56	94.544
511.77	94.698
511.98	94.816
512.18	94.905
512.39	94.950
512.59	94.948
512.80	94.900
513.00	94.831
513.21	94.693
513.42	94.558
513.62	94.356
513.83	94.131
514.03	93.838
514.24	93.511
514.44	93.146
514.65	92.768
514.85	92.378
515.06	91.945
515.26	91.466
515.47	90.985
515.68	90.453
515.88	89.904
516.09	89.366
516.29	88.801
516.50	88.232
516.70	87.640
516.91	87.051
517.11	86.459
517.32	85.858
517.52	85.275
517.73	84.707
517.93	84.134
518.14	83.586
518.34	83.051
518.55	82.554
518.76	82.074
518.96	81.588
519.17	81.116
519.37	80.674
519.58	80.273
519.78	79.911
519.99	79.571
520.19	79.267
520.40	78.996
520.60	78.772
520.81	78.571
521.01	78.397
521.22	78.291
521.42	78.209
521.63	78.166
521.83	78.150
522.04	78.176
522.24	78.267
522.45	78.369
522.65	78.545
522.86	78.719
523.06	78.934
523.27	79.190
523.47	79.478
523.68	79.798
523.88	80.137
524.09	80.484
524.29	80.862
524.50	81.266
524.70	81.683
524.91	82.099
525.11	82.528
525.32	82.995
525.52	83.446
525.72	83.913
525.93	84.374
526.13	84.847
526.34	85.285
526.54	85.739
526.75	86.146
526.95	86.540
527.16	86.924
527.36	87.304
527.57	87.654
527.77	87.985
527.98	88.299
528.18	88.602
528.39	88.869
528.59	89.122
528.79	89.333
529.00	89.495
529.20	89.654
529.41	89.799
529.61	89.892
529.82	89.936
530.02	89.953
530.23	89.947
530.43	89.894
530.64	89.829
530.84	89.691
531.04	89.530
531.25	89.358
531.45	89.169
531.66	88.924
531.86	88.647
532.07	88.329
532.27	87.992
532.47	87.629
532.68	87.255
532.88	86.871
533.09	86.439
533.29	85.996
533.50	85.522
533.70	85.009
533.90	84.519
534.11	84.034
534.31	83.514
534.52	82.997
534.72	82.502
534.93	81.990
535.13	81.483
535.33	80.994
535.54	80.476
535.74	79.975
535.95	79.469
536.15	79.009
536.35	78.562
536.56	78.137
536.76	77.705
536.97	77.314
537.17	76.917
537.37	76.570
537.58	76.264
537.78	75.984
537.99	75.750
538.19	75.507
538.39	75.277
538.60	75.118
538.80	74.967
539.01	74.829
539.21	74.746
539.41	74.698
539.62	74.674
539.82	74.693
540.03	74.743
540.23	74.850
540.43	74.966
540.64	75.138
540.84	75.313
541.04	75.531
541.25	75.799
541.45	76.065
541.66	76.350
541.86	76.667
542.06	77.005
542.27	77.351
542.47	77.747
542.67	78.140
542.88	78.539
543.08	78.969
543.28	79.425
543.49	79.855
543.69	80.311
543.90	80.771
544.10	81.231
544.30	81.711
544.51	82.157
544.71	82.636
544.91	83.064
545.12	83.495
545.32	83.911
545.52	84.292
545.73	84.714
545.93	85.098
546.13	85.426
546.34	85.762
546.54	86.071
546.74	86.336
546.95	86.627
547.15	86.880
547.35	87.084
547.56	87.277
547.76	87.463
547.96	87.599
548.17	87.723
548.37	87.817
548.57	87.845
548.78	87.854
548.98	87.835
549.18	87.783
549.39	87.690
549.59	87.595
549.79	87.469
550.00	87.301
550.20	87.140
550.40	86.935
550.61	86.704
550.81	86.452
551.01	86.182
551.22	85.868
551.42	85.530
551.62	85.181
551.82	84.795
552.03	84.434
552.23	84.027
552.43	83.607
552.64	83.171
552.84	82.738
553.04	82.304
553.25	81.840
553.45	81.366
553.65	80.915
553.85	80.476
554.06	80.027
554.26	79.560
554.46	79.092
554.67	78.650
554.87	78.187
555.07	77.763
555.27	77.338
555.48	76.924
555.68	76.543
555.88	76.171
556.09	75.821
556.29	75.455
556.49	75.146
556.69	74.833
556.90	74.543
557.10	74.290
557.30	74.079
557.50	73.874
557.71	73.723
557.91	73.593
558.11	73.462
558.31	73.382
558.52	73.327
558.72	73.313
558.92	73.316
559.13	73.358
559.33	73.412
559.53	73.492
559.73	73.628
559.94	73.749
560.14	73.916
560.34	74.101
560.54	74.310
560.75	74.561
560.95	74.810
561.15	75.129
561.35	75.430
561.55	75.741
561.76	76.092
561.96	76.419
562.16	76.778
562.36	77.178
562.57	77.554
562.77	77.955
562.97	78.338
563.17	78.745
563.38	79.146
563.58	79.574
563.78	80.006
563.98	80.410
564.18	80.830
564.39	81.234
564.59	81.641
564.79	82.050
564.99	82.416
565.20	82.796
565.40	83.120
565.60	83.461
565.80	83.801
566.00	84.096
566.21	84.408
566.41	84.701
566.61	84.946
566.81	85.190
567.01	85.402
567.22	85.617
567.42	85.797
567.62	85.939
567.82	86.050
568.02	86.148
568.23	86.235
568.43	86.287
568.63	86.334
568.83	86.332
569.03	86.295
569.24	86.245
569.44	86.181
569.64	86.104
569.84	85.994
570.04	85.843
570.24	85.686
570.45	85.500
570.65	85.268
570.85	85.033
571.05	84.784
571.25	84.514
571.45	84.189
571.66	83.898
571.86	83.575
572.06	83.211
572.26	82.850
572.46	82.467
572.66	82.103
572.87	81.700
573.07	81.304
573.27	80.901
573.47	80.500
573.67	80.074
573.87	79.634
574.08	79.200
574.28	78.792
574.48	78.381
574.68	77.959
574.88	77.556
575.08	77.126
575.28	76.713
575.49	76.311
575.69	75.939
575.89	75.538
576.09	75.182
576.29	74.856
576.49	74.522
576.69	74.194
576.90	73.883
577.10	73.601
577.30	73.334
577.50	73.094
577.70	72.860
577.90	72.661
578.10	72.497
578.30	72.347
578.51	72.206
578.71	72.104
578.91	72.024
579.11	71.952
579.31	71.925
579.51	71.917
579.71	71.934
579.91	71.974
580.12	72.052
580.32	72.154
580.52	72.263
580.72	72.381
580.92	72.539
581.12	72.702
581.32	72.902
581.52	73.141
581.72	73.361
581.92	73.623
582.13	73.906
582.33	74.185
582.53	74.485
582.73	74.806
582.93	75.130
583.13	75.470
583.33	75.837
583.53	76.210
583.73	76.591
583.93	76.973
584.13	77.377
584.34	77.779
584.54	78.158
584.74	78.540
584.94	78.953
585.14	79.361
585.34	79.767
585.54	80.128
585.74	80.479
585.94	80.857
586.14	81.229
586.34	81.578
586.54	81.937
586.74	82.294
586.94	82.608
587.15	82.930
587.35	83.226
587.55	83.501
587.75	83.771
587.95	84.006
588.15	84.230
588.35	84.426
588.55	84.617
588.75	84.798
588.95	84.961
589.15	85.101
589.35	85.212
589.55	85.297
589.75	85.413
589.95	85.478
590.15	85.516
590.35	85.526
590.55	85.523
590.75	85.492
590.95	85.430
591.15	85.357
591.35	85.251
591.56	85.143
591.76	85.011
591.96	84.841
592.16	84.689
592.36	84.503
592.56	84.295
592.76	84.066
592.96	83.823
593.16	83.550
593.36	83.259
593.56	82.962
593.76	82.673
593.96	82.338
594.16	82.012
594.36	81.680
594.56	81.330
594.76	80.968
594.96	80.615
595.16	80.226
595.36	79.854
595.56	79.460
595.76	79.059
595.96	78.635
596.16	78.258
596.36	77.841
596.56	77.463
596.76	77.071
596.96	76.682
597.16	76.304
597.36	75.937
597.56	75.579
597.76	75.220
597.96	74.870
598.16	74.538
598.36	74.214
598.56	73.897
598.76	73.605
598.96	73.342
599.16	73.079
599.36	72.854
599.56	72.635
599.76	72.435
599.96	72.260
600.15	72.110
600.35	71.961
600.55	71.852
600.75	71.725
600.95	71.645
601.15	71.559
601.35	71.497
601.55	71.472
601.75	71.487
601.95	71.512
602.15	71.554
602.35	71.595
602.55	71.668
602.75	71.766
602.95	71.876
603.15	71.980
603.35	72.129
603.55	72.275
603.75	72.433
603.95	72.634
604.15	72.833
604.35	73.065
604.54	73.304
604.74	73.559
604.94	73.831
605.14	74.107
605.34	74.406
605.54	74.721
605.74	75.041
605.94	75.343
606.14	75.679
606.34	76.024
606.54	76.372
606.74	76.732
606.94	77.099
607.14	77.478
607.33	77.878
607.53	78.246
607.73	78.625
607.93	79.008
608.13	79.359
608.33	79.723
608.53	80.065
608.73	80.429
608.93	80.762
609.13	81.080
609.33	81.401
609.52	81.724
609.72	82.037
609.92	82.322
610.12	82.611
610.32	82.881
610.52	83.152
610.72	83.399
610.92	83.638
611.12	83.852
611.31	84.055
611.51	84.234
611.71	84.402
611.91	84.570
612.11	84.722
612.31	84.870
612.51	84.969
612.71	85.084
612.91	85.149
613.10	85.218
613.30	85.310
613.50	85.352
613.70	85.365
613.90	85.361
614.10	85.338
614.30	85.293
614.50	85.235
614.69	85.135
614.89	85.039
615.09	84.907
615.29	84.764
615.49	84.598
615.69	84.418
615.89	84.241
616.08	84.045
616.28	83.814
616.48	83.576
616.68	83.323
616.88	83.058
617.08	82.788
617.27	82.502
617.47	82.205
617.67	81.882
617.87	81.560
618.07	81.243
618.27	80.939
618.47	80.607
618.66	80.271
618.86	79.947
619.06	79.594
619.26	79.267
619.46	78.930
619.66	78.567
619.85	78.202
620.05	77.847
620.25	77.466
620.45	77.114
620.65	76.762
620.84	76.437
621.04	76.108
621.24	75.786
621.44	75.468
621.64	75.134
621.84	74.835
622.03	74.537
622.23	74.243
622.43	73.945
622.63	73.682
622.83	73.410
623.02	73.151
623.22	72.927
623.42	72.688
623.62	72.479
623.82	72.295
624.01	72.118
624.21	71.941
624.41	71.798
624.61	71.677
624.81	71.583
625.00	71.496
625.20	71.422
625.40	71.355
625.60	71.313
625.79	71.300
625.99	71.307
626.19	71.324
626.39	71.341
626.59	71.391
626.78	71.454
626.98	71.552
627.18	71.661
627.38	71.790
627.57	71.967
627.77	72.148
627.97	72.332
628.17	72.547
628.37	72.760
628.56	73.018
628.76	73.259
628.96	73.489
629.16	73.745
629.35	74.037
629.55	74.336
629.75	74.639
629.95	74.946
630.14	75.275
630.34	75.612
630.54	75.971
630.74	76.326
630.93	76.667
631.13	77.012
631.33	77.352
631.53	77.683
631.72	77.992
631.92	78.327
632.12	78.685
632.31	79.033
632.51	79.407
632.71	79.744
632.91	80.078
633.10	80.441
633.30	80.799
633.50	81.130
633.70	81.475
633.89	81.792
634.09	82.124
634.29	82.422
634.48	82.717
634.68	83.020
634.88	83.301
635.08	83.576
635.27	83.849
635.47	84.100
635.67	84.371
635.86	84.638
636.06	84.877
636.26	85.081
636.46	85.273
636.65	85.457
636.85	85.637
637.05	85.806
637.24	85.941
637.44	86.064
637.64	86.179
637.83	86.284
638.03	86.376
638.23	86.430
638.43	86.487
638.62	86.528
638.82	86.527
639.02	86.505
639.21	86.491
639.41	86.448
639.61	86.411
639.80	86.334
640.00	86.248
640.20	86.157
640.39	86.065
640.59	85.959
640.79	85.829
640.98	85.673
641.18	85.522
641.38	85.373
641.57	85.182
641.77	84.970
641.97	84.742
642.16	84.531
642.36	84.297
642.56	84.045
642.75	83.777
642.95	83.506
643.15	83.247
643.34	82.990
643.54	82.710
643.74	82.409
643.93	82.116
644.13	81.796
644.33	81.445
644.52	81.106
644.72	80.763
644.91	80.421
645.11	80.082
645.31	79.740
645.50	79.391
645.70	79.066
645.90	78.748
646.09	78.411
646.29	78.062
646.48	77.730
646.68	77.395
646.88	77.077
647.07	76.762
647.27	76.440
647.47	76.119
647.66	75.827
647.86	75.529
648.05	75.240
648.25	74.981
648.45	74.738
648.64	74.485
648.84	74.267
649.04	74.033
649.23	73.805
649.43	73.603
649.62	73.400
649.82	73.203
650.02	73.040
650.21	72.880
650.41	72.757
650.60	72.636
650.80	72.543
651.00	72.422
651.19	72.350
651.39	72.290
651.58	72.245
651.78	72.210
651.97	72.229
652.17	72.243
652.37	72.263
652.56	72.305
652.76	72.369
652.95	72.429
653.15	72.541
653.35	72.661
653.54	72.758
653.74	72.887
653.93	73.035
654.13	73.179
654.32	73.345
654.52	73.498
654.72	73.696
654.91	73.904
655.11	74.135
655.30	74.373
655.50	74.638
655.69	74.884
655.89	75.129
656.08	75.367
656.28	75.652
656.48	75.934
656.67	76.226
656.87	76.505
657.06	76.799
657.26	77.083
657.45	77.388
657.65	77.731
657.84	78.070
658.04	78.374
658.23	78.714
658.43	79.053
658.62	79.400
658.82	79.731
659.02	80.063
659.21	80.442
659.41	80.776
659.60	81.096
659.80	81.415
659.99	81.776
660.19	82.121
660.38	82.451
660.58	82.759
660.77	83.082
660.97	83.397
661.16	83.703
661.36	83.987
661.55	84.279
661.75	84.546
661.94	84.812
662.14	85.093
662.33	85.341
662.53	85.577
662.72	85.820
662.92	86.057
663.11	86.264
663.31	86.461
663.50	86.671
663.70	86.859
663.89	87.056
664.09	87.206
664.28	87.363
664.48	87.486
664.67	87.634
664.87	87.729
665.06	87.837
665.26	87.897
665.45	87.972
665.65	88.037
665.84	88.114
666.04	88.142
666.23	88.147
666.43	88.138
666.62	88.130
666.82	88.083
667.01	88.002
667.21	87.947
667.40	87.853
667.59	87.755
667.79	87.659
667.98	87.521
668.18	87.383
668.37	87.227
668.57	87.099
668.76	86.908
668.96	86.727
669.15	86.538
669.35	86.366
669.54	86.151
669.73	85.943
669.93	85.712
670.12	85.472
670.32	85.253
670.51	85.021
670.71	84.776
670.90	84.540
671.10	84.321
671.29	84.059
671.48	83.774
671.68	83.501
671.87	83.214
672.07	82.933
672.26	82.671
672.46	82.387
672.65	82.080
672.84	81.798
673.04	81.513
673.23	81.218
673.43	80.916
673.62	80.642
673.82	80.330
674.01	79.988
674.20	79.694
674.40	79.391
674.59	79.059
674.79	78.785
674.98	78.500
675.17	78.195
675.37	77.922
675.56	77.655
675.76	77.382
675.95	77.096
676.14	76.840
676.34	76.566
676.53	76.318
676.73	76.048
676.92	75.799
677.11	75.554
677.31	75.307
677.50	75.102
677.70	74.892
677.89	74.700
678.08	74.543
678.28	74.362
678.47	74.217
678.66	74.116
678.86	73.977
679.05	73.844
679.25	73.758
679.44	73.677
679.63	73.622
679.83	73.559
680.02	73.538
680.21	73.515
680.41	73.510
680.60	73.489
680.79	73.503
680.99	73.523
681.18	73.546
681.38	73.610
681.57	73.687
681.76	73.772
681.96	73.862
682.15	73.948
682.34	74.048
682.54	74.159
682.73	74.290
682.92	74.424
683.12	74.589
683.31	74.755
683.50	74.906
683.70	75.086
683.89	75.266
684.08	75.462
684.28	75.682
684.47	75.901
684.66	76.151
684.86	76.403
685.05	76.663
685.24	76.933
685.44	77.197
685.63	77.476
685.82	77.763
686.02	78.051
686.21	78.379
686.40	78.691
686.60	78.999
686.79	79.311
686.98	79.628
687.18	79.952
687.37	80.281
687.56	80.593
687.75	80.916
687.95	81.236
688.14	81.569
688.33	81.902
688.53	82.224
688.72	82.556
688.91	82.882
689.11	83.203
689.30	83.544
689.49	83.879
689.68	84.192
689.88	84.487
690.07	84.799
690.26	85.078
690.46	85.391
690.65	85.660
690.84	85.940
691.03	86.247
691.23	86.497
691.42	86.736
691.61	86.999
691.80	87.248
692.00	87.496
692.19	87.704
692.38	87.913
692.58	88.109
692.77	88.285
692.96	88.459
693.15	88.637
693.35	88.772
693.54	88.934
693.73	89.085
693.92	89.208
694.12	89.333
694.31	89.453
694.50	89.559
694.69	89.643
694.89	89.707
695.08	89.731
695.27	89.795
695.46	89.818
695.66	89.862
695.85	89.874
696.04	89.897
696.23	89.933
696.43	89.937
696.62	89.938
696.81	89.922
697.00	89.895
697.19	89.845
697.39	89.803
697.58	89.730
697.77	89.643
697.96	89.557
698.16	89.451
698.35	89.355
698.54	89.233
698.73	89.143
698.92	88.983
699.12	88.834
699.31	88.685
699.50	88.540
699.69	88.361
699.89	88.174
700.08	87.978
700.27	87.770
700.46	87.558
700.65	87.333
700.85	87.132
701.04	86.901
701.23	86.666
701.42	86.413
701.61	86.159
701.81	85.879
702.00	85.630
702.19	85.360
702.38	85.056
702.57	84.790
702.76	84.501
702.96	84.259
703.15	83.994
703.34	83.682
703.53	83.382
703.72	83.057
703.92	82.745
704.11	82.444
704.30	82.122
704.49	81.812
704.68	81.511
704.87	81.173
705.07	80.871
705.26	80.585
705.45	80.324
705.64	80.031
705.83	79.783
706.02	79.505
706.21	79.263
706.41	79.009
706.60	78.721
706.79	78.483
706.98	78.233
707.17	77.970
707.36	77.755
707.56	77.566
707.75	77.368
707.94	77.203
708.13	77.003
708.32	76.845
708.51	76.670
708.70	76.533
708.89	76.395
709.09	76.256
709.28	76.137
709.47	75.977
709.66	75.848
709.85	75.738
710.04	75.642
710.23	75.530
710.42	75.455
710.62	75.397
710.81	75.294
711.00	75.204
711.19	75.165
711.38	75.122
711.57	75.046
711.76	75.035
711.95	74.998
712.15	75.023
712.34	75.020
712.53	75.042
712.72	75.047
712.91	75.106
713.10	75.160
713.29	75.188
713.48	75.271
713.67	75.382
713.86	75.489
714.05	75.595
714.25	75.696
714.44	75.813
714.63	75.947
714.82	76.116
715.01	76.309
715.20	76.493
715.39	76.667
715.58	76.881
715.77	77.083
715.96	77.319
716.15	77.530
716.34	77.728
716.54	77.958
716.73	78.204
716.92	78.423
717.11	78.670
717.30	78.935
717.49	79.201
717.68	79.473
717.87	79.687
718.06	79.965
718.25	80.265
718.44	80.555
718.63	80.848
718.82	81.122
719.01	81.406
719.20	81.691
719.39	81.991
719.58	82.307
719.77	82.600
719.96	82.875
720.16	83.136
720.35	83.452
720.54	83.732
720.73	84.020
720.92	84.292
721.11	84.594
721.30	84.891
721.49	85.178
721.68	85.468
721.87	85.803
722.06	86.080
722.25	86.355
722.44	86.631
722.63	86.894
722.82	87.164
723.01	87.393
723.20	87.622
723.39	87.859
723.58	88.079
723.77	88.342
723.96	88.586
724.15	88.867
724.34	89.066
724.53	89.297
724.72	89.479
724.91	89.702
725.10	89.900
725.29	90.055
725.48	90.247
725.67	90.379
725.86	90.499
726.05	90.640
726.24	90.759
726.43	90.871
726.62	90.985
726.81	91.124
727.00	91.238
727.19	91.371
727.38	91.501
727.57	91.580
727.76	91.635
727.95	91.667
728.14	91.674
728.33	91.737
728.52	91.760
728.71	91.783
728.90	91.795
729.09	91.756
729.28	91.740
729.47	91.725
729.65	91.693
729.84	91.667
730.03	91.608
730.22	91.543
730.41	91.499
730.60	91.456
730.79	91.317
730.98	91.229
731.17	91.128
731.36	90.992
731.55	90.863
731.74	90.724
731.93	90.593
732.12	90.416
732.31	90.292
732.50	90.148
732.69	90.037
732.88	89.861
733.06	89.706
733.25	89.541
733.44	89.312
733.63	89.106
733.82	88.907
734.01	88.706
734.20	88.502
734.39	88.281
734.58	88.046
734.77	87.848
734.96	87.615
735.15	87.363
735.33	87.102
735.52	86.887
735.71	86.627
735.90	86.385
736.09	86.145
736.28	85.830
736.47	85.566
736.66	85.252
736.85	84.996
737.04	84.704
737.23	84.429
737.41	84.175
737.60	83.920
737.79	83.631
737.98	83.353
738.17	83.086
738.36	82.819
738.55	82.546
738.74	82.297
738.92	82.028
739.11	81.763
739.30	81.499
739.49	81.220
739.68	80.977
739.87	80.733
740.06	80.523
740.25	80.283
740.43	80.050
740.62	79.827
740.81	79.591
741.00	79.383
741.19	79.170
741.38	78.956
741.57	78.737
741.75	78.543
741.94	78.350
742.13	78.146
742.32	77.941
742.51	77.760
742.70	77.592
742.89	77.456
743.07	77.308
743.26	77.168
743.45	77.005
743.64	76.883
743.83	76.746
744.02	76.568
744.20	76.463
744.39	76.344
744.58	76.258
744.77	76.183
744.96	76.133
745.15	76.082
745.33	76.046
745.52	76.053
745.71	76.025
745.90	76.027
746.09	76.041
746.28	76.074
746.46	76.071
746.65	76.067
746.84	76.080
747.03	76.116
747.22	76.157
747.40	76.219
747.59	76.262
747.78	76.344
747.97	76.474
748.16	76.579
748.34	76.651
748.53	76.764
748.72	76.892
748.91	76.985
749.10	77.108
749.28	77.232
749.47	77.352
749.66	77.513
749.85	77.614
750.04	77.758
750.22	77.869
750.41	78.044
750.60	78.233
750.79	78.379
750.97	78.531
751.16	78.737
751.35	78.909
751.54	79.097
751.73	79.287
751.91	79.483
752.10	79.710
752.29	79.934
752.48	80.168
752.66	80.366
752.85	80.608
753.04	80.832
753.23	81.099
753.41	81.337
753.60	81.568
753.79	81.855
753.98	82.095
754.16	82.359
754.35	82.622
754.54	82.834
754.73	83.123
754.91	83.428
755.10	83.694
755.29	83.994
755.48	84.270
755.66	84.546
755.85	84.803
756.04	85.015
756.22	85.314
756.41	85.529
756.60	85.785
756.79	86.047
756.97	86.302
757.16	86.511
757.35	86.747
757.54	87.014
757.72	87.240
757.91	87.521
758.10	87.764
758.28	87.963
758.47	88.222
758.66	88.474
758.85	88.678
759.03	88.867
759.22	89.078
759.41	89.256
759.59	89.478
759.78	89.681
759.97	89.909
760.15	90.060
760.34	90.309
760.53	90.474
760.71	90.639
760.90	90.823
761.09	90.996
761.28	91.150
761.46	91.300
761.65	91.433
761.84	91.555
762.02	91.694
762.21	91.886
762.40	92.010
762.58	92.074
762.77	92.160
762.96	92.266
763.14	92.368
763.33	92.494
763.52	92.543
763.70	92.590
763.89	92.652
764.08	92.708
764.26	92.680
764.45	92.748
764.64	92.768
764.82	92.763
765.01	92.755
765.20	92.758
765.38	92.736
765.57	92.705
765.75	92.664
765.94	92.599
766.13	92.544
766.31	92.497
766.50	92.451
766.69	92.430
766.87	92.419
767.06	92.340
767.25	92.262
767.43	92.215
767.62	92.163
767.80	92.093
767.99	91.997
768.18	91.913
768.36	91.801
768.55	91.677
768.74	91.549
768.92	91.443
769.11	91.319
769.29	91.170
769.48	91.061
769.67	90.909
769.85	90.755
770.04	90.527
770.22	90.326
770.41	90.112
770.60	89.894
770.78	89.636
770.97	89.415
771.15	89.204
771.34	88.933
771.53	88.736
771.71	88.480
771.90	88.267
772.08	88.099
772.27	87.867
772.46	87.603
772.64	87.376
772.83	87.102
773.01	86.852
773.20	86.578
773.39	86.335
773.57	86.051
773.76	85.807
773.94	85.613
774.13	85.370
774.31	85.122
774.50	84.867
774.68	84.606
774.87	84.358
775.06	84.084
775.24	83.836
775.43	83.527
775.61	83.259
775.80	83.000
775.98	82.704
776.17	82.416
776.36	82.182
776.54	81.907
776.73	81.641
776.91	81.387
777.10	81.146
777.28	80.896
777.47	80.686
777.65	80.466
777.84	80.232
778.02	80.007
778.21	79.818
778.39	79.600
778.58	79.432
778.77	79.215
778.95	79.021
779.14	78.852
779.32	78.692
779.51	78.546
779.69	78.373
779.88	78.215
780.06	78.061
780.25	77.926
780.43	77.818
780.62	77.697
780.80	77.572
780.99	77.465
781.17	77.335
781.36	77.198
781.54	77.076
781.73	76.916
781.91	76.826
782.10	76.708
782.28	76.603
782.47	76.494
782.65	76.432
782.84	76.351
783.02	76.285
783.21	76.260
783.39	76.175
783.58	76.101
783.76	76.028
783.95	76.005
784.13	76.002
784.32	75.986
784.50	76.022
784.69	76.037
784.87	76.078
785.05	76.096
785.24	76.137
785.42	76.208
785.61	76.267
785.79	76.335
785.98	76.412
786.16	76.485
786.35	76.578
786.53	76.642
786.72	76.722
786.90	76.821
787.09	76.871
787.27	77.027
787.45	77.173
787.64	77.317
787.82	77.452
788.01	77.554
788.19	77.672
788.38	77.781
788.56	77.857
788.75	77.967
788.93	78.129
789.11	78.282
789.30	78.365
789.48	78.513
789.67	78.660
789.85	78.818
790.04	78.999
790.22	79.169
790.40	79.352
790.59	79.546
790.77	79.707
790.96	79.918
791.14	80.093
791.32	80.278
791.51	80.471
791.69	80.658
791.88	80.891
792.06	81.103
792.25	81.298
792.43	81.515
792.61	81.762
792.80	81.938
792.98	82.155
793.17	82.420
793.35	82.610
793.53	82.841
793.72	83.062
793.90	83.328
794.08	83.534
794.27	83.763
794.45	84.001
794.64	84.227
794.82	84.422
795.00	84.600
795.19	84.805
795.37	85.007
795.55	85.156
795.74	85.352
795.92	85.558
796.11	85.796
796.29	86.046
796.47	86.199
796.66	86.390
796.84	86.626
797.02	86.822
797.21	87.074
797.39	87.269
797.58	87.478
797.76	87.626
797.94	87.848
798.13	88.058
798.31	88.279
798.49	88.438
798.68	88.622
798.86	88.812
799.04	88.973
799.23	89.139
799.41	89.345
799.59	89.483
799.78	89.596
799.96	89.703
800.14	89.835
800.33	89.996
800.51	90.170
800.69	90.278
800.88	90.405
801.06	90.519
801.24	90.574
801.43	90.665
801.61	90.761
801.79	90.825
801.98	90.890
802.16	90.959
802.34	91.094
802.52	91.166
802.71	91.232
802.89	91.328
803.07	91.398
803.26	91.461
803.44	91.474
803.62	91.541
803.81	91.578
803.99	91.568
804.17	91.566
804.35	91.562
804.54	91.496
804.72	91.534
804.90	91.510
805.09	91.569
805.27	91.582
805.45	91.565
805.63	91.505
805.82	91.447
806.00	91.334
806.18	91.226
806.37	91.189
806.55	91.103
806.73	91.043
806.91	90.981
807.10	90.882
807.28	90.860
807.46	90.739
807.64	90.640
807.83	90.582
808.01	90.471
808.19	90.304
808.37	90.221
808.56	90.041
808.74	89.934
808.92	89.769
809.10	89.604
809.29	89.493
809.47	89.386
809.65	89.230
809.83	89.110
810.02	88.946
810.20	88.773
810.38	88.617
810.56	88.398
810.75	88.259
810.93	88.128
811.11	87.896
811.29	87.784
811.47	87.611
811.66	87.424
811.84	87.253
812.02	87.138
812.20	86.928
812.39	86.760
812.57	86.541
812.75	86.347
812.93	86.198
813.11	85.967
813.30	85.768
813.48	85.599
813.66	85.396
813.84	85.223
814.02	85.004
814.21	84.784
814.39	84.573
814.57	84.352
814.75	84.103
814.93	83.900
815.12	83.648
815.30	83.420
815.48	83.154
815.66	82.925
815.84	82.681
816.03	82.466
816.21	82.205
816.39	81.997
816.57	81.748
816.75	81.416
816.93	81.199
817.12	80.910
817.30	80.639
817.48	80.372
817.66	80.145
817.84	79.923
818.02	79.755
818.21	79.512
818.39	79.258
818.57	79.020
818.75	78.871
818.93	78.659
819.11	78.449
819.30	78.252
819.48	78.090
819.66	77.907
819.84	77.763
820.02	77.600
820.20	77.429
820.38	77.267
820.57	77.133
820.75	76.978
820.93	76.875
821.11	76.728
821.29	76.637
821.47	76.486
821.65	76.350
821.83	76.173
822.02	76.049
822.20	75.925
822.38	75.897
822.56	75.725
822.74	75.604
822.92	75.443
823.10	75.358
823.28	75.181
823.46	75.052
823.65	74.873
823.83	74.774
824.01	74.638
824.19	74.490
824.37	74.408
824.55	74.265
824.73	74.167
824.91	74.099
825.09	73.981
825.27	73.909
825.46	73.800
825.64	73.701
825.82	73.640
826.00	73.517
826.18	73.449
826.36	73.397
826.54	73.357
826.72	73.387
826.90	73.377
827.08	73.397
827.26	73.423
827.44	73.456
827.63	73.447
827.81	73.504
827.99	73.599
828.17	73.608
828.35	73.642
828.53	73.697
828.71	73.784
828.89	73.809
829.07	73.832
829.25	73.931
829.43	74.027
829.61	74.113
829.79	74.188
829.97	74.257
830.15	74.292
830.33	74.355
830.51	74.446
830.69	74.532
830.87	74.555
831.06	74.592
831.24	74.668
831.42	74.761
831.60	74.816
831.78	74.893
831.96	75.010
832.14	75.169
832.32	75.278
832.50	75.339
832.68	75.472
832.86	75.623
833.04	75.738
833.22	75.866
833.40	75.995
833.58	76.107
833.76	76.199
833.94	76.392
834.12	76.562
834.30	76.663
834.48	76.771
834.66	76.983
834.84	77.122
835.02	77.300
835.20	77.460
835.38	77.641
835.56	77.795
835.74	78.012
835.92	78.158
836.10	78.322
836.28	78.500
836.46	78.704
836.64	78.872
836.82	79.071
837.00	79.247
837.18	79.409
837.36	79.661
837.54	79.854
837.72	80.001
837.90	80.206
838.08	80.419
838.26	80.594
838.43	80.760
838.61	80.991
838.79	81.145
838.97	81.374
839.15	81.579
839.33	81.810
839.51	81.893
839.69	82.036
839.87	82.195
840.05	82.402
840.23	82.559
840.41	82.725
840.59	82.792
840.77	82.940
840.95	83.072
841.13	83.170
841.31	83.267
841.49	83.358
841.67	83.435
841.84	83.585
842.02	83.616
842.20	83.729
842.38	83.793
842.56	83.933
842.74	83.982
842.92	84.008
843.10	84.060
843.28	84.220
843.46	84.343
843.64	84.369
843.82	84.424
843.99	84.479
844.17	84.529
844.35	84.683
844.53	84.759
844.71	84.904
844.89	84.949
845.07	85.069
845.25	85.217
845.43	85.302
845.61	85.357
845.78	85.583
845.96	85.686
846.14	85.787
846.32	85.893
846.50	85.952
846.68	86.074
846.86	86.143
847.04	86.195
847.22	86.193
847.39	86.346
847.57	86.399
847.75	86.436
847.93	86.400
848.11	86.408
848.29	86.467
848.47	86.475
848.65	86.546
848.82	86.505
849.00	86.517
849.18	86.509
849.36	86.496
849.54	86.463
849.72	86.387
849.89	86.383
850.07	86.336
850.25	86.286
850.43	86.176
850.61	86.091
850.79	85.976
850.97	85.996
851.14	85.930
851.32	85.807
851.50	85.724
851.68	85.775
851.86	85.823
852.04	85.731
852.21	85.688
852.39	85.630
852.57	85.591
852.75	85.497
852.93	85.443
853.10	85.314
853.28	85.169
853.46	85.108
853.64	84.970
853.82	84.862
854.00	84.806
854.17	84.705
854.35	84.609
854.53	84.505
854.71	84.342
854.89	84.135
855.06	84.082
855.24	84.023
855.42	83.890
855.60	83.660
855.78	83.535
855.95	83.326
856.13	83.228
856.31	83.075
856.49	82.904
856.66	82.715
856.84	82.526
857.02	82.449
857.20	82.337
857.38	82.171
857.55	81.988
857.73	81.776
857.91	81.629
858.09	81.421
858.26	81.246
858.44	81.098
858.62	80.949
858.80	80.708
858.97	80.498
859.15	80.284
859.33	80.057
859.51	79.852
859.68	79.687
859.86	79.437
860.04	79.247
860.22	79.051
860.39	78.873
860.57	78.674
860.75	78.382
860.93	78.131
861.10	78.022
861.28	77.846
861.46	77.598
861.64	77.410
861.81	77.254
861.99	77.051
862.17	76.825
862.35	76.633
862.52	76.528
862.70	76.366
862.88	76.168
863.05	75.988
863.23	75.804
863.41	75.598
863.59	75.376
863.76	75.244
863.94	75.067
864.12	74.859
864.29	74.750
864.47	74.594
864.65	74.494
864.83	74.204
865.00	73.989
865.18	73.882
865.36	73.738
865.53	73.565
865.71	73.476
865.89	73.324
866.06	73.174
866.24	72.980
866.42	72.799
866.59	72.632
866.77	72.515
866.95	72.352
867.12	72.166
867.30	72.036
867.48	71.846
867.65	71.701
867.83	71.558
868.01	71.394
868.18	71.231
868.36	71.010
868.54	70.974
868.71	70.901
868.89	70.816
869.07	70.696
869.24	70.594
869.42	70.432
869.60	70.304
869.77	70.262
869.95	70.142
870.13	70.020
870.30	70.011
870.48	69.916
870.66	69.846
870.83	69.856
871.01	69.784
871.18	69.716
871.36	69.649
871.54	69.579
871.71	69.548
871.89	69.551
872.07	69.440
872.24	69.283
872.42	69.256
872.59	69.215
872.77	69.159
872.95	69.158
873.12	69.132
873.30	69.120
873.48	69.032
873.65	68.995
873.83	68.983
874.00	68.890
874.18	68.921
874.36	68.907
874.53	68.854
874.71	68.859
874.88	68.862
875.06	68.938
875.24	69.006
875.41	68.996
875.59	68.975
875.76	69.088
875.94	69.189
876.11	69.157
876.29	69.165
876.47	69.214
876.64	69.226
876.82	69.226
876.99	69.269
877.17	69.277
877.35	69.279
877.52	69.286
877.70	69.329
877.87	69.279
878.05	69.339
878.22	69.371
878.40	69.410
878.57	69.392
878.75	69.367
878.93	69.396
879.10	69.459
879.28	69.573
879.45	69.614
879.63	69.624
879.80	69.687
879.98	69.735
880.15	69.775
880.33	69.807
880.50	69.867
880.68	69.903
880.86	70.062
881.03	70.212
881.21	70.338
881.38	70.424
881.56	70.669
881.73	70.766
881.91	70.866
882.08	71.065
882.26	71.285
882.43	71.457
882.61	71.624
882.78	71.755
882.96	71.864
883.13	72.028
883.31	72.245
883.48	72.441
883.66	72.624
883.83	72.877
884.01	73.026
884.18	73.304
884.36	73.422
884.53	73.527
884.71	73.661
884.88	73.784
885.06	73.906
885.23	73.965
885.41	74.158
885.58	74.264
885.76	74.343
885.93	74.370
886.11	74.553
886.28	74.685
886.46	74.714
886.63	74.831
886.81	74.970
886.98	75.061
887.15	75.069
887.33	75.181
887.50	75.253
887.68	75.410
887.85	75.455
888.03	75.713
888.20	75.795
888.38	75.856
888.55	75.996
888.73	76.095
888.90	76.195
889.08	76.171
889.25	76.304
889.42	76.419
889.60	76.535
889.77	76.472
889.95	76.527
890.12	76.692
890.30	76.766
890.47	76.686
890.64	76.729
890.82	76.810
890.99	76.831
891.17	76.912
891.34	76.996
891.52	77.047
891.69	77.092
891.86	77.230
892.04	77.350
892.21	77.482
892.39	77.616
892.56	77.731
892.73	77.772
892.91	77.809
893.08	77.999
893.26	78.099
893.43	78.329
893.60	78.409
893.78	78.474
893.95	78.611
894.13	78.969
894.30	79.149
894.47	79.310
894.65	79.383
894.82	79.461
895.00	79.423
895.17	79.512
895.34	79.642
895.52	79.735
895.69	79.855
895.86	79.941
896.04	79.987
896.21	80.069
896.39	80.296
896.56	80.454
896.73	80.354
896.91	80.342
897.08	80.300
897.25	80.406
897.43	80.433
897.60	80.528
897.77	80.406
897.95	80.375
898.12	80.365
898.30	80.509
898.47	80.470
898.64	80.569
898.82	80.556
898.99	80.451
899.16	80.440
899.34	80.348
899.51	80.170
899.68	80.151
899.86	80.092
900.03	79.986
900.20	79.878
900.38	79.886
900.55	79.916
900.72	79.845
900.90	79.733
901.07	79.729
901.24	79.608
901.41	79.552
901.59	79.452
901.76	79.426
901.93	79.289
902.11	79.232
902.28	79.191
902.45	79.303
902.63	79.292
902.80	79.154
902.97	79.100
903.15	79.254
903.32	79.273
903.49	79.171
903.66	79.160
903.84	79.126
904.01	79.062
904.18	78.979
904.36	78.949
904.53	78.882
904.70	78.827
904.87	78.730
905.05	78.656
905.22	78.603
905.39	78.527
905.56	78.364
905.74	78.230
905.91	78.076
906.08	77.951
906.26	77.845
906.43	77.712
906.60	77.666
906.77	77.408
906.95	77.203
907.12	77.003
907.29	76.796
907.46	76.757
907.64	76.610
907.81	76.514
907.98	76.316
908.15	76.118
908.33	75.952
908.50	75.724
908.67	75.550
908.84	75.386
909.01	75.216
909.19	75.212
909.36	75.152
909.53	75.020
909.70	74.670
909.88	74.530
910.05	74.390
910.22	74.179
910.39	74.027
910.57	73.936
910.74	73.951
910.91	73.944
911.08	73.744
911.25	73.573
911.43	73.440
911.60	73.351
911.77	73.321
911.94	73.076
912.11	72.987
912.29	72.847
912.46	72.639
912.63	72.387
912.80	72.237
912.97	71.940
913.15	71.758
913.32	71.675
913.49	71.492
913.66	71.403
913.83	71.217
914.00	71.040
914.18	70.842
914.35	70.604
914.52	70.312
914.69	70.085
914.86	69.948
915.03	69.738
915.21	69.507
915.38	69.291
915.55	69.247
915.72	69.193
915.89	69.148
916.06	69.040
916.24	69.020
916.41	68.766
916.58	68.806
916.75	68.646
916.92	68.479
917.09	68.343
917.26	68.189
917.44	68.056
917.61	68.037
917.78	67.884
917.95	67.741
918.12	67.587
918.29	67.649
918.46	67.438
918.64	67.359
918.81	67.366
918.98	67.256
919.15	67.069
919.32	66.943
919.49	66.656
919.66	66.572
919.83	66.403
920.00	66.311
920.18	66.175
920.35	66.241
920.52	66.238
920.69	66.178
920.86	66.181
921.03	66.163
921.20	65.987
921.37	65.912
921.54	65.771
921.71	65.721
921.89	65.464
922.06	65.418
922.23	65.353
922.40	65.273
922.57	65.033
922.74	65.074
922.91	64.897
923.08	64.846
923.25	64.803
923.42	64.758
923.59	64.724
923.76	64.584
923.93	64.323
924.11	64.155
924.28	64.080
924.45	63.945
924.62	63.881
924.79	63.883
924.96	63.806
925.13	63.802
925.30	63.752
925.47	63.693
925.64	63.788
925.81	63.774
925.98	63.801
926.15	63.925
926.32	63.721
926.49	63.788
926.66	63.839
926.83	63.835
927.00	63.838
927.17	63.735
927.34	63.808
927.51	63.889
927.69	63.953
927.86	63.920
928.03	63.852
928.20	63.843
928.37	63.737
928.54	63.746
928.71	63.736
928.88	63.719
929.05	63.814
929.22	63.719
929.39	63.629
929.56	63.497
929.73	63.499
929.90	63.663
930.07	63.695
930.24	63.658
930.41	63.684
930.58	63.779
930.75	63.957
930.92	63.797
931.09	63.815
931.26	63.800
931.43	63.754
931.60	63.804
931.77	63.844
931.94	63.936
932.11	63.936
932.27	63.986
932.44	64.096
932.61	64.171
932.78	64.178
932.95	64.432
933.12	64.396
933.29	64.417
933.46	64.547
933.63	64.528
933.80	64.553
933.97	64.607
934.14	64.682
934.31	64.684
934.48	64.892
934.65	65.056
934.82	65.042
934.99	65.266
935.16	65.401
935.33	65.476
935.50	65.632
935.67	65.790
935.84	65.800
936.00	65.829
936.17	65.811
936.34	66.020
936.51	65.852
936.68	65.979
936.85	66.082
937.02	66.042
937.19	66.036
937.36	66.239
937.53	66.198
937.70	66.216
937.87	66.292
938.03	66.360
938.20	66.254
938.37	66.428
938.54	66.450
938.71	66.348
938.88	66.492
939.05	66.479
939.22	66.472
939.39	66.681
939.56	66.894
939.72	67.010
939.89	67.024
940.06	67.217
940.23	67.294
940.40	67.192
940.57	67.480
940.74	67.548
940.91	67.497
941.08	67.744
941.24	67.848
941.41	67.907
941.58	68.016
941.75	68.217
941.92	68.479
942.09	68.502
942.26	68.580
942.42	68.546
942.59	68.613
942.76	68.913
942.93	69.030
943.10	68.988
943.27	69.109
943.44	69.328
943.60	69.333
943.77	69.360
943.94	69.731
944.11	69.492
944.28	69.816
944.45	70.056
944.61	70.083
944.78	70.108
944.95	70.161
945.12	70.192
945.29	70.286
945.46	70.181
945.62	70.199
945.79	70.387
945.96	70.686
946.13	70.919
946.30	71.057
946.46	71.072
946.63	71.060
946.80	71.278
946.97	71.306
947.14	71.372
947.31	71.914
947.47	72.095
947.64	72.351
947.81	72.300
947.98	72.297
948.15	72.165
948.31	72.178
948.48	72.353
948.65	72.449
948.82	72.402
948.98	72.564
949.15	72.888
949.32	72.993
949.49	72.840
949.66	72.899
949.82	72.638
949.99	72.570
950.16	72.653
950.33	72.418
950.49	72.434
950.66	72.356
950.83	72.036
951.00	71.734
951.16	71.664
951.33	71.614
951.50	71.546
951.67	71.714
951.83	71.977
952.00	71.949
952.17	71.824
952.34	71.873
952.50	71.786
952.67	71.651
952.84	71.566
953.01	71.521
953.17	71.539
953.34	71.732
953.51	71.793
953.68	71.714
953.84	71.729
954.01	71.685
954.18	71.740
954.34	71.561
954.51	71.666
954.68	71.711
954.85	71.635
955.01	71.794
955.18	72.129
955.35	71.682
955.51	71.504
955.68	71.704
955.85	71.783
956.02	71.694
956.18	71.609
956.35	71.588
956.52	71.722
956.68	71.448
956.85	71.392
957.02	71.365
957.18	71.442
957.35	71.414
957.52	71.404
957.69	71.239
957.85	71.482
958.02	71.359
958.19	71.170
958.35	71.236
958.52	71.147
958.69	70.684
958.85	70.866
959.02	70.847
959.19	70.460
959.35	70.458
959.52	70.384
959.69	70.526
959.85	70.353
960.02	70.479
960.19	70.327
960.35	70.299
960.52	70.265
960.68	70.409
960.85	70.273
961.02	69.885
961.18	69.896
961.35	69.694
961.52	69.651
961.68	69.658
961.85	69.356
962.02	68.908
962.18	68.748
962.35	68.374
962.51	68.328
962.68	68.022
962.85	67.758
963.01	67.511
963.18	67.586
963.35	67.297
963.51	66.618
963.68	66.619
963.84	66.037
964.01	65.793
964.18	65.409
964.34	65.291
964.51	65.221
964.67	65.023
964.84	64.749
965.01	64.619
965.17	64.165
965.34	64.275
965.50	64.288
965.67	64.235
965.84	64.356
966.00	64.409
966.17	64.846
966.33	64.507
966.50	64.766
966.66	64.303
966.83	64.469
967.00	64.240
967.16	64.132
967.33	64.148
967.49	64.381
967.66	64.477
967.82	64.315
967.99	64.634
968.16	64.845
968.32	64.766
968.49	64.651
968.65	65.038
968.82	65.025
968.98	64.971
969.15	64.646
969.31	64.400
969.48	64.001
969.64	63.534
969.81	63.993
969.98	63.800
970.14	63.723
970.31	63.545
970.47	63.597
970.64	63.378
970.80	63.455
970.97	62.876
971.13	62.599
971.30	62.531
971.46	62.166
971.63	61.646
971.79	61.979
971.96	61.574
972.12	61.431
972.29	60.680
972.45	60.646
972.62	60.817
972.78	60.765
972.95	60.330
973.11	60.243
973.28	59.908
973.44	59.759
973.61	59.891
973.77	59.765
973.94	59.664
974.10	59.785
974.27	59.974
974.43	60.349
974.60	60.283
974.76	60.130
974.93	59.935
975.09	59.795
975.26	59.565
975.42	60.177
975.59	59.621
975.75	60.086
975.92	60.586
976.08	60.099
976.24	60.072
976.41	59.946
976.57	60.415
976.74	60.044
976.90	59.869
977.07	58.996
977.23	59.041
977.40	58.824
977.56	58.039
977.73	57.354
977.89	56.738
978.05	56.435
978.22	55.914
978.38	56.029
978.55	56.466
978.71	56.097
978.88	55.617
979.04	56.077
979.20	56.074
979.37	55.123
979.53	55.520
979.70	55.586
979.86	55.776
980.03	55.633
980.19	55.369
980.35	55.248
980.52	55.591
980.68	56.447
980.85	56.752
981.01	57.509
981.17	57.527
981.34	57.681
981.50	57.702
981.67	58.007
981.83	57.521
981.99	57.018
982.16	56.982
982.32	56.147
982.49	55.631
982.65	54.856
982.81	55.218
982.98	54.689
983.14	54.823
983.30	55.111
983.47	54.964
983.63	54.814
983.80	54.554
983.96	53.968
984.12	52.801
984.29	52.603
984.45	52.260
984.61	52.402
984.78	52.386
984.94	52.445
985.10	52.640
985.27	52.724
985.43	53.545
985.59	53.617
985.76	54.105
985.92	54.368
986.08	55.475
986.25	55.170
986.41	55.854
986.57	54.874
986.74	54.608
986.90	54.263
987.06	54.640
987.23	54.374
987.39	54.839
987.55	54.477
987.72	54.441
987.88	53.900
988.04	54.215
988.21	54.576
988.37	55.676
988.53	56.125
988.70	56.208
988.86	55.145
989.02	54.442
989.19	53.864
989.35	53.328
989.51	53.011
989.67	52.506
989.84	52.934
990.00	53.476
990.16	53.875
990.33	53.435
990.49	53.682
990.65	54.118
990.82	54.050
990.98	54.095
991.14	53.996
991.30	54.969
991.47	54.386
991.63	54.082
991.79	53.705
991.95	53.806
992.12	53.985
992.28	54.838
992.44	55.773
992.61	56.623
992.77	57.691
992.93	57.612
993.09	58.453
993.26	57.634
993.42	57.727
993.58	56.654
993.74	56.396
993.91	56.502
994.07	56.183
994.23	57.024
994.39	57.696
994.55	57.950
994.72	57.517
994.88	57.860
995.04	58.591
995.20	57.551
995.37	57.251
995.53	57.368
995.69	56.680
995.85	56.997
996.02	57.375
996.18	56.669
996.34	56.028
996.50	56.619
996.66	57.438
996.83	57.685
996.99	57.920
997.15	59.785
997.31	60.045
997.47	61.065
997.64	60.080
997.80	59.264
997.96	60.526
998.12	61.036
998.28	63.039
998.45	63.286
998.61	63.402
998.77	61.163
998.93	59.922
999.09	60.725
999.25	58.980
999.42	59.707
999.58	59.626
999.74	59.667
999.90	58.149
1000.06	57.852
1000.22	57.346
1000.39	57.478
1000.55	57.967
1000.71	57.562
1000.87	57.268
1001.03	57.966
1001.19	58.963
1001.36	58.112
1001.52	55.988
1001.68	53.391
1001.84	52.556
1002.00	53.426
1002.16	55.181
1002.32	56.233
1002.49	54.880
1002.65	55.960
1002.81	55.445
1002.97	55.624
1003.13	58.531
1003.29	59.512
1003.45	59.656
1003.62	59.897
1003.78	61.836
1003.94	61.594
1004.10	62.506
1004.26	62.810
1004.42	61.876
1004.58	61.577
1004.74	61.208
1004.90	63.329
1005.07	64.274
1005.23	64.023
1005.39	63.958
1005.55	64.431
1005.71	63.429
1005.87	63.695
1006.03	64.963
1006.19	64.190
1006.35	64.823
1006.51	61.927
1006.67	62.671
1006.84	62.122
1007.00	62.518
1007.16	62.593
1007.32	61.058
1007.48	58.601
1007.64	60.360
1007.80	60.902
1007.96	60.284
1008.12	61.077
1008.28	61.239
1008.44	60.852
1008.60	63.115
1008.76	62.186
1008.92	61.558
1009.09	62.130
1009.25	62.888
1009.41	60.807
1009.57	61.465
1009.73	61.607
1009.89	63.124
1010.05	63.215
1010.21	63.344
1010.37	62.511
1010.53	64.447
1010.69	66.318
1010.85	67.490
1011.01	63.648
1011.17	61.830
1011.33	62.601
1011.49	62.784
1011.65	60.635
1011.81	62.998
1011.97	61.497
1012.13	63.709
1012.29	64.559
1012.45	64.869
1012.61	68.341
1012.77	63.219
1012.93	63.874
1013.09	59.660
1013.25	61.108
1013.41	62.664
1013.57	62.445
1013.73	63.037
1013.89	58.121
1014.05	58.023
1014.21	54.289
1014.37	53.846
1014.53	53.232
1014.69	52.856
1014.85	57.225
1015.01	60.724
1015.17	60.248
1015.33	60.896
1015.49	60.532
1015.65	61.016
1015.81	61.873
1015.97	55.795
1016.13	62.171
1016.29	61.360
1016.45	66.876
1016.61	65.289
1016.77	60.761
1016.93	60.170
1017.09	60.631
1017.25	61.246
1017.41	59.530
1017.56	63.218
1017.72	71.125
1017.88	74.746
1018.04	81.414
1018.20	72.039
1018.36	73.009
1018.52	69.255
1018.68	69.033
1018.84	66.752
1019.00	67.090
1019.16	68.876
1019.32	79.769
1019.48	84.420
1019.64	87.294
1019.79	88.166
1019.95	84.078
1020.11	88.488
1020.27	91.306
1020.43	96.320
1020.59	101.196
1020.75	96.688
1020.91	99.695
1021.07	92.194
1021.23	96.130
1021.39	88.108
1021.54	95.323
1021.70	90.338
1021.86	89.373
1022.02	89.154
1022.18	89.261
1022.34	95.417
1022.50	94.223
1022.66	85.231
1022.82	81.152
1022.97	77.047
1023.13	73.494
1023.29	79.217
1023.45	80.354
1023.61	72.008
1023.77	69.990
1023.93	69.049
1024.08	69.024
1024.24	67.761
1024.40	60.563
1024.56	59.064
1024.72	52.396
1024.88	44.270
1025.04	51.671
1025.19	60.592
1025.35	60.557
1025.51	59.307
1025.67	57.963
1025.83	57.143
1025.99	63.161
1026.14	57.925
1026.30	62.829
1026.46	61.946
1026.62	61.761
1026.78	54.599
1026.94	55.763
1027.09	48.390
1027.25	44.833
1027.41	53.874
1027.57	50.112
1027.73	57.418
1027.89	52.455
1028.04	51.126
1028.20	50.886
1028.36	50.968
1028.52	45.009
1028.68	38.891
1028.83	40.510
1028.99	38.811
1029.15	36.340
1029.31	35.547
1029.47	44.821
1029.62	44.401
1029.78	43.631
1029.94	39.326
1030.10	39.948
1030.25	39.920
1030.41	47.717
1030.57	45.976
1030.73	38.444
1030.89	42.914
1031.04	36.209
1031.20	42.129
1031.36	59.179
1031.52	64.231
1031.67	68.490
1031.83	70.157
1031.99	93.268
1032.15	86.520
1032.30	91.409
1032.46	102.297
1032.62	90.409
1032.78	75.237
1032.93	101.994
1033.09	86.015
1033.25	92.365
1033.41	112.500
1033.56	132.000
1033.72	85.294
1033.88	342.857
1034.04	-56.962
1034.19	49.091
1034.35	102.027
1034.51	-100.000
1034.66	43.972
1034.82	-1050.000
1034.98	-1050.000
1035.14	-1050.000
