345.22	56.522
345.43	56.522
345.65	56.522
345.86	46.000
346.08	101.136
346.29	36.957
346.51	27.027
346.72	98.485
346.94	-315.385
347.15	-87.097
347.37	109.691
347.58	143.451
347.80	152.818
348.01	140.394
348.23	103.959
348.44	98.510
348.66	95.527
348.87	98.765
349.09	93.394
349.30	80.614
349.52	73.824
349.73	76.060
349.95	80.393
350.16	84.967
350.38	85.750
350.59	76.214
350.81	75.600
351.02	73.718
351.24	73.187
351.45	72.807
351.67	74.395
351.88	74.497
352.10	70.660
352.31	71.319
352.53	71.189
352.74	74.488
352.96	75.793
353.17	74.688
353.39	74.860
353.60	77.364
353.82	78.778
354.03	79.734
354.25	74.320
354.46	68.373
354.67	64.041
354.89	57.084
355.10	64.911
355.32	63.822
355.53	63.808
355.75	70.028
355.96	71.750
356.18	73.120
356.39	74.965
356.61	80.342
356.82	77.244
357.04	77.087
357.25	74.938
357.46	74.238
357.68	73.695
357.89	73.277
358.11	70.662
358.32	74.001
358.54	71.510
358.75	71.975
358.97	72.022
359.18	72.805
359.40	73.704
359.61	70.247
359.82	71.830
360.04	71.842
360.25	64.440
360.47	63.336
360.68	63.246
360.90	62.895
361.11	58.919
361.32	59.707
361.54	62.014
361.75	62.435
361.97	63.659
362.18	64.034
362.40	63.658
362.61	68.349
362.83	66.674
363.04	68.936
363.25	73.041
363.47	72.077
363.68	69.719
363.90	72.622
364.11	73.067
364.32	73.346
364.54	75.221
364.75	73.881
364.97	73.158
365.18	72.226
365.40	71.038
365.61	68.916
365.82	68.407
366.04	64.627
366.25	65.716
366.47	64.918
366.68	65.014
366.89	68.155
367.11	66.638
367.32	66.863
367.54	65.672
367.75	64.686
367.96	64.858
368.18	66.008
368.39	67.754
368.61	70.613
368.82	73.154
369.03	75.172
369.25	79.548
369.46	82.119
369.68	80.428
369.89	84.168
370.10	87.276
370.32	90.660
370.53	95.163
370.75	88.069
370.96	87.678
371.17	85.922
371.39	81.693
371.60	79.775
371.81	80.937
372.03	81.171
372.24	85.479
372.46	88.122
372.67	89.680
372.88	85.389
373.10	85.706
373.31	84.002
373.52	81.133
373.74	80.316
373.95	79.876
374.17	80.982
374.38	78.187
374.59	78.025
374.81	76.812
375.02	68.890
375.23	73.767
375.45	75.106
375.66	74.519
375.87	76.956
376.09	79.025
376.30	77.431
376.52	78.810
376.73	73.250
376.94	73.681
377.16	73.608
377.37	78.366
377.58	78.235
377.80	78.644
378.01	80.858
378.22	81.813
378.44	81.593
378.65	84.925
378.86	88.810
379.08	88.436
379.29	87.421
379.50	90.948
379.72	89.227
379.93	90.422
380.14	93.252
380.36	94.484
380.57	95.653
380.78	96.978
381.00	98.401
381.21	100.741
381.42	102.070
381.64	104.032
381.85	104.478
382.06	105.687
382.28	106.853
382.49	107.017
382.70	108.431
382.92	109.020
383.13	108.616
383.34	108.909
383.56	110.746
383.77	112.875
383.98	113.279
384.20	115.080
384.41	115.712
384.62	116.505
384.83	116.972
385.05	117.455
385.26	118.403
385.47	119.351
385.69	120.051
385.90	121.129
386.11	121.444
386.33	122.112
386.54	122.289
386.75	122.201
386.97	123.148
387.18	123.095
387.39	123.655
387.60	123.421
387.82	123.619
388.03	123.674
388.24	123.511
388.46	123.423
388.67	123.171
388.88	122.669
389.09	122.197
389.31	121.614
389.52	120.961
389.73	120.117
389.95	119.485
390.16	118.661
390.37	118.112
390.58	117.822
390.80	117.238
391.01	117.067
391.22	117.098
391.44	116.479
391.65	116.218
391.86	116.007
392.07	116.374
392.29	116.384
392.50	116.522
392.71	116.733
392.92	117.266
393.14	117.537
393.35	117.969
393.56	118.591
393.78	119.272
393.99	120.218
394.20	121.114
394.41	121.789
394.63	122.577
394.84	123.368
395.05	124.059
395.26	124.857
395.48	125.469
395.69	125.903
395.90	126.633
396.11	127.255
396.33	127.622
396.54	128.112
396.75	128.332
396.96	128.480
397.18	128.437
397.39	128.227
397.60	128.164
397.81	128.053
398.03	127.625
398.24	127.142
398.45	126.481
398.66	125.873
398.87	125.278
399.09	124.579
399.30	123.705
399.51	122.968
399.72	122.143
399.94	121.340
400.15	120.573
400.36	119.722
400.57	118.959
400.79	118.361
401.00	117.569
401.21	117.038
401.42	116.501
401.63	116.097
401.85	115.896
402.06	115.795
402.27	115.656
402.48	115.644
402.69	115.868
402.91	116.106
403.12	116.389
403.33	116.890
403.54	117.452
403.76	117.969
403.97	118.486
404.18	119.170
404.39	119.909
404.60	120.699
404.82	121.522
405.03	122.362
405.24	123.058
405.45	123.744
405.66	124.423
405.88	125.047
406.09	125.755
406.30	126.167
406.51	126.435
406.72	126.763
406.94	127.013
407.15	127.050
407.36	127.120
407.57	127.081
407.78	126.815
407.99	126.423
408.21	126.008
408.42	125.582
408.63	125.094
408.84	124.406
409.05	123.728
409.27	122.833
409.48	121.843
409.69	120.910
409.90	120.038
410.11	119.124
410.32	118.343
410.54	117.398
410.75	116.587
410.96	115.807
411.17	115.039
411.38	114.355
411.59	113.814
411.81	113.201
412.02	112.697
412.23	112.341
412.44	112.148
412.65	112.119
412.86	112.187
413.08	112.249
413.29	112.433
413.50	112.757
413.71	113.247
413.92	113.746
414.13	114.355
414.34	114.929
414.56	115.538
414.77	116.147
414.98	116.835
415.19	117.565
415.40	118.360
415.61	119.138
415.82	119.834
416.04	120.506
416.25	121.198
416.46	121.848
416.67	122.470
416.88	122.959
417.09	123.345
417.30	123.603
417.52	123.854
417.73	123.977
417.94	123.960
418.15	123.873
418.36	123.861
418.57	123.599
418.78	123.289
418.99	122.925
419.21	122.443
419.42	121.910
419.63	121.300
419.84	120.595
420.05	119.869
420.26	119.075
420.47	118.216
420.68	117.365
420.89	116.558
421.11	115.624
421.32	114.787
421.53	113.974
421.74	113.254
421.95	112.545
422.16	111.948
422.37	111.394
422.58	110.877
422.79	110.347
423.01	110.029
423.22	109.812
423.43	109.651
423.64	109.605
423.85	109.639
424.06	109.793
424.27	110.053
424.48	110.324
424.69	110.919
424.90	111.461
425.11	112.089
425.33	112.690
425.54	113.372
425.75	114.112
425.96	114.865
426.17	115.598
426.38	116.341
426.59	117.102
426.80	117.909
427.01	118.682
427.22	119.495
427.43	120.295
427.64	120.907
427.85	121.514
428.07	122.046
428.28	122.545
428.49	122.923
428.70	123.224
428.91	123.487
429.12	123.488
429.33	123.527
429.54	123.515
429.75	123.419
429.96	123.298
430.17	123.028
430.38	122.672
430.59	122.208
430.80	121.653
431.01	121.013
431.22	120.367
431.44	119.644
431.65	118.882
431.86	118.005
432.07	117.229
432.28	116.442
432.49	115.630
432.70	114.775
432.91	113.942
433.12	113.092
433.33	112.264
433.54	111.621
433.75	110.986
433.96	110.400
434.17	109.814
434.38	109.328
434.59	108.945
434.80	108.633
435.01	108.497
435.22	108.429
435.43	108.494
435.64	108.544
435.85	108.695
436.06	108.899
436.27	109.300
436.48	109.749
436.69	110.216
436.90	110.762
437.11	111.401
437.33	112.084
437.54	112.851
437.75	113.701
437.96	114.405
438.17	115.128
438.38	115.788
438.59	116.510
438.80	117.221
439.01	118.006
439.22	118.755
439.43	119.312
439.64	119.862
439.85	120.331
440.06	120.741
440.27	121.146
440.48	121.440
440.69	121.610
440.90	121.698
441.11	121.771
441.32	121.752
441.53	121.572
441.74	121.306
441.95	121.010
442.16	120.586
442.37	120.133
442.58	119.626
442.79	119.151
443.00	118.529
443.21	117.856
443.42	117.055
443.62	116.184
443.83	115.413
444.04	114.599
444.25	113.789
444.46	112.963
444.67	112.096
444.88	111.298
445.09	110.486
445.30	109.676
445.51	108.883
445.72	108.114
445.93	107.521
446.14	106.971
446.35	106.404
446.56	105.977
446.77	105.615
446.98	105.299
447.19	105.009
447.40	104.883
447.61	104.777
447.82	104.755
448.03	104.916
448.24	105.070
448.45	105.301
448.66	105.627
448.87	106.002
449.08	106.478
449.29	106.949
449.49	107.500
449.70	108.094
449.91	108.729
450.12	109.380
450.33	110.008
450.54	110.698
450.75	111.387
450.96	112.023
451.17	112.716
451.38	113.386
451.59	114.026
451.80	114.602
452.01	115.164
452.22	115.671
452.43	116.057
452.64	116.395
452.84	116.752
453.05	116.959
453.26	117.170
453.47	117.257
453.68	117.320
453.89	117.300
454.10	117.159
454.31	116.982
454.52	116.756
454.73	116.453
454.94	116.033
455.15	115.554
455.36	115.017
455.56	114.396
455.77	113.727
455.98	113.022
456.19	112.324
456.40	111.548
456.61	110.831
456.82	110.006
457.03	109.218
457.24	108.371
457.45	107.577
457.65	106.728
457.86	105.962
458.07	105.189
458.28	104.377
458.49	103.699
458.70	103.001
458.91	102.365
459.12	101.801
459.33	101.290
459.54	100.874
459.74	100.450
459.95	100.118
460.16	99.912
460.37	99.765
460.58	99.672
460.79	99.650
461.00	99.681
461.21	99.812
461.41	99.997
461.62	100.248
461.83	100.592
462.04	100.991
462.25	101.363
462.46	101.857
462.67	102.418
462.88	102.985
463.08	103.588
463.29	104.201
463.50	104.831
463.71	105.496
463.92	106.146
464.13	106.824
464.34	107.471
464.54	108.106
464.75	108.693
464.96	109.270
465.17	109.826
465.38	110.281
465.59	110.784
465.80	111.165
466.00	111.479
466.21	111.743
466.42	111.949
466.63	112.158
466.84	112.228
467.05	112.244
467.26	112.214
467.46	112.067
467.67	111.889
467.88	111.641
468.09	111.350
468.30	110.986
468.51	110.550
468.71	110.023
468.92	109.462
469.13	108.895
469.34	108.258
469.55	107.572
469.76	106.880
469.96	106.096
470.17	105.342
470.38	104.628
470.59	103.844
470.80	103.064
471.00	102.282
471.21	101.525
471.42	100.780
471.63	100.066
471.84	99.425
472.05	98.753
472.25	98.137
472.46	97.526
472.67	96.961
472.88	96.488
473.09	96.051
473.29	95.647
473.50	95.326
473.71	95.074
473.92	94.866
474.13	94.724
474.33	94.678
474.54	94.679
474.75	94.710
474.96	94.801
475.17	94.960
475.37	95.176
475.58	95.487
475.79	95.828
476.00	96.188
476.21	96.585
476.41	97.035
476.62	97.522
476.83	98.042
477.04	98.633
477.24	99.223
477.45	99.829
477.66	100.431
477.87	100.989
478.08	101.578
478.28	102.152
478.49	102.733
478.70	103.281
478.91	103.808
479.11	104.294
479.32	104.802
479.53	105.235
479.74	105.636
479.94	105.952
480.15	106.226
480.36	106.455
480.57	106.654
480.78	106.811
480.98	106.881
481.19	106.890
481.40	106.817
481.61	106.725
481.81	106.561
482.02	106.349
482.23	106.128
482.44	105.776
482.64	105.417
482.85	104.988
483.06	104.493
483.27	103.982
483.47	103.460
483.68	102.861
483.89	102.252
484.10	101.600
484.30	100.947
484.51	100.254
484.72	99.572
484.92	98.846
485.13	98.150
485.34	97.429
485.55	96.709
485.75	96.018
485.96	95.298
486.17	94.631
486.38	94.001
486.58	93.369
486.79	92.812
487.00	92.254
487.20	91.746
487.41	91.292
487.62	90.903
487.83	90.528
488.03	90.203
488.24	89.933
488.45	89.710
488.65	89.520
488.86	89.389
489.07	89.304
489.28	89.300
489.48	89.318
489.69	89.453
489.90	89.616
490.10	89.828
490.31	90.092
490.52	90.374
490.73	90.700
490.93	91.073
491.14	91.470
491.35	91.913
491.55	92.367
491.76	92.850
491.97	93.349
492.17	93.834
492.38	94.348
492.59	94.882
492.79	95.437
493.00	95.974
493.21	96.522
493.41	97.031
493.62	97.520
493.83	98.029
494.04	98.441
494.24	98.863
494.45	99.257
494.66	99.605
494.86	99.957
495.07	100.234
495.28	100.498
495.48	100.690
495.69	100.847
495.90	100.979
496.10	101.062
496.31	101.070
496.52	101.040
496.72	101.012
496.93	100.898
497.14	100.725
497.34	100.503
497.55	100.239
497.76	99.952
497.96	99.614
498.17	99.217
498.37	98.806
498.58	98.336
498.79	97.842
498.99	97.324
499.20	96.771
499.41	96.175
499.61	95.557
499.82	94.954
500.03	94.295
500.23	93.658
500.44	92.986
500.65	92.320
500.85	91.686
501.06	90.990
501.26	90.336
501.47	89.701
501.68	89.081
501.88	88.473
502.09	87.894
502.30	87.349
502.50	86.834
502.71	86.358
502.91	85.923
503.12	85.506
503.33	85.130
503.53	84.790
503.74	84.516
503.95	84.268
504.15	84.061
504.36	83.911
504.56	83.798
504.77	83.757
504.98	83.723
505.18	83.766
505.39	83.839
505.59	83.951
505.80	84.108
506.01	84.323
506.21	84.575
506.42	84.840
506.62	85.159
506.83	85.484
507.04	85.849
507.24	86.232
507.45	86.652
507.65	87.082
507.86	87.512
508.07	87.978
508.27	88.452
508.48	88.920
508.68	89.414
508.89	89.877
509.10	90.340
509.30	90.792
509.51	91.223
509.71	91.653
509.92	92.060
510.12	92.435
510.33	92.808
510.54	93.131
510.74	93.481
510.95	93.741
511.15	93.998
511.36	94.229
511.56	94.429
511.77	94.561
511.98	94.694
512.18	94.796
512.39	94.838
512.59	94.833
512.80	94.803
513.00	94.715
513.21	94.600
513.42	94.432
513.62	94.255
513.83	94.016
514.03	93.743
514.24	93.448
514.44	93.127
514.65	92.732
514.85	92.348
515.06	91.907
515.26	91.445
515.47	90.968
515.68	90.458
515.88	89.919
516.09	89.378
516.29	88.809
516.50	88.225
516.70	87.627
516.91	87.033
517.11	86.440
517.32	85.857
517.52	85.265
517.73	84.726
517.93	84.158
518.14	83.615
518.34	83.089
518.55	82.557
518.76	82.045
518.96	81.571
519.17	81.106
519.37	80.662
519.58	80.272
519.78	79.898
519.99	79.552
520.19	79.253
520.40	78.987
520.60	78.769
520.81	78.585
521.01	78.434
521.22	78.340
521.42	78.266
521.63	78.232
521.83	78.223
522.04	78.251
522.24	78.321
522.45	78.427
522.65	78.587
522.86	78.800
523.06	79.015
523.27	79.281
523.47	79.579
523.68	79.892
523.88	80.210
524.09	80.556
524.29	80.929
524.50	81.318
524.70	81.733
524.91	82.136
525.11	82.577
525.32	83.028
525.52	83.457
525.72	83.916
525.93	84.373
526.13	84.849
526.34	85.282
526.54	85.750
526.75	86.170
526.95	86.580
527.16	86.952
527.36	87.343
527.57	87.673
527.77	87.991
527.98	88.299
528.18	88.618
528.39	88.885
528.59	89.134
528.79	89.347
529.00	89.527
529.20	89.678
529.41	89.807
529.61	89.886
529.82	89.946
530.02	89.931
530.23	89.930
530.43	89.853
530.64	89.774
530.84	89.626
531.04	89.460
531.25	89.281
531.45	89.072
531.66	88.835
531.86	88.580
532.07	88.274
532.27	87.935
532.47	87.555
532.68	87.185
532.88	86.797
533.09	86.385
533.29	85.918
533.50	85.460
533.70	84.951
533.90	84.481
534.11	83.979
534.31	83.504
534.52	82.966
534.72	82.483
534.93	81.969
535.13	81.455
535.33	80.976
535.54	80.455
535.74	79.976
535.95	79.464
536.15	79.004
536.35	78.555
536.56	78.141
536.76	77.735
536.97	77.347
537.17	76.961
537.37	76.596
537.58	76.306
537.78	76.020
537.99	75.761
538.19	75.502
538.39	75.290
538.60	75.108
538.80	74.988
539.01	74.865
539.21	74.790
539.41	74.759
539.62	74.738
539.82	74.767
540.03	74.801
540.23	74.902
540.43	75.019
540.64	75.184
540.84	75.359
541.04	75.571
541.25	75.830
541.45	76.103
541.66	76.403
541.86	76.703
542.06	77.053
542.27	77.428
542.47	77.818
542.67	78.212
542.88	78.630
543.08	79.048
543.28	79.488
543.49	79.913
543.69	80.350
543.90	80.809
544.10	81.236
544.30	81.712
544.51	82.171
544.71	82.634
544.91	83.064
545.12	83.494
545.32	83.925
545.52	84.316
545.73	84.720
545.93	85.091
546.13	85.437
546.34	85.761
546.54	86.058
546.74	86.350
546.95	86.621
547.15	86.854
547.35	87.060
547.56	87.257
547.76	87.445
547.96	87.584
548.17	87.708
548.37	87.834
548.57	87.874
548.78	87.885
548.98	87.853
549.18	87.789
549.39	87.698
549.59	87.583
549.79	87.465
550.00	87.307
550.20	87.157
550.40	86.957
550.61	86.721
550.81	86.467
551.01	86.174
551.22	85.871
551.42	85.542
551.62	85.182
551.82	84.805
552.03	84.432
552.23	84.038
552.43	83.604
552.64	83.160
552.84	82.723
553.04	82.276
553.25	81.833
553.45	81.378
553.65	80.914
553.85	80.475
554.06	80.014
554.26	79.536
554.46	79.057
554.67	78.606
554.87	78.158
555.07	77.736
555.27	77.315
555.48	76.910
555.68	76.547
555.88	76.173
556.09	75.816
556.29	75.447
556.49	75.136
556.69	74.821
556.90	74.534
557.10	74.291
557.30	74.083
557.50	73.900
557.71	73.739
557.91	73.621
558.11	73.494
558.31	73.407
558.52	73.368
558.72	73.349
558.92	73.359
559.13	73.403
559.33	73.469
559.53	73.543
559.73	73.674
559.94	73.802
560.14	73.966
560.34	74.152
560.54	74.369
560.75	74.626
560.95	74.894
561.15	75.193
561.35	75.497
561.55	75.792
561.76	76.117
561.96	76.457
562.16	76.816
562.36	77.212
562.57	77.599
562.77	77.998
562.97	78.403
563.17	78.799
563.38	79.206
563.58	79.618
563.78	80.051
563.98	80.449
564.18	80.820
564.39	81.244
564.59	81.643
564.79	82.052
564.99	82.418
565.20	82.797
565.40	83.156
565.60	83.474
565.80	83.828
566.00	84.128
566.21	84.434
566.41	84.698
566.61	84.940
566.81	85.184
567.01	85.394
567.22	85.599
567.42	85.776
567.62	85.915
567.82	86.022
568.02	86.117
568.23	86.209
568.43	86.281
568.63	86.316
568.83	86.307
569.03	86.270
569.24	86.209
569.44	86.117
569.64	86.023
569.84	85.938
570.04	85.786
570.24	85.624
570.45	85.435
570.65	85.245
570.85	85.022
571.05	84.756
571.25	84.482
571.45	84.164
571.66	83.869
571.86	83.549
572.06	83.206
572.26	82.856
572.46	82.486
572.66	82.118
572.87	81.722
573.07	81.340
573.27	80.936
573.47	80.530
573.67	80.139
573.87	79.707
574.08	79.255
574.28	78.837
574.48	78.423
574.68	77.995
574.88	77.566
575.08	77.139
575.28	76.735
575.49	76.334
575.69	75.957
575.89	75.558
576.09	75.193
576.29	74.839
576.49	74.498
576.69	74.158
576.90	73.856
577.10	73.572
577.30	73.312
577.50	73.068
577.70	72.858
577.90	72.628
578.10	72.465
578.30	72.311
578.51	72.177
578.71	72.075
578.91	71.997
579.11	71.956
579.31	71.922
579.51	71.916
579.71	71.926
579.91	71.960
580.12	72.038
580.32	72.134
580.52	72.255
580.72	72.383
580.92	72.538
581.12	72.700
581.32	72.896
581.52	73.113
581.72	73.348
581.92	73.579
582.13	73.881
582.33	74.141
582.53	74.458
582.73	74.774
582.93	75.109
583.13	75.463
583.33	75.823
583.53	76.192
583.73	76.572
583.93	76.966
584.13	77.371
584.34	77.775
584.54	78.147
584.74	78.536
584.94	78.959
585.14	79.371
585.34	79.781
585.54	80.126
585.74	80.491
585.94	80.887
586.14	81.274
586.34	81.610
586.54	81.973
586.74	82.312
586.94	82.652
587.15	82.974
587.35	83.265
587.55	83.544
587.75	83.806
587.95	84.043
588.15	84.261
588.35	84.455
588.55	84.643
588.75	84.842
588.95	85.003
589.15	85.122
589.35	85.221
589.55	85.305
589.75	85.425
589.95	85.498
590.15	85.519
590.35	85.535
590.55	85.537
590.75	85.507
590.95	85.442
591.15	85.354
591.35	85.240
591.56	85.120
591.76	84.983
591.96	84.816
592.16	84.643
592.36	84.467
592.56	84.276
592.76	84.047
592.96	83.796
593.16	83.514
593.36	83.222
593.56	82.945
593.76	82.652
593.96	82.333
594.16	81.998
594.36	81.676
594.56	81.318
594.76	80.953
594.96	80.595
595.16	80.218
595.36	79.843
595.56	79.446
595.76	79.058
595.96	78.638
596.16	78.252
596.36	77.859
596.56	77.469
596.76	77.064
596.96	76.678
597.16	76.306
597.36	75.956
597.56	75.604
597.76	75.246
597.96	74.900
598.16	74.578
598.36	74.256
598.56	73.920
598.76	73.615
598.96	73.349
599.16	73.094
599.36	72.874
599.56	72.655
599.76	72.461
599.96	72.264
600.15	72.103
600.35	71.971
600.55	71.839
600.75	71.706
600.95	71.631
601.15	71.555
601.35	71.493
601.55	71.468
601.75	71.472
601.95	71.472
602.15	71.512
602.35	71.545
602.55	71.614
602.75	71.709
602.95	71.838
603.15	71.961
603.35	72.099
603.55	72.258
603.75	72.429
603.95	72.619
604.15	72.840
604.35	73.073
604.54	73.322
604.74	73.609
604.94	73.889
605.14	74.151
605.34	74.446
605.54	74.760
605.74	75.081
605.94	75.405
606.14	75.762
606.34	76.104
606.54	76.463
606.74	76.833
606.94	77.192
607.14	77.561
607.33	77.947
607.53	78.328
607.73	78.693
607.93	79.054
608.13	79.422
608.33	79.780
608.53	80.122
608.73	80.464
608.93	80.788
609.13	81.118
609.33	81.456
609.52	81.779
609.72	82.087
609.92	82.370
610.12	82.653
610.32	82.917
610.52	83.201
610.72	83.439
610.92	83.666
611.12	83.897
611.31	84.082
611.51	84.265
611.71	84.437
611.91	84.598
612.11	84.752
612.31	84.890
612.51	84.998
612.71	85.119
612.91	85.189
613.10	85.250
613.30	85.327
613.50	85.367
613.70	85.379
613.90	85.366
614.10	85.334
614.30	85.265
614.50	85.205
614.69	85.091
614.89	84.981
615.09	84.846
615.29	84.700
615.49	84.556
615.69	84.389
615.89	84.206
616.08	84.007
616.28	83.775
616.48	83.541
616.68	83.284
616.88	83.012
617.08	82.736
617.27	82.464
617.47	82.160
617.67	81.844
617.87	81.527
618.07	81.215
618.27	80.892
618.47	80.578
618.66	80.241
618.86	79.916
619.06	79.571
619.26	79.246
619.46	78.921
619.66	78.575
619.85	78.210
620.05	77.859
620.25	77.485
620.45	77.144
620.65	76.784
620.84	76.454
621.04	76.110
621.24	75.802
621.44	75.468
621.64	75.129
621.84	74.841
622.03	74.532
622.23	74.238
622.43	73.954
622.63	73.686
622.83	73.427
623.02	73.167
623.22	72.935
623.42	72.694
623.62	72.474
623.82	72.283
624.01	72.109
624.21	71.938
624.41	71.808
624.61	71.697
624.81	71.604
625.00	71.513
625.20	71.438
625.40	71.359
625.60	71.326
625.79	71.309
625.99	71.288
626.19	71.310
626.39	71.347
626.59	71.401
626.78	71.490
626.98	71.576
627.18	71.675
627.38	71.817
627.57	71.990
627.77	72.157
627.97	72.338
628.17	72.540
628.37	72.747
628.56	72.994
628.76	73.218
628.96	73.465
629.16	73.732
629.35	74.043
629.55	74.352
629.75	74.669
629.95	74.993
630.14	75.327
630.34	75.662
630.54	76.026
630.74	76.380
630.93	76.719
631.13	77.072
631.33	77.416
631.53	77.736
631.72	78.057
631.92	78.406
632.12	78.760
632.31	79.096
632.51	79.467
632.71	79.809
632.91	80.147
633.10	80.492
633.30	80.832
633.50	81.149
633.70	81.484
633.89	81.779
634.09	82.108
634.29	82.423
634.48	82.704
634.68	82.982
634.88	83.267
635.08	83.529
635.27	83.818
635.47	84.098
635.67	84.354
635.86	84.622
636.06	84.848
636.26	85.061
636.46	85.267
636.65	85.451
636.85	85.643
637.05	85.817
637.24	85.950
637.44	86.072
637.64	86.182
637.83	86.282
638.03	86.388
638.23	86.424
638.43	86.447
638.62	86.491
638.82	86.472
639.02	86.461
639.21	86.444
639.41	86.364
639.61	86.316
639.80	86.256
640.00	86.161
640.20	86.070
640.39	85.976
640.59	85.858
640.79	85.723
640.98	85.546
641.18	85.402
641.38	85.242
641.57	85.042
641.77	84.834
641.97	84.604
642.16	84.367
642.36	84.138
642.56	83.898
642.75	83.650
642.95	83.407
643.15	83.129
643.34	82.876
643.54	82.604
643.74	82.300
643.93	82.007
644.13	81.676
644.33	81.362
644.52	81.015
644.72	80.687
644.91	80.342
645.11	79.997
645.31	79.656
645.50	79.317
645.70	78.988
645.90	78.666
646.09	78.343
646.29	78.009
646.48	77.689
646.68	77.359
646.88	77.026
647.07	76.719
647.27	76.407
647.47	76.078
647.66	75.784
647.86	75.489
648.05	75.220
648.25	74.960
648.45	74.683
648.64	74.430
648.84	74.194
649.04	73.958
649.23	73.747
649.43	73.529
649.62	73.332
649.82	73.148
650.02	72.982
650.21	72.829
650.41	72.706
650.60	72.581
650.80	72.502
651.00	72.418
651.19	72.342
651.39	72.297
651.58	72.244
651.78	72.242
651.97	72.249
652.17	72.237
652.37	72.253
652.56	72.303
652.76	72.385
652.95	72.460
653.15	72.581
653.35	72.692
653.54	72.815
653.74	72.951
653.93	73.099
654.13	73.251
654.32	73.400
654.52	73.547
654.72	73.749
654.91	73.948
655.11	74.176
655.30	74.414
655.50	74.651
655.69	74.912
655.89	75.150
656.08	75.412
656.28	75.699
656.48	75.983
656.67	76.276
656.87	76.564
657.06	76.852
657.26	77.124
657.45	77.431
657.65	77.744
657.84	78.087
658.04	78.411
658.23	78.757
658.43	79.101
658.62	79.464
658.82	79.798
659.02	80.143
659.21	80.471
659.41	80.796
659.60	81.136
659.80	81.480
659.99	81.832
660.19	82.156
660.38	82.482
660.58	82.806
660.77	83.135
660.97	83.420
661.16	83.708
661.36	84.013
661.55	84.310
661.75	84.605
661.94	84.856
662.14	85.123
662.33	85.379
662.53	85.630
662.72	85.861
662.92	86.075
663.11	86.256
663.31	86.459
663.50	86.654
663.70	86.839
663.89	87.009
664.09	87.153
664.28	87.297
664.48	87.429
664.67	87.567
664.87	87.653
665.06	87.777
665.26	87.867
665.45	87.931
665.65	87.982
665.84	88.037
666.04	88.067
666.23	88.067
666.43	88.055
666.62	88.026
666.82	87.977
667.01	87.929
667.21	87.886
667.40	87.805
667.59	87.740
667.79	87.635
667.98	87.504
668.18	87.379
668.37	87.244
668.57	87.105
668.76	86.943
668.96	86.780
669.15	86.574
669.35	86.404
669.54	86.198
669.73	85.978
669.93	85.752
670.12	85.505
670.32	85.293
670.51	85.049
670.71	84.826
670.90	84.598
671.10	84.360
671.29	84.073
671.48	83.786
671.68	83.481
671.87	83.197
672.07	82.917
672.26	82.647
672.46	82.345
672.65	82.050
672.84	81.756
673.04	81.451
673.23	81.165
673.43	80.854
673.62	80.581
673.82	80.302
674.01	79.988
674.20	79.707
674.40	79.395
674.59	79.079
674.79	78.773
674.98	78.478
675.17	78.154
675.37	77.892
675.56	77.645
675.76	77.364
675.95	77.070
676.14	76.791
676.34	76.527
676.53	76.276
676.73	76.030
676.92	75.760
677.11	75.524
677.31	75.282
677.50	75.066
677.70	74.850
677.89	74.629
678.08	74.442
678.28	74.263
678.47	74.133
678.66	74.018
678.86	73.895
679.05	73.766
679.25	73.699
679.44	73.635
679.63	73.561
679.83	73.512
680.02	73.490
680.21	73.490
680.41	73.469
680.60	73.457
680.79	73.459
680.99	73.499
681.18	73.531
681.38	73.587
681.57	73.666
681.76	73.749
681.96	73.854
682.15	73.951
682.34	74.043
682.54	74.140
682.73	74.278
682.92	74.409
683.12	74.583
683.31	74.743
683.50	74.900
683.70	75.080
683.89	75.275
684.08	75.481
684.28	75.689
684.47	75.906
684.66	76.163
684.86	76.397
685.05	76.654
685.24	76.913
685.44	77.171
685.63	77.437
685.82	77.706
686.02	77.983
686.21	78.301
686.40	78.628
686.60	78.962
686.79	79.285
686.98	79.608
687.18	79.942
687.37	80.273
687.56	80.600
687.75	80.947
687.95	81.265
688.14	81.575
688.33	81.910
688.53	82.236
688.72	82.553
688.91	82.887
689.11	83.197
689.30	83.552
689.49	83.893
689.68	84.220
689.88	84.536
690.07	84.849
690.26	85.138
690.46	85.433
690.65	85.689
690.84	85.936
691.03	86.229
691.23	86.461
691.42	86.697
691.61	86.937
691.80	87.159
692.00	87.387
692.19	87.609
692.38	87.788
692.58	87.992
692.77	88.161
692.96	88.327
693.15	88.494
693.35	88.639
693.54	88.798
693.73	88.942
693.92	89.049
694.12	89.171
694.31	89.262
694.50	89.380
694.69	89.457
694.89	89.546
695.08	89.573
695.27	89.645
695.46	89.701
695.66	89.756
695.85	89.783
696.04	89.807
696.23	89.846
696.43	89.888
696.62	89.867
696.81	89.851
697.00	89.840
697.19	89.789
697.39	89.722
697.58	89.643
697.77	89.559
697.96	89.513
698.16	89.379
698.35	89.277
698.54	89.135
698.73	89.023
698.92	88.863
699.12	88.728
699.31	88.581
699.50	88.422
699.69	88.219
699.89	88.030
700.08	87.842
700.27	87.606
700.46	87.373
700.65	87.148
700.85	86.965
701.04	86.720
701.23	86.503
701.42	86.258
701.61	86.020
701.81	85.751
702.00	85.459
702.19	85.237
702.38	84.976
702.57	84.709
702.76	84.416
702.96	84.154
703.15	83.872
703.34	83.555
703.53	83.241
703.72	82.934
703.92	82.619
704.11	82.315
704.30	82.012
704.49	81.696
704.68	81.414
704.87	81.058
705.07	80.767
705.26	80.449
705.45	80.168
705.64	79.856
705.83	79.581
706.02	79.300
706.21	79.036
706.41	78.767
706.60	78.508
706.79	78.271
706.98	78.045
707.17	77.808
707.36	77.598
707.56	77.410
707.75	77.222
707.94	77.034
708.13	76.841
708.32	76.680
708.51	76.526
708.70	76.378
708.89	76.251
709.09	76.097
709.28	75.991
709.47	75.845
709.66	75.733
709.85	75.619
710.04	75.526
710.23	75.409
710.42	75.322
710.62	75.241
710.81	75.162
711.00	75.074
711.19	74.997
711.38	74.939
711.57	74.877
711.76	74.851
711.95	74.843
712.15	74.851
712.34	74.865
712.53	74.878
712.72	74.893
712.91	74.967
713.10	75.030
713.29	75.092
713.48	75.156
713.67	75.263
713.86	75.379
714.05	75.483
714.25	75.605
714.44	75.718
714.63	75.861
714.82	76.020
715.01	76.186
715.20	76.396
715.39	76.575
715.58	76.780
715.77	76.976
715.96	77.194
716.15	77.402
716.34	77.626
716.54	77.845
716.73	78.078
716.92	78.276
717.11	78.510
717.30	78.766
717.49	79.046
717.68	79.306
717.87	79.543
718.06	79.836
718.25	80.137
718.44	80.430
718.63	80.713
718.82	81.002
719.01	81.298
719.20	81.594
719.39	81.874
719.58	82.166
719.77	82.448
719.96	82.707
720.16	83.005
720.35	83.283
720.54	83.570
720.73	83.874
720.92	84.171
721.11	84.481
721.30	84.764
721.49	85.060
721.68	85.366
721.87	85.691
722.06	85.975
722.25	86.243
722.44	86.520
722.63	86.789
722.82	87.034
723.01	87.251
723.20	87.444
723.39	87.689
723.58	87.923
723.77	88.177
723.96	88.437
724.15	88.667
724.34	88.868
724.53	89.081
724.72	89.271
724.91	89.492
725.10	89.693
725.29	89.871
725.48	90.047
725.67	90.180
725.86	90.287
726.05	90.409
726.24	90.525
726.43	90.644
726.62	90.746
726.81	90.903
727.00	91.033
727.19	91.184
727.38	91.297
727.57	91.387
727.76	91.466
727.95	91.514
728.14	91.524
728.33	91.584
728.52	91.599
728.71	91.608
728.90	91.593
729.09	91.574
729.28	91.521
729.47	91.466
729.65	91.428
729.84	91.392
730.03	91.339
730.22	91.275
730.41	91.233
730.60	91.190
730.79	91.079
730.98	91.002
731.17	90.914
731.36	90.803
731.55	90.659
731.74	90.503
731.93	90.376
732.12	90.217
732.31	90.074
732.50	89.979
732.69	89.847
732.88	89.684
733.06	89.496
733.25	89.344
733.44	89.178
733.63	88.980
733.82	88.801
734.01	88.595
734.20	88.393
734.39	88.133
734.58	87.892
734.77	87.664
734.96	87.400
735.15	87.144
735.33	86.895
735.52	86.668
735.71	86.431
735.90	86.149
736.09	85.924
736.28	85.629
736.47	85.330
736.66	85.044
736.85	84.780
737.04	84.488
737.23	84.205
737.41	83.914
737.60	83.660
737.79	83.368
737.98	83.102
738.17	82.835
738.36	82.603
738.55	82.360
738.74	82.116
738.92	81.892
739.11	81.629
739.30	81.370
739.49	81.098
739.68	80.862
739.87	80.646
740.06	80.402
740.25	80.192
740.43	79.964
740.62	79.714
740.81	79.474
741.00	79.280
741.19	79.048
741.38	78.837
741.57	78.603
741.75	78.413
741.94	78.219
742.13	78.003
742.32	77.812
742.51	77.618
742.70	77.455
742.89	77.280
743.07	77.127
743.26	76.955
743.45	76.797
743.64	76.659
743.83	76.518
744.02	76.393
744.20	76.272
744.39	76.150
744.58	76.082
744.77	75.991
744.96	75.927
745.15	75.922
745.33	75.904
745.52	75.872
745.71	75.857
745.90	75.831
746.09	75.870
746.28	75.886
746.46	75.888
746.65	75.858
746.84	75.877
747.03	75.889
747.22	75.952
747.40	76.034
747.59	76.086
747.78	76.150
747.97	76.243
748.16	76.328
748.34	76.423
748.53	76.528
748.72	76.671
748.91	76.779
749.10	76.884
749.28	77.010
749.47	77.188
749.66	77.323
749.85	77.456
750.04	77.594
750.22	77.713
750.41	77.879
750.60	78.088
750.79	78.247
750.97	78.453
751.16	78.644
751.35	78.836
751.54	79.028
751.73	79.229
751.91	79.416
752.10	79.667
752.29	79.865
752.48	80.096
752.66	80.313
752.85	80.519
753.04	80.741
753.23	80.983
753.41	81.196
753.60	81.436
753.79	81.699
753.98	81.925
754.16	82.195
754.35	82.421
754.54	82.648
754.73	82.921
754.91	83.160
755.10	83.433
755.29	83.683
755.48	83.930
755.66	84.225
755.85	84.499
756.04	84.716
756.22	84.997
756.41	85.227
756.60	85.480
756.79	85.784
756.97	86.046
757.16	86.259
757.35	86.508
757.54	86.763
757.72	87.024
757.91	87.277
758.10	87.519
758.28	87.761
758.47	87.982
758.66	88.242
758.85	88.458
759.03	88.674
759.22	88.889
759.41	89.107
759.59	89.283
759.78	89.482
759.97	89.677
760.15	89.865
760.34	90.063
760.53	90.235
760.71	90.362
760.90	90.541
761.09	90.708
761.28	90.837
761.46	90.962
761.65	91.099
761.84	91.238
762.02	91.384
762.21	91.562
762.40	91.688
762.58	91.754
762.77	91.855
762.96	91.937
763.14	92.041
763.33	92.132
763.52	92.183
763.70	92.192
763.89	92.233
764.08	92.292
764.26	92.314
764.45	92.326
764.64	92.374
764.82	92.365
765.01	92.378
765.20	92.373
765.38	92.372
765.57	92.328
765.75	92.294
765.94	92.213
766.13	92.157
766.31	92.120
766.50	92.069
766.69	92.031
766.87	92.013
767.06	91.914
767.25	91.837
767.43	91.795
767.62	91.752
767.80	91.691
767.99	91.576
768.18	91.473
768.36	91.348
768.55	91.224
768.74	91.096
768.92	90.975
769.11	90.891
769.29	90.740
769.48	90.618
769.67	90.470
769.85	90.357
770.04	90.144
770.22	89.944
770.41	89.730
770.60	89.507
770.78	89.266
770.97	89.057
771.15	88.856
771.34	88.625
771.53	88.433
771.71	88.210
771.90	88.011
772.08	87.843
772.27	87.655
772.46	87.413
772.64	87.191
772.83	86.916
773.01	86.618
773.20	86.368
773.39	86.135
773.57	85.856
773.76	85.568
773.94	85.364
774.13	85.140
774.31	84.883
774.50	84.679
774.68	84.393
774.87	84.148
775.06	83.846
775.24	83.588
775.43	83.293
775.61	83.040
775.80	82.752
775.98	82.460
776.17	82.191
776.36	81.922
776.54	81.654
776.73	81.422
776.91	81.209
777.10	80.957
777.28	80.686
777.47	80.455
777.65	80.224
777.84	79.964
778.02	79.730
778.21	79.531
778.39	79.295
778.58	79.094
778.77	78.896
778.95	78.753
779.14	78.582
779.32	78.423
779.51	78.255
779.69	78.097
779.88	77.947
780.06	77.818
780.25	77.680
780.43	77.540
780.62	77.437
780.80	77.286
780.99	77.168
781.17	77.016
781.36	76.876
781.54	76.780
781.73	76.645
781.91	76.546
782.10	76.467
782.28	76.362
782.47	76.281
782.65	76.190
782.84	76.087
783.02	76.016
783.21	75.964
783.39	75.889
783.58	75.819
783.76	75.779
783.95	75.736
784.13	75.753
784.32	75.764
784.50	75.729
784.69	75.733
784.87	75.767
785.05	75.815
785.24	75.891
785.42	75.941
785.61	75.991
785.79	76.041
785.98	76.105
786.16	76.163
786.35	76.247
786.53	76.340
786.72	76.420
786.90	76.511
787.09	76.572
787.27	76.712
787.45	76.849
787.64	76.942
787.82	77.047
788.01	77.165
788.19	77.325
788.38	77.448
788.56	77.541
788.75	77.694
788.93	77.839
789.11	77.949
789.30	78.079
789.48	78.236
789.67	78.411
789.85	78.538
790.04	78.732
790.22	78.930
790.40	79.106
790.59	79.293
790.77	79.479
790.96	79.696
791.14	79.858
791.32	80.048
791.51	80.260
791.69	80.470
791.88	80.672
792.06	80.856
792.25	81.062
792.43	81.328
792.61	81.520
792.80	81.715
792.98	81.970
793.17	82.162
793.35	82.372
793.53	82.551
793.72	82.815
793.90	83.038
794.08	83.252
794.27	83.478
794.45	83.705
794.64	83.904
794.82	84.115
795.00	84.317
795.19	84.548
795.37	84.715
795.55	84.882
795.74	85.089
795.92	85.254
796.11	85.479
796.29	85.699
796.47	85.911
796.66	86.092
796.84	86.301
797.02	86.541
797.21	86.764
797.39	86.988
797.58	87.160
797.76	87.320
797.94	87.500
798.13	87.715
798.31	87.912
798.49	88.113
798.68	88.292
798.86	88.483
799.04	88.635
799.23	88.835
799.41	89.025
799.59	89.153
799.78	89.295
799.96	89.419
800.14	89.565
800.33	89.710
800.51	89.885
800.69	90.025
800.88	90.132
801.06	90.264
801.24	90.327
801.43	90.461
801.61	90.570
801.79	90.634
801.98	90.675
802.16	90.758
802.34	90.834
802.52	90.916
802.71	90.953
802.89	91.032
803.07	91.091
803.26	91.125
803.44	91.130
803.62	91.158
803.81	91.181
803.99	91.121
804.17	91.082
804.35	91.063
804.54	90.994
804.72	91.003
804.90	91.000
805.09	91.061
805.27	91.027
805.45	91.006
805.63	90.975
805.82	90.944
806.00	90.820
806.18	90.758
806.37	90.714
806.55	90.632
806.73	90.555
806.91	90.459
807.10	90.371
807.28	90.341
807.46	90.284
807.64	90.196
807.83	90.108
808.01	90.049
808.19	89.894
808.37	89.781
808.56	89.641
808.74	89.501
808.92	89.340
809.10	89.175
809.29	89.043
809.47	88.913
809.65	88.698
809.83	88.621
810.02	88.452
810.20	88.281
810.38	88.129
810.56	87.949
810.75	87.788
810.93	87.640
811.11	87.443
811.29	87.256
811.47	87.069
811.66	86.877
811.84	86.667
812.02	86.554
812.20	86.382
812.39	86.218
812.57	86.024
812.75	85.830
812.93	85.693
813.11	85.487
813.30	85.341
813.48	85.197
813.66	84.975
813.84	84.789
814.02	84.572
814.21	84.396
814.39	84.179
814.57	84.013
814.75	83.783
814.93	83.549
815.12	83.336
815.30	83.120
815.48	82.919
815.66	82.715
815.84	82.431
816.03	82.179
816.21	81.910
816.39	81.680
816.57	81.409
816.75	81.094
816.93	80.825
817.12	80.521
817.30	80.289
817.48	80.030
817.66	79.807
817.84	79.594
818.02	79.401
818.21	79.156
818.39	78.901
818.57	78.671
818.75	78.504
818.93	78.317
819.11	78.125
819.30	77.964
819.48	77.807
819.66	77.655
819.84	77.497
820.02	77.320
820.20	77.163
820.38	76.984
820.57	76.847
820.75	76.748
820.93	76.619
821.11	76.478
821.29	76.380
821.47	76.216
821.65	76.058
821.83	75.886
822.02	75.778
822.20	75.652
822.38	75.559
822.56	75.375
822.74	75.207
822.92	75.024
823.10	74.863
823.28	74.673
823.46	74.522
823.65	74.386
823.83	74.254
824.01	74.117
824.19	74.059
824.37	73.963
824.55	73.809
824.73	73.683
824.91	73.573
825.09	73.454
825.27	73.346
825.46	73.245
825.64	73.137
825.82	73.081
826.00	73.004
826.18	72.948
826.36	72.920
826.54	72.860
826.72	72.911
826.90	72.945
827.08	72.960
827.26	72.986
827.44	73.006
827.63	73.036
827.81	73.055
827.99	73.097
828.17	73.103
828.35	73.181
828.53	73.274
828.71	73.335
828.89	73.407
829.07	73.498
829.25	73.555
829.43	73.603
829.61	73.665
829.79	73.753
829.97	73.849
830.15	73.953
830.33	74.083
830.51	74.135
830.69	74.206
830.87	74.207
831.06	74.325
831.24	74.393
831.42	74.465
831.60	74.569
831.78	74.616
831.96	74.721
832.14	74.858
832.32	74.975
832.50	75.093
832.68	75.179
832.86	75.305
833.04	75.464
833.22	75.589
833.40	75.728
833.58	75.840
833.76	75.931
833.94	76.077
834.12	76.221
834.30	76.405
834.48	76.520
834.66	76.756
834.84	76.867
835.02	77.095
835.20	77.301
835.38	77.423
835.56	77.618
835.74	77.819
835.92	77.994
836.10	78.150
836.28	78.274
836.46	78.476
836.64	78.598
836.82	78.757
837.00	78.944
837.18	79.108
837.36	79.300
837.54	79.453
837.72	79.617
837.90	79.814
838.08	79.976
838.26	80.193
838.43	80.360
838.61	80.581
838.79	80.720
838.97	80.889
839.15	81.091
839.33	81.253
839.51	81.405
839.69	81.514
839.87	81.699
840.05	81.941
840.23	82.109
840.41	82.294
840.59	82.385
840.77	82.583
840.95	82.715
841.13	82.839
841.31	82.991
841.49	83.112
841.67	83.187
841.84	83.324
842.02	83.328
842.20	83.490
842.38	83.551
842.56	83.654
842.74	83.741
842.92	83.795
843.10	83.886
843.28	84.018
843.46	84.062
843.64	84.059
843.82	84.120
843.99	84.142
844.17	84.277
844.35	84.427
844.53	84.530
844.71	84.632
844.89	84.694
845.07	84.799
845.25	84.881
845.43	84.957
845.61	85.003
845.78	85.162
845.96	85.174
846.14	85.292
846.32	85.355
846.50	85.447
846.68	85.571
846.86	85.658
847.04	85.667
847.22	85.727
847.39	85.846
847.57	85.883
847.75	85.946
847.93	85.897
848.11	85.925
848.29	85.927
848.47	85.949
848.65	85.990
848.82	86.030
849.00	86.036
849.18	86.003
849.36	85.970
849.54	85.961
849.72	85.908
849.89	85.864
850.07	85.882
850.25	85.818
850.43	85.709
850.61	85.599
850.79	85.527
850.97	85.531
851.14	85.461
851.32	85.344
851.50	85.245
851.68	85.216
851.86	85.220
852.04	85.142
852.21	85.091
852.39	85.052
852.57	85.002
852.75	84.954
852.93	84.888
853.10	84.783
853.28	84.659
853.46	84.589
853.64	84.452
853.82	84.305
854.00	84.210
854.17	84.187
854.35	84.024
854.53	83.929
854.71	83.757
854.89	83.597
855.06	83.536
855.24	83.482
855.42	83.304
855.60	83.133
855.78	83.001
855.95	82.815
856.13	82.667
856.31	82.475
856.49	82.278
856.66	82.186
856.84	82.017
857.02	81.880
857.20	81.806
857.38	81.628
857.55	81.433
857.73	81.227
857.91	81.018
858.09	80.856
858.26	80.662
858.44	80.550
858.62	80.368
858.80	80.183
858.97	79.955
859.15	79.800
859.33	79.530
859.51	79.289
859.68	79.149
859.86	78.917
860.04	78.693
860.22	78.489
860.39	78.260
860.57	78.058
860.75	77.813
860.93	77.550
861.10	77.410
861.28	77.239
861.46	77.013
861.64	76.810
861.81	76.639
861.99	76.440
862.17	76.199
862.35	76.054
862.52	75.849
862.70	75.675
862.88	75.559
863.05	75.381
863.23	75.253
863.41	75.045
863.59	74.821
863.76	74.657
863.94	74.462
864.12	74.324
864.29	74.152
864.47	73.990
864.65	73.827
864.83	73.655
865.00	73.465
865.18	73.312
865.36	73.190
865.53	73.050
865.71	72.970
865.89	72.830
866.06	72.639
866.24	72.448
866.42	72.290
866.59	72.058
866.77	71.922
866.95	71.785
867.12	71.610
867.30	71.548
867.48	71.394
867.65	71.297
867.83	71.127
868.01	71.051
868.18	70.942
868.36	70.803
868.54	70.674
868.71	70.590
868.89	70.539
869.07	70.410
869.24	70.386
869.42	70.216
869.60	70.088
869.77	70.020
869.95	69.970
870.13	69.914
870.30	69.867
870.48	69.767
870.66	69.662
870.83	69.604
871.01	69.476
871.18	69.423
871.36	69.329
871.54	69.231
871.71	69.153
871.89	69.135
872.07	69.012
872.24	68.925
872.42	68.937
872.59	68.879
872.77	68.833
872.95	68.770
873.12	68.757
873.30	68.768
873.48	68.750
873.65	68.686
873.83	68.670
874.00	68.599
874.18	68.625
874.36	68.619
874.53	68.644
874.71	68.627
874.88	68.614
875.06	68.621
875.24	68.651
875.41	68.680
875.59	68.655
875.76	68.795
875.94	68.870
876.11	68.784
876.29	68.755
876.47	68.744
876.64	68.678
876.82	68.663
876.99	68.629
877.17	68.663
877.35	68.730
877.52	68.707
877.70	68.785
877.87	68.799
878.05	68.841
878.22	68.841
878.40	68.921
878.57	68.922
878.75	68.985
878.93	69.036
879.10	69.085
879.28	69.163
879.45	69.239
879.63	69.217
879.80	69.221
879.98	69.338
880.15	69.421
880.33	69.534
880.50	69.601
880.68	69.768
880.86	69.836
881.03	69.918
881.21	69.978
881.38	70.003
881.56	70.195
881.73	70.272
881.91	70.407
882.08	70.491
882.26	70.721
882.43	70.854
882.61	71.024
882.78	71.131
882.96	71.323
883.13	71.407
883.31	71.578
883.48	71.875
883.66	71.984
883.83	72.142
884.01	72.268
884.18	72.544
884.36	72.646
884.53	72.775
884.71	72.921
884.88	73.059
885.06	73.259
885.23	73.336
885.41	73.489
885.58	73.594
885.76	73.718
885.93	73.713
886.11	73.904
886.28	73.969
886.46	74.092
886.63	74.139
886.81	74.247
886.98	74.462
887.15	74.474
887.33	74.650
887.50	74.837
887.68	75.015
887.85	75.016
888.03	75.195
888.20	75.388
888.38	75.542
888.55	75.717
888.73	75.801
888.90	75.920
889.08	75.997
889.25	76.096
889.42	76.264
889.60	76.508
889.77	76.515
889.95	76.679
890.12	76.786
890.30	76.887
890.47	76.957
890.64	77.038
890.82	77.156
890.99	77.282
891.17	77.338
891.34	77.349
891.52	77.487
891.69	77.529
891.86	77.528
892.04	77.646
892.21	77.747
892.39	77.873
892.56	77.917
892.73	78.035
892.91	78.070
893.08	78.109
893.26	78.090
893.43	78.207
893.60	78.310
893.78	78.406
893.95	78.531
894.13	78.707
894.30	78.794
894.47	78.919
894.65	78.921
894.82	78.994
895.00	79.152
895.17	79.199
895.34	79.300
895.52	79.434
895.69	79.349
895.86	79.442
896.04	79.508
896.21	79.695
896.39	79.842
896.56	79.978
896.73	80.133
896.91	80.174
897.08	80.264
897.25	80.323
897.43	80.294
897.60	80.283
897.77	80.223
897.95	80.052
898.12	80.052
898.30	80.124
898.47	80.101
898.64	80.021
898.82	80.070
898.99	80.003
899.16	79.985
899.34	80.054
899.51	79.914
899.68	79.751
899.86	79.614
900.03	79.388
900.20	79.271
900.38	79.132
900.55	79.142
900.72	78.975
900.90	78.869
901.07	78.838
901.24	78.782
901.41	78.731
901.59	78.784
901.76	78.719
901.93	78.655
902.11	78.588
902.28	78.556
902.45	78.542
902.63	78.567
902.80	78.435
902.97	78.390
903.15	78.473
903.32	78.516
903.49	78.466
903.66	78.496
903.84	78.443
904.01	78.371
904.18	78.292
904.36	78.386
904.53	78.240
904.70	78.242
904.87	78.157
905.05	77.983
905.22	77.873
905.39	77.823
905.56	77.621
905.74	77.494
905.91	77.395
906.08	77.152
906.26	77.053
906.43	76.932
906.60	76.779
906.77	76.502
906.95	76.356
907.12	76.250
907.29	76.145
907.46	76.066
907.64	75.957
907.81	75.833
907.98	75.534
908.15	75.400
908.33	75.212
908.50	75.073
908.67	75.048
908.84	74.967
909.01	74.780
909.19	74.765
909.36	74.654
909.53	74.461
909.70	74.304
909.88	74.152
910.05	74.023
910.22	73.889
910.39	73.769
910.57	73.688
910.74	73.425
910.91	73.305
911.08	73.132
911.25	72.992
911.43	72.784
911.60	72.643
911.77	72.498
911.94	72.213
912.11	72.009
912.29	71.804
912.46	71.591
912.63	71.450
912.80	71.251
912.97	71.100
913.15	71.037
913.32	70.814
913.49	70.645
913.66	70.565
913.83	70.404
914.00	70.216
914.18	70.049
914.35	70.009
914.52	69.668
914.69	69.563
914.86	69.393
915.03	69.299
915.21	69.181
915.38	69.087
915.55	69.134
915.72	69.057
915.89	68.972
916.06	68.894
916.24	68.723
916.41	68.488
916.58	68.364
916.75	68.170
916.92	68.108
917.09	67.860
917.26	67.606
917.44	67.411
917.61	67.308
917.78	67.086
917.95	67.012
918.12	66.963
918.29	66.847
918.46	66.715
918.64	66.626
918.81	66.522
918.98	66.382
919.15	66.271
919.32	66.118
919.49	65.864
919.66	65.699
919.83	65.585
920.00	65.510
920.18	65.376
920.35	65.364
920.52	65.300
920.69	65.399
920.86	65.378
921.03	65.324
921.20	65.227
921.37	65.266
921.54	65.073
921.71	64.959
921.89	64.812
922.06	64.789
922.23	64.670
922.40	64.644
922.57	64.540
922.74	64.514
922.91	64.512
923.08	64.562
923.25	64.498
923.42	64.524
923.59	64.588
923.76	64.446
923.93	64.286
924.11	64.163
924.28	63.989
924.45	63.910
924.62	63.903
924.79	63.888
924.96	63.734
925.13	63.675
925.30	63.684
925.47	63.606
925.64	63.562
925.81	63.552
925.98	63.468
926.15	63.448
926.32	63.330
926.49	63.233
926.66	63.200
926.83	63.206
927.00	63.192
927.17	63.046
927.34	63.179
927.51	63.217
927.69	63.370
927.86	63.406
928.03	63.350
928.20	63.502
928.37	63.444
928.54	63.493
928.71	63.503
928.88	63.601
929.05	63.678
929.22	63.685
929.39	63.699
929.56	63.664
929.73	63.765
929.90	63.756
930.07	63.853
930.24	63.819
930.41	63.839
930.58	63.933
930.75	64.016
930.92	64.019
931.09	64.033
931.26	64.093
931.43	64.110
931.60	64.212
931.77	64.039
931.94	64.204
932.11	64.259
932.27	64.331
932.44	64.372
932.61	64.480
932.78	64.527
932.95	64.722
933.12	64.670
933.29	64.540
933.46	64.576
933.63	64.519
933.80	64.583
933.97	64.656
934.14	64.574
934.31	64.578
934.48	64.567
934.65	64.612
934.82	64.574
934.99	64.593
935.16	64.623
935.33	64.762
935.50	64.853
935.67	64.967
935.84	65.024
936.00	65.170
936.17	65.180
936.34	65.222
936.51	65.178
936.68	65.277
936.85	65.429
937.02	65.476
937.19	65.553
937.36	65.665
937.53	65.575
937.70	65.840
937.87	65.790
938.03	65.935
938.20	65.953
938.37	66.061
938.54	66.110
938.71	66.184
938.88	66.298
939.05	66.293
939.22	66.363
939.39	66.349
939.56	66.429
939.72	66.533
939.89	66.600
940.06	66.616
940.23	66.744
940.40	66.822
940.57	67.067
940.74	67.290
940.91	67.357
941.08	67.575
941.24	67.474
941.41	67.821
941.58	67.959
941.75	68.105
941.92	68.229
942.09	68.374
942.26	68.474
942.42	68.521
942.59	68.705
942.76	68.962
942.93	69.259
943.10	69.107
943.27	69.215
943.44	69.451
943.60	69.594
943.77	69.576
943.94	69.698
944.11	69.702
944.28	69.603
944.45	69.712
944.61	69.935
944.78	70.103
944.95	70.053
945.12	70.320
945.29	70.423
945.46	70.431
945.62	70.403
945.79	70.673
945.96	70.890
946.13	71.000
946.30	70.991
946.46	71.133
946.63	71.296
946.80	71.360
946.97	71.440
947.14	71.434
947.31	72.038
947.47	72.194
947.64	72.348
947.81	72.567
947.98	72.691
948.15	72.442
948.31	72.466
948.48	72.649
948.65	72.419
948.82	72.470
948.98	72.516
949.15	72.895
949.32	72.749
949.49	72.804
949.66	72.695
949.82	72.794
949.99	72.675
950.16	72.797
950.33	72.699
950.49	72.526
950.66	72.482
950.83	71.956
951.00	71.800
951.16	71.445
951.33	71.299
951.50	71.329
951.67	71.604
951.83	71.699
952.00	71.582
952.17	71.502
952.34	71.436
952.50	71.531
952.67	71.210
952.84	71.270
953.01	71.076
953.17	71.061
953.34	70.871
953.51	70.880
953.68	70.621
953.84	70.506
954.01	70.526
954.18	70.405
954.34	70.649
954.51	70.738
954.68	70.971
954.85	71.198
955.01	71.070
955.18	71.200
955.35	71.019
955.51	71.072
955.68	71.091
955.85	71.321
956.02	71.013
956.18	71.254
956.35	71.355
956.52	71.292
956.68	71.157
956.85	71.118
957.02	71.075
957.18	71.081
957.35	71.044
957.52	70.889
957.69	70.845
957.85	70.995
958.02	70.683
958.19	70.540
958.35	70.271
958.52	70.036
958.69	69.695
958.85	69.678
959.02	69.588
959.19	69.577
959.35	69.493
959.52	69.749
959.69	69.510
959.85	69.372
960.02	69.397
960.19	69.366
960.35	69.172
960.52	68.931
960.68	69.003
960.85	69.227
961.02	69.083
961.18	69.277
961.35	68.855
961.52	68.993
961.68	68.736
961.85	68.780
962.02	68.970
962.18	68.965
962.35	68.730
962.51	68.572
962.68	68.409
962.85	68.101
963.01	67.596
963.18	67.710
963.35	67.320
963.51	67.045
963.68	67.175
963.84	67.117
964.01	67.356
964.18	67.067
964.34	66.758
964.51	66.710
964.67	66.109
964.84	65.781
965.01	65.768
965.17	65.776
965.34	65.800
965.50	65.504
965.67	65.146
965.84	65.142
966.00	64.984
966.17	65.186
966.33	65.232
966.50	65.292
966.66	64.990
966.83	64.934
967.00	64.942
967.16	64.676
967.33	64.607
967.49	64.390
967.66	64.787
967.82	64.781
967.99	64.952
968.16	65.268
968.32	65.704
968.49	65.498
968.65	65.576
968.82	65.379
968.98	65.186
969.15	64.963
969.31	64.633
969.48	64.503
969.64	63.942
969.81	63.754
969.98	63.532
970.14	63.082
970.31	62.853
970.47	62.384
970.64	61.987
970.80	61.703
970.97	61.112
971.13	60.670
971.30	60.319
971.46	60.381
971.63	59.702
971.79	59.452
971.96	59.249
972.12	59.027
972.29	58.408
972.45	58.412
972.62	58.571
972.78	58.453
972.95	58.176
973.11	58.177
973.28	58.004
973.44	58.446
973.61	58.727
973.77	58.412
973.94	58.700
974.10	58.875
974.27	59.154
974.43	59.409
974.60	59.234
974.76	59.045
974.93	58.995
975.09	59.448
975.26	59.386
975.42	59.052
975.59	58.710
975.75	59.032
975.92	59.072
976.08	58.561
976.24	58.353
976.41	57.987
976.57	58.147
976.74	58.332
976.90	57.481
977.07	56.967
977.23	57.191
977.40	57.419
977.56	56.693
977.73	56.244
977.89	55.791
978.05	55.683
978.22	55.743
978.38	54.729
978.55	54.637
978.71	54.060
978.88	54.465
979.04	54.559
979.20	54.426
979.37	54.523
979.53	54.372
979.70	54.443
979.86	55.273
980.03	54.435
980.19	53.715
980.35	53.587
980.52	53.849
980.68	53.690
980.85	53.489
981.01	53.596
981.17	53.416
981.34	53.753
981.50	53.991
981.67	54.102
981.83	54.052
981.99	53.913
982.16	53.238
982.32	52.331
982.49	52.858
982.65	53.182
982.81	52.685
982.98	52.773
983.14	52.155
983.30	51.468
983.47	51.610
983.63	51.301
983.80	51.462
983.96	51.026
984.12	51.456
984.29	51.707
984.45	53.163
984.61	53.369
984.78	53.400
984.94	53.324
985.10	53.515
985.27	54.099
985.43	54.053
985.59	55.041
985.76	56.164
985.92	56.041
986.08	56.561
986.25	56.356
986.41	56.723
986.57	57.158
986.74	57.587
986.90	57.047
987.06	57.488
987.23	57.193
987.39	56.515
987.55	55.994
987.72	54.978
987.88	53.456
988.04	53.379
988.21	54.285
988.37	53.344
988.53	52.892
988.70	52.189
988.86	52.067
989.02	51.700
989.19	51.180
989.35	50.962
989.51	49.570
989.67	50.625
989.84	50.986
990.00	51.254
990.16	51.309
990.33	52.825
990.49	53.193
990.65	53.602
990.82	55.079
990.98	55.575
991.14	55.124
991.30	55.313
991.47	55.386
991.63	54.335
991.79	55.768
991.95	56.201
992.12	57.003
992.28	57.303
992.44	57.861
992.61	58.095
992.77	58.355
992.93	58.948
993.09	57.741
993.26	58.147
993.42	58.098
993.58	58.285
993.74	57.872
993.91	57.354
994.07	57.113
994.23	56.915
994.39	57.000
994.55	57.644
994.72	56.898
994.88	56.805
995.04	56.568
995.20	56.186
995.37	55.167
995.53	54.932
995.69	54.901
995.85	54.336
996.02	53.657
996.18	53.881
996.34	53.226
996.50	52.870
996.66	52.629
996.83	52.386
996.99	50.841
997.15	51.913
997.31	52.546
997.47	52.607
997.64	52.514
997.80	52.041
997.96	53.027
998.12	55.085
998.28	57.193
998.45	58.648
998.61	58.578
998.77	58.764
998.93	58.545
999.09	59.888
999.25	60.361
999.42	61.959
999.58	60.516
999.74	60.696
999.90	61.004
1000.06	61.075
1000.22	61.173
1000.39	62.820
1000.55	60.739
1000.71	60.227
1000.87	58.962
1001.03	58.553
1001.19	59.059
1001.36	57.524
1001.52	56.831
1001.68	53.799
1001.84	54.608
1002.00	53.678
1002.16	52.585
1002.32	53.265
1002.49	49.832
1002.65	50.482
1002.81	48.826
1002.97	50.268
1003.13	49.815
1003.29	51.154
1003.45	50.999
1003.62	52.606
1003.78	50.692
1003.94	49.466
1004.10	49.593
1004.26	51.835
1004.42	52.210
1004.58	50.772
1004.74	51.553
1004.90	52.520
1005.07	53.337
1005.23	50.039
1005.39	49.883
1005.55	49.924
1005.71	48.724
1005.87	50.537
1006.03	49.190
1006.19	51.648
1006.35	50.885
1006.51	51.696
1006.67	49.504
1006.84	50.253
1007.00	49.283
1007.16	51.880
1007.32	54.803
1007.48	54.840
1007.64	55.257
1007.80	52.941
1007.96	52.874
1008.12	52.367
1008.28	49.190
1008.44	50.349
1008.60	52.766
1008.76	51.938
1008.92	51.166
1009.09	51.631
1009.25	49.970
1009.41	50.280
1009.57	48.547
1009.73	46.925
1009.89	49.614
1010.05	53.027
1010.21	54.087
1010.37	52.207
1010.53	51.364
1010.69	50.289
1010.85	51.844
1011.01	52.426
1011.17	55.630
1011.33	58.260
1011.49	60.258
1011.65	63.948
1011.81	61.842
1011.97	61.557
1012.13	62.557
1012.29	66.674
1012.45	68.178
1012.61	74.062
1012.77	69.816
1012.93	71.617
1013.09	75.213
1013.25	72.338
1013.41	69.776
1013.57	64.586
1013.73	64.521
1013.89	61.898
1014.05	63.589
1014.21	63.866
1014.37	58.982
1014.53	54.775
1014.69	53.654
1014.85	52.608
1015.01	50.432
1015.17	53.131
1015.33	52.852
1015.49	50.057
1015.65	50.720
1015.81	47.999
1015.97	45.667
1016.13	50.000
1016.29	47.785
1016.45	46.238
1016.61	46.480
1016.77	45.466
1016.93	49.271
1017.09	49.862
1017.25	51.043
1017.41	49.848
1017.56	50.921
1017.72	58.419
1017.88	62.507
1018.04	65.360
1018.20	64.901
1018.36	68.200
1018.52	63.972
1018.68	65.124
1018.84	71.310
1019.00	70.803
1019.16	78.886
1019.32	82.553
1019.48	86.693
1019.64	92.603
1019.79	90.969
1019.95	89.944
1020.11	98.566
1020.27	98.292
1020.43	106.213
1020.59	105.856
1020.75	104.501
1020.91	99.390
1021.07	87.549
1021.23	82.338
1021.39	78.485
1021.54	83.924
1021.70	82.993
1021.86	86.841
1022.02	83.246
1022.18	79.007
1022.34	81.255
1022.50	78.397
1022.66	70.634
1022.82	68.961
1022.97	65.549
1023.13	63.296
1023.29	69.105
1023.45	64.245
1023.61	61.177
1023.77	55.785
1023.93	54.957
1024.08	57.022
1024.24	62.467
1024.40	65.524
1024.56	84.377
1024.72	85.394
1024.88	69.588
1025.04	70.552
1025.19	68.124
1025.35	56.801
1025.51	65.854
1025.67	66.796
1025.83	59.031
1025.99	61.695
1026.14	58.625
1026.30	68.096
1026.46	70.570
1026.62	57.113
1026.78	53.650
1026.94	49.890
1027.09	44.341
1027.25	43.757
1027.41	36.997
1027.57	34.494
1027.73	34.878
1027.89	25.968
1028.04	26.534
1028.20	31.145
1028.36	34.199
1028.52	35.165
1028.68	42.012
1028.83	41.981
1028.99	41.307
1029.15	49.660
1029.31	55.821
1029.47	56.445
1029.62	54.565
1029.78	54.459
1029.94	57.949
1030.10	57.113
1030.25	61.446
1030.41	71.136
1030.57	81.243
1030.73	88.531
1030.89	89.355
1031.04	92.157
1031.20	97.414
1031.36	114.334
1031.52	127.528
1031.67	117.274
1031.83	126.321
1031.99	139.739
1032.15	117.878
1032.30	151.088
1032.46	142.113
1032.62	107.334
1032.78	84.005
1032.93	86.040
1033.09	72.772
1033.25	71.089
1033.41	91.114
1033.56	98.154
1033.72	-11.765
1033.88	1150.000
1034.04	-113.924
1034.19	-134.545
1034.35	12.838
1034.51	28.261
1034.66	38.298
1034.82	-450.000
1034.98	-450.000
1035.14	-450.000
