345.22	-1.932
345.43	-1.932
345.65	-1.932
345.86	36.000
346.08	90.909
346.29	-13.768
346.51	63.063
346.72	221.212
346.94	-188.462
347.15	-103.226
347.37	25.773
347.58	80.665
347.80	112.526
348.01	118.719
348.23	91.824
348.44	89.804
348.66	85.294
348.87	92.412
349.09	93.848
349.30	87.920
349.52	84.412
349.73	90.356
349.95	93.100
350.16	97.368
350.38	98.146
350.59	92.755
350.81	91.083
351.02	86.760
351.24	84.258
351.45	82.671
351.67	88.386
351.88	87.248
352.10	78.722
352.31	78.051
352.53	80.756
352.74	80.093
352.96	76.280
353.17	75.743
353.39	73.275
353.60	75.390
353.82	72.878
354.03	70.748
354.25	62.259
354.46	55.156
354.67	48.596
354.89	45.866
355.10	47.354
355.32	45.872
355.53	44.813
355.75	46.931
355.96	47.208
356.18	43.955
356.39	43.706
356.61	50.880
356.82	50.986
357.04	49.717
357.25	51.555
357.46	55.063
357.68	54.987
357.89	53.424
358.11	51.427
358.32	54.544
358.54	53.745
358.75	59.031
358.97	61.234
359.18	68.468
359.40	68.416
359.61	70.418
359.82	73.061
360.04	73.511
360.25	71.650
360.47	69.261
360.68	69.910
360.90	68.152
361.11	65.669
361.32	66.541
361.54	69.139
361.75	66.757
361.97	69.425
362.18	70.540
362.40	72.534
362.61	73.803
362.83	73.598
363.04	75.154
363.25	74.044
363.47	73.065
363.68	68.815
363.90	70.961
364.11	74.399
364.32	72.519
364.54	72.378
364.75	69.727
364.97	68.922
365.18	66.643
365.40	67.065
365.61	65.286
365.82	62.155
366.04	65.577
366.25	66.110
366.47	61.613
366.68	59.658
366.89	60.705
367.11	60.615
367.32	60.689
367.54	57.105
367.75	57.850
367.96	60.127
368.18	62.575
368.39	63.570
368.61	59.533
368.82	62.254
369.03	65.532
369.25	68.119
369.46	68.146
369.68	68.453
369.89	68.397
370.10	69.735
370.32	71.180
370.53	68.924
370.75	66.332
370.96	70.434
371.17	71.353
371.39	69.910
371.60	69.334
371.81	71.828
372.03	73.716
372.24	74.199
372.46	75.746
372.67	75.531
372.88	72.449
373.10	73.391
373.31	70.209
373.52	67.491
373.74	68.834
373.95	71.471
374.17	73.280
374.38	74.548
374.59	76.429
374.81	78.005
375.02	76.285
375.23	79.904
375.45	76.650
375.66	76.675
375.87	77.258
376.09	75.241
376.30	73.626
376.52	75.162
376.73	72.549
376.94	72.139
377.16	70.920
377.37	76.931
377.58	77.898
377.80	81.969
378.01	84.003
378.22	83.712
378.44	84.884
378.65	85.465
378.86	86.895
379.08	87.345
379.29	87.054
379.50	89.710
379.72	90.195
379.93	91.257
380.14	93.636
380.36	95.259
380.57	97.200
380.78	97.956
381.00	99.215
381.21	101.991
381.42	103.570
381.64	104.935
381.85	103.972
382.06	104.568
382.28	104.416
382.49	105.475
382.70	106.760
382.92	107.383
383.13	107.898
383.34	109.353
383.56	110.978
383.77	113.178
383.98	113.366
384.20	114.728
384.41	115.807
384.62	115.959
384.83	116.856
385.05	117.811
385.26	118.786
385.47	119.691
385.69	120.394
385.90	121.191
386.11	121.762
386.33	122.293
386.54	122.592
386.75	123.003
386.97	123.851
387.18	124.039
387.39	124.393
387.60	124.211
387.82	123.760
388.03	123.686
388.24	123.492
388.46	123.278
388.67	122.789
388.88	122.385
389.09	122.087
389.31	121.437
389.52	120.987
389.73	120.269
389.95	119.579
390.16	118.969
390.37	118.404
390.58	118.075
390.80	117.614
391.01	117.480
391.22	117.265
391.44	116.621
391.65	116.331
391.86	116.156
392.07	116.514
392.29	116.730
392.50	116.774
392.71	116.893
392.92	117.207
393.14	117.709
393.35	118.016
393.56	118.637
393.78	119.271
393.99	120.031
394.20	120.809
394.41	121.581
394.63	122.234
394.84	123.037
395.05	123.799
395.26	124.461
395.48	125.066
395.69	125.569
395.90	126.323
396.11	126.875
396.33	127.381
396.54	127.761
396.75	127.887
396.96	127.985
397.18	127.998
397.39	128.092
397.60	128.000
397.81	127.825
398.03	127.394
398.24	127.017
398.45	126.381
398.66	125.748
398.87	125.116
399.09	124.454
399.30	123.695
399.51	122.840
399.72	122.084
399.94	121.202
400.15	120.402
400.36	119.556
400.57	118.836
400.79	118.061
401.00	117.404
401.21	116.891
401.42	116.489
401.63	116.114
401.85	115.821
402.06	115.644
402.27	115.539
402.48	115.695
402.69	115.837
402.91	116.106
403.12	116.418
403.33	116.825
403.54	117.326
403.76	117.806
403.97	118.450
404.18	119.170
404.39	120.040
404.60	120.872
404.82	121.750
405.03	122.607
405.24	123.352
405.45	124.037
405.66	124.787
405.88	125.458
406.09	126.068
406.30	126.451
406.51	126.809
406.72	127.173
406.94	127.279
407.15	127.335
407.36	127.378
407.57	127.309
407.78	127.122
407.99	126.845
408.21	126.393
408.42	125.945
408.63	125.419
408.84	124.735
409.05	124.090
409.27	123.236
409.48	122.191
409.69	121.291
409.90	120.412
410.11	119.586
410.32	118.678
410.54	117.781
410.75	116.946
410.96	116.095
411.17	115.338
411.38	114.642
411.59	113.999
411.81	113.443
412.02	112.991
412.23	112.610
412.44	112.313
412.65	112.311
412.86	112.323
413.08	112.356
413.29	112.467
413.50	112.766
413.71	113.150
413.92	113.687
414.13	114.287
414.34	114.914
414.56	115.418
414.77	116.082
414.98	116.729
415.19	117.507
415.40	118.372
415.61	119.144
415.82	119.884
416.04	120.660
416.25	121.282
416.46	121.956
416.67	122.611
416.88	123.124
417.09	123.479
417.30	123.778
417.52	123.994
417.73	124.154
417.94	124.096
418.15	124.049
418.36	124.026
418.57	123.729
418.78	123.355
418.99	123.000
419.21	122.571
419.42	122.068
419.63	121.465
419.84	120.679
420.05	119.897
420.26	119.032
420.47	118.155
420.68	117.336
420.89	116.469
421.11	115.567
421.32	114.738
421.53	113.928
421.74	113.170
421.95	112.581
422.16	111.972
422.37	111.471
422.58	110.888
422.79	110.375
423.01	110.081
423.22	109.810
423.43	109.715
423.64	109.630
423.85	109.684
424.06	109.824
424.27	110.082
424.48	110.486
424.69	111.048
424.90	111.561
425.11	112.228
425.33	112.914
425.54	113.590
425.75	114.283
425.96	115.079
426.17	115.859
426.38	116.587
426.59	117.346
426.80	118.096
427.01	118.892
427.22	119.669
427.43	120.463
427.64	121.135
427.85	121.675
428.07	122.236
428.28	122.648
428.49	123.026
428.70	123.348
428.91	123.530
429.12	123.600
429.33	123.681
429.54	123.615
429.75	123.424
429.96	123.302
430.17	123.036
430.38	122.647
430.59	122.150
430.80	121.570
431.01	120.944
431.22	120.340
431.44	119.608
431.65	118.839
431.86	117.956
432.07	117.197
432.28	116.389
432.49	115.552
432.70	114.760
432.91	113.911
433.12	113.087
433.33	112.298
433.54	111.625
433.75	110.958
433.96	110.392
434.17	109.804
434.38	109.303
434.59	108.942
434.80	108.611
435.01	108.470
435.22	108.388
435.43	108.421
435.64	108.532
435.85	108.756
436.06	109.036
436.27	109.407
436.48	109.797
436.69	110.275
436.90	110.824
437.11	111.444
437.33	112.161
437.54	112.875
437.75	113.649
437.96	114.391
438.17	115.174
438.38	115.813
438.59	116.612
438.80	117.328
439.01	118.059
439.22	118.834
439.43	119.393
439.64	119.980
439.85	120.504
440.06	120.846
440.27	121.197
440.48	121.444
440.69	121.638
440.90	121.763
441.11	121.870
441.32	121.873
441.53	121.743
441.74	121.531
441.95	121.284
442.16	120.923
442.37	120.429
442.58	119.878
442.79	119.330
443.00	118.702
443.21	118.049
443.42	117.265
443.62	116.356
443.83	115.586
444.04	114.752
444.25	113.901
444.46	113.074
444.67	112.191
444.88	111.365
445.09	110.578
445.30	109.768
445.51	108.941
445.72	108.156
445.93	107.540
446.14	106.934
446.35	106.361
446.56	105.903
446.77	105.532
446.98	105.229
447.19	105.001
447.40	104.867
447.61	104.708
447.82	104.702
448.03	104.877
448.24	105.011
448.45	105.197
448.66	105.508
448.87	105.892
449.08	106.373
449.29	106.860
449.49	107.399
449.70	108.008
449.91	108.662
450.12	109.316
450.33	109.933
450.54	110.620
450.75	111.330
450.96	112.002
451.17	112.701
451.38	113.308
451.59	113.943
451.80	114.493
452.01	115.034
452.22	115.572
452.43	115.968
452.64	116.356
452.84	116.745
453.05	116.948
453.26	117.153
453.47	117.235
453.68	117.278
453.89	117.238
454.10	117.065
454.31	116.875
454.52	116.617
454.73	116.311
454.94	115.909
455.15	115.437
455.36	114.858
455.56	114.205
455.77	113.530
455.98	112.871
456.19	112.148
456.40	111.441
456.61	110.680
456.82	109.877
457.03	109.069
457.24	108.229
457.45	107.447
457.65	106.598
457.86	105.783
458.07	105.039
458.28	104.243
458.49	103.564
458.70	102.903
458.91	102.264
459.12	101.705
459.33	101.160
459.54	100.693
459.74	100.342
459.95	100.023
460.16	99.857
460.37	99.689
460.58	99.647
460.79	99.621
461.00	99.653
461.21	99.769
461.41	99.990
461.62	100.264
461.83	100.612
462.04	101.013
462.25	101.442
462.46	101.916
462.67	102.480
462.88	103.070
463.08	103.699
463.29	104.329
463.50	104.947
463.71	105.643
463.92	106.326
464.13	106.929
464.34	107.612
464.54	108.242
464.75	108.865
464.96	109.390
465.17	109.933
465.38	110.402
465.59	110.862
465.80	111.243
466.00	111.540
466.21	111.797
466.42	112.013
466.63	112.215
466.84	112.319
467.05	112.333
467.26	112.288
467.46	112.108
467.67	111.919
467.88	111.661
468.09	111.318
468.30	110.958
468.51	110.535
468.71	110.035
468.92	109.488
469.13	108.890
469.34	108.284
469.55	107.587
469.76	106.878
469.96	106.144
470.17	105.349
470.38	104.642
470.59	103.827
470.80	103.024
471.00	102.284
471.21	101.527
471.42	100.784
471.63	100.042
471.84	99.374
472.05	98.717
472.25	98.091
472.46	97.508
472.67	96.919
472.88	96.455
473.09	96.011
473.29	95.591
473.50	95.248
473.71	94.969
473.92	94.761
474.13	94.624
474.33	94.550
474.54	94.547
474.75	94.548
474.96	94.685
475.17	94.873
475.37	95.063
475.58	95.337
475.79	95.664
476.00	96.055
476.21	96.493
476.41	96.958
476.62	97.452
476.83	97.977
477.04	98.594
477.24	99.169
477.45	99.753
477.66	100.373
477.87	100.976
478.08	101.615
478.28	102.174
478.49	102.785
478.70	103.346
478.91	103.894
479.11	104.383
479.32	104.859
479.53	105.264
479.74	105.666
479.94	106.007
480.15	106.292
480.36	106.509
480.57	106.679
480.78	106.841
480.98	106.911
481.19	106.938
481.40	106.882
481.61	106.810
481.81	106.671
482.02	106.432
482.23	106.183
482.44	105.812
482.64	105.472
482.85	105.035
483.06	104.543
483.27	104.038
483.47	103.544
483.68	102.979
483.89	102.365
484.10	101.736
484.30	101.063
484.51	100.368
484.72	99.674
484.92	98.944
485.13	98.234
485.34	97.530
485.55	96.807
485.75	96.092
485.96	95.378
486.17	94.704
486.38	94.088
486.58	93.465
486.79	92.904
487.00	92.329
487.20	91.808
487.41	91.354
487.62	90.951
487.83	90.556
488.03	90.227
488.24	89.971
488.45	89.738
488.65	89.554
488.86	89.430
489.07	89.389
489.28	89.386
489.48	89.430
489.69	89.564
489.90	89.710
490.10	89.931
490.31	90.184
490.52	90.468
490.73	90.794
490.93	91.166
491.14	91.576
491.35	92.048
491.55	92.518
491.76	93.007
491.97	93.488
492.17	93.991
492.38	94.517
492.59	95.038
492.79	95.576
493.00	96.121
493.21	96.654
493.41	97.149
493.62	97.645
493.83	98.129
494.04	98.546
494.24	98.980
494.45	99.363
494.66	99.718
494.86	100.046
495.07	100.322
495.28	100.586
495.48	100.762
495.69	100.908
495.90	101.043
496.10	101.113
496.31	101.132
496.52	101.094
496.72	101.026
496.93	100.913
497.14	100.750
497.34	100.535
497.55	100.297
497.76	100.016
497.96	99.697
498.17	99.306
498.37	98.907
498.58	98.424
498.79	97.908
498.99	97.395
499.20	96.835
499.41	96.250
499.61	95.617
499.82	95.019
500.03	94.363
500.23	93.714
500.44	93.054
500.65	92.394
500.85	91.745
501.06	91.101
501.26	90.465
501.47	89.827
501.68	89.219
501.88	88.602
502.09	88.021
502.30	87.449
502.50	86.912
502.71	86.422
502.91	85.977
503.12	85.558
503.33	85.187
503.53	84.873
503.74	84.585
503.95	84.363
504.15	84.132
504.36	83.964
504.56	83.833
504.77	83.786
504.98	83.758
505.18	83.809
505.39	83.851
505.59	83.952
505.80	84.112
506.01	84.310
506.21	84.564
506.42	84.837
506.62	85.144
506.83	85.484
507.04	85.849
507.24	86.247
507.45	86.670
507.65	87.095
507.86	87.535
508.07	88.002
508.27	88.477
508.48	88.982
508.68	89.488
508.89	89.983
509.10	90.426
509.30	90.885
509.51	91.326
509.71	91.769
509.92	92.195
510.12	92.579
510.33	92.925
510.54	93.252
510.74	93.568
510.95	93.861
511.15	94.121
511.36	94.353
511.56	94.544
511.77	94.699
511.98	94.825
512.18	94.902
512.39	94.941
512.59	94.916
512.80	94.868
513.00	94.787
513.21	94.648
513.42	94.514
513.62	94.326
513.83	94.097
514.03	93.822
514.24	93.501
514.44	93.150
514.65	92.789
514.85	92.395
515.06	91.957
515.26	91.476
515.47	90.980
515.68	90.465
515.88	89.945
516.09	89.406
516.29	88.846
516.50	88.280
516.70	87.697
516.91	87.109
517.11	86.525
517.32	85.941
517.52	85.355
517.73	84.780
517.93	84.207
518.14	83.646
518.34	83.097
518.55	82.588
518.76	82.110
518.96	81.625
519.17	81.177
519.37	80.745
519.58	80.367
519.78	80.010
519.99	79.656
520.19	79.338
520.40	79.080
520.60	78.844
520.81	78.630
521.01	78.476
521.22	78.375
521.42	78.292
521.63	78.241
521.83	78.246
522.04	78.275
522.24	78.358
522.45	78.471
522.65	78.624
522.86	78.812
523.06	79.025
523.27	79.282
523.47	79.541
523.68	79.836
523.88	80.149
524.09	80.497
524.29	80.880
524.50	81.283
524.70	81.683
524.91	82.099
525.11	82.566
525.32	83.016
525.52	83.442
525.72	83.900
525.93	84.369
526.13	84.837
526.34	85.292
526.54	85.753
526.75	86.175
526.95	86.601
527.16	86.993
527.36	87.377
527.57	87.718
527.77	88.067
527.98	88.402
528.18	88.698
528.39	88.970
528.59	89.231
528.79	89.430
529.00	89.613
529.20	89.762
529.41	89.880
529.61	89.955
529.82	90.006
530.02	90.009
530.23	89.988
530.43	89.910
530.64	89.821
530.84	89.675
531.04	89.503
531.25	89.318
531.45	89.088
531.66	88.844
531.86	88.580
532.07	88.260
532.27	87.907
532.47	87.547
532.68	87.175
532.88	86.786
533.09	86.358
533.29	85.899
533.50	85.445
533.70	84.934
533.90	84.446
534.11	83.971
534.31	83.459
534.52	82.949
534.72	82.469
534.93	81.965
535.13	81.453
535.33	80.951
535.54	80.451
535.74	79.986
535.95	79.476
536.15	79.023
536.35	78.572
536.56	78.151
536.76	77.738
536.97	77.350
537.17	76.955
537.37	76.621
537.58	76.313
537.78	76.024
537.99	75.779
538.19	75.534
538.39	75.326
538.60	75.155
538.80	75.019
539.01	74.881
539.21	74.806
539.41	74.774
539.62	74.760
539.82	74.791
540.03	74.835
540.23	74.945
540.43	75.054
540.64	75.229
540.84	75.402
541.04	75.607
541.25	75.842
541.45	76.113
541.66	76.394
541.86	76.705
542.06	77.050
542.27	77.416
542.47	77.808
542.67	78.191
542.88	78.609
543.08	79.024
543.28	79.472
543.49	79.912
543.69	80.350
543.90	80.814
544.10	81.237
544.30	81.696
544.51	82.138
544.71	82.614
544.91	83.045
545.12	83.496
545.32	83.932
545.52	84.341
545.73	84.747
545.93	85.134
546.13	85.467
546.34	85.781
546.54	86.077
546.74	86.360
546.95	86.642
547.15	86.872
547.35	87.074
547.56	87.268
547.76	87.444
547.96	87.581
548.17	87.707
548.37	87.816
548.57	87.852
548.78	87.855
548.98	87.845
549.18	87.787
549.39	87.706
549.59	87.586
549.79	87.467
550.00	87.299
550.20	87.120
550.40	86.909
550.61	86.681
550.81	86.415
551.01	86.130
551.22	85.820
551.42	85.496
551.62	85.162
551.82	84.778
552.03	84.385
552.23	83.989
552.43	83.572
552.64	83.148
552.84	82.720
553.04	82.293
553.25	81.819
553.45	81.340
553.65	80.864
553.85	80.424
554.06	79.956
554.26	79.500
554.46	79.041
554.67	78.611
554.87	78.160
555.07	77.760
555.27	77.333
555.48	76.928
555.68	76.554
555.88	76.178
556.09	75.844
556.29	75.490
556.49	75.176
556.69	74.851
556.90	74.553
557.10	74.305
557.30	74.095
557.50	73.908
557.71	73.757
557.91	73.632
558.11	73.521
558.31	73.450
558.52	73.397
558.72	73.375
558.92	73.383
559.13	73.413
559.33	73.463
559.53	73.553
559.73	73.685
559.94	73.829
560.14	73.996
560.34	74.173
560.54	74.389
560.75	74.623
560.95	74.880
561.15	75.188
561.35	75.483
561.55	75.773
561.76	76.103
561.96	76.438
562.16	76.806
562.36	77.204
562.57	77.579
562.77	77.981
562.97	78.396
563.17	78.803
563.38	79.218
563.58	79.637
563.78	80.058
563.98	80.445
564.18	80.826
564.39	81.238
564.59	81.641
564.79	82.049
564.99	82.436
565.20	82.830
565.40	83.164
565.60	83.502
565.80	83.852
566.00	84.149
566.21	84.453
566.41	84.707
566.61	84.936
566.81	85.176
567.01	85.377
567.22	85.582
567.42	85.755
567.62	85.884
567.82	86.003
568.02	86.112
568.23	86.194
568.43	86.267
568.63	86.294
568.83	86.282
569.03	86.240
569.24	86.184
569.44	86.109
569.64	86.024
569.84	85.917
570.04	85.782
570.24	85.636
570.45	85.446
570.65	85.247
570.85	85.031
571.05	84.774
571.25	84.490
571.45	84.165
571.66	83.860
571.86	83.547
572.06	83.193
572.26	82.819
572.46	82.466
572.66	82.089
572.87	81.693
573.07	81.314
573.27	80.908
573.47	80.493
573.67	80.076
573.87	79.651
574.08	79.208
574.28	78.782
574.48	78.355
574.68	77.943
574.88	77.533
575.08	77.088
575.28	76.673
575.49	76.292
575.69	75.922
575.89	75.528
576.09	75.183
576.29	74.823
576.49	74.498
576.69	74.162
576.90	73.874
577.10	73.583
577.30	73.301
577.50	73.085
577.70	72.868
577.90	72.657
578.10	72.476
578.30	72.343
578.51	72.217
578.71	72.121
578.91	72.035
579.11	71.972
579.31	71.949
579.51	71.955
579.71	71.965
579.91	72.006
580.12	72.083
580.32	72.159
580.52	72.297
580.72	72.413
580.92	72.574
581.12	72.732
581.32	72.940
581.52	73.182
581.72	73.411
581.92	73.665
582.13	73.951
582.33	74.226
582.53	74.521
582.73	74.839
582.93	75.176
583.13	75.524
583.33	75.892
583.53	76.267
583.73	76.631
583.93	77.027
584.13	77.415
584.34	77.838
584.54	78.223
584.74	78.606
584.94	79.042
585.14	79.451
585.34	79.845
585.54	80.207
585.74	80.569
585.94	80.941
586.14	81.309
586.34	81.648
586.54	82.029
586.74	82.378
586.94	82.701
587.15	83.021
587.35	83.326
587.55	83.607
587.75	83.863
587.95	84.105
588.15	84.316
588.35	84.526
588.55	84.694
588.75	84.869
588.95	85.026
589.15	85.139
589.35	85.258
589.55	85.342
589.75	85.457
589.95	85.516
590.15	85.545
590.35	85.558
590.55	85.565
590.75	85.522
590.95	85.458
591.15	85.365
591.35	85.246
591.56	85.116
591.76	84.957
591.96	84.801
592.16	84.629
592.36	84.450
592.56	84.255
592.76	84.024
592.96	83.792
593.16	83.516
593.36	83.244
593.56	82.938
593.76	82.639
593.96	82.301
594.16	81.982
594.36	81.649
594.56	81.296
594.76	80.911
594.96	80.553
595.16	80.177
595.36	79.801
595.56	79.429
595.76	79.036
595.96	78.647
596.16	78.274
596.36	77.888
596.56	77.506
596.76	77.098
596.96	76.722
597.16	76.350
597.36	75.993
597.56	75.638
597.76	75.275
597.96	74.932
598.16	74.609
598.36	74.272
598.56	73.959
598.76	73.666
598.96	73.419
599.16	73.144
599.36	72.917
599.56	72.701
599.76	72.490
599.96	72.304
600.15	72.133
600.35	71.981
600.55	71.861
600.75	71.732
600.95	71.655
601.15	71.582
601.35	71.519
601.55	71.480
601.75	71.461
601.95	71.481
602.15	71.525
602.35	71.561
602.55	71.629
602.75	71.727
602.95	71.833
603.15	71.939
603.35	72.088
603.55	72.248
603.75	72.408
603.95	72.600
604.15	72.813
604.35	73.040
604.54	73.283
604.74	73.550
604.94	73.837
605.14	74.106
605.34	74.402
605.54	74.717
605.74	75.061
605.94	75.401
606.14	75.748
606.34	76.102
606.54	76.456
606.74	76.839
606.94	77.219
607.14	77.619
607.33	78.018
607.53	78.409
607.73	78.778
607.93	79.146
608.13	79.510
608.33	79.875
608.53	80.229
608.73	80.585
608.93	80.898
609.13	81.218
609.33	81.527
609.52	81.847
609.72	82.154
609.92	82.425
610.12	82.705
610.32	82.978
610.52	83.229
610.72	83.476
610.92	83.699
611.12	83.908
611.31	84.095
611.51	84.268
611.71	84.422
611.91	84.587
612.11	84.751
612.31	84.892
612.51	84.985
612.71	85.098
612.91	85.166
613.10	85.254
613.30	85.315
613.50	85.372
613.70	85.383
613.90	85.383
614.10	85.367
614.30	85.306
614.50	85.219
614.69	85.118
614.89	85.014
615.09	84.882
615.29	84.746
615.49	84.587
615.69	84.419
615.89	84.269
616.08	84.076
616.28	83.852
616.48	83.619
616.68	83.373
616.88	83.103
617.08	82.827
617.27	82.548
617.47	82.252
617.67	81.928
617.87	81.608
618.07	81.283
618.27	80.953
618.47	80.620
618.66	80.299
618.86	79.967
619.06	79.623
619.26	79.296
619.46	78.940
619.66	78.584
619.85	78.217
620.05	77.836
620.25	77.453
620.45	77.104
620.65	76.737
620.84	76.414
621.04	76.082
621.24	75.777
621.44	75.447
621.64	75.111
621.84	74.819
622.03	74.515
622.23	74.228
622.43	73.945
622.63	73.674
622.83	73.409
623.02	73.174
623.22	72.945
623.42	72.714
623.62	72.508
623.82	72.320
624.01	72.152
624.21	71.996
624.41	71.873
624.61	71.752
624.81	71.669
625.00	71.566
625.20	71.496
625.40	71.437
625.60	71.385
625.79	71.376
625.99	71.387
626.19	71.409
626.39	71.449
626.59	71.503
626.78	71.585
626.98	71.682
627.18	71.793
627.38	71.926
627.57	72.094
627.77	72.262
627.97	72.449
628.17	72.645
628.37	72.857
628.56	73.084
628.76	73.341
628.96	73.580
629.16	73.856
629.35	74.139
629.55	74.418
629.75	74.733
629.95	75.059
630.14	75.370
630.34	75.703
630.54	76.031
630.74	76.383
630.93	76.751
631.13	77.080
631.33	77.418
631.53	77.746
631.72	78.077
631.92	78.419
632.12	78.775
632.31	79.124
632.51	79.489
632.71	79.847
632.91	80.170
633.10	80.523
633.30	80.871
633.50	81.204
633.70	81.551
633.89	81.853
634.09	82.164
634.29	82.463
634.48	82.751
634.68	83.035
634.88	83.307
635.08	83.572
635.27	83.856
635.47	84.120
635.67	84.397
635.86	84.643
636.06	84.866
636.26	85.068
636.46	85.277
636.65	85.449
636.85	85.639
637.05	85.804
637.24	85.930
637.44	86.054
637.64	86.162
637.83	86.262
638.03	86.363
638.23	86.404
638.43	86.459
638.62	86.490
638.82	86.503
639.02	86.509
639.21	86.478
639.41	86.435
639.61	86.389
639.80	86.307
640.00	86.218
640.20	86.146
640.39	86.054
640.59	85.928
640.79	85.802
640.98	85.647
641.18	85.482
641.38	85.323
641.57	85.119
641.77	84.914
641.97	84.681
642.16	84.456
642.36	84.228
642.56	83.980
642.75	83.738
642.95	83.469
643.15	83.186
643.34	82.922
643.54	82.647
643.74	82.336
643.93	82.038
644.13	81.718
644.33	81.384
644.52	81.053
644.72	80.721
644.91	80.379
645.11	80.012
645.31	79.684
645.50	79.350
645.70	79.027
645.90	78.703
646.09	78.376
646.29	78.040
646.48	77.727
646.68	77.385
646.88	77.060
647.07	76.743
647.27	76.439
647.47	76.117
647.66	75.824
647.86	75.529
648.05	75.241
648.25	74.981
648.45	74.723
648.64	74.462
648.84	74.239
649.04	74.011
649.23	73.808
649.43	73.602
649.62	73.405
649.82	73.224
650.02	73.057
650.21	72.904
650.41	72.789
650.60	72.674
650.80	72.589
651.00	72.473
651.19	72.408
651.39	72.350
651.58	72.302
651.78	72.277
651.97	72.275
652.17	72.309
652.37	72.324
652.56	72.370
652.76	72.430
652.95	72.484
653.15	72.589
653.35	72.687
653.54	72.808
653.74	72.928
653.93	73.066
654.13	73.224
654.32	73.382
654.52	73.538
654.72	73.716
654.91	73.916
655.11	74.144
655.30	74.386
655.50	74.629
655.69	74.883
655.89	75.114
656.08	75.399
656.28	75.666
656.48	75.942
656.67	76.221
656.87	76.525
657.06	76.837
657.26	77.133
657.45	77.447
657.65	77.774
657.84	78.095
658.04	78.421
658.23	78.757
658.43	79.105
658.62	79.456
658.82	79.794
659.02	80.130
659.21	80.494
659.41	80.823
659.60	81.161
659.80	81.507
659.99	81.878
660.19	82.207
660.38	82.544
660.58	82.867
660.77	83.195
660.97	83.485
661.16	83.768
661.36	84.042
661.55	84.329
661.75	84.602
661.94	84.871
662.14	85.137
662.33	85.391
662.53	85.631
662.72	85.862
662.92	86.081
663.11	86.288
663.31	86.480
663.50	86.681
663.70	86.863
663.89	87.036
664.09	87.177
664.28	87.326
664.48	87.458
664.67	87.611
664.87	87.718
665.06	87.829
665.26	87.919
665.45	87.998
665.65	88.063
665.84	88.114
666.04	88.150
666.23	88.148
666.43	88.139
666.62	88.122
666.82	88.078
667.01	88.035
667.21	87.982
667.40	87.907
667.59	87.839
667.79	87.733
667.98	87.604
668.18	87.456
668.37	87.294
668.57	87.139
668.76	86.949
668.96	86.754
669.15	86.563
669.35	86.377
669.54	86.174
669.73	85.956
669.93	85.724
670.12	85.492
670.32	85.265
670.51	85.018
670.71	84.756
670.90	84.518
671.10	84.265
671.29	83.987
671.48	83.690
671.68	83.388
671.87	83.120
672.07	82.807
672.26	82.548
672.46	82.260
672.65	81.951
672.84	81.664
673.04	81.371
673.23	81.068
673.43	80.781
673.62	80.479
673.82	80.189
674.01	79.851
674.20	79.560
674.40	79.258
674.59	78.957
674.79	78.683
674.98	78.359
675.17	78.068
675.37	77.787
675.56	77.525
675.76	77.257
675.95	76.969
676.14	76.733
676.34	76.466
676.53	76.206
676.73	75.960
676.92	75.693
677.11	75.456
677.31	75.229
677.50	75.003
677.70	74.799
677.89	74.586
678.08	74.440
678.28	74.279
678.47	74.129
678.66	73.994
678.86	73.882
679.05	73.782
679.25	73.682
679.44	73.599
679.63	73.533
679.83	73.483
680.02	73.439
680.21	73.418
680.41	73.410
680.60	73.403
680.79	73.417
680.99	73.459
681.18	73.485
681.38	73.553
681.57	73.628
681.76	73.712
681.96	73.808
682.15	73.894
682.34	73.987
682.54	74.108
682.73	74.257
682.92	74.373
683.12	74.542
683.31	74.719
683.50	74.908
683.70	75.108
683.89	75.273
684.08	75.494
684.28	75.708
684.47	75.938
684.66	76.191
684.86	76.426
685.05	76.683
685.24	76.945
685.44	77.202
685.63	77.467
685.82	77.750
686.02	78.035
686.21	78.346
686.40	78.661
686.60	78.983
686.79	79.295
686.98	79.623
687.18	79.946
687.37	80.266
687.56	80.567
687.75	80.877
687.95	81.206
688.14	81.529
688.33	81.862
688.53	82.170
688.72	82.502
688.91	82.856
689.11	83.161
689.30	83.508
689.49	83.829
689.68	84.164
689.88	84.461
690.07	84.748
690.26	85.040
690.46	85.331
690.65	85.606
690.84	85.867
691.03	86.130
691.23	86.377
691.42	86.636
691.61	86.889
691.80	87.113
692.00	87.353
692.19	87.539
692.38	87.747
692.58	87.956
692.77	88.124
692.96	88.267
693.15	88.435
693.35	88.577
693.54	88.744
693.73	88.884
693.92	89.018
694.12	89.163
694.31	89.255
694.50	89.378
694.69	89.436
694.89	89.518
695.08	89.579
695.27	89.663
695.46	89.693
695.66	89.747
695.85	89.787
696.04	89.807
696.23	89.857
696.43	89.848
696.62	89.824
696.81	89.802
697.00	89.782
697.19	89.758
697.39	89.695
697.58	89.600
697.77	89.498
697.96	89.414
698.16	89.297
698.35	89.220
698.54	89.087
698.73	88.980
698.92	88.840
699.12	88.685
699.31	88.509
699.50	88.347
699.69	88.154
699.89	87.964
700.08	87.758
700.27	87.537
700.46	87.334
700.65	87.117
700.85	86.916
701.04	86.681
701.23	86.431
701.42	86.211
701.61	85.973
701.81	85.716
702.00	85.459
702.19	85.212
702.38	84.908
702.57	84.629
702.76	84.355
702.96	84.074
703.15	83.789
703.34	83.486
703.53	83.207
703.72	82.898
703.92	82.587
704.11	82.285
704.30	81.963
704.49	81.650
704.68	81.339
704.87	81.002
705.07	80.713
705.26	80.413
705.45	80.138
705.64	79.839
705.83	79.592
706.02	79.321
706.21	79.051
706.41	78.821
706.60	78.555
706.79	78.313
706.98	78.095
707.17	77.868
707.36	77.654
707.56	77.430
707.75	77.246
707.94	77.069
708.13	76.908
708.32	76.773
708.51	76.599
708.70	76.463
708.89	76.330
709.09	76.207
709.28	76.097
709.47	75.947
709.66	75.826
709.85	75.693
710.04	75.567
710.23	75.464
710.42	75.380
710.62	75.307
710.81	75.203
711.00	75.118
711.19	75.063
711.38	75.016
711.57	74.956
711.76	74.918
711.95	74.911
712.15	74.903
712.34	74.885
712.53	74.899
712.72	74.924
712.91	74.981
713.10	75.015
713.29	75.080
713.48	75.140
713.67	75.252
713.86	75.363
714.05	75.488
714.25	75.617
714.44	75.722
714.63	75.858
714.82	76.028
715.01	76.196
715.20	76.403
715.39	76.587
715.58	76.790
715.77	76.991
715.96	77.204
716.15	77.400
716.34	77.617
716.54	77.854
716.73	78.090
716.92	78.317
717.11	78.548
717.30	78.807
717.49	79.063
717.68	79.329
717.87	79.565
718.06	79.843
718.25	80.120
718.44	80.402
718.63	80.675
718.82	80.968
719.01	81.262
719.20	81.524
719.39	81.834
719.58	82.149
719.77	82.440
719.96	82.696
720.16	83.000
720.35	83.314
720.54	83.598
720.73	83.874
720.92	84.162
721.11	84.459
721.30	84.729
721.49	85.015
721.68	85.298
721.87	85.606
722.06	85.870
722.25	86.149
722.44	86.428
722.63	86.691
722.82	86.939
723.01	87.155
723.20	87.383
723.39	87.613
723.58	87.851
723.77	88.081
723.96	88.314
724.15	88.544
724.34	88.733
724.53	88.943
724.72	89.150
724.91	89.354
725.10	89.563
725.29	89.742
725.48	89.950
725.67	90.086
725.86	90.242
726.05	90.401
726.24	90.524
726.43	90.646
726.62	90.784
726.81	90.921
727.00	91.031
727.19	91.153
727.38	91.225
727.57	91.297
727.76	91.394
727.95	91.464
728.14	91.491
728.33	91.536
728.52	91.563
728.71	91.569
728.90	91.579
729.09	91.535
729.28	91.482
729.47	91.414
729.65	91.368
729.84	91.314
730.03	91.237
730.22	91.173
730.41	91.109
730.60	91.031
730.79	90.911
730.98	90.824
731.17	90.716
731.36	90.605
731.55	90.465
731.74	90.310
731.93	90.167
732.12	90.020
732.31	89.871
732.50	89.714
732.69	89.595
732.88	89.416
733.06	89.274
733.25	89.115
733.44	88.954
733.63	88.778
733.82	88.582
734.01	88.405
734.20	88.197
734.39	87.963
734.58	87.738
734.77	87.534
734.96	87.294
735.15	87.034
735.33	86.797
735.52	86.573
735.71	86.348
735.90	86.083
736.09	85.818
736.28	85.541
736.47	85.287
736.66	84.993
736.85	84.719
737.04	84.419
737.23	84.152
737.41	83.856
737.60	83.589
737.79	83.299
737.98	83.004
738.17	82.715
738.36	82.471
738.55	82.215
738.74	81.971
738.92	81.722
739.11	81.494
739.30	81.216
739.49	80.941
739.68	80.690
739.87	80.464
740.06	80.236
740.25	80.014
740.43	79.783
740.62	79.560
740.81	79.322
741.00	79.103
741.19	78.875
741.38	78.670
741.57	78.448
741.75	78.246
741.94	78.045
742.13	77.868
742.32	77.649
742.51	77.471
742.70	77.295
742.89	77.143
743.07	76.990
743.26	76.851
743.45	76.688
743.64	76.544
743.83	76.416
744.02	76.284
744.20	76.167
744.39	76.066
744.58	75.957
744.77	75.893
744.96	75.847
745.15	75.835
745.33	75.814
745.52	75.802
745.71	75.786
745.90	75.777
746.09	75.785
746.28	75.827
746.46	75.813
746.65	75.804
746.84	75.832
747.03	75.857
747.22	75.899
747.40	75.974
747.59	76.013
747.78	76.093
747.97	76.213
748.16	76.326
748.34	76.404
748.53	76.535
748.72	76.635
748.91	76.723
749.10	76.807
749.28	76.927
749.47	77.086
749.66	77.232
749.85	77.350
750.04	77.492
750.22	77.628
750.41	77.805
750.60	77.995
750.79	78.147
750.97	78.309
751.16	78.515
751.35	78.691
751.54	78.908
751.73	79.097
751.91	79.273
752.10	79.498
752.29	79.715
752.48	79.942
752.66	80.192
752.85	80.449
753.04	80.686
753.23	80.937
753.41	81.150
753.60	81.424
753.79	81.725
753.98	81.971
754.16	82.226
754.35	82.465
754.54	82.700
754.73	82.954
754.91	83.230
755.10	83.486
755.29	83.785
755.48	84.062
755.66	84.321
755.85	84.600
756.04	84.831
756.22	85.084
756.41	85.301
756.60	85.550
756.79	85.816
756.97	86.095
757.16	86.317
757.35	86.561
757.54	86.795
757.72	87.021
757.91	87.278
758.10	87.532
758.28	87.750
758.47	87.966
758.66	88.235
758.85	88.444
759.03	88.678
759.22	88.881
759.41	89.068
759.59	89.287
759.78	89.468
759.97	89.646
760.15	89.823
760.34	90.071
760.53	90.235
760.71	90.388
760.90	90.561
761.09	90.704
761.28	90.882
761.46	91.005
761.65	91.148
761.84	91.276
762.02	91.378
762.21	91.549
762.40	91.679
762.58	91.750
762.77	91.845
762.96	91.941
763.14	92.047
763.33	92.132
763.52	92.183
763.70	92.210
763.89	92.259
764.08	92.358
764.26	92.347
764.45	92.379
764.64	92.414
764.82	92.396
765.01	92.406
765.20	92.359
765.38	92.372
765.57	92.337
765.75	92.314
765.94	92.258
766.13	92.204
766.31	92.168
766.50	92.108
766.69	92.079
766.87	91.999
767.06	91.923
767.25	91.835
767.43	91.799
767.62	91.770
767.80	91.692
767.99	91.534
768.18	91.424
768.36	91.308
768.55	91.196
768.74	91.064
768.92	90.940
769.11	90.841
769.29	90.658
769.48	90.536
769.67	90.367
769.85	90.224
770.04	90.028
770.22	89.825
770.41	89.631
770.60	89.408
770.78	89.198
770.97	88.993
771.15	88.772
771.34	88.510
771.53	88.265
771.71	88.030
771.90	87.848
772.08	87.671
772.27	87.449
772.46	87.184
772.64	86.963
772.83	86.743
773.01	86.463
773.20	86.219
773.39	85.968
773.57	85.691
773.76	85.433
773.94	85.196
774.13	84.956
774.31	84.684
774.50	84.464
774.68	84.204
774.87	83.934
775.06	83.656
775.24	83.404
775.43	83.155
775.61	82.904
775.80	82.663
775.98	82.348
776.17	82.091
776.36	81.810
776.54	81.558
776.73	81.281
776.91	81.043
777.10	80.817
777.28	80.564
777.47	80.345
777.65	80.137
777.84	79.926
778.02	79.704
778.21	79.524
778.39	79.284
778.58	79.082
778.77	78.859
778.95	78.712
779.14	78.574
779.32	78.404
779.51	78.242
779.69	78.049
779.88	77.928
780.06	77.785
780.25	77.648
780.43	77.493
780.62	77.369
780.80	77.237
780.99	77.075
781.17	76.956
781.36	76.823
781.54	76.701
781.73	76.576
781.91	76.485
782.10	76.359
782.28	76.308
782.47	76.220
782.65	76.136
782.84	76.052
783.02	75.926
783.21	75.882
783.39	75.804
783.58	75.776
783.76	75.702
783.95	75.670
784.13	75.690
784.32	75.697
784.50	75.711
784.69	75.717
784.87	75.773
785.05	75.774
785.24	75.816
785.42	75.893
785.61	75.921
785.79	75.984
785.98	76.081
786.16	76.096
786.35	76.195
786.53	76.283
786.72	76.334
786.90	76.456
787.09	76.511
787.27	76.638
787.45	76.757
787.64	76.914
787.82	77.028
788.01	77.116
788.19	77.230
788.38	77.349
788.56	77.442
788.75	77.598
788.93	77.765
789.11	77.893
789.30	77.997
789.48	78.151
789.67	78.315
789.85	78.468
790.04	78.688
790.22	78.846
790.40	79.051
790.59	79.242
790.77	79.413
790.96	79.616
791.14	79.798
791.32	79.985
791.51	80.166
791.69	80.372
791.88	80.584
792.06	80.813
792.25	81.014
792.43	81.298
792.61	81.513
792.80	81.710
792.98	81.933
793.17	82.141
793.35	82.314
793.53	82.514
793.72	82.767
793.90	82.981
794.08	83.207
794.27	83.420
794.45	83.635
794.64	83.832
794.82	84.034
795.00	84.197
795.19	84.393
795.37	84.577
795.55	84.746
795.74	84.985
795.92	85.156
796.11	85.362
796.29	85.575
796.47	85.753
796.66	85.948
796.84	86.206
797.02	86.429
797.21	86.671
797.39	86.882
797.58	87.057
797.76	87.219
797.94	87.415
798.13	87.597
798.31	87.825
798.49	87.997
798.68	88.177
798.86	88.401
799.04	88.551
799.23	88.724
799.41	88.882
799.59	88.986
799.78	89.100
799.96	89.236
800.14	89.334
800.33	89.499
800.51	89.632
800.69	89.689
800.88	89.816
801.06	89.977
801.24	90.054
801.43	90.151
801.61	90.238
801.79	90.344
801.98	90.421
802.16	90.482
802.34	90.602
802.52	90.680
802.71	90.712
802.89	90.796
803.07	90.833
803.26	90.908
803.44	90.971
803.62	91.012
803.81	91.059
803.99	91.069
804.17	91.004
804.35	90.979
804.54	90.959
804.72	90.963
804.90	90.910
805.09	90.924
805.27	90.922
805.45	90.863
805.63	90.761
805.82	90.724
806.00	90.646
806.18	90.569
806.37	90.553
806.55	90.473
806.73	90.395
806.91	90.336
807.10	90.260
807.28	90.179
807.46	90.114
807.64	90.017
807.83	89.923
808.01	89.849
808.19	89.707
808.37	89.621
808.56	89.450
808.74	89.299
808.92	89.167
809.10	88.967
809.29	88.883
809.47	88.772
809.65	88.563
809.83	88.454
810.02	88.267
810.20	88.068
810.38	87.927
810.56	87.736
810.75	87.579
810.93	87.400
811.11	87.238
811.29	87.083
811.47	86.913
811.66	86.683
811.84	86.506
812.02	86.399
812.20	86.191
812.39	86.033
812.57	85.872
812.75	85.655
812.93	85.524
813.11	85.305
813.30	85.141
813.48	84.987
813.66	84.767
813.84	84.592
814.02	84.379
814.21	84.216
814.39	84.010
814.57	83.800
814.75	83.587
814.93	83.345
815.12	83.079
815.30	82.843
815.48	82.665
815.66	82.450
815.84	82.194
816.03	81.968
816.21	81.703
816.39	81.473
816.57	81.191
816.75	80.918
816.93	80.668
817.12	80.349
817.30	80.087
817.48	79.813
817.66	79.573
817.84	79.369
818.02	79.173
818.21	78.925
818.39	78.704
818.57	78.488
818.75	78.340
818.93	78.169
819.11	77.943
819.30	77.748
819.48	77.536
819.66	77.370
819.84	77.237
820.02	77.090
820.20	76.944
820.38	76.796
820.57	76.617
820.75	76.483
820.93	76.381
821.11	76.257
821.29	76.178
821.47	76.030
821.65	75.870
821.83	75.698
822.02	75.564
822.20	75.439
822.38	75.333
822.56	75.115
822.74	74.966
822.92	74.794
823.10	74.679
823.28	74.550
823.46	74.413
823.65	74.294
823.83	74.181
824.01	74.052
824.19	73.960
824.37	73.859
824.55	73.756
824.73	73.665
824.91	73.591
825.09	73.465
825.27	73.402
825.46	73.285
825.64	73.174
825.82	73.148
826.00	73.074
826.18	73.012
826.36	72.985
826.54	72.969
826.72	73.034
826.90	73.022
827.08	73.040
827.26	73.059
827.44	73.008
827.63	73.033
827.81	73.049
827.99	73.111
828.17	73.143
828.35	73.203
828.53	73.263
828.71	73.341
828.89	73.430
829.07	73.524
829.25	73.620
829.43	73.706
829.61	73.764
829.79	73.856
829.97	73.941
830.15	73.984
830.33	74.071
830.51	74.126
830.69	74.229
830.87	74.282
831.06	74.366
831.24	74.489
831.42	74.550
831.60	74.619
831.78	74.668
831.96	74.760
832.14	74.845
832.32	74.974
832.50	75.045
832.68	75.115
832.86	75.149
833.04	75.265
833.22	75.376
833.40	75.541
833.58	75.640
833.76	75.747
833.94	75.963
834.12	76.126
834.30	76.266
834.48	76.408
834.66	76.543
834.84	76.668
835.02	76.820
835.20	77.035
835.38	77.188
835.56	77.414
835.74	77.648
835.92	77.903
836.10	78.036
836.28	78.230
836.46	78.441
836.64	78.661
836.82	78.784
837.00	78.962
837.18	79.126
837.36	79.349
837.54	79.549
837.72	79.738
837.90	79.931
838.08	80.146
838.26	80.282
838.43	80.511
838.61	80.734
838.79	80.926
838.97	81.053
839.15	81.246
839.33	81.410
839.51	81.534
839.69	81.616
839.87	81.796
840.05	81.996
840.23	82.110
840.41	82.225
840.59	82.438
840.77	82.621
840.95	82.770
841.13	82.822
841.31	82.879
841.49	82.908
841.67	82.959
841.84	83.034
842.02	83.126
842.20	83.213
842.38	83.278
842.56	83.361
842.74	83.426
842.92	83.460
843.10	83.501
843.28	83.646
843.46	83.707
843.64	83.709
843.82	83.743
843.99	83.848
844.17	83.963
844.35	84.081
844.53	84.145
844.71	84.238
844.89	84.336
845.07	84.467
845.25	84.605
845.43	84.701
845.61	84.775
845.78	84.886
845.96	84.961
846.14	85.037
846.32	85.125
846.50	85.266
846.68	85.444
846.86	85.543
847.04	85.535
847.22	85.546
847.39	85.657
847.57	85.701
847.75	85.733
847.93	85.697
848.11	85.705
848.29	85.729
848.47	85.696
848.65	85.713
848.82	85.697
849.00	85.727
849.18	85.662
849.36	85.660
849.54	85.665
849.72	85.625
849.89	85.635
850.07	85.617
850.25	85.526
850.43	85.408
850.61	85.329
850.79	85.236
850.97	85.262
851.14	85.192
851.32	85.089
851.50	84.988
851.68	84.981
851.86	84.969
852.04	84.896
852.21	84.885
852.39	84.895
852.57	84.894
852.75	84.771
852.93	84.736
853.10	84.632
853.28	84.499
853.46	84.395
853.64	84.275
853.82	84.148
854.00	84.133
854.17	84.038
854.35	83.894
854.53	83.794
854.71	83.643
854.89	83.504
855.06	83.412
855.24	83.354
855.42	83.238
855.60	83.090
855.78	82.916
855.95	82.767
856.13	82.533
856.31	82.310
856.49	82.141
856.66	82.031
856.84	81.841
857.02	81.747
857.20	81.625
857.38	81.465
857.55	81.299
857.73	81.004
857.91	80.885
858.09	80.709
858.26	80.519
858.44	80.346
858.62	80.176
858.80	79.963
858.97	79.737
859.15	79.554
859.33	79.331
859.51	79.253
859.68	78.991
859.86	78.825
860.04	78.600
860.22	78.398
860.39	78.194
860.57	78.020
860.75	77.759
860.93	77.542
861.10	77.384
861.28	77.234
861.46	77.003
861.64	76.775
861.81	76.653
861.99	76.513
862.17	76.316
862.35	76.190
862.52	76.035
862.70	75.868
862.88	75.692
863.05	75.459
863.23	75.231
863.41	75.086
863.59	74.935
863.76	74.867
863.94	74.706
864.12	74.539
864.29	74.311
864.47	74.123
864.65	73.965
864.83	73.688
865.00	73.469
865.18	73.355
865.36	73.224
865.53	73.049
865.71	72.911
865.89	72.785
866.06	72.566
866.24	72.393
866.42	72.257
866.59	72.039
866.77	71.938
866.95	71.741
867.12	71.552
867.30	71.403
867.48	71.157
867.65	71.032
867.83	70.841
868.01	70.826
868.18	70.689
868.36	70.614
868.54	70.577
868.71	70.508
868.89	70.432
869.07	70.298
869.24	70.182
869.42	70.077
869.60	69.999
869.77	69.938
869.95	69.869
870.13	69.753
870.30	69.753
870.48	69.602
870.66	69.572
870.83	69.527
871.01	69.403
871.18	69.373
871.36	69.313
871.54	69.286
871.71	69.157
871.89	69.159
872.07	69.025
872.24	68.940
872.42	68.892
872.59	68.842
872.77	68.733
872.95	68.652
873.12	68.558
873.30	68.522
873.48	68.501
873.65	68.443
873.83	68.421
874.00	68.333
874.18	68.311
874.36	68.262
874.53	68.279
874.71	68.274
874.88	68.297
875.06	68.347
875.24	68.313
875.41	68.283
875.59	68.248
875.76	68.317
875.94	68.291
876.11	68.238
876.29	68.223
876.47	68.302
876.64	68.376
876.82	68.387
876.99	68.328
877.17	68.360
877.35	68.352
877.52	68.364
877.70	68.444
877.87	68.525
878.05	68.560
878.22	68.572
878.40	68.628
878.57	68.649
878.75	68.673
878.93	68.749
879.10	68.857
879.28	68.946
879.45	68.973
879.63	69.036
879.80	69.127
879.98	69.270
880.15	69.346
880.33	69.392
880.50	69.507
880.68	69.681
880.86	69.704
881.03	69.931
881.21	70.065
881.38	70.196
881.56	70.405
881.73	70.539
881.91	70.634
882.08	70.825
882.26	70.979
882.43	71.124
882.61	71.264
882.78	71.446
882.96	71.683
883.13	71.837
883.31	72.029
883.48	72.152
883.66	72.232
883.83	72.402
884.01	72.526
884.18	72.717
884.36	72.890
884.53	73.063
884.71	73.123
884.88	73.251
885.06	73.381
885.23	73.443
885.41	73.587
885.58	73.713
885.76	73.825
885.93	73.970
886.11	74.042
886.28	74.211
886.46	74.229
886.63	74.228
886.81	74.343
886.98	74.531
887.15	74.640
887.33	74.802
887.50	74.986
887.68	75.126
887.85	75.253
888.03	75.182
888.20	75.275
888.38	75.463
888.55	75.527
888.73	75.593
888.90	75.702
889.08	75.813
889.25	75.874
889.42	75.988
889.60	76.095
889.77	76.184
889.95	76.211
890.12	76.356
890.30	76.448
890.47	76.492
890.64	76.525
890.82	76.646
890.99	76.663
891.17	76.729
891.34	76.815
891.52	76.831
891.69	76.984
891.86	77.064
892.04	77.066
892.21	77.186
892.39	77.337
892.56	77.394
892.73	77.423
892.91	77.569
893.08	77.739
893.26	77.857
893.43	77.966
893.60	78.086
893.78	78.172
893.95	78.281
894.13	78.443
894.30	78.592
894.47	78.691
894.65	78.872
894.82	78.942
895.00	79.023
895.17	79.155
895.34	79.393
895.52	79.485
895.69	79.602
895.86	79.708
896.04	79.689
896.21	79.830
896.39	79.978
896.56	80.095
896.73	80.073
896.91	79.997
897.08	80.053
897.25	80.133
897.43	80.101
897.60	80.161
897.77	80.122
897.95	80.029
898.12	80.047
898.30	80.061
898.47	80.005
898.64	80.047
898.82	80.029
898.99	79.937
899.16	79.963
899.34	79.939
899.51	79.852
899.68	79.734
899.86	79.648
900.03	79.597
900.20	79.499
900.38	79.439
900.55	79.434
900.72	79.267
900.90	79.191
901.07	79.177
901.24	79.103
901.41	79.060
901.59	78.976
901.76	78.928
901.93	78.776
902.11	78.642
902.28	78.582
902.45	78.561
902.63	78.567
902.80	78.393
902.97	78.258
903.15	78.260
903.32	78.356
903.49	78.310
903.66	78.264
903.84	78.270
904.01	78.200
904.18	78.112
904.36	78.117
904.53	77.982
904.70	77.953
904.87	77.842
905.05	77.795
905.22	77.810
905.39	77.719
905.56	77.665
905.74	77.689
905.91	77.505
906.08	77.441
906.26	77.247
906.43	77.204
906.60	77.108
906.77	76.934
906.95	76.770
907.12	76.587
907.29	76.260
907.46	76.170
907.64	76.006
907.81	75.952
907.98	75.776
908.15	75.710
908.33	75.550
908.50	75.494
908.67	75.358
908.84	75.222
909.01	75.009
909.19	74.879
909.36	74.684
909.53	74.492
909.70	74.146
909.88	74.063
910.05	73.909
910.22	73.819
910.39	73.648
910.57	73.532
910.74	73.434
910.91	73.477
911.08	73.232
911.25	73.092
911.43	72.943
911.60	72.853
911.77	72.623
911.94	72.442
912.11	72.233
912.29	72.014
912.46	71.703
912.63	71.548
912.80	71.409
912.97	71.207
913.15	71.153
913.32	71.167
913.49	70.988
913.66	70.859
913.83	70.648
914.00	70.581
914.18	70.448
914.35	70.287
914.52	70.065
914.69	69.827
914.86	69.651
915.03	69.470
915.21	69.371
915.38	69.220
915.55	69.208
915.72	68.984
915.89	68.919
916.06	68.910
916.24	68.814
916.41	68.656
916.58	68.592
916.75	68.417
916.92	68.166
917.09	67.980
917.26	67.737
917.44	67.596
917.61	67.461
917.78	67.302
917.95	67.204
918.12	67.066
918.29	67.100
918.46	66.962
918.64	66.867
918.81	66.697
918.98	66.591
919.15	66.392
919.32	66.346
919.49	66.191
919.66	65.984
919.83	65.894
920.00	65.730
920.18	65.602
920.35	65.589
920.52	65.515
920.69	65.509
920.86	65.497
921.03	65.380
921.20	65.171
921.37	65.079
921.54	64.909
921.71	64.805
921.89	64.620
922.06	64.557
922.23	64.441
922.40	64.357
922.57	64.259
922.74	64.212
922.91	64.189
923.08	64.139
923.25	64.166
923.42	64.190
923.59	64.147
923.76	63.976
923.93	63.857
924.11	63.801
924.28	63.777
924.45	63.819
924.62	63.931
924.79	63.978
924.96	63.771
925.13	63.743
925.30	63.758
925.47	63.708
925.64	63.691
925.81	63.700
925.98	63.651
926.15	63.666
926.32	63.526
926.49	63.448
926.66	63.317
926.83	63.282
927.00	63.127
927.17	63.106
927.34	63.243
927.51	63.230
927.69	63.486
927.86	63.402
928.03	63.306
928.20	63.249
928.37	63.145
928.54	63.313
928.71	63.338
928.88	63.350
929.05	63.293
929.22	63.351
929.39	63.316
929.56	63.363
929.73	63.338
929.90	63.397
930.07	63.471
930.24	63.647
930.41	63.648
930.58	63.790
930.75	63.870
930.92	63.821
931.09	63.793
931.26	63.610
931.43	63.589
931.60	63.569
931.77	63.576
931.94	63.714
932.11	63.721
932.27	63.765
932.44	63.854
932.61	64.045
932.78	63.978
932.95	64.122
933.12	64.190
933.29	64.360
933.46	64.543
933.63	64.499
933.80	64.412
933.97	64.469
934.14	64.421
934.31	64.552
934.48	64.690
934.65	64.826
934.82	64.871
934.99	65.023
935.16	65.214
935.33	65.333
935.50	65.422
935.67	65.545
935.84	65.631
936.00	65.635
936.17	65.703
936.34	65.841
936.51	65.954
936.68	66.047
936.85	66.083
937.02	66.098
937.19	66.092
937.36	66.270
937.53	66.234
937.70	66.397
937.87	66.416
938.03	66.353
938.20	66.472
938.37	66.608
938.54	66.596
938.71	66.602
938.88	66.710
939.05	66.748
939.22	66.696
939.39	66.705
939.56	66.760
939.72	66.759
939.89	66.800
940.06	66.698
940.23	66.656
940.40	66.653
940.57	66.743
940.74	66.996
940.91	66.990
941.08	67.156
941.24	67.228
941.41	67.301
941.58	67.632
941.75	67.786
941.92	67.905
942.09	68.036
942.26	68.147
942.42	68.137
942.59	68.308
942.76	68.700
942.93	68.813
943.10	68.902
943.27	69.173
943.44	69.308
943.60	69.558
943.77	69.545
943.94	69.843
944.11	69.740
944.28	69.727
944.45	69.960
944.61	70.082
944.78	70.076
944.95	70.137
945.12	70.108
945.29	70.012
945.46	69.821
945.62	69.713
945.79	69.864
945.96	70.194
946.13	70.206
946.30	70.107
946.46	70.381
946.63	70.357
946.80	70.390
946.97	70.686
947.14	70.683
947.31	71.125
947.47	71.110
947.64	71.341
947.81	71.643
947.98	71.600
948.15	71.543
948.31	71.746
948.48	71.812
948.65	71.864
948.82	71.997
948.98	72.239
949.15	72.521
949.32	72.464
949.49	72.311
949.66	72.504
949.82	72.586
949.99	72.658
950.16	72.897
950.33	72.861
950.49	72.751
950.66	72.471
950.83	72.210
951.00	72.142
951.16	71.761
951.33	71.684
951.50	71.573
951.67	71.576
951.83	71.412
952.00	71.612
952.17	71.456
952.34	71.397
952.50	71.371
952.67	71.562
952.84	71.448
953.01	71.448
953.17	71.209
953.34	71.269
953.51	71.006
953.68	70.802
953.84	70.670
954.01	70.523
954.18	70.586
954.34	70.738
954.51	70.547
954.68	70.766
954.85	70.756
955.01	70.939
955.18	71.396
955.35	71.281
955.51	70.929
955.68	71.030
955.85	71.166
956.02	70.995
956.18	70.926
956.35	71.022
956.52	70.948
956.68	71.093
956.85	70.646
957.02	70.829
957.18	70.893
957.35	70.780
957.52	70.755
957.69	70.759
957.85	70.951
958.02	70.912
958.19	70.804
958.35	70.720
958.52	70.349
958.69	69.815
958.85	69.951
959.02	69.833
959.19	69.545
959.35	69.511
959.52	69.666
959.69	69.489
959.85	69.327
960.02	69.231
960.19	69.195
960.35	69.294
960.52	69.250
960.68	69.303
960.85	69.480
961.02	69.234
961.18	69.451
961.35	69.019
961.52	69.115
961.68	69.136
961.85	69.023
962.02	69.129
962.18	69.240
962.35	68.988
962.51	69.234
962.68	69.405
962.85	68.970
963.01	68.645
963.18	68.452
963.35	68.135
963.51	67.825
963.68	67.637
963.84	67.392
964.01	66.948
964.18	66.760
964.34	66.514
964.51	66.459
964.67	66.155
964.84	65.892
965.01	65.591
965.17	65.659
965.34	65.455
965.50	65.163
965.67	65.035
965.84	64.685
966.00	64.465
966.17	64.388
966.33	64.332
966.50	64.304
966.66	64.270
966.83	64.284
967.00	64.356
967.16	64.167
967.33	64.010
967.49	63.975
967.66	64.294
967.82	63.856
967.99	64.049
968.16	64.061
968.32	63.869
968.49	63.657
968.65	63.217
968.82	63.158
968.98	62.969
969.15	62.911
969.31	62.921
969.48	62.699
969.64	62.434
969.81	62.392
969.98	62.102
970.14	61.615
970.31	61.714
970.47	61.426
970.64	61.279
970.80	61.751
970.97	61.205
971.13	60.566
971.30	60.455
971.46	60.236
971.63	59.665
971.79	59.882
971.96	59.763
972.12	59.957
972.29	59.766
972.45	60.302
972.62	60.222
972.78	60.282
972.95	59.973
973.11	59.872
973.28	59.860
973.44	60.646
973.61	60.988
973.77	60.894
973.94	60.874
974.10	60.955
974.27	60.810
974.43	60.864
974.60	60.760
974.76	60.754
974.93	60.460
975.09	60.880
975.26	60.561
975.42	60.920
975.59	60.630
975.75	60.700
975.92	59.944
976.08	59.388
976.24	59.149
976.41	59.083
976.57	59.223
976.74	59.260
976.90	58.017
977.07	57.601
977.23	57.547
977.40	57.589
977.56	56.792
977.73	55.972
977.89	55.521
978.05	55.284
978.22	55.289
978.38	55.079
978.55	54.474
978.71	54.252
978.88	54.059
979.04	54.112
979.20	53.726
979.37	54.095
979.53	53.827
979.70	54.613
979.86	55.013
980.03	54.688
980.19	54.642
980.35	55.189
980.52	55.161
980.68	55.357
980.85	55.117
981.01	55.604
981.17	56.427
981.34	57.178
981.50	56.982
981.67	56.647
981.83	56.690
981.99	56.609
982.16	56.416
982.32	56.173
982.49	55.810
982.65	56.297
982.81	55.992
982.98	55.995
983.14	55.752
983.30	54.992
983.47	54.591
983.63	54.421
983.80	54.392
983.96	54.142
984.12	53.749
984.29	54.375
984.45	54.508
984.61	53.876
984.78	54.141
984.94	54.323
985.10	55.381
985.27	55.627
985.43	55.459
985.59	56.241
985.76	56.589
985.92	57.006
986.08	57.032
986.25	56.543
986.41	57.134
986.57	55.676
986.74	55.980
986.90	56.812
987.06	56.588
987.23	55.967
987.39	56.112
987.55	56.036
987.72	55.849
987.88	54.350
988.04	54.106
988.21	53.888
988.37	53.989
988.53	53.476
988.70	53.430
988.86	53.044
989.02	52.007
989.19	51.265
989.35	50.892
989.51	50.184
989.67	50.660
989.84	50.387
990.00	51.184
990.16	51.443
990.33	51.102
990.49	51.166
990.65	50.917
990.82	50.790
990.98	51.012
991.14	50.760
991.30	52.567
991.47	52.581
991.63	52.640
991.79	53.328
991.95	53.560
992.12	53.927
992.28	54.917
992.44	55.292
992.61	55.958
992.77	56.916
992.93	57.465
993.09	57.626
993.26	58.542
993.42	58.119
993.58	58.108
993.74	57.447
993.91	57.361
994.07	57.810
994.23	57.981
994.39	56.837
994.55	56.480
994.72	55.810
994.88	56.129
995.04	55.615
995.20	54.991
995.37	54.941
995.53	55.186
995.69	55.157
995.85	55.177
996.02	54.634
996.18	54.430
996.34	53.657
996.50	54.579
996.66	54.882
996.83	55.620
996.99	53.603
997.15	53.913
997.31	53.976
997.47	54.338
997.64	54.539
997.80	56.349
997.96	58.686
998.12	58.698
998.28	60.083
998.45	61.538
998.61	61.249
998.77	61.527
998.93	60.850
999.09	62.977
999.25	63.405
999.42	65.495
999.58	64.954
999.74	65.171
999.90	64.153
1000.06	64.053
1000.22	63.735
1000.39	65.950
1000.55	66.160
1000.71	67.417
1000.87	67.710
1001.03	67.390
1001.19	65.563
1001.36	63.654
1001.52	63.792
1001.68	62.996
1001.84	62.964
1002.00	61.125
1002.16	59.375
1002.32	59.702
1002.49	58.180
1002.65	58.077
1002.81	54.655
1002.97	53.041
1003.13	52.406
1003.29	53.535
1003.45	53.299
1003.62	53.964
1003.78	53.966
1003.94	53.534
1004.10	55.039
1004.26	54.193
1004.42	52.548
1004.58	53.198
1004.74	52.753
1004.90	54.089
1005.07	54.820
1005.23	53.539
1005.39	55.213
1005.55	58.196
1005.71	56.537
1005.87	56.500
1006.03	57.795
1006.19	59.858
1006.35	62.486
1006.51	63.928
1006.67	63.605
1006.84	62.498
1007.00	60.711
1007.16	60.880
1007.32	60.627
1007.48	58.376
1007.64	61.574
1007.80	63.397
1007.96	62.508
1008.12	66.390
1008.28	64.796
1008.44	64.186
1008.60	64.701
1008.76	62.655
1008.92	59.345
1009.09	61.176
1009.25	59.114
1009.41	57.997
1009.57	56.482
1009.73	56.796
1009.89	58.718
1010.05	59.049
1010.21	59.350
1010.37	60.776
1010.53	63.693
1010.69	65.578
1010.85	66.691
1011.01	63.593
1011.17	63.754
1011.33	65.905
1011.49	62.823
1011.65	61.243
1011.81	59.191
1011.97	60.207
1012.13	64.203
1012.29	65.441
1012.45	64.234
1012.61	69.543
1012.77	65.974
1012.93	69.321
1013.09	66.780
1013.25	61.692
1013.41	61.531
1013.57	59.092
1013.73	57.983
1013.89	52.502
1014.05	53.057
1014.21	45.661
1014.37	44.279
1014.53	41.308
1014.69	41.382
1014.85	46.643
1015.01	47.029
1015.17	53.416
1015.33	55.163
1015.49	53.879
1015.65	56.534
1015.81	60.726
1015.97	53.323
1016.13	61.020
1016.29	60.735
1016.45	57.743
1016.61	60.478
1016.77	60.500
1016.93	60.727
1017.09	59.994
1017.25	59.103
1017.41	57.759
1017.56	64.166
1017.72	70.152
1017.88	72.501
1018.04	71.349
1018.20	57.730
1018.36	61.617
1018.52	53.469
1018.68	50.078
1018.84	47.083
1019.00	44.013
1019.16	39.020
1019.32	46.029
1019.48	41.798
1019.64	36.360
1019.79	39.965
1019.95	42.528
1020.11	37.771
1020.27	36.181
1020.43	42.659
1020.59	44.866
1020.75	42.463
1020.91	42.509
1021.07	40.515
1021.23	39.687
1021.39	41.164
1021.54	52.539
1021.70	47.251
1021.86	47.530
1022.02	46.418
1022.18	51.595
1022.34	55.285
1022.50	55.736
1022.66	50.257
1022.82	55.106
1022.97	55.967
1023.13	61.102
1023.29	59.133
1023.45	59.130
1023.61	55.490
1023.77	47.934
1023.93	50.629
1024.08	50.249
1024.24	50.132
1024.40	53.889
1024.56	54.450
1024.72	53.168
1024.88	38.577
1025.04	37.762
1025.19	42.165
1025.35	44.948
1025.51	38.190
1025.67	35.783
1025.83	32.851
1025.99	37.667
1026.14	27.498
1026.30	28.141
1026.46	23.339
1026.62	17.042
1026.78	26.825
1026.94	41.273
1027.09	36.033
1027.25	29.656
1027.41	25.886
1027.57	23.427
1027.73	20.562
1027.89	18.886
1028.04	24.857
1028.20	23.629
1028.36	24.604
1028.52	21.978
1028.68	15.603
1028.83	15.645
1028.99	20.291
1029.15	25.277
1029.31	21.071
1029.47	19.358
1029.62	20.370
1029.78	17.834
1029.94	18.029
1030.10	19.318
1030.25	7.745
1030.41	22.775
1030.57	27.692
1030.73	28.379
1030.89	15.635
1031.04	19.673
1031.20	14.144
1031.36	11.316
1031.52	25.319
1031.67	34.201
1031.83	37.671
1031.99	58.523
1032.15	52.199
1032.30	35.281
1032.46	19.449
1032.62	33.709
1032.78	38.270
1032.93	41.168
1033.09	31.312
1033.25	26.283
1033.41	3.464
1033.56	6.769
1033.72	-223.529
1033.88	-707.143
1034.04	50.633
1034.19	78.182
1034.35	18.919
1034.51	14.130
1034.66	-15.603
1034.82	2750.000
1034.98	2750.000
1035.14	2750.000
