345.22	89.372
345.43	89.372
345.65	89.372
345.86	45.500
346.08	14.773
346.29	9.420
346.51	101.802
346.72	27.273
346.94	-130.769
347.15	-58.065
347.37	192.165
347.58	211.019
347.80	195.616
348.01	132.512
348.23	93.460
348.44	100.471
348.66	97.181
348.87	99.706
349.09	94.251
349.30	88.003
349.52	81.581
349.73	80.164
349.95	79.332
350.16	85.602
350.38	82.651
350.59	80.239
350.81	84.364
351.02	83.210
351.24	79.317
351.45	78.154
351.67	81.435
351.88	78.479
352.10	72.804
352.31	74.272
352.53	79.054
352.74	85.651
352.96	83.600
353.17	83.269
353.39	80.541
353.60	81.555
353.82	79.710
354.03	79.239
354.25	78.052
354.46	72.483
354.67	65.707
354.89	62.935
355.10	63.420
355.32	59.300
355.53	62.241
355.75	62.852
355.96	61.567
356.18	61.029
356.39	66.270
356.61	70.636
356.82	68.146
357.04	70.052
357.25	64.824
357.46	66.801
357.68	63.047
357.89	65.084
358.11	63.538
358.32	68.599
358.54	66.353
358.75	66.476
358.97	68.737
359.18	71.844
359.40	72.434
359.61	72.016
359.82	72.197
360.04	74.229
360.25	73.897
360.47	70.417
360.68	70.462
360.90	66.838
361.11	66.312
361.32	70.107
361.54	70.894
361.75	73.126
361.97	72.931
362.18	77.285
362.40	76.402
362.61	80.417
362.83	78.043
363.04	78.433
363.25	82.789
363.47	84.333
363.68	84.373
363.90	88.249
364.11	90.650
364.32	89.650
364.54	83.893
364.75	80.858
364.97	84.449
365.18	81.961
365.40	78.480
365.61	77.478
365.82	75.457
366.04	75.753
366.25	76.032
366.47	76.566
366.68	73.861
366.89	75.471
367.11	73.722
367.32	73.646
367.54	73.655
367.75	71.204
367.96	71.500
368.18	72.754
368.39	72.687
368.61	74.274
368.82	75.164
369.03	77.966
369.25	81.394
369.46	81.935
369.68	86.445
369.89	89.279
370.10	90.659
370.32	90.280
370.53	87.325
370.75	83.213
370.96	82.930
371.17	83.271
371.39	81.693
371.60	81.151
371.81	81.118
372.03	82.950
372.24	82.528
372.46	85.078
372.67	86.247
372.88	85.269
373.10	83.647
373.31	85.399
373.52	84.124
373.74	83.148
373.95	85.417
374.17	84.404
374.38	85.723
374.59	84.470
374.81	84.819
375.02	84.240
375.23	85.908
375.45	85.291
375.66	84.284
375.87	84.353
376.09	83.245
376.30	83.280
376.52	85.532
376.73	84.255
376.94	80.568
377.16	80.322
377.37	83.698
377.58	82.850
377.80	83.469
378.01	86.386
378.22	87.618
378.44	86.299
378.65	87.763
378.86	85.801
379.08	87.248
379.29	89.404
379.50	91.567
379.72	93.882
379.93	96.124
380.14	99.487
380.36	101.086
380.57	102.602
380.78	103.022
381.00	102.739
381.21	104.492
381.42	106.134
381.64	106.622
381.85	106.963
382.06	108.252
382.28	108.655
382.49	108.590
382.70	109.782
382.92	110.728
383.13	110.213
383.34	111.614
383.56	112.937
383.77	114.331
383.98	114.725
384.20	115.886
384.41	116.140
384.62	116.821
384.83	117.635
385.05	118.449
385.26	119.635
385.47	120.732
385.69	121.599
385.90	122.229
386.11	122.722
386.33	123.193
386.54	123.191
386.75	123.350
386.97	124.248
387.18	124.756
387.39	125.178
387.60	125.234
387.82	125.135
388.03	124.792
388.24	124.620
388.46	124.436
388.67	123.911
388.88	123.296
389.09	122.651
389.31	122.085
389.52	121.444
389.73	120.641
389.95	120.058
390.16	119.415
390.37	118.938
390.58	118.502
390.80	117.939
391.01	117.564
391.22	117.238
391.44	116.539
391.65	116.151
391.86	115.977
392.07	116.411
392.29	116.566
392.50	116.732
392.71	116.824
392.92	117.128
393.14	117.437
393.35	117.953
393.56	118.588
393.78	119.044
393.99	119.785
394.20	120.647
394.41	121.261
394.63	121.797
394.84	122.521
395.05	123.334
395.26	124.037
395.48	124.840
395.69	125.406
395.90	126.227
396.11	126.722
396.33	127.072
396.54	127.445
396.75	127.717
396.96	127.862
397.18	127.868
397.39	127.860
397.60	127.833
397.81	127.640
398.03	127.266
398.24	126.927
398.45	126.478
398.66	125.816
398.87	125.231
399.09	124.648
399.30	123.925
399.51	123.109
399.72	122.261
399.94	121.392
400.15	120.573
400.36	119.735
400.57	118.987
400.79	118.416
401.00	117.597
401.21	117.016
401.42	116.568
401.63	116.227
401.85	115.949
402.06	115.781
402.27	115.777
402.48	115.903
402.69	116.077
402.91	116.162
403.12	116.426
403.33	116.890
403.54	117.429
403.76	117.892
403.97	118.504
404.18	119.334
404.39	120.076
404.60	120.935
404.82	121.739
405.03	122.618
405.24	123.343
405.45	124.045
405.66	124.727
405.88	125.349
406.09	125.961
406.30	126.343
406.51	126.695
406.72	126.909
406.94	127.044
407.15	127.128
407.36	127.169
407.57	127.108
407.78	126.901
407.99	126.516
408.21	126.157
408.42	125.694
408.63	125.180
408.84	124.504
409.05	123.803
409.27	122.979
409.48	122.040
409.69	121.091
409.90	120.292
410.11	119.467
410.32	118.641
410.54	117.722
410.75	116.930
410.96	116.082
411.17	115.369
411.38	114.684
411.59	114.108
411.81	113.621
412.02	113.132
412.23	112.843
412.44	112.616
412.65	112.494
412.86	112.497
413.08	112.589
413.29	112.712
413.50	113.007
413.71	113.453
413.92	113.833
414.13	114.432
414.34	115.037
414.56	115.597
414.77	116.223
414.98	116.924
415.19	117.776
415.40	118.654
415.61	119.371
415.82	120.096
416.04	120.856
416.25	121.470
416.46	122.119
416.67	122.681
416.88	123.199
417.09	123.689
417.30	123.984
417.52	124.159
417.73	124.362
417.94	124.354
418.15	124.276
418.36	124.258
418.57	123.914
418.78	123.563
418.99	123.213
419.21	122.786
419.42	122.209
419.63	121.522
419.84	120.796
420.05	120.055
420.26	119.267
420.47	118.320
420.68	117.531
420.89	116.772
421.11	115.903
421.32	115.031
421.53	114.225
421.74	113.470
421.95	112.778
422.16	112.100
422.37	111.517
422.58	110.960
422.79	110.456
423.01	110.134
423.22	109.843
423.43	109.711
423.64	109.654
423.85	109.716
424.06	109.853
424.27	110.060
424.48	110.391
424.69	110.861
424.90	111.349
425.11	111.938
425.33	112.569
425.54	113.195
425.75	113.969
425.96	114.642
426.17	115.430
426.38	116.217
426.59	117.055
426.80	117.907
427.01	118.670
427.22	119.469
427.43	120.273
427.64	120.946
427.85	121.477
428.07	121.985
428.28	122.421
428.49	122.793
428.70	123.122
428.91	123.394
429.12	123.465
429.33	123.569
429.54	123.484
429.75	123.309
429.96	123.190
430.17	122.925
430.38	122.602
430.59	122.108
430.80	121.538
431.01	120.919
431.22	120.221
431.44	119.535
431.65	118.778
431.86	117.986
432.07	117.144
432.28	116.351
432.49	115.562
432.70	114.709
432.91	113.896
433.12	113.055
433.33	112.240
433.54	111.600
433.75	110.955
433.96	110.412
434.17	109.835
434.38	109.359
434.59	108.979
434.80	108.655
435.01	108.525
435.22	108.418
435.43	108.443
435.64	108.596
435.85	108.727
436.06	108.994
436.27	109.316
436.48	109.805
436.69	110.316
436.90	110.850
437.11	111.570
437.33	112.250
437.54	112.968
437.75	113.768
437.96	114.466
438.17	115.197
438.38	115.915
438.59	116.722
438.80	117.414
439.01	118.183
439.22	118.939
439.43	119.498
439.64	120.066
439.85	120.582
440.06	120.952
440.27	121.381
440.48	121.660
440.69	121.851
440.90	121.919
441.11	121.960
441.32	121.928
441.53	121.754
441.74	121.536
441.95	121.286
442.16	120.877
442.37	120.408
442.58	119.914
442.79	119.385
443.00	118.738
443.21	118.060
443.42	117.268
443.62	116.356
443.83	115.610
444.04	114.801
444.25	113.966
444.46	113.123
444.67	112.254
444.88	111.404
445.09	110.596
445.30	109.796
445.51	109.018
445.72	108.281
445.93	107.652
446.14	107.030
446.35	106.467
446.56	106.005
446.77	105.652
446.98	105.306
447.19	105.034
447.40	104.923
447.61	104.842
447.82	104.816
448.03	104.955
448.24	105.066
448.45	105.316
448.66	105.594
448.87	105.974
449.08	106.426
449.29	106.925
449.49	107.429
449.70	108.018
449.91	108.618
450.12	109.258
450.33	109.905
450.54	110.594
450.75	111.295
450.96	111.997
451.17	112.658
451.38	113.272
451.59	113.876
451.80	114.383
452.01	114.886
452.22	115.375
452.43	115.800
452.64	116.218
452.84	116.530
453.05	116.773
453.26	116.991
453.47	117.083
453.68	117.152
453.89	117.187
454.10	117.093
454.31	116.953
454.52	116.693
454.73	116.388
454.94	115.977
455.15	115.489
455.36	114.938
455.56	114.295
455.77	113.696
455.98	113.035
456.19	112.330
456.40	111.619
456.61	110.869
456.82	110.055
457.03	109.235
457.24	108.439
457.45	107.628
457.65	106.770
457.86	105.989
458.07	105.199
458.28	104.365
458.49	103.676
458.70	102.976
458.91	102.348
459.12	101.774
459.33	101.236
459.54	100.808
459.74	100.411
459.95	100.104
460.16	99.853
460.37	99.707
460.58	99.674
460.79	99.620
461.00	99.656
461.21	99.803
461.41	99.952
461.62	100.164
461.83	100.523
462.04	100.925
462.25	101.308
462.46	101.806
462.67	102.379
462.88	102.918
463.08	103.562
463.29	104.203
463.50	104.837
463.71	105.528
463.92	106.173
464.13	106.800
464.34	107.436
464.54	108.079
464.75	108.670
464.96	109.213
465.17	109.784
465.38	110.252
465.59	110.700
465.80	111.111
466.00	111.438
466.21	111.675
466.42	111.898
466.63	112.089
466.84	112.179
467.05	112.195
467.26	112.154
467.46	111.966
467.67	111.755
467.88	111.505
468.09	111.190
468.30	110.850
468.51	110.436
468.71	109.941
468.92	109.395
469.13	108.815
469.34	108.195
469.55	107.497
469.76	106.821
469.96	106.096
470.17	105.333
470.38	104.620
470.59	103.838
470.80	103.019
471.00	102.284
471.21	101.516
471.42	100.792
471.63	100.093
471.84	99.432
472.05	98.765
472.25	98.142
472.46	97.564
472.67	96.965
472.88	96.484
473.09	96.040
473.29	95.640
473.50	95.317
473.71	95.023
473.92	94.824
474.13	94.680
474.33	94.605
474.54	94.607
474.75	94.623
474.96	94.760
475.17	94.929
475.37	95.094
475.58	95.360
475.79	95.688
476.00	96.039
476.21	96.464
476.41	96.907
476.62	97.383
476.83	97.875
477.04	98.463
477.24	99.006
477.45	99.642
477.66	100.241
477.87	100.827
478.08	101.449
478.28	101.984
478.49	102.552
478.70	103.113
478.91	103.635
479.11	104.126
479.32	104.593
479.53	105.036
479.74	105.476
479.94	105.846
480.15	106.129
480.36	106.339
480.57	106.541
480.78	106.715
480.98	106.784
481.19	106.805
481.40	106.759
481.61	106.707
481.81	106.537
482.02	106.321
482.23	106.105
482.44	105.771
482.64	105.416
482.85	105.010
483.06	104.518
483.27	104.010
483.47	103.493
483.68	102.922
483.89	102.334
484.10	101.655
484.30	101.001
484.51	100.299
484.72	99.642
484.92	98.896
485.13	98.179
485.34	97.485
485.55	96.782
485.75	96.079
485.96	95.382
486.17	94.704
486.38	94.065
486.58	93.421
486.79	92.838
487.00	92.281
487.20	91.745
487.41	91.288
487.62	90.878
487.83	90.512
488.03	90.178
488.24	89.891
488.45	89.694
488.65	89.485
488.86	89.355
489.07	89.264
489.28	89.259
489.48	89.305
489.69	89.411
489.90	89.560
490.10	89.768
490.31	90.021
490.52	90.299
490.73	90.649
490.93	91.000
491.14	91.421
491.35	91.875
491.55	92.342
491.76	92.830
491.97	93.325
492.17	93.810
492.38	94.332
492.59	94.847
492.79	95.374
493.00	95.921
493.21	96.469
493.41	96.999
493.62	97.523
493.83	98.008
494.04	98.451
494.24	98.885
494.45	99.285
494.66	99.620
494.86	99.975
495.07	100.237
495.28	100.523
495.48	100.703
495.69	100.860
495.90	101.009
496.10	101.091
496.31	101.120
496.52	101.095
496.72	101.046
496.93	100.946
497.14	100.791
497.34	100.561
497.55	100.315
497.76	100.022
497.96	99.661
498.17	99.277
498.37	98.860
498.58	98.376
498.79	97.877
498.99	97.351
499.20	96.786
499.41	96.220
499.61	95.576
499.82	94.966
500.03	94.340
500.23	93.685
500.44	92.998
500.65	92.338
500.85	91.685
501.06	91.008
501.26	90.353
501.47	89.705
501.68	89.104
501.88	88.485
502.09	87.908
502.30	87.345
502.50	86.829
502.71	86.348
502.91	85.909
503.12	85.488
503.33	85.136
503.53	84.823
503.74	84.515
503.95	84.274
504.15	84.064
504.36	83.899
504.56	83.777
504.77	83.742
504.98	83.706
505.18	83.749
505.39	83.823
505.59	83.955
505.80	84.128
506.01	84.330
506.21	84.571
506.42	84.824
506.62	85.134
506.83	85.464
507.04	85.836
507.24	86.221
507.45	86.631
507.65	87.052
507.86	87.473
508.07	87.949
508.27	88.433
508.48	88.914
508.68	89.405
508.89	89.890
509.10	90.350
509.30	90.816
509.51	91.247
509.71	91.674
509.92	92.082
510.12	92.463
510.33	92.834
510.54	93.166
510.74	93.519
510.95	93.804
511.15	94.055
511.36	94.275
511.56	94.468
511.77	94.629
511.98	94.763
512.18	94.874
512.39	94.901
512.59	94.907
512.80	94.852
513.00	94.760
513.21	94.632
513.42	94.481
513.62	94.292
513.83	94.059
514.03	93.793
514.24	93.475
514.44	93.126
514.65	92.741
514.85	92.350
515.06	91.907
515.26	91.450
515.47	90.965
515.68	90.458
515.88	89.951
516.09	89.401
516.29	88.829
516.50	88.228
516.70	87.644
516.91	87.050
517.11	86.473
517.32	85.886
517.52	85.278
517.73	84.706
517.93	84.137
518.14	83.598
518.34	83.047
518.55	82.537
518.76	82.044
518.96	81.564
519.17	81.117
519.37	80.673
519.58	80.288
519.78	79.927
519.99	79.577
520.19	79.256
520.40	78.983
520.60	78.760
520.81	78.584
521.01	78.420
521.22	78.304
521.42	78.231
521.63	78.201
521.83	78.212
522.04	78.239
522.24	78.322
522.45	78.422
522.65	78.578
522.86	78.769
523.06	78.992
523.27	79.254
523.47	79.527
523.68	79.848
523.88	80.162
524.09	80.494
524.29	80.879
524.50	81.286
524.70	81.699
524.91	82.118
525.11	82.552
525.32	83.016
525.52	83.452
525.72	83.930
525.93	84.403
526.13	84.894
526.34	85.344
526.54	85.790
526.75	86.216
526.95	86.629
527.16	87.006
527.36	87.393
527.57	87.749
527.77	88.083
527.98	88.403
528.18	88.710
528.39	88.982
528.59	89.219
528.79	89.419
529.00	89.608
529.20	89.752
529.41	89.880
529.61	89.960
529.82	90.028
530.02	90.016
530.23	89.990
530.43	89.905
530.64	89.839
530.84	89.710
531.04	89.532
531.25	89.363
531.45	89.157
531.66	88.912
531.86	88.632
532.07	88.324
532.27	87.979
532.47	87.603
532.68	87.237
532.88	86.838
533.09	86.413
533.29	85.947
533.50	85.479
533.70	84.985
533.90	84.494
534.11	83.984
534.31	83.488
534.52	82.969
534.72	82.480
534.93	81.967
535.13	81.444
535.33	80.946
535.54	80.439
535.74	79.961
535.95	79.455
536.15	79.013
536.35	78.565
536.56	78.142
536.76	77.735
536.97	77.346
537.17	76.976
537.37	76.628
537.58	76.330
537.78	76.052
537.99	75.788
538.19	75.553
538.39	75.350
538.60	75.166
538.80	75.021
539.01	74.910
539.21	74.824
539.41	74.785
539.62	74.789
539.82	74.814
540.03	74.843
540.23	74.931
540.43	75.035
540.64	75.188
540.84	75.361
541.04	75.575
541.25	75.826
541.45	76.094
541.66	76.392
541.86	76.710
542.06	77.058
542.27	77.420
542.47	77.803
542.67	78.186
542.88	78.594
543.08	79.026
543.28	79.446
543.49	79.894
543.69	80.338
543.90	80.775
544.10	81.215
544.30	81.701
544.51	82.169
544.71	82.652
544.91	83.097
545.12	83.542
545.32	83.960
545.52	84.338
545.73	84.729
545.93	85.103
546.13	85.438
546.34	85.751
546.54	86.044
546.74	86.324
546.95	86.602
547.15	86.848
547.35	87.056
547.56	87.254
547.76	87.410
547.96	87.546
548.17	87.672
548.37	87.763
548.57	87.785
548.78	87.795
548.98	87.740
549.18	87.681
549.39	87.577
549.59	87.479
549.79	87.376
550.00	87.228
550.20	87.070
550.40	86.859
550.61	86.632
550.81	86.388
551.01	86.122
551.22	85.828
551.42	85.496
551.62	85.141
551.82	84.766
552.03	84.395
552.23	84.013
552.43	83.614
552.64	83.181
552.84	82.758
553.04	82.298
553.25	81.863
553.45	81.399
553.65	80.950
553.85	80.499
554.06	80.037
554.26	79.579
554.46	79.107
554.67	78.662
554.87	78.229
555.07	77.802
555.27	77.381
555.48	76.965
555.68	76.581
555.88	76.207
556.09	75.858
556.29	75.506
556.49	75.178
556.69	74.857
556.90	74.581
557.10	74.338
557.30	74.138
557.50	73.940
557.71	73.771
557.91	73.643
558.11	73.504
558.31	73.432
558.52	73.387
558.72	73.355
558.92	73.373
559.13	73.397
559.33	73.466
559.53	73.532
559.73	73.658
559.94	73.811
560.14	73.983
560.34	74.168
560.54	74.383
560.75	74.643
560.95	74.897
561.15	75.196
561.35	75.495
561.55	75.807
561.76	76.137
561.96	76.474
562.16	76.836
562.36	77.239
562.57	77.619
562.77	78.003
562.97	78.410
563.17	78.810
563.38	79.218
563.58	79.632
563.78	80.051
563.98	80.464
564.18	80.863
564.39	81.271
564.59	81.672
564.79	82.087
564.99	82.458
565.20	82.848
565.40	83.193
565.60	83.536
565.80	83.867
566.00	84.179
566.21	84.480
566.41	84.752
566.61	85.008
566.81	85.242
567.01	85.456
567.22	85.674
567.42	85.852
567.62	86.003
567.82	86.115
568.02	86.218
568.23	86.307
568.43	86.375
568.63	86.423
568.83	86.423
569.03	86.369
569.24	86.310
569.44	86.236
569.64	86.143
569.84	86.030
570.04	85.875
570.24	85.698
570.45	85.521
570.65	85.321
570.85	85.077
571.05	84.830
571.25	84.549
571.45	84.244
571.66	83.930
571.86	83.602
572.06	83.272
572.26	82.923
572.46	82.525
572.66	82.137
572.87	81.727
573.07	81.330
573.27	80.929
573.47	80.522
573.67	80.092
573.87	79.674
574.08	79.222
574.28	78.809
574.48	78.400
574.68	77.969
574.88	77.538
575.08	77.117
575.28	76.693
575.49	76.296
575.69	75.905
575.89	75.527
576.09	75.165
576.29	74.795
576.49	74.451
576.69	74.132
576.90	73.826
577.10	73.544
577.30	73.282
577.50	73.041
577.70	72.819
577.90	72.624
578.10	72.458
578.30	72.318
578.51	72.185
578.71	72.083
578.91	71.989
579.11	71.938
579.31	71.919
579.51	71.902
579.71	71.927
579.91	71.969
580.12	72.035
580.32	72.130
580.52	72.249
580.72	72.378
580.92	72.545
581.12	72.714
581.32	72.912
581.52	73.138
581.72	73.369
581.92	73.615
582.13	73.886
582.33	74.155
582.53	74.464
582.73	74.786
582.93	75.120
583.13	75.483
583.33	75.848
583.53	76.215
583.73	76.610
583.93	76.999
584.13	77.387
584.34	77.810
584.54	78.192
584.74	78.581
584.94	78.993
585.14	79.386
585.34	79.767
585.54	80.137
585.74	80.497
585.94	80.867
586.14	81.249
586.34	81.598
586.54	81.953
586.74	82.288
586.94	82.629
587.15	82.958
587.35	83.246
587.55	83.509
587.75	83.771
587.95	84.016
588.15	84.230
588.35	84.431
588.55	84.608
588.75	84.783
588.95	84.938
589.15	85.063
589.35	85.179
589.55	85.279
589.75	85.370
589.95	85.431
590.15	85.482
590.35	85.501
590.55	85.506
590.75	85.475
590.95	85.419
591.15	85.321
591.35	85.196
591.56	85.080
591.76	84.950
591.96	84.795
592.16	84.625
592.36	84.421
592.56	84.214
592.76	83.972
592.96	83.749
593.16	83.476
593.36	83.216
593.56	82.929
593.76	82.636
593.96	82.317
594.16	81.998
594.36	81.657
594.56	81.306
594.76	80.957
594.96	80.590
595.16	80.206
595.36	79.848
595.56	79.474
595.76	79.073
595.96	78.675
596.16	78.291
596.36	77.897
596.56	77.529
596.76	77.134
596.96	76.747
597.16	76.355
597.36	76.012
597.56	75.651
597.76	75.296
597.96	74.942
598.16	74.612
598.36	74.284
598.56	73.964
598.76	73.660
598.96	73.384
599.16	73.125
599.36	72.902
599.56	72.681
599.76	72.468
599.96	72.297
600.15	72.137
600.35	71.986
600.55	71.858
600.75	71.739
600.95	71.662
601.15	71.594
601.35	71.538
601.55	71.485
601.75	71.458
601.95	71.466
602.15	71.515
602.35	71.554
602.55	71.614
602.75	71.711
602.95	71.813
603.15	71.922
603.35	72.073
603.55	72.230
603.75	72.374
603.95	72.554
604.15	72.762
604.35	72.984
604.54	73.225
604.74	73.488
604.94	73.761
605.14	74.024
605.34	74.310
605.54	74.617
605.74	74.946
605.94	75.293
606.14	75.636
606.34	75.980
606.54	76.331
606.74	76.712
606.94	77.076
607.14	77.463
607.33	77.855
607.53	78.241
607.73	78.615
607.93	78.976
608.13	79.361
608.33	79.726
608.53	80.072
608.73	80.423
608.93	80.745
609.13	81.082
609.33	81.426
609.52	81.769
609.72	82.083
609.92	82.369
610.12	82.640
610.32	82.924
610.52	83.196
610.72	83.436
610.92	83.666
611.12	83.886
611.31	84.088
611.51	84.272
611.71	84.434
611.91	84.595
612.11	84.773
612.31	84.909
612.51	85.025
612.71	85.152
612.91	85.233
613.10	85.311
613.30	85.391
613.50	85.426
613.70	85.425
613.90	85.417
614.10	85.394
614.30	85.347
614.50	85.276
614.69	85.167
614.89	85.071
615.09	84.948
615.29	84.819
615.49	84.653
615.69	84.468
615.89	84.271
616.08	84.070
616.28	83.843
616.48	83.611
616.68	83.351
616.88	83.075
617.08	82.788
617.27	82.516
617.47	82.219
617.67	81.910
617.87	81.598
618.07	81.279
618.27	80.960
618.47	80.632
618.66	80.292
618.86	79.973
619.06	79.623
619.26	79.284
619.46	78.930
619.66	78.579
619.85	78.231
620.05	77.884
620.25	77.528
620.45	77.184
620.65	76.829
620.84	76.502
621.04	76.176
621.24	75.887
621.44	75.548
621.64	75.183
621.84	74.867
622.03	74.558
622.23	74.263
622.43	73.985
622.63	73.718
622.83	73.451
623.02	73.199
623.22	72.973
623.42	72.737
623.62	72.537
623.82	72.347
624.01	72.170
624.21	72.012
624.41	71.855
624.61	71.738
624.81	71.647
625.00	71.554
625.20	71.459
625.40	71.382
625.60	71.343
625.79	71.353
625.99	71.374
626.19	71.388
626.39	71.430
626.59	71.480
626.78	71.559
626.98	71.656
627.18	71.766
627.38	71.916
627.57	72.099
627.77	72.252
627.97	72.440
628.17	72.645
628.37	72.849
628.56	73.106
628.76	73.332
628.96	73.572
629.16	73.816
629.35	74.118
629.55	74.410
629.75	74.722
629.95	75.034
630.14	75.349
630.34	75.696
630.54	76.037
630.74	76.367
630.93	76.705
631.13	77.053
631.33	77.401
631.53	77.721
631.72	78.041
631.92	78.400
632.12	78.762
632.31	79.103
632.51	79.487
632.71	79.820
632.91	80.168
633.10	80.518
633.30	80.888
633.50	81.202
633.70	81.540
633.89	81.858
634.09	82.178
634.29	82.475
634.48	82.765
634.68	83.073
634.88	83.361
635.08	83.649
635.27	83.928
635.47	84.192
635.67	84.455
635.86	84.702
636.06	84.937
636.26	85.130
636.46	85.320
636.65	85.491
636.85	85.697
637.05	85.876
637.24	86.001
637.44	86.120
637.64	86.243
637.83	86.356
638.03	86.452
638.23	86.492
638.43	86.551
638.62	86.572
638.82	86.555
639.02	86.554
639.21	86.519
639.41	86.477
639.61	86.407
639.80	86.335
640.00	86.242
640.20	86.146
640.39	86.050
640.59	85.937
640.79	85.811
640.98	85.652
641.18	85.463
641.38	85.301
641.57	85.102
641.77	84.891
641.97	84.645
642.16	84.413
642.36	84.185
642.56	83.934
642.75	83.692
642.95	83.424
643.15	83.154
643.34	82.898
643.54	82.602
643.74	82.318
643.93	82.002
644.13	81.700
644.33	81.376
644.52	81.052
644.72	80.732
644.91	80.379
645.11	80.013
645.31	79.676
645.50	79.345
645.70	79.022
645.90	78.706
646.09	78.381
646.29	78.067
646.48	77.736
646.68	77.399
646.88	77.078
647.07	76.773
647.27	76.465
647.47	76.139
647.66	75.842
647.86	75.541
648.05	75.271
648.25	74.989
648.45	74.736
648.64	74.481
648.84	74.244
649.04	73.995
649.23	73.781
649.43	73.582
649.62	73.370
649.82	73.178
650.02	73.005
650.21	72.834
650.41	72.694
650.60	72.570
650.80	72.493
651.00	72.392
651.19	72.327
651.39	72.263
651.58	72.232
651.78	72.210
651.97	72.228
652.17	72.242
652.37	72.257
652.56	72.303
652.76	72.356
652.95	72.428
653.15	72.559
653.35	72.676
653.54	72.808
653.74	72.949
653.93	73.104
654.13	73.254
654.32	73.439
654.52	73.600
654.72	73.800
654.91	73.995
655.11	74.227
655.30	74.457
655.50	74.719
655.69	74.966
655.89	75.209
656.08	75.458
656.28	75.718
656.48	76.016
656.67	76.299
656.87	76.583
657.06	76.872
657.26	77.163
657.45	77.472
657.65	77.783
657.84	78.126
658.04	78.452
658.23	78.803
658.43	79.137
658.62	79.467
658.82	79.812
659.02	80.168
659.21	80.502
659.41	80.828
659.60	81.148
659.80	81.481
659.99	81.843
660.19	82.169
660.38	82.516
660.58	82.828
660.77	83.157
660.97	83.479
661.16	83.780
661.36	84.061
661.55	84.349
661.75	84.629
661.94	84.868
662.14	85.124
662.33	85.383
662.53	85.631
662.72	85.873
662.92	86.095
663.11	86.279
663.31	86.475
663.50	86.672
663.70	86.864
663.89	87.033
664.09	87.172
664.28	87.344
664.48	87.475
664.67	87.635
664.87	87.734
665.06	87.835
665.26	87.903
665.45	87.978
665.65	88.048
665.84	88.104
666.04	88.152
666.23	88.155
666.43	88.119
666.62	88.098
666.82	88.069
667.01	88.018
667.21	87.959
667.40	87.884
667.59	87.812
667.79	87.706
667.98	87.573
668.18	87.453
668.37	87.289
668.57	87.140
668.76	86.962
668.96	86.748
669.15	86.558
669.35	86.395
669.54	86.191
669.73	85.965
669.93	85.740
670.12	85.507
670.32	85.310
670.51	85.089
670.71	84.846
670.90	84.592
671.10	84.328
671.29	84.059
671.48	83.764
671.68	83.488
671.87	83.203
672.07	82.917
672.26	82.647
672.46	82.364
672.65	82.084
672.84	81.776
673.04	81.506
673.23	81.208
673.43	80.905
673.62	80.615
673.82	80.321
674.01	79.980
674.20	79.679
674.40	79.330
674.59	79.024
674.79	78.725
674.98	78.444
675.17	78.170
675.37	77.878
675.56	77.615
675.76	77.335
675.95	77.056
676.14	76.808
676.34	76.532
676.53	76.267
676.73	76.005
676.92	75.749
677.11	75.528
677.31	75.294
677.50	75.075
677.70	74.846
677.89	74.644
678.08	74.495
678.28	74.329
678.47	74.201
678.66	74.077
678.86	73.966
679.05	73.831
679.25	73.723
679.44	73.670
679.63	73.622
679.83	73.568
680.02	73.526
680.21	73.512
680.41	73.518
680.60	73.522
680.79	73.534
680.99	73.566
681.18	73.581
681.38	73.634
681.57	73.705
681.76	73.804
681.96	73.900
682.15	73.986
682.34	74.082
682.54	74.178
682.73	74.307
682.92	74.435
683.12	74.605
683.31	74.771
683.50	74.936
683.70	75.113
683.89	75.285
684.08	75.515
684.28	75.718
684.47	75.910
684.66	76.150
684.86	76.385
685.05	76.633
685.24	76.905
685.44	77.180
685.63	77.455
685.82	77.736
686.02	78.014
686.21	78.332
686.40	78.650
686.60	78.987
686.79	79.307
686.98	79.619
687.18	79.951
687.37	80.294
687.56	80.616
687.75	80.964
687.95	81.301
688.14	81.606
688.33	81.932
688.53	82.258
688.72	82.588
688.91	82.909
689.11	83.254
689.30	83.595
689.49	83.917
689.68	84.238
689.88	84.538
690.07	84.839
690.26	85.110
690.46	85.403
690.65	85.674
690.84	85.947
691.03	86.232
691.23	86.472
691.42	86.720
691.61	86.965
691.80	87.169
692.00	87.407
692.19	87.618
692.38	87.806
692.58	88.017
692.77	88.195
692.96	88.363
693.15	88.525
693.35	88.651
693.54	88.800
693.73	88.937
693.92	89.076
694.12	89.205
694.31	89.318
694.50	89.437
694.69	89.521
694.89	89.598
695.08	89.662
695.27	89.754
695.46	89.790
695.66	89.821
695.85	89.832
696.04	89.843
696.23	89.859
696.43	89.860
696.62	89.829
696.81	89.804
697.00	89.780
697.19	89.722
697.39	89.680
697.58	89.617
697.77	89.530
697.96	89.467
698.16	89.375
698.35	89.284
698.54	89.147
698.73	89.044
698.92	88.893
699.12	88.727
699.31	88.529
699.50	88.345
699.69	88.179
699.89	88.015
700.08	87.815
700.27	87.610
700.46	87.431
700.65	87.219
700.85	87.030
701.04	86.806
701.23	86.574
701.42	86.321
701.61	86.078
701.81	85.818
702.00	85.539
702.19	85.249
702.38	84.972
702.57	84.697
702.76	84.382
702.96	84.118
703.15	83.849
703.34	83.573
703.53	83.288
703.72	82.965
703.92	82.662
704.11	82.366
704.30	82.041
704.49	81.728
704.68	81.441
704.87	81.089
705.07	80.792
705.26	80.488
705.45	80.216
705.64	79.903
705.83	79.648
706.02	79.373
706.21	79.138
706.41	78.863
706.60	78.602
706.79	78.365
706.98	78.107
707.17	77.848
707.36	77.625
707.56	77.412
707.75	77.219
707.94	77.037
708.13	76.842
708.32	76.695
708.51	76.535
708.70	76.399
708.89	76.255
709.09	76.101
709.28	76.008
709.47	75.861
709.66	75.746
709.85	75.621
710.04	75.494
710.23	75.380
710.42	75.315
710.62	75.244
710.81	75.151
711.00	75.081
711.19	75.042
711.38	74.978
711.57	74.930
711.76	74.909
711.95	74.885
712.15	74.906
712.34	74.907
712.53	74.891
712.72	74.914
712.91	74.981
713.10	75.046
713.29	75.094
713.48	75.161
713.67	75.257
713.86	75.384
714.05	75.524
714.25	75.661
714.44	75.777
714.63	75.916
714.82	76.098
715.01	76.255
715.20	76.446
715.39	76.641
715.58	76.854
715.77	77.055
715.96	77.252
716.15	77.456
716.34	77.666
716.54	77.923
716.73	78.147
716.92	78.363
717.11	78.600
717.30	78.849
717.49	79.119
717.68	79.407
717.87	79.628
718.06	79.903
718.25	80.165
718.44	80.459
718.63	80.757
718.82	81.029
719.01	81.345
719.20	81.619
719.39	81.917
719.58	82.211
719.77	82.507
719.96	82.793
720.16	83.073
720.35	83.376
720.54	83.660
720.73	83.949
720.92	84.249
721.11	84.555
721.30	84.840
721.49	85.132
721.68	85.392
721.87	85.693
722.06	85.963
722.25	86.238
722.44	86.511
722.63	86.759
722.82	87.024
723.01	87.244
723.20	87.469
723.39	87.691
723.58	87.937
723.77	88.173
723.96	88.395
724.15	88.622
724.34	88.838
724.53	89.041
724.72	89.248
724.91	89.452
725.10	89.655
725.29	89.842
725.48	90.054
725.67	90.215
725.86	90.358
726.05	90.489
726.24	90.619
726.43	90.735
726.62	90.845
726.81	90.989
727.00	91.089
727.19	91.212
727.38	91.322
727.57	91.372
727.76	91.432
727.95	91.511
728.14	91.546
728.33	91.583
728.52	91.607
728.71	91.599
728.90	91.606
729.09	91.561
729.28	91.513
729.47	91.450
729.65	91.400
729.84	91.351
730.03	91.309
730.22	91.270
730.41	91.210
730.60	91.156
730.79	91.016
730.98	90.953
731.17	90.868
731.36	90.762
731.55	90.643
731.74	90.502
731.93	90.364
732.12	90.219
732.31	90.072
732.50	89.947
732.69	89.810
732.88	89.655
733.06	89.522
733.25	89.365
733.44	89.175
733.63	88.992
733.82	88.810
734.01	88.572
734.20	88.333
734.39	88.094
734.58	87.848
734.77	87.640
734.96	87.401
735.15	87.152
735.33	86.880
735.52	86.659
735.71	86.434
735.90	86.179
736.09	85.913
736.28	85.630
736.47	85.346
736.66	85.066
736.85	84.765
737.04	84.426
737.23	84.139
737.41	83.870
737.60	83.627
737.79	83.335
737.98	83.060
738.17	82.802
738.36	82.545
738.55	82.289
738.74	82.051
738.92	81.779
739.11	81.527
739.30	81.281
739.49	80.998
739.68	80.730
739.87	80.507
740.06	80.303
740.25	80.058
740.43	79.831
740.62	79.624
740.81	79.400
741.00	79.217
741.19	78.959
741.38	78.733
741.57	78.507
741.75	78.304
741.94	78.125
742.13	77.932
742.32	77.732
742.51	77.552
742.70	77.382
742.89	77.238
743.07	77.065
743.26	76.914
743.45	76.748
743.64	76.636
743.83	76.476
744.02	76.312
744.20	76.232
744.39	76.109
744.58	76.006
744.77	75.926
744.96	75.874
745.15	75.862
745.33	75.848
745.52	75.823
745.71	75.818
745.90	75.823
746.09	75.833
746.28	75.873
746.46	75.892
746.65	75.874
746.84	75.898
747.03	75.924
747.22	75.973
747.40	76.067
747.59	76.127
747.78	76.209
747.97	76.339
748.16	76.422
748.34	76.518
748.53	76.636
748.72	76.766
748.91	76.862
749.10	76.977
749.28	77.096
749.47	77.244
749.66	77.370
749.85	77.485
750.04	77.618
750.22	77.740
750.41	77.893
750.60	78.107
750.79	78.257
750.97	78.426
751.16	78.650
751.35	78.821
751.54	78.989
751.73	79.202
751.91	79.389
752.10	79.626
752.29	79.852
752.48	80.078
752.66	80.307
752.85	80.530
753.04	80.785
753.23	81.047
753.41	81.246
753.60	81.490
753.79	81.773
753.98	82.036
754.16	82.280
754.35	82.546
754.54	82.772
754.73	83.050
754.91	83.363
755.10	83.592
755.29	83.883
755.48	84.142
755.66	84.395
755.85	84.671
756.04	84.892
756.22	85.142
756.41	85.400
756.60	85.654
756.79	85.940
756.97	86.184
757.16	86.391
757.35	86.642
757.54	86.909
757.72	87.129
757.91	87.363
758.10	87.606
758.28	87.805
758.47	88.037
758.66	88.299
758.85	88.507
759.03	88.717
759.22	88.920
759.41	89.135
759.59	89.354
759.78	89.543
759.97	89.723
760.15	89.902
760.34	90.075
760.53	90.238
760.71	90.369
760.90	90.529
761.09	90.701
761.28	90.882
761.46	91.033
761.65	91.173
761.84	91.327
762.02	91.471
762.21	91.644
762.40	91.754
762.58	91.811
762.77	91.899
762.96	91.969
763.14	92.097
763.33	92.173
763.52	92.215
763.70	92.258
763.89	92.330
764.08	92.404
764.26	92.421
764.45	92.463
764.64	92.525
764.82	92.527
765.01	92.508
765.20	92.459
765.38	92.435
765.57	92.433
765.75	92.390
765.94	92.327
766.13	92.265
766.31	92.229
766.50	92.168
766.69	92.132
766.87	92.138
767.06	92.035
767.25	91.952
767.43	91.893
767.62	91.821
767.80	91.739
767.99	91.645
768.18	91.542
768.36	91.397
768.55	91.268
768.74	91.168
768.92	91.063
769.11	90.955
769.29	90.817
769.48	90.671
769.67	90.504
769.85	90.365
770.04	90.177
770.22	90.001
770.41	89.790
770.60	89.570
770.78	89.303
770.97	89.102
771.15	88.910
771.34	88.667
771.53	88.445
771.71	88.226
771.90	87.989
772.08	87.842
772.27	87.636
772.46	87.386
772.64	87.134
772.83	86.904
773.01	86.647
773.20	86.404
773.39	86.168
773.57	85.915
773.76	85.671
773.94	85.459
774.13	85.181
774.31	84.933
774.50	84.715
774.68	84.460
774.87	84.205
775.06	83.927
775.24	83.675
775.43	83.395
775.61	83.105
775.80	82.854
775.98	82.526
776.17	82.238
776.36	81.995
776.54	81.763
776.73	81.482
776.91	81.235
777.10	80.988
777.28	80.690
777.47	80.451
777.65	80.217
777.84	79.959
778.02	79.735
778.21	79.530
778.39	79.292
778.58	79.107
778.77	78.922
778.95	78.777
779.14	78.646
779.32	78.507
779.51	78.369
779.69	78.194
779.88	78.047
780.06	77.943
780.25	77.764
780.43	77.566
780.62	77.443
780.80	77.315
780.99	77.170
781.17	77.059
781.36	76.945
781.54	76.836
781.73	76.701
781.91	76.601
782.10	76.517
782.28	76.398
782.47	76.296
782.65	76.164
782.84	76.066
783.02	75.973
783.21	75.886
783.39	75.823
783.58	75.797
783.76	75.766
783.95	75.714
784.13	75.737
784.32	75.753
784.50	75.753
784.69	75.766
784.87	75.807
785.05	75.852
785.24	75.889
785.42	75.915
785.61	75.986
785.79	76.074
785.98	76.142
786.16	76.230
786.35	76.377
786.53	76.476
786.72	76.542
786.90	76.613
787.09	76.704
787.27	76.834
787.45	76.943
787.64	77.043
787.82	77.181
788.01	77.286
788.19	77.461
788.38	77.576
788.56	77.666
788.75	77.791
788.93	77.934
789.11	78.068
789.30	78.190
789.48	78.333
789.67	78.474
789.85	78.622
790.04	78.785
790.22	78.911
790.40	79.099
790.59	79.277
790.77	79.456
790.96	79.654
791.14	79.827
791.32	80.004
791.51	80.182
791.69	80.348
791.88	80.560
792.06	80.727
792.25	80.937
792.43	81.158
792.61	81.382
792.80	81.582
792.98	81.808
793.17	82.053
793.35	82.241
793.53	82.446
793.72	82.663
793.90	82.872
794.08	83.046
794.27	83.233
794.45	83.469
794.64	83.712
794.82	83.926
795.00	84.107
795.19	84.325
795.37	84.546
795.55	84.737
795.74	84.923
795.92	85.113
796.11	85.322
796.29	85.595
796.47	85.784
796.66	85.984
796.84	86.178
797.02	86.397
797.21	86.636
797.39	86.858
797.58	87.093
797.76	87.275
797.94	87.518
798.13	87.718
798.31	87.927
798.49	88.076
798.68	88.259
798.86	88.473
799.04	88.629
799.23	88.825
799.41	88.988
799.59	89.161
799.78	89.286
799.96	89.432
800.14	89.559
800.33	89.705
800.51	89.847
800.69	89.986
800.88	90.117
801.06	90.242
801.24	90.308
801.43	90.390
801.61	90.496
801.79	90.555
801.98	90.652
802.16	90.740
802.34	90.830
802.52	90.929
802.71	90.979
802.89	91.034
803.07	91.068
803.26	91.130
803.44	91.142
803.62	91.202
803.81	91.253
803.99	91.220
804.17	91.192
804.35	91.188
804.54	91.164
804.72	91.159
804.90	91.162
805.09	91.203
805.27	91.187
805.45	91.192
805.63	91.183
805.82	91.136
806.00	91.036
806.18	91.000
806.37	90.921
806.55	90.831
806.73	90.808
806.91	90.736
807.10	90.649
807.28	90.562
807.46	90.500
807.64	90.381
807.83	90.306
808.01	90.227
808.19	90.035
808.37	89.889
808.56	89.727
808.74	89.566
808.92	89.404
809.10	89.219
809.29	89.025
809.47	88.869
809.65	88.668
809.83	88.534
810.02	88.332
810.20	88.203
810.38	88.037
810.56	87.775
810.75	87.639
810.93	87.459
811.11	87.280
811.29	87.079
811.47	86.905
811.66	86.692
811.84	86.499
812.02	86.401
812.20	86.266
812.39	86.084
812.57	85.938
812.75	85.760
812.93	85.670
813.11	85.513
813.30	85.316
813.48	85.171
813.66	84.973
813.84	84.796
814.02	84.566
814.21	84.382
814.39	84.181
814.57	83.916
814.75	83.732
814.93	83.556
815.12	83.308
815.30	83.073
815.48	82.885
815.66	82.634
815.84	82.402
816.03	82.115
816.21	81.848
816.39	81.599
816.57	81.321
816.75	80.969
816.93	80.727
817.12	80.473
817.30	80.220
817.48	79.954
817.66	79.717
817.84	79.508
818.02	79.312
818.21	79.119
818.39	78.931
818.57	78.682
818.75	78.498
818.93	78.315
819.11	78.098
819.30	77.878
819.48	77.731
819.66	77.543
819.84	77.421
820.02	77.295
820.20	77.080
820.38	76.934
820.57	76.829
820.75	76.692
820.93	76.557
821.11	76.424
821.29	76.332
821.47	76.182
821.65	76.008
821.83	75.880
822.02	75.755
822.20	75.628
822.38	75.555
822.56	75.394
822.74	75.262
822.92	75.101
823.10	74.977
823.28	74.811
823.46	74.680
823.65	74.509
823.83	74.378
824.01	74.313
824.19	74.203
824.37	74.058
824.55	73.906
824.73	73.828
824.91	73.713
825.09	73.573
825.27	73.518
825.46	73.430
825.64	73.283
825.82	73.219
826.00	73.152
826.18	73.108
826.36	73.080
826.54	73.049
826.72	73.089
826.90	73.088
827.08	73.145
827.26	73.179
827.44	73.203
827.63	73.228
827.81	73.237
827.99	73.286
828.17	73.355
828.35	73.418
828.53	73.483
828.71	73.580
828.89	73.696
829.07	73.740
829.25	73.781
829.43	73.882
829.61	73.939
829.79	74.001
829.97	74.078
830.15	74.131
830.33	74.220
830.51	74.292
830.69	74.382
830.87	74.389
831.06	74.523
831.24	74.629
831.42	74.680
831.60	74.742
831.78	74.833
831.96	74.903
832.14	75.007
832.32	75.087
832.50	75.160
832.68	75.200
832.86	75.306
833.04	75.478
833.22	75.601
833.40	75.767
833.58	75.868
833.76	75.964
833.94	76.115
834.12	76.272
834.30	76.450
834.48	76.574
834.66	76.749
834.84	76.811
835.02	76.966
835.20	77.204
835.38	77.394
835.56	77.557
835.74	77.769
835.92	77.978
836.10	78.115
836.28	78.250
836.46	78.496
836.64	78.709
836.82	78.873
837.00	79.013
837.18	79.158
837.36	79.358
837.54	79.508
837.72	79.700
837.90	79.909
838.08	80.060
838.26	80.266
838.43	80.478
838.61	80.671
838.79	80.862
838.97	80.970
839.15	81.143
839.33	81.278
839.51	81.408
839.69	81.545
839.87	81.743
840.05	81.976
840.23	82.105
840.41	82.238
840.59	82.359
840.77	82.554
840.95	82.706
841.13	82.836
841.31	82.958
841.49	83.042
841.67	83.069
841.84	83.231
842.02	83.260
842.20	83.359
842.38	83.453
842.56	83.458
842.74	83.600
842.92	83.659
843.10	83.737
843.28	83.846
843.46	83.923
843.64	83.938
843.82	84.015
843.99	84.024
844.17	84.135
844.35	84.266
844.53	84.371
844.71	84.446
844.89	84.503
845.07	84.640
845.25	84.710
845.43	84.831
845.61	84.871
845.78	85.022
845.96	85.133
846.14	85.240
846.32	85.388
846.50	85.452
846.68	85.605
846.86	85.704
847.04	85.790
847.22	85.780
847.39	85.865
847.57	85.836
847.75	85.896
847.93	85.802
848.11	85.816
848.29	85.832
848.47	85.803
848.65	85.840
848.82	85.810
849.00	85.846
849.18	85.835
849.36	85.812
849.54	85.817
849.72	85.727
849.89	85.698
850.07	85.686
850.25	85.605
850.43	85.456
850.61	85.392
850.79	85.288
850.97	85.294
851.14	85.249
851.32	85.194
851.50	85.146
851.68	85.184
851.86	85.164
852.04	85.088
852.21	85.075
852.39	85.035
852.57	85.010
852.75	84.946
852.93	84.921
853.10	84.832
853.28	84.710
853.46	84.619
853.64	84.491
853.82	84.385
854.00	84.324
854.17	84.250
854.35	84.094
854.53	83.999
854.71	83.836
854.89	83.693
855.06	83.608
855.24	83.507
855.42	83.387
855.60	83.189
855.78	83.049
855.95	82.898
856.13	82.736
856.31	82.558
856.49	82.381
856.66	82.204
856.84	81.997
857.02	81.881
857.20	81.803
857.38	81.621
857.55	81.469
857.73	81.240
857.91	81.129
858.09	80.999
858.26	80.816
858.44	80.700
858.62	80.520
858.80	80.376
858.97	80.188
859.15	79.935
859.33	79.749
859.51	79.519
859.68	79.305
859.86	79.106
860.04	78.878
860.22	78.674
860.39	78.479
860.57	78.274
860.75	77.986
860.93	77.723
861.10	77.543
861.28	77.366
861.46	77.138
861.64	76.931
861.81	76.695
861.99	76.498
862.17	76.284
862.35	76.072
862.52	75.896
862.70	75.742
862.88	75.595
863.05	75.390
863.23	75.281
863.41	75.161
863.59	74.980
863.76	74.861
863.94	74.692
864.12	74.456
864.29	74.325
864.47	74.165
864.65	74.008
864.83	73.785
865.00	73.537
865.18	73.448
865.36	73.298
865.53	73.213
865.71	73.075
865.89	72.919
866.06	72.773
866.24	72.523
866.42	72.313
866.59	72.153
866.77	72.007
866.95	71.839
867.12	71.621
867.30	71.479
867.48	71.292
867.65	71.120
867.83	71.037
868.01	70.878
868.18	70.800
868.36	70.658
868.54	70.601
868.71	70.585
868.89	70.475
869.07	70.309
869.24	70.185
869.42	70.057
869.60	69.979
869.77	69.946
869.95	69.894
870.13	69.828
870.30	69.815
870.48	69.700
870.66	69.617
870.83	69.579
871.01	69.487
871.18	69.493
871.36	69.516
871.54	69.419
871.71	69.365
871.89	69.312
872.07	69.291
872.24	69.251
872.42	69.161
872.59	69.113
872.77	69.046
872.95	69.052
873.12	69.019
873.30	68.982
873.48	68.983
873.65	68.991
873.83	69.008
874.00	68.957
874.18	68.953
874.36	68.906
874.53	68.882
874.71	68.896
874.88	68.900
875.06	68.965
875.24	69.067
875.41	69.079
875.59	69.059
875.76	69.076
875.94	69.060
876.11	69.028
876.29	69.089
876.47	69.138
876.64	69.079
876.82	69.057
876.99	69.036
877.17	69.046
877.35	69.116
877.52	69.130
877.70	69.111
877.87	69.147
878.05	69.225
878.22	69.269
878.40	69.306
878.57	69.312
878.75	69.233
878.93	69.240
879.10	69.346
879.28	69.498
879.45	69.593
879.63	69.586
879.80	69.675
879.98	69.695
880.15	69.728
880.33	69.845
880.50	69.939
880.68	70.060
880.86	70.137
881.03	70.210
881.21	70.292
881.38	70.420
881.56	70.638
881.73	70.760
881.91	70.935
882.08	70.998
882.26	71.086
882.43	71.148
882.61	71.329
882.78	71.422
882.96	71.483
883.13	71.531
883.31	71.730
883.48	71.821
883.66	71.951
883.83	72.169
884.01	72.201
884.18	72.442
884.36	72.617
884.53	72.758
884.71	72.856
884.88	72.963
885.06	73.086
885.23	73.178
885.41	73.261
885.58	73.294
885.76	73.458
885.93	73.565
886.11	73.774
886.28	73.836
886.46	73.996
886.63	74.085
886.81	74.215
886.98	74.357
887.15	74.458
887.33	74.617
887.50	74.781
887.68	74.960
887.85	75.019
888.03	75.114
888.20	75.219
888.38	75.372
888.55	75.468
888.73	75.539
888.90	75.602
889.08	75.745
889.25	75.882
889.42	75.955
889.60	76.115
889.77	76.185
889.95	76.322
890.12	76.343
890.30	76.429
890.47	76.477
890.64	76.550
890.82	76.726
890.99	76.786
891.17	76.825
891.34	76.889
891.52	76.919
891.69	76.986
891.86	77.111
892.04	77.160
892.21	77.264
892.39	77.442
892.56	77.518
892.73	77.513
892.91	77.541
893.08	77.706
893.26	77.728
893.43	77.837
893.60	77.802
893.78	77.856
893.95	77.930
894.13	78.126
894.30	78.236
894.47	78.362
894.65	78.460
894.82	78.557
895.00	78.676
895.17	78.798
895.34	78.896
895.52	78.945
895.69	79.031
895.86	79.116
896.04	79.158
896.21	79.357
896.39	79.541
896.56	79.758
896.73	79.716
896.91	79.770
897.08	79.772
897.25	79.906
897.43	79.975
897.60	80.058
897.77	80.057
897.95	79.963
898.12	79.922
898.30	79.959
898.47	79.879
898.64	79.840
898.82	79.976
898.99	79.982
899.16	79.892
899.34	79.750
899.51	79.694
899.68	79.569
899.86	79.462
900.03	79.373
900.20	79.188
900.38	79.167
900.55	79.157
900.72	79.044
900.90	78.916
901.07	78.933
901.24	78.864
901.41	78.788
901.59	78.831
901.76	78.719
901.93	78.647
902.11	78.561
902.28	78.540
902.45	78.526
902.63	78.489
902.80	78.441
902.97	78.393
903.15	78.459
903.32	78.481
903.49	78.447
903.66	78.377
903.84	78.387
904.01	78.380
904.18	78.291
904.36	78.343
904.53	78.322
904.70	78.210
904.87	78.059
905.05	77.931
905.22	77.820
905.39	77.764
905.56	77.677
905.74	77.618
905.91	77.538
906.08	77.292
906.26	77.126
906.43	77.027
906.60	76.927
906.77	76.651
906.95	76.480
907.12	76.309
907.29	76.104
907.46	75.972
907.64	75.821
907.81	75.732
907.98	75.544
908.15	75.407
908.33	75.276
908.50	75.175
908.67	75.161
908.84	75.097
909.01	74.947
909.19	74.780
909.36	74.665
909.53	74.450
909.70	74.179
909.88	74.083
910.05	73.895
910.22	73.822
910.39	73.737
910.57	73.663
910.74	73.500
910.91	73.441
911.08	73.253
911.25	73.130
911.43	73.068
911.60	72.868
911.77	72.762
911.94	72.546
912.11	72.458
912.29	72.097
912.46	71.903
912.63	71.731
912.80	71.495
912.97	71.309
913.15	71.296
913.32	71.209
913.49	71.043
913.66	70.996
913.83	70.856
914.00	70.603
914.18	70.402
914.35	70.304
914.52	70.107
914.69	69.882
914.86	69.630
915.03	69.347
915.21	69.242
915.38	69.039
915.55	68.934
915.72	68.676
915.89	68.690
916.06	68.638
916.24	68.530
916.41	68.468
916.58	68.415
916.75	68.129
916.92	68.099
917.09	67.947
917.26	67.674
917.44	67.409
917.61	67.342
917.78	67.173
917.95	66.958
918.12	66.765
918.29	66.788
918.46	66.632
918.64	66.608
918.81	66.484
918.98	66.358
919.15	66.229
919.32	66.204
919.49	65.979
919.66	65.795
919.83	65.718
920.00	65.604
920.18	65.428
920.35	65.434
920.52	65.281
920.69	65.196
920.86	65.274
921.03	65.222
921.20	65.192
921.37	65.073
921.54	64.989
921.71	65.000
921.89	64.870
922.06	64.929
922.23	64.698
922.40	64.650
922.57	64.481
922.74	64.450
922.91	64.439
923.08	64.441
923.25	64.381
923.42	64.309
923.59	64.316
923.76	64.214
923.93	64.092
924.11	64.029
924.28	63.932
924.45	63.781
924.62	63.818
924.79	63.721
924.96	63.713
925.13	63.650
925.30	63.508
925.47	63.346
925.64	63.281
925.81	63.400
925.98	63.383
926.15	63.476
926.32	63.337
926.49	63.236
926.66	63.195
926.83	63.132
927.00	63.160
927.17	63.095
927.34	63.266
927.51	63.351
927.69	63.412
927.86	63.461
928.03	63.425
928.20	63.439
928.37	63.380
928.54	63.479
928.71	63.587
928.88	63.697
929.05	63.764
929.22	63.766
929.39	63.727
929.56	63.711
929.73	63.728
929.90	63.910
930.07	63.912
930.24	64.002
930.41	64.025
930.58	64.057
930.75	64.103
930.92	63.988
931.09	64.011
931.26	64.019
931.43	64.011
931.60	64.127
931.77	64.133
931.94	64.263
932.11	64.231
932.27	64.275
932.44	64.451
932.61	64.654
932.78	64.747
932.95	64.846
933.12	64.881
933.29	64.895
933.46	64.856
933.63	64.858
933.80	64.830
933.97	64.962
934.14	64.897
934.31	64.927
934.48	64.990
934.65	64.986
934.82	65.032
934.99	65.103
935.16	65.082
935.33	65.235
935.50	65.340
935.67	65.576
935.84	65.591
936.00	65.549
936.17	65.571
936.34	65.588
936.51	65.639
936.68	65.648
936.85	65.686
937.02	65.914
937.19	65.970
937.36	66.183
937.53	66.159
937.70	66.458
937.87	66.458
938.03	66.546
938.20	66.705
938.37	66.760
938.54	66.854
938.71	66.968
938.88	67.079
939.05	67.075
939.22	67.034
939.39	67.003
939.56	67.199
939.72	67.178
939.89	67.241
940.06	67.268
940.23	67.410
940.40	67.561
940.57	67.603
940.74	67.748
940.91	67.692
941.08	67.831
941.24	67.821
941.41	67.960
941.58	68.133
941.75	68.144
941.92	68.221
942.09	68.213
942.26	68.236
942.42	68.163
942.59	68.351
942.76	68.525
942.93	68.762
943.10	68.734
943.27	69.020
943.44	69.088
943.60	69.077
943.77	68.992
943.94	69.101
944.11	69.157
944.28	69.315
944.45	69.452
944.61	69.498
944.78	69.479
944.95	69.542
945.12	69.711
945.29	69.849
945.46	69.839
945.62	70.053
945.79	70.263
945.96	70.568
946.13	70.617
946.30	70.552
946.46	70.664
946.63	70.666
946.80	70.653
946.97	71.025
947.14	71.284
947.31	71.901
947.47	72.032
947.64	72.259
947.81	72.251
947.98	72.304
948.15	72.494
948.31	72.696
948.48	72.962
948.65	72.918
948.82	73.081
948.98	73.255
949.15	73.406
949.32	73.518
949.49	73.363
949.66	73.417
949.82	73.430
949.99	73.526
950.16	73.653
950.33	73.703
950.49	73.479
950.66	73.345
950.83	73.010
951.00	72.849
951.16	72.563
951.33	72.699
951.50	72.603
951.67	72.461
951.83	72.459
952.00	72.285
952.17	72.256
952.34	71.925
952.50	72.030
952.67	71.987
952.84	71.892
953.01	71.894
953.17	71.871
953.34	72.057
953.51	71.719
953.68	71.492
953.84	71.261
954.01	71.266
954.18	71.053
954.34	71.127
954.51	71.168
954.68	71.184
954.85	71.127
955.01	71.329
955.18	71.530
955.35	71.250
955.51	71.101
955.68	71.089
955.85	71.359
956.02	71.013
956.18	70.889
956.35	70.834
956.52	70.842
956.68	70.936
956.85	70.670
957.02	70.928
957.18	71.006
957.35	70.878
957.52	70.947
957.69	71.089
957.85	70.891
958.02	70.631
958.19	70.411
958.35	70.193
958.52	69.895
958.69	69.583
958.85	69.844
959.02	69.868
959.19	69.450
959.35	69.335
959.52	69.394
959.69	69.117
959.85	69.073
960.02	68.890
960.19	68.718
960.35	68.657
960.52	68.536
960.68	68.587
960.85	68.789
961.02	68.318
961.18	68.225
961.35	68.341
961.52	68.509
961.68	68.761
961.85	68.777
962.02	68.640
962.18	68.540
962.35	68.203
962.51	67.887
962.68	68.284
962.85	67.887
963.01	67.555
963.18	67.699
963.35	67.566
963.51	67.188
963.68	67.118
963.84	66.852
964.01	66.584
964.18	66.625
964.34	66.373
964.51	66.407
964.67	66.439
964.84	66.258
965.01	65.937
965.17	65.396
965.34	65.349
965.50	65.423
965.67	65.276
965.84	65.342
966.00	65.538
966.17	65.120
966.33	65.210
966.50	65.454
966.66	65.405
966.83	65.344
967.00	65.675
967.16	65.675
967.33	65.603
967.49	65.650
967.66	65.554
967.82	65.407
967.99	65.474
968.16	65.259
968.32	64.934
968.49	64.984
968.65	64.913
968.82	64.932
968.98	64.696
969.15	64.478
969.31	63.923
969.48	63.626
969.64	63.566
969.81	63.376
969.98	63.059
970.14	62.821
970.31	62.624
970.47	62.316
970.64	61.611
970.80	61.544
970.97	61.251
971.13	60.914
971.30	60.667
971.46	60.288
971.63	60.102
971.79	60.193
971.96	60.062
972.12	60.068
972.29	59.683
972.45	59.427
972.62	59.535
972.78	59.501
972.95	59.585
973.11	59.284
973.28	59.378
973.44	59.309
973.61	59.533
973.77	59.433
973.94	59.560
974.10	59.632
974.27	59.748
974.43	59.880
974.60	59.298
974.76	59.290
974.93	59.563
975.09	59.523
975.26	59.389
975.42	59.487
975.59	59.180
975.75	59.231
975.92	59.531
976.08	59.045
976.24	59.445
976.41	58.804
976.57	58.862
976.74	58.951
976.90	58.750
977.07	58.051
977.23	58.062
977.40	57.595
977.56	57.177
977.73	57.020
977.89	56.436
978.05	56.072
978.22	56.200
978.38	55.999
978.55	56.087
978.71	55.560
978.88	55.563
979.04	56.165
979.20	56.173
979.37	56.379
979.53	56.641
979.70	56.761
979.86	57.492
980.03	57.337
980.19	56.830
980.35	56.802
980.52	57.049
980.68	57.110
980.85	57.417
981.01	57.258
981.17	57.167
981.34	57.337
981.50	57.834
981.67	58.048
981.83	57.413
981.99	56.567
982.16	56.709
982.32	55.408
982.49	54.577
982.65	54.051
982.81	53.960
982.98	54.609
983.14	54.255
983.30	53.728
983.47	54.143
983.63	53.943
983.80	53.970
983.96	53.073
984.12	53.324
984.29	53.433
984.45	53.972
984.61	53.331
984.78	53.583
984.94	53.595
985.10	53.568
985.27	54.510
985.43	55.177
985.59	55.837
985.76	56.743
985.92	57.194
986.08	57.722
986.25	57.325
986.41	56.393
986.57	55.352
986.74	55.556
986.90	55.289
987.06	55.418
987.23	56.009
987.39	56.227
987.55	54.854
987.72	54.366
987.88	54.516
988.04	55.008
988.21	55.793
988.37	55.864
988.53	55.046
988.70	54.766
988.86	53.936
989.02	53.778
989.19	53.721
989.35	53.800
989.51	53.011
989.67	52.962
989.84	53.097
990.00	53.074
990.16	52.478
990.33	52.450
990.49	53.729
990.65	53.782
990.82	54.620
990.98	55.544
991.14	55.823
991.30	56.395
991.47	56.474
991.63	56.441
991.79	57.773
991.95	58.616
992.12	58.255
992.28	59.422
992.44	59.331
992.61	58.909
992.77	59.473
992.93	61.060
993.09	60.604
993.26	60.940
993.42	61.347
993.58	62.450
993.74	62.388
993.91	61.485
994.07	60.273
994.23	59.851
994.39	59.956
994.55	59.599
994.72	59.149
994.88	58.778
995.04	58.476
995.20	57.698
995.37	56.683
995.53	56.853
995.69	56.242
995.85	55.962
996.02	55.536
996.18	55.046
996.34	53.979
996.50	55.676
996.66	56.004
996.83	57.263
996.99	55.860
997.15	56.731
997.31	56.346
997.47	56.845
997.64	57.114
997.80	56.951
997.96	57.682
998.12	57.221
998.28	58.464
998.45	58.677
998.61	58.136
998.77	58.793
998.93	59.043
999.09	59.570
999.25	58.839
999.42	60.573
999.58	59.818
999.74	59.869
999.90	57.846
1000.06	57.393
1000.22	55.977
1000.39	58.130
1000.55	57.290
1000.71	57.137
1000.87	56.850
1001.03	56.918
1001.19	57.494
1001.36	57.035
1001.52	56.528
1001.68	55.455
1001.84	55.903
1002.00	55.591
1002.16	55.063
1002.32	54.802
1002.49	53.560
1002.65	53.562
1002.81	53.947
1002.97	54.089
1003.13	53.648
1003.29	55.640
1003.45	55.963
1003.62	57.304
1003.78	54.633
1003.94	55.392
1004.10	54.657
1004.26	55.822
1004.42	57.005
1004.58	56.856
1004.74	56.589
1004.90	57.585
1005.07	58.501
1005.23	59.077
1005.39	60.859
1005.55	61.785
1005.71	62.635
1005.87	61.674
1006.03	62.217
1006.19	60.043
1006.35	59.735
1006.51	59.494
1006.67	59.868
1006.84	59.386
1007.00	60.797
1007.16	62.491
1007.32	61.389
1007.48	60.953
1007.64	60.652
1007.80	59.209
1007.96	57.184
1008.12	56.937
1008.28	56.603
1008.44	57.624
1008.60	56.866
1008.76	55.071
1008.92	54.426
1009.09	52.733
1009.25	56.832
1009.41	56.366
1009.57	57.654
1009.73	57.374
1009.89	59.198
1010.05	59.470
1010.21	61.533
1010.37	60.467
1010.53	62.778
1010.69	63.069
1010.85	65.128
1011.01	62.519
1011.17	63.473
1011.33	66.731
1011.49	68.500
1011.65	69.379
1011.81	67.803
1011.97	65.310
1012.13	67.806
1012.29	70.308
1012.45	70.898
1012.61	71.298
1012.77	69.744
1012.93	70.787
1013.09	73.050
1013.25	73.505
1013.41	72.791
1013.57	68.378
1013.73	65.225
1013.89	62.417
1014.05	62.740
1014.21	59.465
1014.37	59.129
1014.53	54.946
1014.69	52.906
1014.85	54.804
1015.01	56.537
1015.17	57.557
1015.33	58.100
1015.49	55.776
1015.65	56.371
1015.81	61.233
1015.97	56.911
1016.13	58.553
1016.29	58.260
1016.45	57.197
1016.61	55.830
1016.77	55.133
1016.93	56.722
1017.09	56.063
1017.25	56.245
1017.41	57.123
1017.56	60.211
1017.72	67.660
1017.88	67.893
1018.04	71.812
1018.20	64.967
1018.36	64.893
1018.52	64.768
1018.68	67.344
1018.84	66.720
1019.00	64.916
1019.16	62.778
1019.32	68.296
1019.48	69.532
1019.64	74.881
1019.79	71.730
1019.95	71.404
1020.11	74.660
1020.27	77.373
1020.43	83.300
1020.59	81.361
1020.75	75.244
1020.91	80.226
1021.07	71.975
1021.23	78.139
1021.39	70.545
1021.54	83.047
1021.70	76.080
1021.86	73.890
1022.02	70.619
1022.18	72.265
1022.34	70.603
1022.50	69.976
1022.66	66.524
1022.82	69.231
1022.97	65.244
1023.13	69.019
1023.29	67.801
1023.45	63.671
1023.61	61.177
1023.77	60.589
1023.93	64.016
1024.08	72.659
1024.24	66.067
1024.40	63.993
1024.56	69.018
1024.72	67.852
1024.88	52.285
1025.04	57.110
1025.19	57.229
1025.35	49.611
1025.51	47.754
1025.67	48.936
1025.83	45.941
1025.99	50.032
1026.14	49.268
1026.30	51.843
1026.46	58.861
1026.62	58.732
1026.78	55.549
1026.94	52.689
1027.09	47.196
1027.25	39.505
1027.41	37.237
1027.57	45.506
1027.73	50.130
1027.89	43.579
1028.04	45.121
1028.20	40.346
1028.36	43.442
1028.52	42.033
1028.68	47.834
1028.83	45.905
1028.99	44.712
1029.15	44.170
1029.31	37.273
1029.47	35.595
1029.62	37.425
1029.78	34.076
1029.94	27.192
1030.10	33.281
1030.25	36.617
1030.41	40.281
1030.57	49.290
1030.73	38.619
1030.89	29.408
1031.04	35.752
1031.20	23.346
1031.36	33.445
1031.52	44.180
1031.67	37.760
1031.83	25.832
1031.99	25.841
1032.15	33.556
1032.30	42.955
1032.46	34.150
1032.62	39.351
1032.78	37.915
1032.93	24.501
1033.09	32.550
1033.25	46.934
1033.41	28.614
1033.56	22.615
1033.72	38.235
1033.88	335.714
1034.04	-34.177
1034.19	-12.727
1034.35	46.622
1034.51	20.652
1034.66	116.312
1034.82	100.000
1034.98	100.000
1035.14	100.000
