345.22	13.043
345.43	13.043
345.65	13.043
345.86	12.500
346.08	97.727
346.29	28.986
346.51	-15.315
346.72	154.545
346.94	-57.692
347.15	21.505
347.37	61.237
347.58	90.437
347.80	135.073
348.01	138.752
348.23	104.045
348.44	94.196
348.66	93.321
348.87	97.118
349.09	95.159
349.30	90.992
349.52	88.346
349.73	84.371
349.95	84.234
350.16	90.321
350.38	91.810
350.59	84.420
350.81	82.933
351.02	77.392
351.24	78.419
351.45	76.560
351.67	78.206
351.88	75.365
352.10	73.443
352.31	70.845
352.53	73.619
352.74	70.814
352.96	75.631
353.17	72.867
353.39	75.640
353.60	78.168
353.82	75.932
354.03	78.692
354.25	78.794
354.46	74.969
354.67	66.730
354.89	64.773
355.10	70.202
355.32	66.814
355.53	68.142
355.75	72.566
355.96	71.258
356.18	68.759
356.39	69.068
356.61	72.421
356.82	73.176
357.04	67.247
357.25	70.888
357.46	69.467
357.68	69.781
357.89	66.891
358.11	63.560
358.32	67.460
358.54	61.523
358.75	60.766
358.97	61.933
359.18	68.447
359.40	68.103
359.61	67.626
359.82	68.028
360.04	69.096
360.25	65.840
360.47	65.690
360.68	65.168
360.90	66.160
361.11	63.319
361.32	65.036
361.54	68.659
361.75	66.987
361.97	66.708
362.18	69.865
362.40	72.104
362.61	76.702
362.83	75.006
363.04	77.135
363.25	78.218
363.47	80.358
363.68	72.873
363.90	78.160
364.11	78.087
364.32	80.364
364.54	80.490
364.75	77.071
364.97	79.875
365.18	82.677
365.40	79.766
365.61	83.225
365.82	83.841
366.04	87.274
366.25	87.390
366.47	84.123
366.68	80.218
366.89	80.274
367.11	76.755
367.32	75.094
367.54	74.884
367.75	73.052
367.96	72.794
368.18	74.970
368.39	71.324
368.61	71.410
368.82	72.478
369.03	73.815
369.25	75.980
369.46	73.200
369.68	72.151
369.89	73.747
370.10	69.479
370.32	64.860
370.53	60.632
370.75	58.649
370.96	61.150
371.17	60.004
371.39	57.916
371.60	55.967
371.81	56.887
372.03	56.866
372.24	62.046
372.46	62.455
372.67	64.497
372.88	64.943
373.10	64.694
373.31	64.817
373.52	64.659
373.74	65.729
373.95	66.061
374.17	67.355
374.38	67.151
374.59	69.472
374.81	70.244
375.02	70.864
375.23	72.180
375.45	70.325
375.66	70.706
375.87	71.142
376.09	72.185
376.30	71.564
376.52	73.886
376.73	72.226
376.94	70.598
377.16	70.526
377.37	72.984
377.58	74.175
377.80	76.410
378.01	74.948
378.22	76.347
378.44	77.349
378.65	79.414
378.86	80.991
379.08	82.716
379.29	84.480
379.50	87.028
379.72	87.523
379.93	91.150
380.14	93.613
380.36	96.389
380.57	98.871
380.78	99.521
381.00	99.570
381.21	100.875
381.42	102.313
381.64	103.533
381.85	103.824
382.06	104.797
382.28	104.855
382.49	105.072
382.70	106.205
382.92	108.263
383.13	109.090
383.34	109.990
383.56	111.812
383.77	113.378
383.98	113.624
384.20	115.189
384.41	115.418
384.62	115.929
384.83	116.975
385.05	117.541
385.26	118.558
385.47	119.477
385.69	120.445
385.90	121.406
386.11	122.031
386.33	122.639
386.54	123.035
386.75	123.676
386.97	124.762
387.18	124.874
387.39	124.808
387.60	124.362
387.82	124.231
388.03	123.762
388.24	123.794
388.46	123.393
388.67	123.076
388.88	122.718
389.09	122.100
389.31	121.405
389.52	120.881
389.73	120.266
389.95	119.677
390.16	118.798
390.37	118.233
390.58	117.852
390.80	117.300
391.01	117.121
391.22	116.714
391.44	116.192
391.65	116.049
391.86	116.021
392.07	116.306
392.29	116.466
392.50	116.671
392.71	116.857
392.92	117.335
393.14	117.653
393.35	118.118
393.56	118.856
393.78	119.419
393.99	120.201
394.20	121.044
394.41	121.870
394.63	122.630
394.84	123.486
395.05	124.325
395.26	124.989
395.48	125.564
395.69	126.106
395.90	126.826
396.11	127.299
396.33	127.690
396.54	128.063
396.75	128.290
396.96	128.339
397.18	128.342
397.39	128.349
397.60	128.218
397.81	127.992
398.03	127.585
398.24	127.167
398.45	126.619
398.66	126.054
398.87	125.313
399.09	124.632
399.30	123.785
399.51	122.873
399.72	122.150
399.94	121.352
400.15	120.511
400.36	119.656
400.57	118.855
400.79	118.135
401.00	117.432
401.21	116.852
401.42	116.505
401.63	116.090
401.85	115.736
402.06	115.719
402.27	115.659
402.48	115.726
402.69	115.960
402.91	116.179
403.12	116.421
403.33	116.954
403.54	117.646
403.76	118.146
403.97	118.711
404.18	119.411
404.39	120.166
404.60	120.960
404.82	121.671
405.03	122.544
405.24	123.266
405.45	124.028
405.66	124.755
405.88	125.452
406.09	126.106
406.30	126.572
406.51	126.806
406.72	127.022
406.94	127.205
407.15	127.245
407.36	127.285
407.57	127.195
407.78	127.062
407.99	126.649
408.21	126.278
408.42	125.773
408.63	125.228
408.84	124.511
409.05	123.824
409.27	123.121
409.48	122.179
409.69	121.283
409.90	120.364
410.11	119.489
410.32	118.577
410.54	117.560
410.75	116.702
410.96	115.906
411.17	115.195
411.38	114.543
411.59	113.967
411.81	113.379
412.02	112.885
412.23	112.472
412.44	112.211
412.65	112.099
412.86	112.218
413.08	112.253
413.29	112.486
413.50	112.834
413.71	113.241
413.92	113.733
414.13	114.276
414.34	114.894
414.56	115.419
414.77	116.103
414.98	116.883
415.19	117.698
415.40	118.478
415.61	119.263
415.82	119.915
416.04	120.629
416.25	121.269
416.46	121.984
416.67	122.543
416.88	123.013
417.09	123.480
417.30	123.739
417.52	124.044
417.73	124.151
417.94	124.134
418.15	124.037
418.36	123.953
418.57	123.711
418.78	123.370
418.99	123.057
419.21	122.553
419.42	122.033
419.63	121.386
419.84	120.693
420.05	119.965
420.26	119.175
420.47	118.266
420.68	117.442
420.89	116.553
421.11	115.669
421.32	114.879
421.53	114.018
421.74	113.311
421.95	112.596
422.16	111.981
422.37	111.368
422.58	110.839
422.79	110.343
423.01	109.993
423.22	109.737
423.43	109.565
423.64	109.525
423.85	109.543
424.06	109.699
424.27	109.949
424.48	110.251
424.69	110.806
424.90	111.354
425.11	111.976
425.33	112.691
425.54	113.381
425.75	114.048
425.96	114.792
426.17	115.569
426.38	116.335
426.59	117.101
426.80	117.957
427.01	118.775
427.22	119.527
427.43	120.398
427.64	121.069
427.85	121.712
428.07	122.275
428.28	122.702
428.49	123.067
428.70	123.362
428.91	123.580
429.12	123.607
429.33	123.667
429.54	123.630
429.75	123.433
429.96	123.274
430.17	123.035
430.38	122.693
430.59	122.184
430.80	121.651
431.01	121.031
431.22	120.350
431.44	119.626
431.65	118.919
431.86	118.009
432.07	117.193
432.28	116.372
432.49	115.559
432.70	114.755
432.91	113.937
433.12	113.138
433.33	112.350
433.54	111.717
433.75	111.069
433.96	110.478
434.17	109.930
434.38	109.466
434.59	109.096
434.80	108.785
435.01	108.663
435.22	108.575
435.43	108.656
435.64	108.787
435.85	108.954
436.06	109.194
436.27	109.617
436.48	110.083
436.69	110.528
436.90	110.989
437.11	111.644
437.33	112.382
437.54	113.127
437.75	113.897
437.96	114.617
438.17	115.373
438.38	116.082
438.59	116.822
438.80	117.520
439.01	118.255
439.22	119.003
439.43	119.567
439.64	120.107
439.85	120.552
440.06	120.917
440.27	121.291
440.48	121.567
440.69	121.711
440.90	121.793
441.11	121.916
441.32	121.904
441.53	121.786
441.74	121.490
441.95	121.200
442.16	120.830
442.37	120.332
442.58	119.762
442.79	119.220
443.00	118.611
443.21	117.924
443.42	117.114
443.62	116.234
443.83	115.467
444.04	114.656
444.25	113.850
444.46	113.026
444.67	112.145
444.88	111.296
445.09	110.440
445.30	109.623
445.51	108.781
445.72	108.058
445.93	107.439
446.14	106.854
446.35	106.286
446.56	105.858
446.77	105.499
446.98	105.215
447.19	104.924
447.40	104.790
447.61	104.665
447.82	104.683
448.03	104.821
448.24	104.960
448.45	105.173
448.66	105.504
448.87	105.873
449.08	106.335
449.29	106.857
449.49	107.450
449.70	108.037
449.91	108.670
450.12	109.370
450.33	109.941
450.54	110.645
450.75	111.331
450.96	111.952
451.17	112.628
451.38	113.231
451.59	113.871
451.80	114.363
452.01	114.929
452.22	115.423
452.43	115.823
452.64	116.172
452.84	116.537
453.05	116.736
453.26	116.921
453.47	117.027
453.68	117.045
453.89	117.002
454.10	116.891
454.31	116.726
454.52	116.432
454.73	116.133
454.94	115.710
455.15	115.252
455.36	114.728
455.56	114.121
455.77	113.501
455.98	112.826
456.19	112.160
456.40	111.424
456.61	110.701
456.82	109.874
457.03	109.071
457.24	108.200
457.45	107.399
457.65	106.589
457.86	105.804
458.07	105.052
458.28	104.280
458.49	103.611
458.70	102.921
458.91	102.285
459.12	101.719
459.33	101.168
459.54	100.691
459.74	100.290
459.95	99.943
460.16	99.708
460.37	99.569
460.58	99.518
460.79	99.500
461.00	99.521
461.21	99.655
461.41	99.851
461.62	100.151
461.83	100.478
462.04	100.903
462.25	101.299
462.46	101.791
462.67	102.324
462.88	102.882
463.08	103.567
463.29	104.200
463.50	104.833
463.71	105.524
463.92	106.226
464.13	106.854
464.34	107.522
464.54	108.161
464.75	108.765
464.96	109.329
465.17	109.891
465.38	110.347
465.59	110.807
465.80	111.210
466.00	111.517
466.21	111.782
466.42	111.958
466.63	112.166
466.84	112.262
467.05	112.296
467.26	112.231
467.46	112.021
467.67	111.819
467.88	111.561
468.09	111.216
468.30	110.869
468.51	110.473
468.71	109.974
468.92	109.433
469.13	108.831
469.34	108.204
469.55	107.478
469.76	106.820
469.96	106.082
470.17	105.326
470.38	104.588
470.59	103.803
470.80	103.013
471.00	102.250
471.21	101.478
471.42	100.728
471.63	100.023
471.84	99.358
472.05	98.706
472.25	98.121
472.46	97.563
472.67	96.966
472.88	96.487
473.09	96.028
473.29	95.630
473.50	95.336
473.71	95.045
473.92	94.832
474.13	94.671
474.33	94.598
474.54	94.561
474.75	94.610
474.96	94.711
475.17	94.883
475.37	95.057
475.58	95.323
475.79	95.673
476.00	96.044
476.21	96.466
476.41	96.902
476.62	97.388
476.83	97.917
477.04	98.504
477.24	99.073
477.45	99.691
477.66	100.285
477.87	100.860
478.08	101.464
478.28	102.062
478.49	102.630
478.70	103.188
478.91	103.733
479.11	104.209
479.32	104.719
479.53	105.139
479.74	105.569
479.94	105.927
480.15	106.198
480.36	106.414
480.57	106.611
480.78	106.794
480.98	106.833
481.19	106.849
481.40	106.800
481.61	106.705
481.81	106.546
482.02	106.327
482.23	106.066
482.44	105.735
482.64	105.386
482.85	104.979
483.06	104.496
483.27	103.974
483.47	103.450
483.68	102.872
483.89	102.252
484.10	101.607
484.30	100.929
484.51	100.219
484.72	99.556
484.92	98.808
485.13	98.086
485.34	97.392
485.55	96.672
485.75	95.972
485.96	95.274
486.17	94.596
486.38	93.962
486.58	93.342
486.79	92.758
487.00	92.187
487.20	91.686
487.41	91.241
487.62	90.853
487.83	90.479
488.03	90.130
488.24	89.881
488.45	89.647
488.65	89.486
488.86	89.374
489.07	89.292
489.28	89.303
489.48	89.348
489.69	89.499
489.90	89.642
490.10	89.844
490.31	90.124
490.52	90.401
490.73	90.747
490.93	91.114
491.14	91.526
491.35	91.982
491.55	92.423
491.76	92.917
491.97	93.417
492.17	93.918
492.38	94.447
492.59	94.974
492.79	95.507
493.00	96.032
493.21	96.577
493.41	97.083
493.62	97.574
493.83	98.063
494.04	98.477
494.24	98.928
494.45	99.329
494.66	99.653
494.86	100.008
495.07	100.279
495.28	100.556
495.48	100.772
495.69	100.928
495.90	101.055
496.10	101.106
496.31	101.106
496.52	101.068
496.72	101.026
496.93	100.901
497.14	100.762
497.34	100.553
497.55	100.314
497.76	100.030
497.96	99.678
498.17	99.288
498.37	98.865
498.58	98.374
498.79	97.858
498.99	97.345
499.20	96.799
499.41	96.222
499.61	95.587
499.82	94.958
500.03	94.305
500.23	93.667
500.44	93.023
500.65	92.367
500.85	91.730
501.06	91.044
501.26	90.407
501.47	89.750
501.68	89.146
501.88	88.524
502.09	87.943
502.30	87.399
502.50	86.880
502.71	86.408
502.91	85.956
503.12	85.545
503.33	85.183
503.53	84.863
503.74	84.567
503.95	84.339
504.15	84.130
504.36	83.971
504.56	83.847
504.77	83.787
504.98	83.785
505.18	83.814
505.39	83.879
505.59	83.982
505.80	84.145
506.01	84.321
506.21	84.551
506.42	84.823
506.62	85.109
506.83	85.438
507.04	85.792
507.24	86.182
507.45	86.600
507.65	87.021
507.86	87.440
508.07	87.898
508.27	88.371
508.48	88.848
508.68	89.336
508.89	89.825
509.10	90.274
509.30	90.721
509.51	91.170
509.71	91.615
509.92	92.041
510.12	92.434
510.33	92.817
510.54	93.163
510.74	93.490
510.95	93.787
511.15	94.044
511.36	94.274
511.56	94.487
511.77	94.642
511.98	94.775
512.18	94.866
512.39	94.906
512.59	94.906
512.80	94.872
513.00	94.807
513.21	94.675
513.42	94.538
513.62	94.332
513.83	94.094
514.03	93.810
514.24	93.482
514.44	93.127
514.65	92.755
514.85	92.357
515.06	91.926
515.26	91.461
515.47	90.981
515.68	90.456
515.88	89.921
516.09	89.364
516.29	88.790
516.50	88.214
516.70	87.638
516.91	87.036
517.11	86.445
517.32	85.848
517.52	85.264
517.73	84.701
517.93	84.138
518.14	83.585
518.34	83.063
518.55	82.563
518.76	82.071
518.96	81.594
519.17	81.126
519.37	80.692
519.58	80.325
519.78	79.942
519.99	79.617
520.19	79.306
520.40	79.052
520.60	78.833
520.81	78.636
521.01	78.463
521.22	78.369
521.42	78.291
521.63	78.238
521.83	78.228
522.04	78.253
522.24	78.339
522.45	78.453
522.65	78.602
522.86	78.793
523.06	79.013
523.27	79.259
523.47	79.554
523.68	79.858
523.88	80.163
524.09	80.529
524.29	80.916
524.50	81.324
524.70	81.730
524.91	82.135
525.11	82.580
525.32	83.040
525.52	83.469
525.72	83.942
525.93	84.406
526.13	84.879
526.34	85.333
526.54	85.793
526.75	86.209
526.95	86.618
527.16	86.992
527.36	87.365
527.57	87.721
527.77	88.041
527.98	88.352
528.18	88.650
528.39	88.889
528.59	89.106
528.79	89.308
529.00	89.499
529.20	89.649
529.41	89.772
529.61	89.861
529.82	89.900
530.02	89.892
530.23	89.886
530.43	89.816
530.64	89.729
530.84	89.579
531.04	89.425
531.25	89.249
531.45	89.058
531.66	88.805
531.86	88.522
532.07	88.220
532.27	87.893
532.47	87.549
532.68	87.188
532.88	86.819
533.09	86.390
533.29	85.923
533.50	85.461
533.70	84.951
533.90	84.459
534.11	83.985
534.31	83.486
534.52	82.960
534.72	82.462
534.93	81.953
535.13	81.437
535.33	80.946
535.54	80.440
535.74	79.947
535.95	79.477
536.15	79.019
536.35	78.574
536.56	78.136
536.76	77.700
536.97	77.326
537.17	76.938
537.37	76.602
537.58	76.311
537.78	76.037
537.99	75.801
538.19	75.557
538.39	75.340
538.60	75.174
538.80	75.051
539.01	74.940
539.21	74.864
539.41	74.823
539.62	74.796
539.82	74.807
540.03	74.833
540.23	74.918
540.43	75.030
540.64	75.190
540.84	75.376
541.04	75.599
541.25	75.865
541.45	76.144
541.66	76.431
541.86	76.729
542.06	77.061
542.27	77.415
542.47	77.809
542.67	78.207
542.88	78.604
543.08	79.034
543.28	79.479
543.49	79.916
543.69	80.371
543.90	80.823
544.10	81.267
544.30	81.759
544.51	82.207
544.71	82.680
544.91	83.118
545.12	83.548
545.32	83.969
545.52	84.338
545.73	84.729
545.93	85.106
546.13	85.454
546.34	85.767
546.54	86.069
546.74	86.347
546.95	86.607
547.15	86.834
547.35	87.012
547.56	87.206
547.76	87.370
547.96	87.500
548.17	87.622
548.37	87.726
548.57	87.763
548.78	87.789
548.98	87.757
549.18	87.687
549.39	87.621
549.59	87.517
549.79	87.395
550.00	87.228
550.20	87.079
550.40	86.861
550.61	86.652
550.81	86.389
551.01	86.123
551.22	85.825
551.42	85.520
551.62	85.177
551.82	84.800
552.03	84.433
552.23	84.032
552.43	83.616
552.64	83.200
552.84	82.762
553.04	82.307
553.25	81.870
553.45	81.411
553.65	80.933
553.85	80.494
554.06	80.043
554.26	79.587
554.46	79.105
554.67	78.679
554.87	78.221
555.07	77.810
555.27	77.378
555.48	76.968
555.68	76.588
555.88	76.227
556.09	75.866
556.29	75.509
556.49	75.203
556.69	74.891
556.90	74.595
557.10	74.358
557.30	74.147
557.50	73.939
557.71	73.772
557.91	73.649
558.11	73.521
558.31	73.431
558.52	73.374
558.72	73.348
558.92	73.338
559.13	73.387
559.33	73.436
559.53	73.506
559.73	73.637
559.94	73.753
560.14	73.905
560.34	74.101
560.54	74.322
560.75	74.561
560.95	74.817
561.15	75.105
561.35	75.395
561.55	75.711
561.76	76.047
561.96	76.384
562.16	76.758
562.36	77.152
562.57	77.538
562.77	77.942
562.97	78.338
563.17	78.746
563.38	79.145
563.58	79.574
563.78	80.003
563.98	80.416
564.18	80.825
564.39	81.246
564.59	81.642
564.79	82.043
564.99	82.429
565.20	82.807
565.40	83.166
565.60	83.502
565.80	83.844
566.00	84.153
566.21	84.463
566.41	84.710
566.61	84.949
566.81	85.197
567.01	85.408
567.22	85.615
567.42	85.787
567.62	85.922
567.82	86.044
568.02	86.151
568.23	86.212
568.43	86.279
568.63	86.321
568.83	86.320
569.03	86.279
569.24	86.229
569.44	86.142
569.64	86.042
569.84	85.937
570.04	85.779
570.24	85.622
570.45	85.431
570.65	85.220
570.85	84.980
571.05	84.707
571.25	84.410
571.45	84.105
571.66	83.806
571.86	83.493
572.06	83.145
572.26	82.787
572.46	82.425
572.66	82.050
572.87	81.644
573.07	81.255
573.27	80.845
573.47	80.430
573.67	80.038
573.87	79.616
574.08	79.174
574.28	78.755
574.48	78.327
574.68	77.911
574.88	77.504
575.08	77.101
575.28	76.704
575.49	76.322
575.69	75.946
575.89	75.559
576.09	75.205
576.29	74.844
576.49	74.501
576.69	74.186
576.90	73.895
577.10	73.610
577.30	73.335
577.50	73.100
577.70	72.874
577.90	72.658
578.10	72.499
578.30	72.349
578.51	72.223
578.71	72.125
578.91	72.041
579.11	71.987
579.31	71.951
579.51	71.937
579.71	71.952
579.91	71.987
580.12	72.054
580.32	72.142
580.52	72.281
580.72	72.407
580.92	72.562
581.12	72.708
581.32	72.904
581.52	73.142
581.72	73.376
581.92	73.636
582.13	73.928
582.33	74.200
582.53	74.522
582.73	74.829
582.93	75.161
583.13	75.513
583.33	75.869
583.53	76.233
583.73	76.623
583.93	77.030
584.13	77.442
584.34	77.867
584.54	78.247
584.74	78.607
584.94	79.026
585.14	79.426
585.34	79.821
585.54	80.184
585.74	80.551
585.94	80.924
586.14	81.295
586.34	81.636
586.54	81.992
586.74	82.317
586.94	82.657
587.15	82.988
587.35	83.275
587.55	83.564
587.75	83.844
587.95	84.078
588.15	84.293
588.35	84.463
588.55	84.645
588.75	84.820
588.95	84.989
589.15	85.102
589.35	85.212
589.55	85.306
589.75	85.435
589.95	85.483
590.15	85.525
590.35	85.525
590.55	85.521
590.75	85.488
590.95	85.442
591.15	85.346
591.35	85.239
591.56	85.125
591.76	84.966
591.96	84.800
592.16	84.635
592.36	84.433
592.56	84.249
592.76	84.005
592.96	83.771
593.16	83.495
593.36	83.231
593.56	82.949
593.76	82.667
593.96	82.314
594.16	82.006
594.36	81.667
594.56	81.311
594.76	80.952
594.96	80.600
595.16	80.225
595.36	79.859
595.56	79.475
595.76	79.075
595.96	78.687
596.16	78.298
596.36	77.914
596.56	77.533
596.76	77.126
596.96	76.739
597.16	76.370
597.36	76.017
597.56	75.656
597.76	75.290
597.96	74.944
598.16	74.618
598.36	74.285
598.56	73.972
598.76	73.692
598.96	73.430
599.16	73.159
599.36	72.921
599.56	72.696
599.76	72.486
599.96	72.300
600.15	72.130
600.35	71.978
600.55	71.845
600.75	71.715
600.95	71.631
601.15	71.556
601.35	71.489
601.55	71.461
601.75	71.455
601.95	71.477
602.15	71.494
602.35	71.538
602.55	71.613
602.75	71.715
602.95	71.819
603.15	71.923
603.35	72.070
603.55	72.232
603.75	72.410
603.95	72.600
604.15	72.820
604.35	73.050
604.54	73.297
604.74	73.567
604.94	73.843
605.14	74.120
605.34	74.421
605.54	74.745
605.74	75.076
605.94	75.382
606.14	75.721
606.34	76.077
606.54	76.431
606.74	76.800
606.94	77.152
607.14	77.527
607.33	77.914
607.53	78.292
607.73	78.650
607.93	79.007
608.13	79.374
608.33	79.731
608.53	80.080
608.73	80.426
608.93	80.741
609.13	81.075
609.33	81.406
609.52	81.728
609.72	82.023
609.92	82.294
610.12	82.593
610.32	82.863
610.52	83.137
610.72	83.375
610.92	83.588
611.12	83.802
611.31	84.026
611.51	84.216
611.71	84.381
611.91	84.547
612.11	84.716
612.31	84.854
612.51	84.968
612.71	85.082
612.91	85.163
613.10	85.233
613.30	85.319
613.50	85.377
613.70	85.396
613.90	85.399
614.10	85.375
614.30	85.306
614.50	85.235
614.69	85.133
614.89	85.040
615.09	84.916
615.29	84.795
615.49	84.626
615.69	84.447
615.89	84.269
616.08	84.082
616.28	83.868
616.48	83.636
616.68	83.370
616.88	83.098
617.08	82.819
617.27	82.546
617.47	82.236
617.67	81.919
617.87	81.584
618.07	81.262
618.27	80.945
618.47	80.639
618.66	80.318
618.86	79.987
619.06	79.646
619.26	79.318
619.46	78.952
619.66	78.593
619.85	78.244
620.05	77.886
620.25	77.517
620.45	77.148
620.65	76.790
620.84	76.479
621.04	76.149
621.24	75.848
621.44	75.520
621.64	75.185
621.84	74.859
622.03	74.567
622.23	74.262
622.43	73.983
622.63	73.713
622.83	73.442
623.02	73.190
623.22	72.965
623.42	72.733
623.62	72.544
623.82	72.365
624.01	72.182
624.21	72.002
624.41	71.859
624.61	71.750
624.81	71.648
625.00	71.546
625.20	71.479
625.40	71.420
625.60	71.383
625.79	71.387
625.99	71.414
626.19	71.420
626.39	71.468
626.59	71.516
626.78	71.596
626.98	71.698
627.18	71.798
627.38	71.919
627.57	72.075
627.77	72.236
627.97	72.414
628.17	72.623
628.37	72.854
628.56	73.094
628.76	73.313
628.96	73.568
629.16	73.818
629.35	74.096
629.55	74.380
629.75	74.693
629.95	74.991
630.14	75.305
630.34	75.651
630.54	75.990
630.74	76.338
630.93	76.678
631.13	77.024
631.33	77.372
631.53	77.698
631.72	78.031
631.92	78.375
632.12	78.721
632.31	79.049
632.51	79.413
632.71	79.771
632.91	80.139
633.10	80.486
633.30	80.866
633.50	81.194
633.70	81.526
633.89	81.842
634.09	82.167
634.29	82.467
634.48	82.759
634.68	83.059
634.88	83.317
635.08	83.592
635.27	83.859
635.47	84.129
635.67	84.403
635.86	84.666
636.06	84.892
636.26	85.100
636.46	85.300
636.65	85.483
636.85	85.656
637.05	85.802
637.24	85.921
637.44	86.035
637.64	86.134
637.83	86.232
638.03	86.317
638.23	86.371
638.43	86.429
638.62	86.460
638.82	86.452
639.02	86.466
639.21	86.427
639.41	86.371
639.61	86.316
639.80	86.231
640.00	86.129
640.20	86.044
640.39	85.964
640.59	85.843
640.79	85.707
640.98	85.548
641.18	85.399
641.38	85.234
641.57	85.029
641.77	84.826
641.97	84.611
642.16	84.383
642.36	84.145
642.56	83.893
642.75	83.658
642.95	83.393
643.15	83.124
643.34	82.889
643.54	82.621
643.74	82.320
643.93	82.022
644.13	81.701
644.33	81.367
644.52	81.022
644.72	80.703
644.91	80.372
645.11	80.024
645.31	79.679
645.50	79.350
645.70	79.034
645.90	78.723
646.09	78.366
646.29	78.015
646.48	77.694
646.68	77.353
646.88	77.015
647.07	76.705
647.27	76.379
647.47	76.041
647.66	75.740
647.86	75.435
648.05	75.176
648.25	74.914
648.45	74.658
648.64	74.392
648.84	74.146
649.04	73.899
649.23	73.685
649.43	73.473
649.62	73.285
649.82	73.084
650.02	72.905
650.21	72.783
650.41	72.681
650.60	72.561
650.80	72.483
651.00	72.393
651.19	72.330
651.39	72.273
651.58	72.250
651.78	72.223
651.97	72.243
652.17	72.244
652.37	72.265
652.56	72.340
652.76	72.409
652.95	72.495
653.15	72.614
653.35	72.726
653.54	72.858
653.74	72.979
653.93	73.129
654.13	73.299
654.32	73.451
654.52	73.594
654.72	73.779
654.91	73.975
655.11	74.189
655.30	74.418
655.50	74.679
655.69	74.924
655.89	75.175
656.08	75.429
656.28	75.697
656.48	75.984
656.67	76.259
656.87	76.560
657.06	76.847
657.26	77.135
657.45	77.437
657.65	77.738
657.84	78.065
658.04	78.386
658.23	78.722
658.43	79.058
658.62	79.422
658.82	79.766
659.02	80.115
659.21	80.462
659.41	80.788
659.60	81.111
659.80	81.439
659.99	81.790
660.19	82.128
660.38	82.476
660.58	82.799
660.77	83.132
660.97	83.439
661.16	83.745
661.36	84.033
661.55	84.321
661.75	84.612
661.94	84.884
662.14	85.163
662.33	85.401
662.53	85.656
662.72	85.888
662.92	86.110
663.11	86.292
663.31	86.503
663.50	86.701
663.70	86.894
663.89	87.059
664.09	87.213
664.28	87.358
664.48	87.467
664.67	87.597
664.87	87.677
665.06	87.767
665.26	87.841
665.45	87.910
665.65	87.964
665.84	88.038
666.04	88.068
666.23	88.060
666.43	88.059
666.62	88.021
666.82	87.962
667.01	87.916
667.21	87.857
667.40	87.776
667.59	87.692
667.79	87.581
667.98	87.466
668.18	87.330
668.37	87.179
668.57	87.047
668.76	86.896
668.96	86.712
669.15	86.524
669.35	86.371
669.54	86.165
669.73	85.967
669.93	85.723
670.12	85.504
670.32	85.296
670.51	85.048
670.71	84.804
670.90	84.568
671.10	84.301
671.29	84.031
671.48	83.751
671.68	83.463
671.87	83.184
672.07	82.875
672.26	82.605
672.46	82.322
672.65	82.023
672.84	81.720
673.04	81.444
673.23	81.170
673.43	80.851
673.62	80.575
673.82	80.270
674.01	79.931
674.20	79.621
674.40	79.302
674.59	79.013
674.79	78.728
674.98	78.446
675.17	78.170
675.37	77.896
675.56	77.625
675.76	77.362
675.95	77.094
676.14	76.856
676.34	76.579
676.53	76.322
676.73	76.066
676.92	75.806
677.11	75.566
677.31	75.325
677.50	75.110
677.70	74.899
677.89	74.695
678.08	74.553
678.28	74.376
678.47	74.233
678.66	74.108
678.86	73.994
679.05	73.869
679.25	73.775
679.44	73.699
679.63	73.634
679.83	73.596
680.02	73.559
680.21	73.536
680.41	73.534
680.60	73.531
680.79	73.533
680.99	73.564
681.18	73.587
681.38	73.622
681.57	73.692
681.76	73.769
681.96	73.868
682.15	73.956
682.34	74.058
682.54	74.154
682.73	74.284
682.92	74.417
683.12	74.587
683.31	74.757
683.50	74.934
683.70	75.124
683.89	75.294
684.08	75.500
684.28	75.714
684.47	75.932
684.66	76.162
684.86	76.412
685.05	76.684
685.24	76.952
685.44	77.212
685.63	77.484
685.82	77.760
686.02	78.047
686.21	78.373
686.40	78.684
686.60	79.030
686.79	79.363
686.98	79.696
687.18	80.019
687.37	80.314
687.56	80.632
687.75	80.948
687.95	81.272
688.14	81.590
688.33	81.922
688.53	82.241
688.72	82.590
688.91	82.930
689.11	83.224
689.30	83.564
689.49	83.905
689.68	84.217
689.88	84.522
690.07	84.833
690.26	85.101
690.46	85.405
690.65	85.652
690.84	85.903
691.03	86.152
691.23	86.398
691.42	86.664
691.61	86.897
691.80	87.121
692.00	87.345
692.19	87.548
692.38	87.745
692.58	87.969
692.77	88.136
692.96	88.286
693.15	88.458
693.35	88.611
693.54	88.771
693.73	88.927
693.92	89.047
694.12	89.163
694.31	89.263
694.50	89.380
694.69	89.479
694.89	89.564
695.08	89.613
695.27	89.693
695.46	89.730
695.66	89.786
695.85	89.817
696.04	89.852
696.23	89.890
696.43	89.883
696.62	89.826
696.81	89.813
697.00	89.791
697.19	89.762
697.39	89.691
697.58	89.606
697.77	89.488
697.96	89.417
698.16	89.308
698.35	89.209
698.54	89.051
698.73	88.949
698.92	88.819
699.12	88.685
699.31	88.500
699.50	88.339
699.69	88.151
699.89	87.990
700.08	87.785
700.27	87.561
700.46	87.383
700.65	87.195
700.85	86.984
701.04	86.748
701.23	86.507
701.42	86.273
701.61	86.032
701.81	85.806
702.00	85.536
702.19	85.285
702.38	85.015
702.57	84.770
702.76	84.469
702.96	84.163
703.15	83.891
703.34	83.601
703.53	83.301
703.72	82.993
703.92	82.668
704.11	82.383
704.30	82.080
704.49	81.769
704.68	81.470
704.87	81.147
705.07	80.867
705.26	80.556
705.45	80.274
705.64	79.976
705.83	79.717
706.02	79.451
706.21	79.190
706.41	78.923
706.60	78.631
706.79	78.385
706.98	78.166
707.17	77.904
707.36	77.700
707.56	77.488
707.75	77.308
707.94	77.109
708.13	76.924
708.32	76.756
708.51	76.590
708.70	76.442
708.89	76.290
709.09	76.131
709.28	76.011
709.47	75.850
709.66	75.740
709.85	75.609
710.04	75.486
710.23	75.362
710.42	75.295
710.62	75.238
710.81	75.143
711.00	75.061
711.19	75.003
711.38	74.933
711.57	74.892
711.76	74.841
711.95	74.850
712.15	74.841
712.34	74.849
712.53	74.846
712.72	74.856
712.91	74.926
713.10	75.002
713.29	75.074
713.48	75.167
713.67	75.259
713.86	75.384
714.05	75.522
714.25	75.654
714.44	75.784
714.63	75.929
714.82	76.098
715.01	76.268
715.20	76.481
715.39	76.670
715.58	76.866
715.77	77.089
715.96	77.292
716.15	77.497
716.34	77.696
716.54	77.916
716.73	78.166
716.92	78.369
717.11	78.585
717.30	78.839
717.49	79.089
717.68	79.357
717.87	79.571
718.06	79.829
718.25	80.125
718.44	80.396
718.63	80.684
718.82	80.964
719.01	81.256
719.20	81.522
719.39	81.819
719.58	82.120
719.77	82.398
719.96	82.654
720.16	82.939
720.35	83.225
720.54	83.515
720.73	83.809
720.92	84.108
721.11	84.428
721.30	84.700
721.49	84.997
721.68	85.277
721.87	85.624
722.06	85.924
722.25	86.182
722.44	86.466
722.63	86.722
722.82	86.984
723.01	87.203
723.20	87.447
723.39	87.681
723.58	87.941
723.77	88.188
723.96	88.458
724.15	88.696
724.34	88.926
724.53	89.124
724.72	89.292
724.91	89.512
725.10	89.698
725.29	89.903
725.48	90.079
725.67	90.236
725.86	90.334
726.05	90.482
726.24	90.616
726.43	90.731
726.62	90.856
726.81	90.994
727.00	91.106
727.19	91.207
727.38	91.313
727.57	91.385
727.76	91.456
727.95	91.500
728.14	91.533
728.33	91.586
728.52	91.626
728.71	91.658
728.90	91.662
729.09	91.648
729.28	91.581
729.47	91.543
729.65	91.515
729.84	91.457
730.03	91.381
730.22	91.311
730.41	91.227
730.60	91.140
730.79	91.027
730.98	90.949
731.17	90.861
731.36	90.742
731.55	90.607
731.74	90.464
731.93	90.338
732.12	90.184
732.31	90.044
732.50	89.902
732.69	89.755
732.88	89.565
733.06	89.379
733.25	89.232
733.44	89.062
733.63	88.836
733.82	88.672
734.01	88.456
734.20	88.244
734.39	88.022
734.58	87.820
734.77	87.624
734.96	87.370
735.15	87.149
735.33	86.912
735.52	86.644
735.71	86.388
735.90	86.109
736.09	85.849
736.28	85.554
736.47	85.283
736.66	84.986
736.85	84.723
737.04	84.437
737.23	84.149
737.41	83.855
737.60	83.609
737.79	83.306
737.98	83.023
738.17	82.750
738.36	82.502
738.55	82.216
738.74	81.952
738.92	81.701
739.11	81.436
739.30	81.163
739.49	80.906
739.68	80.688
739.87	80.462
740.06	80.251
740.25	80.014
740.43	79.787
740.62	79.566
740.81	79.328
741.00	79.127
741.19	78.884
741.38	78.655
741.57	78.437
741.75	78.261
741.94	78.068
742.13	77.856
742.32	77.639
742.51	77.480
742.70	77.283
742.89	77.123
743.07	76.955
743.26	76.795
743.45	76.647
743.64	76.517
743.83	76.379
744.02	76.201
744.20	76.107
744.39	75.988
744.58	75.909
744.77	75.839
744.96	75.769
745.15	75.765
745.33	75.766
745.52	75.751
745.71	75.740
745.90	75.723
746.09	75.748
746.28	75.770
746.46	75.742
746.65	75.760
746.84	75.786
747.03	75.812
747.22	75.859
747.40	75.929
747.59	75.981
747.78	76.048
747.97	76.194
748.16	76.279
748.34	76.380
748.53	76.483
748.72	76.600
748.91	76.703
749.10	76.821
749.28	76.931
749.47	77.067
749.66	77.204
749.85	77.356
750.04	77.527
750.22	77.675
750.41	77.869
750.60	78.049
750.79	78.221
750.97	78.408
751.16	78.601
751.35	78.776
751.54	78.943
751.73	79.152
751.91	79.324
752.10	79.548
752.29	79.750
752.48	79.982
752.66	80.231
752.85	80.459
753.04	80.676
753.23	80.923
753.41	81.165
753.60	81.408
753.79	81.670
753.98	81.891
754.16	82.138
754.35	82.385
754.54	82.625
754.73	82.923
754.91	83.181
755.10	83.436
755.29	83.720
755.48	83.977
755.66	84.238
755.85	84.492
756.04	84.711
756.22	84.996
756.41	85.232
756.60	85.470
756.79	85.746
756.97	86.009
757.16	86.214
757.35	86.456
757.54	86.707
757.72	86.953
757.91	87.212
758.10	87.462
758.28	87.697
758.47	87.907
758.66	88.114
758.85	88.312
759.03	88.530
759.22	88.728
759.41	88.951
759.59	89.168
759.78	89.383
759.97	89.579
760.15	89.757
760.34	89.969
760.53	90.141
760.71	90.285
760.90	90.466
761.09	90.646
761.28	90.811
761.46	90.931
761.65	91.051
761.84	91.181
762.02	91.321
762.21	91.468
762.40	91.598
762.58	91.680
762.77	91.786
762.96	91.906
763.14	92.021
763.33	92.103
763.52	92.157
763.70	92.182
763.89	92.248
764.08	92.316
764.26	92.334
764.45	92.353
764.64	92.394
764.82	92.379
765.01	92.378
765.20	92.353
765.38	92.353
765.57	92.309
765.75	92.268
765.94	92.213
766.13	92.167
766.31	92.148
766.50	92.102
766.69	92.087
766.87	92.028
767.06	91.966
767.25	91.886
767.43	91.835
767.62	91.792
767.80	91.704
767.99	91.566
768.18	91.447
768.36	91.339
768.55	91.241
768.74	91.121
768.92	91.023
769.11	90.896
769.29	90.754
769.48	90.652
769.67	90.507
769.85	90.354
770.04	90.132
770.22	89.934
770.41	89.725
770.60	89.493
770.78	89.277
770.97	89.033
771.15	88.827
771.34	88.576
771.53	88.375
771.71	88.157
771.90	87.957
772.08	87.818
772.27	87.600
772.46	87.335
772.64	87.102
772.83	86.835
773.01	86.558
773.20	86.303
773.39	86.068
773.57	85.821
773.76	85.564
773.94	85.360
774.13	85.110
774.31	84.851
774.50	84.600
774.68	84.360
774.87	84.110
775.06	83.829
775.24	83.578
775.43	83.279
775.61	83.016
775.80	82.772
775.98	82.437
776.17	82.152
776.36	81.881
776.54	81.611
776.73	81.367
776.91	81.134
777.10	80.910
777.28	80.612
777.47	80.364
777.65	80.136
777.84	79.899
778.02	79.692
778.21	79.505
778.39	79.277
778.58	79.045
778.77	78.872
778.95	78.701
779.14	78.556
779.32	78.379
779.51	78.220
779.69	78.057
779.88	77.927
780.06	77.821
780.25	77.709
780.43	77.549
780.62	77.416
780.80	77.299
780.99	77.146
781.17	77.039
781.36	76.910
781.54	76.797
781.73	76.652
781.91	76.489
782.10	76.369
782.28	76.289
782.47	76.195
782.65	76.075
782.84	75.971
783.02	75.877
783.21	75.824
783.39	75.754
783.58	75.671
783.76	75.616
783.95	75.577
784.13	75.569
784.32	75.587
784.50	75.593
784.69	75.620
784.87	75.639
785.05	75.701
785.24	75.744
785.42	75.771
785.61	75.857
785.79	75.962
785.98	76.045
786.16	76.123
786.35	76.223
786.53	76.346
786.72	76.435
786.90	76.517
787.09	76.604
787.27	76.709
787.45	76.843
787.64	76.964
787.82	77.072
788.01	77.171
788.19	77.315
788.38	77.443
788.56	77.503
788.75	77.655
788.93	77.782
789.11	77.908
789.30	78.032
789.48	78.161
789.67	78.312
789.85	78.450
790.04	78.636
790.22	78.795
790.40	78.948
790.59	79.121
790.77	79.321
790.96	79.513
791.14	79.736
791.32	79.898
791.51	80.104
791.69	80.293
791.88	80.496
792.06	80.712
792.25	80.921
792.43	81.183
792.61	81.397
792.80	81.593
792.98	81.825
793.17	82.059
793.35	82.245
793.53	82.469
793.72	82.730
793.90	82.919
794.08	83.145
794.27	83.336
794.45	83.585
794.64	83.774
794.82	84.003
795.00	84.170
795.19	84.411
795.37	84.603
795.55	84.746
795.74	84.967
795.92	85.169
796.11	85.364
796.29	85.563
796.47	85.775
796.66	85.959
796.84	86.175
797.02	86.407
797.21	86.635
797.39	86.852
797.58	87.026
797.76	87.186
797.94	87.400
798.13	87.647
798.31	87.851
798.49	88.013
798.68	88.173
798.86	88.389
799.04	88.564
799.23	88.727
799.41	88.922
799.59	89.056
799.78	89.158
799.96	89.307
800.14	89.472
800.33	89.625
800.51	89.804
800.69	89.893
800.88	90.031
801.06	90.171
801.24	90.199
801.43	90.326
801.61	90.454
801.79	90.496
801.98	90.553
802.16	90.605
802.34	90.737
802.52	90.828
802.71	90.865
802.89	90.918
803.07	90.994
803.26	91.043
803.44	91.093
803.62	91.131
803.81	91.147
803.99	91.114
804.17	91.082
804.35	91.039
804.54	91.062
804.72	91.071
804.90	91.053
805.09	91.132
805.27	91.130
805.45	91.123
805.63	91.108
805.82	91.066
806.00	90.998
806.18	90.905
806.37	90.858
806.55	90.758
806.73	90.691
806.91	90.587
807.10	90.562
807.28	90.467
807.46	90.392
807.64	90.322
807.83	90.251
808.01	90.159
808.19	90.003
808.37	89.844
808.56	89.656
808.74	89.481
808.92	89.281
809.10	89.056
809.29	88.936
809.47	88.768
809.65	88.569
809.83	88.447
810.02	88.276
810.20	88.079
810.38	87.919
810.56	87.744
810.75	87.601
810.93	87.394
811.11	87.232
811.29	87.052
811.47	86.791
811.66	86.579
811.84	86.363
812.02	86.253
812.20	86.071
812.39	85.954
812.57	85.815
812.75	85.660
812.93	85.520
813.11	85.281
813.30	85.098
813.48	84.933
813.66	84.727
813.84	84.516
814.02	84.332
814.21	84.133
814.39	83.927
814.57	83.711
814.75	83.498
814.93	83.258
815.12	83.049
815.30	82.870
815.48	82.643
815.66	82.446
815.84	82.197
816.03	81.953
816.21	81.644
816.39	81.399
816.57	81.094
816.75	80.840
816.93	80.591
817.12	80.357
817.30	80.109
817.48	79.813
817.66	79.618
817.84	79.398
818.02	79.216
818.21	78.956
818.39	78.750
818.57	78.522
818.75	78.378
818.93	78.167
819.11	77.987
819.30	77.795
819.48	77.601
819.66	77.438
819.84	77.309
820.02	77.178
820.20	77.015
820.38	76.857
820.57	76.688
820.75	76.591
820.93	76.461
821.11	76.351
821.29	76.249
821.47	76.096
821.65	75.975
821.83	75.826
822.02	75.721
822.20	75.571
822.38	75.456
822.56	75.286
822.74	75.118
822.92	74.959
823.10	74.842
823.28	74.715
823.46	74.559
823.65	74.438
823.83	74.342
824.01	74.245
824.19	74.174
824.37	74.055
824.55	73.912
824.73	73.823
824.91	73.724
825.09	73.679
825.27	73.588
825.46	73.428
825.64	73.311
825.82	73.243
826.00	73.164
826.18	73.101
826.36	73.048
826.54	73.041
826.72	73.052
826.90	73.040
827.08	73.035
827.26	73.080
827.44	73.056
827.63	73.021
827.81	73.025
827.99	73.081
828.17	73.114
828.35	73.179
828.53	73.196
828.71	73.227
828.89	73.290
829.07	73.375
829.25	73.529
829.43	73.660
829.61	73.728
829.79	73.815
829.97	73.930
830.15	73.969
830.33	74.050
830.51	74.131
830.69	74.220
830.87	74.235
831.06	74.281
831.24	74.371
831.42	74.475
831.60	74.543
831.78	74.617
831.96	74.741
832.14	74.841
832.32	74.976
832.50	75.097
832.68	75.187
832.86	75.242
833.04	75.347
833.22	75.443
833.40	75.564
833.58	75.640
833.76	75.758
833.94	75.955
834.12	76.096
834.30	76.275
834.48	76.434
834.66	76.629
834.84	76.797
835.02	77.026
835.20	77.179
835.38	77.350
835.56	77.530
835.74	77.752
835.92	77.919
836.10	78.062
836.28	78.221
836.46	78.395
836.64	78.630
836.82	78.762
837.00	78.952
837.18	79.129
837.36	79.350
837.54	79.521
837.72	79.672
837.90	79.898
838.08	80.065
838.26	80.207
838.43	80.375
838.61	80.561
838.79	80.675
838.97	80.895
839.15	81.062
839.33	81.238
839.51	81.356
839.69	81.507
839.87	81.678
840.05	81.879
840.23	82.039
840.41	82.167
840.59	82.269
840.77	82.417
840.95	82.551
841.13	82.671
841.31	82.761
841.49	82.832
841.67	82.904
841.84	82.976
842.02	83.032
842.20	83.167
842.38	83.214
842.56	83.333
842.74	83.410
842.92	83.477
843.10	83.552
843.28	83.652
843.46	83.717
843.64	83.741
843.82	83.797
843.99	83.819
844.17	83.908
844.35	84.107
844.53	84.174
844.71	84.273
844.89	84.342
845.07	84.435
845.25	84.588
845.43	84.670
845.61	84.766
845.78	84.931
845.96	84.978
846.14	85.107
846.32	85.176
846.50	85.205
846.68	85.361
846.86	85.471
847.04	85.528
847.22	85.549
847.39	85.626
847.57	85.683
847.75	85.733
847.93	85.774
848.11	85.778
848.29	85.816
848.47	85.823
848.65	85.886
848.82	85.911
849.00	85.931
849.18	85.893
849.36	85.849
849.54	85.865
849.72	85.814
849.89	85.823
850.07	85.841
850.25	85.831
850.43	85.738
850.61	85.629
850.79	85.525
850.97	85.522
851.14	85.491
851.32	85.388
851.50	85.328
851.68	85.316
851.86	85.294
852.04	85.222
852.21	85.169
852.39	85.095
852.57	85.027
852.75	84.927
852.93	84.892
853.10	84.842
853.28	84.720
853.46	84.616
853.64	84.458
853.82	84.288
854.00	84.203
854.17	84.056
854.35	83.912
854.53	83.792
854.71	83.650
854.89	83.484
855.06	83.414
855.24	83.339
855.42	83.161
855.60	82.961
855.78	82.812
855.95	82.659
856.13	82.524
856.31	82.327
856.49	82.141
856.66	82.025
856.84	81.810
857.02	81.711
857.20	81.657
857.38	81.498
857.55	81.327
857.73	81.054
857.91	80.951
858.09	80.811
858.26	80.669
858.44	80.519
858.62	80.411
858.80	80.196
858.97	79.983
859.15	79.760
859.33	79.522
859.51	79.363
859.68	79.123
859.86	78.883
860.04	78.707
860.22	78.517
860.39	78.320
860.57	78.127
860.75	77.797
860.93	77.599
861.10	77.453
861.28	77.338
861.46	77.186
861.64	76.958
861.81	76.762
861.99	76.545
862.17	76.340
862.35	76.102
862.52	75.956
862.70	75.818
862.88	75.709
863.05	75.548
863.23	75.340
863.41	75.224
863.59	75.047
863.76	74.929
863.94	74.793
864.12	74.620
864.29	74.485
864.47	74.339
864.65	74.141
864.83	73.885
865.00	73.639
865.18	73.512
865.36	73.314
865.53	73.174
865.71	73.126
865.89	72.922
866.06	72.778
866.24	72.575
866.42	72.377
866.59	72.170
866.77	72.052
866.95	71.920
867.12	71.726
867.30	71.599
867.48	71.402
867.65	71.257
867.83	71.062
868.01	70.948
868.18	70.798
868.36	70.673
868.54	70.594
868.71	70.521
868.89	70.385
869.07	70.369
869.24	70.247
869.42	70.084
869.60	70.056
869.77	70.036
869.95	69.996
870.13	69.894
870.30	69.895
870.48	69.796
870.66	69.718
870.83	69.670
871.01	69.543
871.18	69.480
871.36	69.358
871.54	69.296
871.71	69.207
871.89	69.144
872.07	69.077
872.24	68.945
872.42	68.930
872.59	68.884
872.77	68.779
872.95	68.767
873.12	68.653
873.30	68.530
873.48	68.496
873.65	68.446
873.83	68.423
874.00	68.291
874.18	68.267
874.36	68.285
874.53	68.257
874.71	68.343
874.88	68.347
875.06	68.361
875.24	68.396
875.41	68.453
875.59	68.563
875.76	68.640
875.94	68.737
876.11	68.661
876.29	68.626
876.47	68.681
876.64	68.692
876.82	68.703
876.99	68.762
877.17	68.734
877.35	68.772
877.52	68.778
877.70	68.829
877.87	68.852
878.05	68.884
878.22	68.936
878.40	68.902
878.57	68.921
878.75	69.010
878.93	68.998
879.10	68.991
879.28	69.040
879.45	69.018
879.63	69.032
879.80	69.073
879.98	69.163
880.15	69.193
880.33	69.291
880.50	69.437
880.68	69.563
880.86	69.649
881.03	69.733
881.21	69.845
881.38	70.005
881.56	70.246
881.73	70.348
881.91	70.525
882.08	70.629
882.26	70.801
882.43	70.899
882.61	71.165
882.78	71.308
882.96	71.417
883.13	71.628
883.31	71.780
883.48	72.031
883.66	72.204
883.83	72.378
884.01	72.459
884.18	72.693
884.36	72.888
884.53	73.053
884.71	73.212
884.88	73.343
885.06	73.448
885.23	73.476
885.41	73.585
885.58	73.620
885.76	73.771
885.93	73.860
886.11	74.086
886.28	74.135
886.46	74.219
886.63	74.431
886.81	74.469
886.98	74.661
887.15	74.735
887.33	74.858
887.50	75.093
887.68	75.234
887.85	75.224
888.03	75.347
888.20	75.440
888.38	75.535
888.55	75.730
888.73	75.752
888.90	75.864
889.08	76.027
889.25	76.084
889.42	76.203
889.60	76.382
889.77	76.348
889.95	76.454
890.12	76.587
890.30	76.521
890.47	76.631
890.64	76.718
890.82	76.857
890.99	76.951
891.17	76.891
891.34	76.965
891.52	77.029
891.69	77.107
891.86	77.180
892.04	77.277
892.21	77.287
892.39	77.469
892.56	77.577
892.73	77.578
892.91	77.743
893.08	77.945
893.26	77.976
893.43	78.092
893.60	78.157
893.78	78.178
893.95	78.314
894.13	78.475
894.30	78.539
894.47	78.631
894.65	78.698
894.82	78.834
895.00	78.933
895.17	79.098
895.34	79.166
895.52	79.321
895.69	79.358
895.86	79.469
896.04	79.557
896.21	79.613
896.39	79.709
896.56	79.844
896.73	79.790
896.91	79.777
897.08	79.847
897.25	79.909
897.43	79.967
897.60	79.943
897.77	79.877
897.95	79.903
898.12	79.821
898.30	79.976
898.47	79.954
898.64	79.935
898.82	79.946
898.99	79.937
899.16	79.856
899.34	79.762
899.51	79.551
899.68	79.400
899.86	79.416
900.03	79.341
900.20	79.135
900.38	79.128
900.55	79.189
900.72	78.987
900.90	78.921
901.07	78.970
901.24	78.996
901.41	78.963
901.59	78.820
901.76	78.747
901.93	78.608
902.11	78.540
902.28	78.460
902.45	78.461
902.63	78.344
902.80	78.276
902.97	78.333
903.15	78.494
903.32	78.486
903.49	78.384
903.66	78.345
903.84	78.385
904.01	78.284
904.18	78.188
904.36	78.289
904.53	78.136
904.70	78.001
904.87	77.822
905.05	77.668
905.22	77.652
905.39	77.626
905.56	77.455
905.74	77.331
905.91	77.271
906.08	77.072
906.26	77.019
906.43	76.866
906.60	76.667
906.77	76.468
906.95	76.299
907.12	76.093
907.29	75.880
907.46	75.772
907.64	75.690
907.81	75.525
907.98	75.296
908.15	75.233
908.33	75.086
908.50	75.030
908.67	74.924
908.84	74.772
909.01	74.586
909.19	74.514
909.36	74.385
909.53	74.197
909.70	73.987
909.88	73.882
910.05	73.713
910.22	73.658
910.39	73.532
910.57	73.549
910.74	73.537
910.91	73.526
911.08	73.333
911.25	73.182
911.43	73.106
911.60	72.973
911.77	72.829
911.94	72.551
912.11	72.355
912.29	72.237
912.46	72.054
912.63	71.826
912.80	71.600
912.97	71.432
913.15	71.327
913.32	71.212
913.49	70.990
913.66	70.862
913.83	70.671
914.00	70.441
914.18	70.219
914.35	69.928
914.52	69.691
914.69	69.515
914.86	69.291
915.03	69.052
915.21	68.925
915.38	68.738
915.55	68.731
915.72	68.624
915.89	68.462
916.06	68.355
916.24	68.337
916.41	68.210
916.58	68.087
916.75	67.881
916.92	67.723
917.09	67.620
917.26	67.469
917.44	67.242
917.61	67.182
917.78	66.961
917.95	66.897
918.12	66.774
918.29	66.690
918.46	66.511
918.64	66.316
918.81	66.228
918.98	66.119
919.15	65.974
919.32	65.918
919.49	65.756
919.66	65.672
919.83	65.545
920.00	65.432
920.18	65.340
920.35	65.367
920.52	65.354
920.69	65.320
920.86	65.272
921.03	65.179
921.20	65.080
921.37	65.112
921.54	64.926
921.71	64.837
921.89	64.704
922.06	64.700
922.23	64.745
922.40	64.670
922.57	64.527
922.74	64.487
922.91	64.399
923.08	64.477
923.25	64.354
923.42	64.290
923.59	64.278
923.76	64.100
923.93	63.970
924.11	63.878
924.28	63.807
924.45	63.826
924.62	63.912
924.79	63.888
924.96	63.753
925.13	63.827
925.30	63.754
925.47	63.715
925.64	63.669
925.81	63.684
925.98	63.689
926.15	63.760
926.32	63.678
926.49	63.694
926.66	63.542
926.83	63.469
927.00	63.446
927.17	63.334
927.34	63.455
927.51	63.432
927.69	63.480
927.86	63.476
928.03	63.327
928.20	63.427
928.37	63.259
928.54	63.282
928.71	63.297
928.88	63.405
929.05	63.511
929.22	63.583
929.39	63.525
929.56	63.432
929.73	63.295
929.90	63.413
930.07	63.362
930.24	63.331
930.41	63.397
930.58	63.497
930.75	63.748
930.92	63.673
931.09	63.730
931.26	63.806
931.43	63.818
931.60	63.846
931.77	63.782
931.94	64.081
932.11	64.026
932.27	64.074
932.44	64.038
932.61	64.111
932.78	64.132
932.95	64.193
933.12	64.327
933.29	64.507
933.46	64.400
933.63	64.452
933.80	64.647
933.97	64.828
934.14	64.802
934.31	64.624
934.48	64.754
934.65	64.732
934.82	64.648
934.99	64.692
935.16	64.920
935.33	65.028
935.50	65.107
935.67	65.349
935.84	65.350
936.00	65.414
936.17	65.431
936.34	65.511
936.51	65.674
936.68	65.552
936.85	65.609
937.02	65.865
937.19	65.901
937.36	66.063
937.53	65.940
937.70	66.081
937.87	66.263
938.03	66.309
938.20	66.486
938.37	66.698
938.54	66.763
938.71	66.736
938.88	66.908
939.05	66.819
939.22	66.727
939.39	66.888
939.56	67.126
939.72	67.154
939.89	67.156
940.06	67.175
940.23	67.277
940.40	67.341
940.57	67.524
940.74	67.657
940.91	67.533
941.08	67.800
941.24	68.023
941.41	68.263
941.58	68.350
941.75	68.427
941.92	68.459
942.09	68.455
942.26	68.494
942.42	68.494
942.59	68.628
942.76	68.962
942.93	69.179
943.10	69.217
943.27	69.417
943.44	69.606
943.60	69.680
943.77	69.940
943.94	70.060
944.11	69.978
944.28	69.919
944.45	70.044
944.61	69.991
944.78	69.835
944.95	69.759
945.12	70.008
945.29	70.098
945.46	69.967
945.62	69.922
945.79	70.055
945.96	70.203
946.13	70.256
946.30	70.267
946.46	70.122
946.63	70.046
946.80	70.108
946.97	70.138
947.14	70.280
947.31	70.458
947.47	70.654
947.64	70.892
947.81	71.020
947.98	71.236
948.15	71.378
948.31	71.606
948.48	71.709
948.65	71.761
948.82	71.732
948.98	71.959
949.15	72.291
949.32	72.476
949.49	72.336
949.66	72.484
949.82	72.659
949.99	72.699
950.16	72.770
950.33	72.731
950.49	72.867
950.66	72.683
950.83	72.643
951.00	72.567
951.16	72.376
951.33	72.643
951.50	72.620
951.67	72.567
951.83	72.462
952.00	72.055
952.17	71.682
952.34	71.827
952.50	71.855
952.67	71.929
952.84	71.811
953.01	71.823
953.17	71.703
953.34	71.587
953.51	71.551
953.68	71.439
953.84	71.368
954.01	71.296
954.18	71.167
954.34	71.293
954.51	71.183
954.68	71.055
954.85	70.987
955.01	70.842
955.18	70.859
955.35	70.648
955.51	71.003
955.68	71.473
955.85	71.399
956.02	71.229
956.18	70.872
956.35	70.841
956.52	70.913
956.68	70.892
956.85	70.676
957.02	70.733
957.18	70.680
957.35	70.625
957.52	70.552
957.69	70.617
957.85	70.357
958.02	70.323
958.19	70.296
958.35	70.151
958.52	69.921
958.69	69.850
958.85	69.948
959.02	69.754
959.19	69.300
959.35	69.024
959.52	69.237
959.69	69.477
959.85	69.623
960.02	69.444
960.19	69.486
960.35	69.394
960.52	69.072
960.68	69.184
960.85	69.032
961.02	68.740
961.18	68.659
961.35	68.598
961.52	68.636
961.68	68.679
961.85	68.419
962.02	68.485
962.18	68.381
962.35	68.059
962.51	68.036
962.68	67.815
962.85	67.929
963.01	67.365
963.18	67.269
963.35	66.448
963.51	66.487
963.68	66.145
963.84	65.927
964.01	66.337
964.18	65.875
964.34	65.819
964.51	65.676
964.67	65.767
964.84	65.323
965.01	65.179
965.17	64.853
965.34	64.820
965.50	64.493
965.67	64.579
965.84	64.649
966.00	64.666
966.17	65.208
966.33	64.987
966.50	64.988
966.66	65.131
966.83	65.354
967.00	64.901
967.16	65.017
967.33	65.038
967.49	64.293
967.66	64.753
967.82	64.491
967.99	64.593
968.16	64.416
968.32	64.604
968.49	64.141
968.65	64.201
968.82	64.152
968.98	64.381
969.15	64.036
969.31	63.955
969.48	63.446
969.64	62.934
969.81	63.004
969.98	62.741
970.14	62.173
970.31	62.292
970.47	62.045
970.64	61.681
970.80	61.504
970.97	61.217
971.13	60.945
971.30	60.726
971.46	60.283
971.63	59.979
971.79	59.847
971.96	60.262
972.12	60.050
972.29	59.646
972.45	59.639
972.62	59.810
972.78	59.697
972.95	59.708
973.11	59.880
973.28	59.781
973.44	60.132
973.61	60.197
973.77	59.776
973.94	60.087
974.10	60.177
974.27	60.342
974.43	60.496
974.60	60.414
974.76	60.709
974.93	60.980
975.09	61.012
975.26	61.001
975.42	60.952
975.59	60.898
975.75	61.105
975.92	60.843
976.08	60.075
976.24	59.785
976.41	59.749
976.57	59.198
976.74	59.001
976.90	58.841
977.07	58.365
977.23	58.676
977.40	58.191
977.56	57.706
977.73	57.609
977.89	57.298
978.05	56.935
978.22	56.395
978.38	56.121
978.55	55.678
978.71	55.574
978.88	55.604
979.04	55.551
979.20	55.593
979.37	55.648
979.53	55.974
979.70	55.862
979.86	56.104
980.03	56.330
980.19	56.118
980.35	55.839
980.52	56.165
980.68	55.990
980.85	56.333
981.01	56.404
981.17	56.129
981.34	56.231
981.50	56.326
981.67	56.884
981.83	56.690
981.99	57.118
982.16	56.445
982.32	55.006
982.49	54.820
982.65	54.601
982.81	54.273
982.98	53.991
983.14	54.383
983.30	54.027
983.47	53.859
983.63	53.917
983.80	54.163
983.96	53.946
984.12	54.355
984.29	54.176
984.45	54.508
984.61	54.604
984.78	55.094
984.94	54.841
985.10	54.429
985.27	55.140
985.43	55.866
985.59	56.736
985.76	58.118
985.92	58.886
986.08	59.304
986.25	59.587
986.41	59.994
986.57	60.223
986.74	60.289
986.90	59.507
987.06	59.050
987.23	58.233
987.39	57.374
987.55	56.142
987.72	55.768
987.88	54.628
988.04	54.134
988.21	54.725
988.37	55.511
988.53	55.156
988.70	54.693
988.86	53.004
989.02	52.495
989.19	51.042
989.35	50.012
989.51	49.488
989.67	49.281
989.84	49.631
990.00	49.708
990.16	49.639
990.33	50.188
990.49	51.119
990.65	51.882
990.82	52.530
990.98	53.471
991.14	53.487
991.30	54.869
991.47	55.392
991.63	54.974
991.79	55.710
991.95	56.680
992.12	57.457
992.28	58.490
992.44	57.887
992.61	57.906
992.77	59.105
992.93	59.229
993.09	59.206
993.26	59.020
993.42	58.322
993.58	58.419
993.74	58.888
993.91	57.813
994.07	58.123
994.23	58.031
994.39	57.948
994.55	59.061
994.72	58.228
994.88	58.436
995.04	58.437
995.20	57.147
995.37	55.556
995.53	54.464
995.69	54.112
995.85	54.991
996.02	55.627
996.18	54.738
996.34	54.682
996.50	53.856
996.66	54.450
996.83	54.126
996.99	52.964
997.15	53.650
997.31	54.491
997.47	54.074
997.64	54.138
997.80	54.270
997.96	53.261
998.12	55.021
998.28	54.877
998.45	55.949
998.61	56.031
998.77	57.517
998.93	57.520
999.09	58.713
999.25	58.698
999.42	60.053
999.58	59.879
999.74	59.284
999.90	59.982
1000.06	58.811
1000.22	59.630
1000.39	61.474
1000.55	60.780
1000.71	60.164
1000.87	60.195
1001.03	60.188
1001.19	59.389
1001.36	59.012
1001.52	57.528
1001.68	56.033
1001.84	55.605
1002.00	55.282
1002.16	53.853
1002.32	55.081
1002.49	53.352
1002.65	52.375
1002.81	50.891
1002.97	50.054
1003.13	50.185
1003.29	51.407
1003.45	51.338
1003.62	50.685
1003.78	51.656
1003.94	50.734
1004.10	51.885
1004.26	52.200
1004.42	51.045
1004.58	50.110
1004.74	51.461
1004.90	50.725
1005.07	51.364
1005.23	50.224
1005.39	51.825
1005.55	52.390
1005.71	51.858
1005.87	53.160
1006.03	54.823
1006.19	56.293
1006.35	55.711
1006.51	56.617
1006.67	55.570
1006.84	56.709
1007.00	58.173
1007.16	55.509
1007.32	55.393
1007.48	55.004
1007.64	54.965
1007.80	55.590
1007.96	55.566
1008.12	55.082
1008.28	54.907
1008.44	55.259
1008.60	53.528
1008.76	51.045
1008.92	52.004
1009.09	50.305
1009.25	50.641
1009.41	46.677
1009.57	45.954
1009.73	48.247
1009.89	47.214
1010.05	50.295
1010.21	48.993
1010.37	47.003
1010.53	48.851
1010.69	49.206
1010.85	47.574
1011.01	47.000
1011.17	44.743
1011.33	45.563
1011.49	46.222
1011.65	45.011
1011.81	43.242
1011.97	43.884
1012.13	45.533
1012.29	43.018
1012.45	46.056
1012.61	46.538
1012.77	48.647
1012.93	45.383
1013.09	43.305
1013.25	46.354
1013.41	45.298
1013.57	44.003
1013.73	44.531
1013.89	42.941
1014.05	43.773
1014.21	41.185
1014.37	38.389
1014.53	40.059
1014.69	40.210
1014.85	41.128
1015.01	45.192
1015.17	52.019
1015.33	53.195
1015.49	49.292
1015.65	51.399
1015.81	52.348
1015.97	48.591
1016.13	49.781
1016.29	53.309
1016.45	52.672
1016.61	52.406
1016.77	48.046
1016.93	52.135
1017.09	51.827
1017.25	51.100
1017.41	50.373
1017.56	55.146
1017.72	59.210
1017.88	60.383
1018.04	61.624
1018.20	55.559
1018.36	58.521
1018.52	54.519
1018.68	56.741
1018.84	62.831
1019.00	58.930
1019.16	60.486
1019.32	64.732
1019.48	68.676
1019.64	71.476
1019.79	70.934
1019.95	66.550
1020.11	71.350
1020.27	69.628
1020.43	76.138
1020.59	76.536
1020.75	74.140
1020.91	74.608
1021.07	72.912
1021.23	72.293
1021.39	68.386
1021.54	78.188
1021.70	72.545
1021.86	74.180
1022.02	73.938
1022.18	68.026
1022.34	72.089
1022.50	66.192
1022.66	62.757
1022.82	58.300
1022.97	61.193
1023.13	68.072
1023.29	69.758
1023.45	64.866
1023.61	65.579
1023.77	56.198
1023.93	61.298
1024.08	66.633
1024.24	62.255
1024.40	53.337
1024.56	58.668
1024.72	59.351
1024.88	44.644
1025.04	50.816
1025.19	39.610
1025.35	38.990
1025.51	44.480
1025.67	51.580
1025.83	54.437
1025.99	56.724
1026.14	54.169
1026.30	52.220
1026.46	45.570
1026.62	52.113
1026.78	53.947
1026.94	50.604
1027.09	52.856
1027.25	55.705
1027.41	53.153
1027.57	53.708
1027.73	58.719
1027.89	54.438
1028.04	55.717
1028.20	53.996
1028.36	53.741
1028.52	55.037
1028.68	52.306
1028.83	49.044
1028.99	48.888
1029.15	48.128
1029.31	47.676
1029.47	51.606
1029.62	48.277
1029.78	45.996
1029.94	43.487
1030.10	40.682
1030.25	36.276
1030.41	34.778
1030.57	31.124
1030.73	38.034
1030.89	42.914
1031.04	43.399
1031.20	44.639
1031.36	43.588
1031.52	49.108
1031.67	51.562
1031.83	55.773
1031.99	64.061
1032.15	60.516
1032.30	66.094
1032.46	64.165
1032.62	30.748
1032.78	34.242
1032.93	29.915
1033.09	30.693
1033.25	18.773
1033.41	7.831
1033.56	7.692
1033.72	-5.882
1033.88	621.429
1034.04	13.924
1034.19	-301.818
1034.35	67.568
1034.51	54.348
1034.66	46.809
1034.82	3450.000
1034.98	3450.000
1035.14	3450.000
