345.22	28.986
345.43	28.986
345.65	28.986
345.86	93.500
346.08	28.409
346.29	-39.855
346.51	69.369
346.72	127.273
346.94	-11.538
347.15	-23.656
347.37	64.330
347.58	114.969
347.80	150.939
348.01	141.708
348.23	106.713
348.44	106.745
348.66	91.238
348.87	85.353
349.09	81.846
349.30	75.592
349.52	72.390
349.73	75.376
349.95	72.963
350.16	77.042
350.38	73.547
350.59	70.657
350.81	69.954
351.02	68.516
351.24	71.457
351.45	70.755
351.67	72.063
351.88	72.887
352.10	68.454
352.31	65.249
352.53	68.118
352.74	68.837
352.96	69.470
353.17	67.881
353.39	72.226
353.60	75.414
353.82	76.242
354.03	79.031
354.25	77.410
354.46	74.748
354.67	69.443
354.89	68.956
355.10	71.188
355.32	66.234
355.53	69.087
355.75	69.982
355.96	73.557
356.18	70.097
356.39	69.301
356.61	72.347
356.82	72.239
357.04	70.391
357.25	71.604
357.46	70.251
357.68	73.843
357.89	72.248
358.11	70.683
358.32	71.041
358.54	66.967
358.75	66.667
358.97	68.058
359.18	71.203
359.40	71.289
359.61	73.146
359.82	77.663
360.04	76.848
360.25	76.399
360.47	73.101
360.68	74.755
360.90	74.969
361.11	70.430
361.32	74.168
361.54	74.509
361.75	74.400
361.97	76.270
362.18	76.458
362.40	76.187
362.61	78.012
362.83	80.590
363.04	83.056
363.25	84.911
363.47	82.004
363.68	81.498
363.90	85.360
364.11	82.322
364.32	81.498
364.54	80.559
364.75	74.960
364.97	80.140
365.18	78.883
365.40	77.882
365.61	78.688
365.82	79.789
366.04	80.181
366.25	79.578
366.47	79.616
366.68	77.239
366.89	79.578
367.11	78.033
367.32	77.278
367.54	76.315
367.75	76.153
367.96	75.690
368.18	75.329
368.39	74.856
368.61	76.153
368.82	78.547
369.03	79.284
369.25	84.028
369.46	81.710
369.68	85.406
369.89	86.564
370.10	88.437
370.32	85.380
370.53	87.246
370.75	82.929
370.96	83.487
371.17	81.602
371.39	79.562
371.60	79.717
371.81	81.540
372.03	79.612
372.24	79.984
372.46	81.616
372.67	80.254
372.88	78.285
373.10	79.928
373.31	76.663
373.52	78.301
373.74	77.875
373.95	77.780
374.17	77.141
374.38	77.431
374.59	76.685
374.81	78.118
375.02	74.870
375.23	79.140
375.45	76.282
375.66	76.016
375.87	75.551
376.09	74.295
376.30	71.987
376.52	73.526
376.73	68.743
376.94	70.142
377.16	73.454
377.37	76.059
377.58	75.168
377.80	78.970
378.01	80.794
378.22	80.068
378.44	81.685
378.65	82.748
378.86	82.748
379.08	84.747
379.29	84.322
379.50	86.796
379.72	86.507
379.93	89.862
380.14	93.054
380.36	95.004
380.57	97.053
380.78	98.386
381.00	100.935
381.21	103.554
381.42	104.441
381.64	104.768
381.85	104.396
382.06	105.200
382.28	105.949
382.49	105.889
382.70	106.559
382.92	106.835
383.13	107.449
383.34	109.272
383.56	110.389
383.77	111.934
383.98	112.432
384.20	114.288
384.41	114.947
384.62	115.849
384.83	117.057
385.05	117.806
385.26	118.767
385.47	119.311
385.69	120.371
385.90	121.131
386.11	121.903
386.33	122.695
386.54	123.199
386.75	123.218
386.97	123.932
387.18	124.767
387.39	125.216
387.60	124.847
387.82	124.619
388.03	124.443
388.24	124.544
388.46	124.252
388.67	123.926
388.88	123.263
389.09	122.551
389.31	121.752
389.52	121.179
389.73	120.420
389.95	119.767
390.16	119.022
390.37	118.656
390.58	118.111
390.80	117.480
391.01	117.299
391.22	116.997
391.44	116.438
391.65	115.972
391.86	115.831
392.07	116.123
392.29	116.259
392.50	116.236
392.71	116.412
392.92	116.916
393.14	117.125
393.35	117.595
393.56	118.299
393.78	118.950
393.99	119.644
394.20	120.618
394.41	121.329
394.63	122.036
394.84	122.800
395.05	123.774
395.26	124.558
395.48	125.012
395.69	125.589
395.90	126.342
396.11	127.003
396.33	127.393
396.54	127.888
396.75	128.122
396.96	128.365
397.18	128.355
397.39	128.248
397.60	128.161
397.81	128.033
398.03	127.624
398.24	127.204
398.45	126.726
398.66	126.016
398.87	125.434
399.09	124.764
399.30	123.917
399.51	122.822
399.72	122.047
399.94	121.293
400.15	120.547
400.36	119.801
400.57	118.941
400.79	118.319
401.00	117.559
401.21	117.066
401.42	116.645
401.63	116.204
401.85	115.832
402.06	115.764
402.27	115.686
402.48	115.801
402.69	115.989
402.91	116.162
403.12	116.476
403.33	116.923
403.54	117.500
403.76	117.979
403.97	118.766
404.18	119.477
404.39	120.212
404.60	120.950
404.82	121.790
405.03	122.642
405.24	123.370
405.45	124.084
405.66	124.683
405.88	125.374
406.09	126.001
406.30	126.514
406.51	126.841
406.72	127.121
406.94	127.237
407.15	127.290
407.36	127.377
407.57	127.265
407.78	127.071
407.99	126.688
408.21	126.311
408.42	125.855
408.63	125.331
408.84	124.679
409.05	123.911
409.27	122.982
409.48	122.023
409.69	121.106
409.90	120.246
410.11	119.413
410.32	118.532
410.54	117.605
410.75	116.706
410.96	115.862
411.17	115.084
411.38	114.455
411.59	113.960
411.81	113.366
412.02	112.958
412.23	112.606
412.44	112.386
412.65	112.354
412.86	112.324
413.08	112.432
413.29	112.604
413.50	113.055
413.71	113.525
413.92	114.084
414.13	114.629
414.34	115.183
414.56	115.766
414.77	116.470
414.98	117.205
415.19	118.054
415.40	118.830
415.61	119.584
415.82	120.311
416.04	120.997
416.25	121.667
416.46	122.325
416.67	122.909
416.88	123.407
417.09	123.822
417.30	124.126
417.52	124.283
417.73	124.409
417.94	124.318
418.15	124.221
418.36	124.063
418.57	123.795
418.78	123.445
418.99	123.116
419.21	122.578
419.42	122.062
419.63	121.396
419.84	120.740
420.05	120.018
420.26	119.166
420.47	118.214
420.68	117.436
420.89	116.541
421.11	115.622
421.32	114.797
421.53	113.969
421.74	113.222
421.95	112.567
422.16	111.913
422.37	111.381
422.58	110.835
422.79	110.402
423.01	110.053
423.22	109.774
423.43	109.609
423.64	109.538
423.85	109.616
424.06	109.782
424.27	109.970
424.48	110.270
424.69	110.763
424.90	111.342
425.11	111.925
425.33	112.628
425.54	113.348
425.75	114.027
425.96	114.732
426.17	115.537
426.38	116.346
426.59	117.152
426.80	117.964
427.01	118.807
427.22	119.569
427.43	120.400
427.64	121.088
427.85	121.670
428.07	122.232
428.28	122.653
428.49	123.040
428.70	123.393
428.91	123.625
429.12	123.757
429.33	123.827
429.54	123.774
429.75	123.613
429.96	123.436
430.17	123.220
430.38	122.827
430.59	122.312
430.80	121.725
431.01	121.108
431.22	120.450
431.44	119.736
431.65	118.953
431.86	118.079
432.07	117.271
432.28	116.457
432.49	115.626
432.70	114.741
432.91	113.879
433.12	113.077
433.33	112.278
433.54	111.594
433.75	110.937
433.96	110.359
434.17	109.781
434.38	109.297
434.59	108.878
434.80	108.614
435.01	108.466
435.22	108.406
435.43	108.423
435.64	108.526
435.85	108.636
436.06	108.917
436.27	109.289
436.48	109.739
436.69	110.204
436.90	110.760
437.11	111.407
437.33	112.071
437.54	112.749
437.75	113.565
437.96	114.271
438.17	115.028
438.38	115.741
438.59	116.488
438.80	117.224
439.01	117.959
439.22	118.701
439.43	119.262
439.64	119.769
439.85	120.251
440.06	120.607
440.27	121.032
440.48	121.303
440.69	121.516
440.90	121.619
441.11	121.725
441.32	121.669
441.53	121.566
441.74	121.411
441.95	121.155
442.16	120.790
442.37	120.337
442.58	119.824
442.79	119.277
443.00	118.650
443.21	117.980
443.42	117.203
443.62	116.327
443.83	115.569
444.04	114.750
444.25	113.918
444.46	113.107
444.67	112.215
444.88	111.362
445.09	110.541
445.30	109.690
445.51	108.851
445.72	108.117
445.93	107.497
446.14	106.846
446.35	106.280
446.56	105.831
446.77	105.446
446.98	105.098
447.19	104.832
447.40	104.709
447.61	104.575
447.82	104.589
448.03	104.718
448.24	104.918
448.45	105.186
448.66	105.525
448.87	105.892
449.08	106.346
449.29	106.851
449.49	107.398
449.70	108.019
449.91	108.672
450.12	109.323
450.33	109.942
450.54	110.641
450.75	111.348
450.96	112.018
451.17	112.713
451.38	113.361
451.59	113.970
451.80	114.542
452.01	115.106
452.22	115.628
452.43	116.081
452.64	116.415
452.84	116.700
453.05	116.949
453.26	117.186
453.47	117.244
453.68	117.304
453.89	117.252
454.10	117.148
454.31	116.973
454.52	116.719
454.73	116.405
454.94	115.981
455.15	115.493
455.36	114.928
455.56	114.314
455.77	113.669
455.98	113.008
456.19	112.295
456.40	111.527
456.61	110.771
456.82	109.919
457.03	109.063
457.24	108.266
457.45	107.444
457.65	106.588
457.86	105.859
458.07	105.084
458.28	104.307
458.49	103.617
458.70	102.930
458.91	102.284
459.12	101.675
459.33	101.161
459.54	100.705
459.74	100.336
459.95	99.996
460.16	99.763
460.37	99.584
460.58	99.485
460.79	99.473
461.00	99.494
461.21	99.643
461.41	99.850
461.62	100.108
461.83	100.467
462.04	100.870
462.25	101.238
462.46	101.723
462.67	102.244
462.88	102.803
463.08	103.457
463.29	104.091
463.50	104.761
463.71	105.449
463.92	106.138
464.13	106.739
464.34	107.376
464.54	108.008
464.75	108.662
464.96	109.241
465.17	109.787
465.38	110.243
465.59	110.725
465.80	111.138
466.00	111.465
466.21	111.694
466.42	111.895
466.63	112.092
466.84	112.220
467.05	112.278
467.26	112.267
467.46	112.085
467.67	111.905
467.88	111.654
468.09	111.320
468.30	110.963
468.51	110.558
468.71	110.066
468.92	109.532
469.13	108.922
469.34	108.298
469.55	107.620
469.76	106.967
469.96	106.183
470.17	105.410
470.38	104.657
470.59	103.900
470.80	103.088
471.00	102.313
471.21	101.522
471.42	100.777
471.63	100.004
471.84	99.322
472.05	98.661
472.25	98.036
472.46	97.455
472.67	96.866
472.88	96.382
473.09	95.943
473.29	95.550
473.50	95.231
473.71	94.930
473.92	94.707
474.13	94.559
474.33	94.465
474.54	94.471
474.75	94.523
474.96	94.633
475.17	94.820
475.37	95.023
475.58	95.313
475.79	95.635
476.00	96.011
476.21	96.445
476.41	96.901
476.62	97.400
476.83	97.926
477.04	98.518
477.24	99.097
477.45	99.713
477.66	100.315
477.87	100.884
478.08	101.502
478.28	102.069
478.49	102.643
478.70	103.259
478.91	103.765
479.11	104.247
479.32	104.716
479.53	105.150
479.74	105.558
479.94	105.906
480.15	106.208
480.36	106.440
480.57	106.615
480.78	106.758
480.98	106.816
481.19	106.822
481.40	106.774
481.61	106.699
481.81	106.529
482.02	106.296
482.23	106.091
482.44	105.762
482.64	105.417
482.85	105.014
483.06	104.494
483.27	104.024
483.47	103.488
483.68	102.917
483.89	102.296
484.10	101.657
484.30	101.000
484.51	100.281
484.72	99.609
484.92	98.871
485.13	98.173
485.34	97.481
485.55	96.770
485.75	96.072
485.96	95.361
486.17	94.706
486.38	94.060
486.58	93.391
486.79	92.819
487.00	92.261
487.20	91.749
487.41	91.299
487.62	90.861
487.83	90.497
488.03	90.172
488.24	89.916
488.45	89.704
488.65	89.505
488.86	89.383
489.07	89.314
489.28	89.312
489.48	89.347
489.69	89.445
489.90	89.613
490.10	89.809
490.31	90.060
490.52	90.317
490.73	90.682
490.93	91.067
491.14	91.467
491.35	91.893
491.55	92.331
491.76	92.807
491.97	93.296
492.17	93.803
492.38	94.285
492.59	94.804
492.79	95.337
493.00	95.889
493.21	96.429
493.41	96.954
493.62	97.472
493.83	97.977
494.04	98.415
494.24	98.838
494.45	99.250
494.66	99.594
494.86	99.973
495.07	100.230
495.28	100.486
495.48	100.698
495.69	100.864
495.90	100.978
496.10	101.072
496.31	101.099
496.52	101.055
496.72	101.025
496.93	100.914
497.14	100.783
497.34	100.536
497.55	100.307
497.76	100.014
497.96	99.663
498.17	99.283
498.37	98.859
498.58	98.377
498.79	97.877
498.99	97.373
499.20	96.783
499.41	96.206
499.61	95.584
499.82	94.964
500.03	94.320
500.23	93.697
500.44	93.025
500.65	92.376
500.85	91.748
501.06	91.095
501.26	90.430
501.47	89.753
501.68	89.164
501.88	88.525
502.09	87.922
502.30	87.381
502.50	86.849
502.71	86.373
502.91	85.938
503.12	85.502
503.33	85.127
503.53	84.809
503.74	84.510
503.95	84.278
504.15	84.073
504.36	83.912
504.56	83.786
504.77	83.730
504.98	83.697
505.18	83.731
505.39	83.785
505.59	83.909
505.80	84.071
506.01	84.258
506.21	84.518
506.42	84.810
506.62	85.102
506.83	85.428
507.04	85.803
507.24	86.197
507.45	86.616
507.65	87.055
507.86	87.486
508.07	87.961
508.27	88.436
508.48	88.904
508.68	89.394
508.89	89.875
509.10	90.348
509.30	90.819
509.51	91.254
509.71	91.680
509.92	92.103
510.12	92.499
510.33	92.872
510.54	93.198
510.74	93.505
510.95	93.792
511.15	94.041
511.36	94.263
511.56	94.454
511.77	94.602
511.98	94.719
512.18	94.818
512.39	94.855
512.59	94.835
512.80	94.789
513.00	94.720
513.21	94.585
513.42	94.447
513.62	94.249
513.83	94.019
514.03	93.751
514.24	93.425
514.44	93.079
514.65	92.705
514.85	92.308
515.06	91.886
515.26	91.423
515.47	90.937
515.68	90.425
515.88	89.883
516.09	89.339
516.29	88.769
516.50	88.190
516.70	87.607
516.91	87.017
517.11	86.442
517.32	85.837
517.52	85.268
517.73	84.680
517.93	84.110
518.14	83.555
518.34	83.021
518.55	82.517
518.76	82.018
518.96	81.541
519.17	81.096
519.37	80.663
519.58	80.277
519.78	79.917
519.99	79.579
520.19	79.290
520.40	79.038
520.60	78.815
520.81	78.603
521.01	78.429
521.22	78.345
521.42	78.267
521.63	78.226
521.83	78.226
522.04	78.252
522.24	78.333
522.45	78.445
522.65	78.608
522.86	78.804
523.06	79.014
523.27	79.261
523.47	79.537
523.68	79.847
523.88	80.167
524.09	80.523
524.29	80.900
524.50	81.293
524.70	81.686
524.91	82.091
525.11	82.546
525.32	83.010
525.52	83.454
525.72	83.923
525.93	84.387
526.13	84.852
526.34	85.312
526.54	85.750
526.75	86.163
526.95	86.562
527.16	86.964
527.36	87.360
527.57	87.712
527.77	88.042
527.98	88.360
528.18	88.656
528.39	88.910
528.59	89.143
528.79	89.352
529.00	89.546
529.20	89.695
529.41	89.832
529.61	89.933
529.82	89.973
530.02	89.960
530.23	89.953
530.43	89.886
530.64	89.796
530.84	89.683
531.04	89.511
531.25	89.339
531.45	89.116
531.66	88.880
531.86	88.611
532.07	88.303
532.27	87.966
532.47	87.605
532.68	87.237
532.88	86.844
533.09	86.408
533.29	85.948
533.50	85.490
533.70	84.981
533.90	84.463
534.11	83.977
534.31	83.483
534.52	82.973
534.72	82.468
534.93	81.963
535.13	81.430
535.33	80.954
535.54	80.452
535.74	79.965
535.95	79.468
536.15	79.007
536.35	78.559
536.56	78.130
536.76	77.710
536.97	77.328
537.17	76.964
537.37	76.621
537.58	76.315
537.78	76.038
537.99	75.775
538.19	75.552
538.39	75.333
538.60	75.150
538.80	75.014
539.01	74.887
539.21	74.809
539.41	74.769
539.62	74.743
539.82	74.759
540.03	74.796
540.23	74.898
540.43	75.020
540.64	75.178
540.84	75.357
541.04	75.573
541.25	75.824
541.45	76.100
541.66	76.392
541.86	76.709
542.06	77.049
542.27	77.414
542.47	77.804
542.67	78.191
542.88	78.603
543.08	79.018
543.28	79.465
543.49	79.901
543.69	80.354
543.90	80.820
544.10	81.263
544.30	81.744
544.51	82.186
544.71	82.644
544.91	83.068
545.12	83.494
545.32	83.926
545.52	84.307
545.73	84.699
545.93	85.075
546.13	85.420
546.34	85.750
546.54	86.046
546.74	86.314
546.95	86.596
547.15	86.844
547.35	87.047
547.56	87.239
547.76	87.406
547.96	87.540
548.17	87.662
548.37	87.776
548.57	87.809
548.78	87.814
548.98	87.800
549.18	87.753
549.39	87.670
549.59	87.547
549.79	87.423
550.00	87.248
550.20	87.080
550.40	86.857
550.61	86.623
550.81	86.385
551.01	86.114
551.22	85.806
551.42	85.478
551.62	85.139
551.82	84.755
552.03	84.380
552.23	83.995
552.43	83.562
552.64	83.110
552.84	82.666
553.04	82.225
553.25	81.778
553.45	81.300
553.65	80.836
553.85	80.402
554.06	79.963
554.26	79.509
554.46	79.051
554.67	78.605
554.87	78.161
555.07	77.733
555.27	77.308
555.48	76.888
555.68	76.511
555.88	76.128
556.09	75.795
556.29	75.443
556.49	75.122
556.69	74.822
556.90	74.553
557.10	74.304
557.30	74.102
557.50	73.904
557.71	73.772
557.91	73.658
558.11	73.536
558.31	73.448
558.52	73.397
558.72	73.365
558.92	73.384
559.13	73.413
559.33	73.478
559.53	73.559
559.73	73.695
559.94	73.827
560.14	73.996
560.34	74.163
560.54	74.382
560.75	74.624
560.95	74.891
561.15	75.190
561.35	75.502
561.55	75.788
561.76	76.112
561.96	76.432
562.16	76.788
562.36	77.173
562.57	77.555
562.77	77.961
562.97	78.369
563.17	78.762
563.38	79.162
563.58	79.580
563.78	80.005
563.98	80.414
564.18	80.813
564.39	81.229
564.59	81.656
564.79	82.057
564.99	82.430
565.20	82.807
565.40	83.144
565.60	83.471
565.80	83.827
566.00	84.125
566.21	84.422
566.41	84.680
566.61	84.929
566.81	85.167
567.01	85.372
567.22	85.574
567.42	85.763
567.62	85.909
567.82	86.023
568.02	86.117
568.23	86.189
568.43	86.244
568.63	86.269
568.83	86.247
569.03	86.208
569.24	86.154
569.44	86.074
569.64	85.982
569.84	85.883
570.04	85.725
570.24	85.581
570.45	85.408
570.65	85.212
570.85	84.991
571.05	84.733
571.25	84.464
571.45	84.161
571.66	83.863
571.86	83.541
572.06	83.196
572.26	82.833
572.46	82.476
572.66	82.109
572.87	81.714
573.07	81.336
573.27	80.937
573.47	80.537
573.67	80.112
573.87	79.684
574.08	79.247
574.28	78.828
574.48	78.401
574.68	77.982
574.88	77.569
575.08	77.135
575.28	76.729
575.49	76.331
575.69	75.946
575.89	75.556
576.09	75.204
576.29	74.847
576.49	74.520
576.69	74.194
576.90	73.881
577.10	73.616
577.30	73.342
577.50	73.107
577.70	72.876
577.90	72.665
578.10	72.505
578.30	72.348
578.51	72.232
578.71	72.137
578.91	72.057
579.11	71.990
579.31	71.954
579.51	71.949
579.71	71.973
579.91	72.017
580.12	72.078
580.32	72.174
580.52	72.295
580.72	72.424
580.92	72.576
581.12	72.740
581.32	72.928
581.52	73.162
581.72	73.400
581.92	73.657
582.13	73.948
582.33	74.217
582.53	74.532
582.73	74.836
582.93	75.152
583.13	75.481
583.33	75.835
583.53	76.208
583.73	76.576
583.93	76.951
584.13	77.339
584.34	77.765
584.54	78.142
584.74	78.523
584.94	78.935
585.14	79.330
585.34	79.729
585.54	80.092
585.74	80.445
585.94	80.795
586.14	81.159
586.34	81.492
586.54	81.836
586.74	82.184
586.94	82.511
587.15	82.842
587.35	83.135
587.55	83.432
587.75	83.702
587.95	83.955
588.15	84.186
588.35	84.384
588.55	84.559
588.75	84.722
588.95	84.899
589.15	85.024
589.35	85.153
589.55	85.252
589.75	85.343
589.95	85.402
590.15	85.457
590.35	85.488
590.55	85.508
590.75	85.485
590.95	85.428
591.15	85.359
591.35	85.255
591.56	85.150
591.76	84.999
591.96	84.847
592.16	84.673
592.36	84.471
592.56	84.265
592.76	84.037
592.96	83.812
593.16	83.530
593.36	83.250
593.56	82.956
593.76	82.656
593.96	82.331
594.16	82.016
594.36	81.675
594.56	81.307
594.76	80.940
594.96	80.589
595.16	80.207
595.36	79.833
595.56	79.446
595.76	79.041
595.96	78.651
596.16	78.255
596.36	77.864
596.56	77.486
596.76	77.095
596.96	76.690
597.16	76.315
597.36	75.952
597.56	75.591
597.76	75.234
597.96	74.883
598.16	74.559
598.36	74.228
598.56	73.919
598.76	73.634
598.96	73.367
599.16	73.095
599.36	72.860
599.56	72.639
599.76	72.438
599.96	72.263
600.15	72.090
600.35	71.953
600.55	71.832
600.75	71.715
600.95	71.636
601.15	71.565
601.35	71.511
601.55	71.481
601.75	71.464
601.95	71.469
602.15	71.519
602.35	71.572
602.55	71.645
602.75	71.738
602.95	71.851
603.15	71.952
603.35	72.116
603.55	72.263
603.75	72.429
603.95	72.615
604.15	72.822
604.35	73.045
604.54	73.273
604.74	73.534
604.94	73.804
605.14	74.079
605.34	74.385
605.54	74.703
605.74	75.030
605.94	75.362
606.14	75.706
606.34	76.051
606.54	76.390
606.74	76.760
606.94	77.124
607.14	77.496
607.33	77.888
607.53	78.248
607.73	78.624
607.93	78.986
608.13	79.352
608.33	79.717
608.53	80.068
608.73	80.447
608.93	80.772
609.13	81.112
609.33	81.429
609.52	81.745
609.72	82.035
609.92	82.318
610.12	82.605
610.32	82.860
610.52	83.120
610.72	83.386
610.92	83.604
611.12	83.823
611.31	84.034
611.51	84.199
611.71	84.374
611.91	84.541
612.11	84.693
612.31	84.837
612.51	84.935
612.71	85.053
612.91	85.116
613.10	85.187
613.30	85.246
613.50	85.295
613.70	85.320
613.90	85.328
614.10	85.292
614.30	85.240
614.50	85.190
614.69	85.103
614.89	84.980
615.09	84.869
615.29	84.736
615.49	84.573
615.69	84.421
615.89	84.238
616.08	84.034
616.28	83.816
616.48	83.592
616.68	83.355
616.88	83.086
617.08	82.794
617.27	82.516
617.47	82.219
617.67	81.910
617.87	81.584
618.07	81.276
618.27	80.977
618.47	80.647
618.66	80.312
618.86	79.968
619.06	79.624
619.26	79.283
619.46	78.931
619.66	78.568
619.85	78.211
620.05	77.866
620.25	77.501
620.45	77.150
620.65	76.774
620.84	76.434
621.04	76.116
621.24	75.813
621.44	75.482
621.64	75.150
621.84	74.839
622.03	74.532
622.23	74.225
622.43	73.912
622.63	73.643
622.83	73.390
623.02	73.141
623.22	72.921
623.42	72.665
623.62	72.455
623.82	72.274
624.01	72.096
624.21	71.927
624.41	71.802
624.61	71.685
624.81	71.591
625.00	71.493
625.20	71.403
625.40	71.328
625.60	71.294
625.79	71.291
625.99	71.309
626.19	71.328
626.39	71.375
626.59	71.445
626.78	71.533
626.98	71.617
627.18	71.737
627.38	71.874
627.57	72.062
627.77	72.224
627.97	72.397
628.17	72.601
628.37	72.811
628.56	73.057
628.76	73.310
628.96	73.563
629.16	73.837
629.35	74.133
629.55	74.445
629.75	74.749
629.95	75.058
630.14	75.375
630.34	75.706
630.54	76.031
630.74	76.361
630.93	76.706
631.13	77.046
631.33	77.384
631.53	77.702
631.72	78.033
631.92	78.388
632.12	78.749
632.31	79.088
632.51	79.462
632.71	79.794
632.91	80.119
633.10	80.462
633.30	80.811
633.50	81.128
633.70	81.445
633.89	81.762
634.09	82.076
634.29	82.366
634.48	82.673
634.68	82.978
634.88	83.281
635.08	83.554
635.27	83.848
635.47	84.111
635.67	84.391
635.86	84.636
636.06	84.856
636.26	85.066
636.46	85.265
636.65	85.429
636.85	85.612
637.05	85.768
637.24	85.905
637.44	86.024
637.64	86.129
637.83	86.247
638.03	86.348
638.23	86.405
638.43	86.477
638.62	86.487
638.82	86.478
639.02	86.460
639.21	86.430
639.41	86.370
639.61	86.331
639.80	86.237
640.00	86.143
640.20	86.073
640.39	85.962
640.59	85.844
640.79	85.734
640.98	85.577
641.18	85.431
641.38	85.265
641.57	85.086
641.77	84.882
641.97	84.638
642.16	84.395
642.36	84.159
642.56	83.889
642.75	83.665
642.95	83.407
643.15	83.156
643.34	82.906
643.54	82.634
643.74	82.336
643.93	82.052
644.13	81.737
644.33	81.398
644.52	81.080
644.72	80.766
644.91	80.430
645.11	80.065
645.31	79.721
645.50	79.379
645.70	79.040
645.90	78.729
646.09	78.403
646.29	78.077
646.48	77.750
646.68	77.414
646.88	77.065
647.07	76.755
647.27	76.428
647.47	76.098
647.66	75.802
647.86	75.508
648.05	75.218
648.25	74.959
648.45	74.688
648.64	74.428
648.84	74.184
649.04	73.949
649.23	73.748
649.43	73.555
649.62	73.362
649.82	73.170
650.02	72.982
650.21	72.835
650.41	72.727
650.60	72.606
650.80	72.523
651.00	72.438
651.19	72.361
651.39	72.294
651.58	72.255
651.78	72.230
651.97	72.244
652.17	72.261
652.37	72.268
652.56	72.332
652.76	72.397
652.95	72.470
653.15	72.576
653.35	72.688
653.54	72.787
653.74	72.908
653.93	73.063
654.13	73.239
654.32	73.413
654.52	73.552
654.72	73.751
654.91	73.954
655.11	74.176
655.30	74.417
655.50	74.664
655.69	74.914
655.89	75.170
656.08	75.406
656.28	75.689
656.48	75.981
656.67	76.264
656.87	76.546
657.06	76.829
657.26	77.109
657.45	77.418
657.65	77.748
657.84	78.094
658.04	78.412
658.23	78.743
658.43	79.077
658.62	79.442
658.82	79.761
659.02	80.100
659.21	80.453
659.41	80.776
659.60	81.125
659.80	81.449
659.99	81.791
660.19	82.123
660.38	82.440
660.58	82.769
660.77	83.090
660.97	83.404
661.16	83.699
661.36	83.984
661.55	84.272
661.75	84.534
661.94	84.779
662.14	85.055
662.33	85.322
662.53	85.565
662.72	85.786
662.92	86.015
663.11	86.229
663.31	86.436
663.50	86.646
663.70	86.845
663.89	87.040
664.09	87.194
664.28	87.358
664.48	87.487
664.67	87.622
664.87	87.733
665.06	87.837
665.26	87.938
665.45	88.009
665.65	88.062
665.84	88.125
666.04	88.168
666.23	88.165
666.43	88.141
666.62	88.103
666.82	88.056
667.01	88.007
667.21	87.951
667.40	87.856
667.59	87.770
667.79	87.643
667.98	87.500
668.18	87.365
668.37	87.202
668.57	87.081
668.76	86.925
668.96	86.724
669.15	86.526
669.35	86.350
669.54	86.148
669.73	85.947
669.93	85.729
670.12	85.514
670.32	85.317
670.51	85.072
670.71	84.849
670.90	84.618
671.10	84.361
671.29	84.079
671.48	83.794
671.68	83.493
671.87	83.205
672.07	82.918
672.26	82.648
672.46	82.354
672.65	82.047
672.84	81.718
673.04	81.440
673.23	81.157
673.43	80.833
673.62	80.548
673.82	80.245
674.01	79.925
674.20	79.623
674.40	79.285
674.59	78.988
674.79	78.690
674.98	78.386
675.17	78.113
675.37	77.845
675.56	77.593
675.76	77.337
675.95	77.064
676.14	76.817
676.34	76.541
676.53	76.301
676.73	76.043
676.92	75.822
677.11	75.585
677.31	75.342
677.50	75.136
677.70	74.924
677.89	74.732
678.08	74.547
678.28	74.376
678.47	74.237
678.66	74.111
678.86	73.977
679.05	73.875
679.25	73.770
679.44	73.688
679.63	73.621
679.83	73.573
680.02	73.540
680.21	73.508
680.41	73.478
680.60	73.466
680.79	73.492
680.99	73.512
681.18	73.534
681.38	73.593
681.57	73.689
681.76	73.785
681.96	73.868
682.15	73.971
682.34	74.069
682.54	74.180
682.73	74.310
682.92	74.468
683.12	74.620
683.31	74.793
683.50	74.978
683.70	75.152
683.89	75.331
684.08	75.536
684.28	75.762
684.47	76.011
684.66	76.253
684.86	76.470
685.05	76.713
685.24	76.990
685.44	77.267
685.63	77.514
685.82	77.785
686.02	78.066
686.21	78.376
686.40	78.665
686.60	78.992
686.79	79.317
686.98	79.626
687.18	79.947
687.37	80.255
687.56	80.567
687.75	80.901
687.95	81.236
688.14	81.554
688.33	81.876
688.53	82.193
688.72	82.529
688.91	82.861
689.11	83.176
689.30	83.501
689.49	83.819
689.68	84.146
689.88	84.458
690.07	84.760
690.26	85.057
690.46	85.380
690.65	85.654
690.84	85.925
691.03	86.191
691.23	86.454
691.42	86.720
691.61	86.962
691.80	87.184
692.00	87.395
692.19	87.614
692.38	87.843
692.58	88.038
692.77	88.217
692.96	88.389
693.15	88.574
693.35	88.719
693.54	88.890
693.73	89.033
693.92	89.152
694.12	89.289
694.31	89.385
694.50	89.496
694.69	89.569
694.89	89.639
695.08	89.730
695.27	89.799
695.46	89.850
695.66	89.895
695.85	89.919
696.04	89.947
696.23	89.968
696.43	89.939
696.62	89.920
696.81	89.886
697.00	89.858
697.19	89.833
697.39	89.775
697.58	89.691
697.77	89.588
697.96	89.494
698.16	89.392
698.35	89.322
698.54	89.199
698.73	89.082
698.92	88.916
699.12	88.741
699.31	88.571
699.50	88.403
699.69	88.223
699.89	88.041
700.08	87.848
700.27	87.637
700.46	87.436
700.65	87.233
700.85	87.026
701.04	86.802
701.23	86.554
701.42	86.321
701.61	86.079
701.81	85.843
702.00	85.597
702.19	85.315
702.38	85.020
702.57	84.738
702.76	84.464
702.96	84.199
703.15	83.913
703.34	83.633
703.53	83.331
703.72	83.005
703.92	82.702
704.11	82.390
704.30	82.067
704.49	81.760
704.68	81.459
704.87	81.153
705.07	80.854
705.26	80.543
705.45	80.275
705.64	79.989
705.83	79.717
706.02	79.428
706.21	79.189
706.41	78.931
706.60	78.662
706.79	78.425
706.98	78.191
707.17	77.957
707.36	77.715
707.56	77.513
707.75	77.327
707.94	77.142
708.13	76.965
708.32	76.835
708.51	76.657
708.70	76.513
708.89	76.370
709.09	76.229
709.28	76.113
709.47	75.956
709.66	75.819
709.85	75.696
710.04	75.596
710.23	75.480
710.42	75.400
710.62	75.307
710.81	75.198
711.00	75.125
711.19	75.079
711.38	75.022
711.57	74.959
711.76	74.946
711.95	74.944
712.15	74.967
712.34	74.947
712.53	74.971
712.72	74.991
712.91	75.065
713.10	75.117
713.29	75.194
713.48	75.267
713.67	75.375
713.86	75.495
714.05	75.614
714.25	75.727
714.44	75.822
714.63	75.979
714.82	76.167
715.01	76.367
715.20	76.556
715.39	76.750
715.58	76.950
715.77	77.142
715.96	77.364
716.15	77.580
716.34	77.780
716.54	78.010
716.73	78.242
716.92	78.439
717.11	78.685
717.30	78.915
717.49	79.164
717.68	79.436
717.87	79.657
718.06	79.962
718.25	80.254
718.44	80.557
718.63	80.844
718.82	81.112
719.01	81.362
719.20	81.661
719.39	81.962
719.58	82.265
719.77	82.555
719.96	82.790
720.16	83.031
720.35	83.326
720.54	83.595
720.73	83.897
720.92	84.190
721.11	84.516
721.30	84.811
721.49	85.097
721.68	85.368
721.87	85.685
722.06	85.929
722.25	86.216
722.44	86.499
722.63	86.773
722.82	87.022
723.01	87.276
723.20	87.474
723.39	87.711
723.58	87.969
723.77	88.204
723.96	88.465
724.15	88.724
724.34	88.960
724.53	89.192
724.72	89.378
724.91	89.581
725.10	89.778
725.29	89.941
725.48	90.166
725.67	90.317
725.86	90.456
726.05	90.606
726.24	90.730
726.43	90.844
726.62	90.932
726.81	91.060
727.00	91.152
727.19	91.286
727.38	91.378
727.57	91.439
727.76	91.523
727.95	91.570
728.14	91.606
728.33	91.634
728.52	91.646
728.71	91.652
728.90	91.654
729.09	91.606
729.28	91.585
729.47	91.523
729.65	91.484
729.84	91.423
730.03	91.385
730.22	91.306
730.41	91.250
730.60	91.207
730.79	91.099
730.98	91.028
731.17	90.944
731.36	90.828
731.55	90.682
731.74	90.536
731.93	90.427
732.12	90.273
732.31	90.151
732.50	90.016
732.69	89.885
732.88	89.724
733.06	89.553
733.25	89.377
733.44	89.214
733.63	89.009
733.82	88.853
734.01	88.590
734.20	88.404
734.39	88.154
734.58	87.934
734.77	87.733
734.96	87.496
735.15	87.229
735.33	86.980
735.52	86.755
735.71	86.509
735.90	86.219
736.09	85.977
736.28	85.685
736.47	85.418
736.66	85.139
736.85	84.863
737.04	84.547
737.23	84.265
737.41	83.951
737.60	83.712
737.79	83.407
737.98	83.168
738.17	82.886
738.36	82.651
738.55	82.396
738.74	82.154
738.92	81.881
739.11	81.627
739.30	81.377
739.49	81.106
739.68	80.865
739.87	80.653
740.06	80.417
740.25	80.154
740.43	79.924
740.62	79.666
740.81	79.418
741.00	79.214
741.19	78.993
741.38	78.793
741.57	78.571
741.75	78.382
741.94	78.174
742.13	77.954
742.32	77.734
742.51	77.525
742.70	77.349
742.89	77.210
743.07	77.066
743.26	76.905
743.45	76.758
743.64	76.639
743.83	76.499
744.02	76.345
744.20	76.265
744.39	76.155
744.58	76.071
744.77	76.009
744.96	75.978
745.15	75.980
745.33	75.936
745.52	75.904
745.71	75.897
745.90	75.881
746.09	75.920
746.28	75.959
746.46	75.976
746.65	75.945
746.84	75.947
747.03	75.973
747.22	76.016
747.40	76.086
747.59	76.127
747.78	76.199
747.97	76.291
748.16	76.383
748.34	76.487
748.53	76.640
748.72	76.771
748.91	76.840
749.10	76.912
749.28	77.059
749.47	77.188
749.66	77.303
749.85	77.429
750.04	77.583
750.22	77.723
750.41	77.896
750.60	78.091
750.79	78.250
750.97	78.404
751.16	78.613
751.35	78.807
751.54	78.989
751.73	79.191
751.91	79.403
752.10	79.637
752.29	79.840
752.48	80.040
752.66	80.255
752.85	80.489
753.04	80.734
753.23	80.977
753.41	81.227
753.60	81.488
753.79	81.777
753.98	82.008
754.16	82.276
754.35	82.534
754.54	82.804
754.73	83.102
754.91	83.393
755.10	83.654
755.29	83.908
755.48	84.163
755.66	84.430
755.85	84.687
756.04	84.935
756.22	85.204
756.41	85.438
756.60	85.670
756.79	85.963
756.97	86.229
757.16	86.459
757.35	86.729
757.54	86.966
757.72	87.215
757.91	87.456
758.10	87.690
758.28	87.883
758.47	88.074
758.66	88.306
758.85	88.521
759.03	88.740
759.22	88.972
759.41	89.178
759.59	89.394
759.78	89.590
759.97	89.765
760.15	89.928
760.34	90.148
760.53	90.342
760.71	90.473
760.90	90.641
761.09	90.791
761.28	90.925
761.46	91.087
761.65	91.230
761.84	91.375
762.02	91.522
762.21	91.682
762.40	91.826
762.58	91.936
762.77	92.024
762.96	92.106
763.14	92.208
763.33	92.291
763.52	92.331
763.70	92.389
763.89	92.439
764.08	92.513
764.26	92.509
764.45	92.539
764.64	92.587
764.82	92.600
765.01	92.623
765.20	92.616
765.38	92.605
765.57	92.557
765.75	92.542
765.94	92.447
766.13	92.381
766.31	92.334
766.50	92.260
766.69	92.229
766.87	92.211
767.06	92.130
767.25	92.106
767.43	92.057
767.62	92.009
767.80	91.948
767.99	91.838
768.18	91.765
768.36	91.664
768.55	91.580
768.74	91.434
768.92	91.276
769.11	91.158
769.29	91.011
769.48	90.889
769.67	90.710
769.85	90.597
770.04	90.406
770.22	90.228
770.41	90.027
770.60	89.787
770.78	89.534
770.97	89.328
771.15	89.067
771.34	88.799
771.53	88.553
771.71	88.311
771.90	88.076
772.08	87.882
772.27	87.678
772.46	87.442
772.64	87.218
772.83	86.990
773.01	86.717
773.20	86.473
773.39	86.206
773.57	85.944
773.76	85.683
773.94	85.486
774.13	85.240
774.31	84.999
774.50	84.785
774.68	84.531
774.87	84.297
775.06	84.027
775.24	83.789
775.43	83.528
775.61	83.243
775.80	83.017
775.98	82.707
776.17	82.393
776.36	82.090
776.54	81.835
776.73	81.598
776.91	81.359
777.10	81.116
777.28	80.841
777.47	80.616
777.65	80.366
777.84	80.111
778.02	79.889
778.21	79.659
778.39	79.405
778.58	79.199
778.77	78.976
778.95	78.832
779.14	78.673
779.32	78.523
779.51	78.391
779.69	78.211
779.88	78.085
780.06	77.970
780.25	77.862
780.43	77.717
780.62	77.608
780.80	77.474
780.99	77.343
781.17	77.211
781.36	77.080
781.54	76.952
781.73	76.819
781.91	76.723
782.10	76.633
782.28	76.576
782.47	76.479
782.65	76.354
782.84	76.239
783.02	76.149
783.21	76.093
783.39	76.054
783.58	76.024
783.76	75.978
783.95	75.928
784.13	75.895
784.32	75.912
784.50	75.889
784.69	75.943
784.87	75.955
785.05	76.023
785.24	76.064
785.42	76.171
785.61	76.246
785.79	76.294
785.98	76.374
786.16	76.406
786.35	76.515
786.53	76.629
786.72	76.722
786.90	76.821
787.09	76.900
787.27	76.963
787.45	77.063
787.64	77.166
787.82	77.293
788.01	77.431
788.19	77.537
788.38	77.670
788.56	77.731
788.75	77.869
788.93	78.031
789.11	78.151
789.30	78.238
789.48	78.355
789.67	78.518
789.85	78.672
790.04	78.882
790.22	79.019
790.40	79.204
790.59	79.385
790.77	79.582
790.96	79.777
791.14	80.023
791.32	80.212
791.51	80.419
791.69	80.610
791.88	80.804
792.06	81.040
792.25	81.224
792.43	81.478
792.61	81.677
792.80	81.854
792.98	82.123
793.17	82.343
793.35	82.552
793.53	82.731
793.72	82.968
793.90	83.166
794.08	83.411
794.27	83.648
794.45	83.863
794.64	84.068
794.82	84.279
795.00	84.428
795.19	84.632
795.37	84.837
795.55	84.996
795.74	85.178
795.92	85.381
796.11	85.616
796.29	85.814
796.47	86.031
796.66	86.231
796.84	86.429
797.02	86.655
797.21	86.903
797.39	87.127
797.58	87.325
797.76	87.504
797.94	87.700
798.13	87.871
798.31	88.078
798.49	88.257
798.68	88.458
798.86	88.654
799.04	88.826
799.23	88.966
799.41	89.156
799.59	89.311
799.78	89.418
799.96	89.565
800.14	89.733
800.33	89.884
800.51	90.056
800.69	90.133
800.88	90.236
801.06	90.383
801.24	90.468
801.43	90.553
801.61	90.642
801.79	90.733
801.98	90.829
802.16	90.950
802.34	91.033
802.52	91.092
802.71	91.160
802.89	91.210
803.07	91.309
803.26	91.342
803.44	91.362
803.62	91.398
803.81	91.410
803.99	91.373
804.17	91.361
804.35	91.307
804.54	91.333
804.72	91.364
804.90	91.336
805.09	91.357
805.27	91.353
805.45	91.390
805.63	91.331
805.82	91.255
806.00	91.130
806.18	91.052
806.37	90.986
806.55	90.869
806.73	90.797
806.91	90.707
807.10	90.675
807.28	90.638
807.46	90.559
807.64	90.439
807.83	90.350
808.01	90.226
808.19	90.109
808.37	89.938
808.56	89.785
808.74	89.646
808.92	89.483
809.10	89.288
809.29	89.113
809.47	88.991
809.65	88.825
809.83	88.704
810.02	88.531
810.20	88.380
810.38	88.235
810.56	88.101
810.75	87.944
810.93	87.757
811.11	87.569
811.29	87.401
811.47	87.218
811.66	87.019
811.84	86.851
812.02	86.726
812.20	86.556
812.39	86.374
812.57	86.158
812.75	85.999
812.93	85.846
813.11	85.628
813.30	85.418
813.48	85.252
813.66	85.049
813.84	84.895
814.02	84.694
814.21	84.531
814.39	84.288
814.57	84.069
814.75	83.856
814.93	83.618
815.12	83.407
815.30	83.232
815.48	83.025
815.66	82.819
815.84	82.568
816.03	82.359
816.21	82.096
816.39	81.888
816.57	81.595
816.75	81.358
816.93	81.112
817.12	80.850
817.30	80.579
817.48	80.334
817.66	80.084
817.84	79.846
818.02	79.638
818.21	79.390
818.39	79.161
818.57	78.957
818.75	78.786
818.93	78.550
819.11	78.326
819.30	78.137
819.48	77.931
819.66	77.759
819.84	77.591
820.02	77.461
820.20	77.285
820.38	77.123
820.57	76.937
820.75	76.851
820.93	76.737
821.11	76.612
821.29	76.473
821.47	76.294
821.65	76.167
821.83	76.018
822.02	75.909
822.20	75.777
822.38	75.660
822.56	75.520
822.74	75.401
822.92	75.235
823.10	75.130
823.28	74.990
823.46	74.859
823.65	74.760
823.83	74.641
824.01	74.519
824.19	74.407
824.37	74.294
824.55	74.124
824.73	74.027
824.91	73.907
825.09	73.810
825.27	73.767
825.46	73.662
825.64	73.555
825.82	73.509
826.00	73.439
826.18	73.375
826.36	73.319
826.54	73.317
826.72	73.353
826.90	73.320
827.08	73.340
827.26	73.346
827.44	73.313
827.63	73.308
827.81	73.365
827.99	73.434
828.17	73.496
828.35	73.511
828.53	73.527
828.71	73.639
828.89	73.698
829.07	73.776
829.25	73.817
829.43	73.917
829.61	73.971
829.79	74.036
829.97	74.123
830.15	74.187
830.33	74.228
830.51	74.275
830.69	74.342
830.87	74.370
831.06	74.459
831.24	74.579
831.42	74.619
831.60	74.635
831.78	74.761
831.96	74.900
832.14	75.052
832.32	75.193
832.50	75.287
832.68	75.393
832.86	75.486
833.04	75.648
833.22	75.763
833.40	75.907
833.58	76.038
833.76	76.124
833.94	76.265
834.12	76.430
834.30	76.624
834.48	76.779
834.66	76.931
834.84	77.098
835.02	77.222
835.20	77.443
835.38	77.664
835.56	77.828
835.74	77.997
835.92	78.198
836.10	78.359
836.28	78.563
836.46	78.749
836.64	78.936
836.82	79.085
837.00	79.266
837.18	79.455
837.36	79.642
837.54	79.824
837.72	80.022
837.90	80.196
838.08	80.352
838.26	80.506
838.43	80.717
838.61	80.873
838.79	81.051
838.97	81.238
839.15	81.394
839.33	81.539
839.51	81.632
839.69	81.781
839.87	81.911
840.05	82.071
840.23	82.254
840.41	82.431
840.59	82.530
840.77	82.683
840.95	82.770
841.13	82.885
841.31	83.046
841.49	83.114
841.67	83.188
841.84	83.250
842.02	83.355
842.20	83.449
842.38	83.499
842.56	83.605
842.74	83.667
842.92	83.731
843.10	83.806
843.28	83.924
843.46	83.990
843.64	84.020
843.82	84.029
843.99	84.049
844.17	84.111
844.35	84.292
844.53	84.338
844.71	84.511
844.89	84.565
845.07	84.616
845.25	84.755
845.43	84.883
845.61	84.993
845.78	85.137
845.96	85.253
846.14	85.381
846.32	85.479
846.50	85.525
846.68	85.658
846.86	85.765
847.04	85.858
847.22	85.863
847.39	85.978
847.57	86.031
847.75	86.090
847.93	86.068
848.11	86.085
848.29	86.162
848.47	86.118
848.65	86.173
848.82	86.192
849.00	86.202
849.18	86.137
849.36	86.107
849.54	86.076
849.72	85.996
849.89	86.000
850.07	86.008
850.25	85.985
850.43	85.897
850.61	85.792
850.79	85.670
850.97	85.741
851.14	85.686
851.32	85.599
851.50	85.548
851.68	85.531
851.86	85.533
852.04	85.459
852.21	85.399
852.39	85.263
852.57	85.201
852.75	85.124
852.93	85.053
853.10	84.991
853.28	84.846
853.46	84.782
853.64	84.619
853.82	84.431
854.00	84.399
854.17	84.279
854.35	84.125
854.53	84.024
854.71	83.867
854.89	83.683
855.06	83.578
855.24	83.464
855.42	83.325
855.60	83.094
855.78	82.955
855.95	82.824
856.13	82.757
856.31	82.588
856.49	82.377
856.66	82.323
856.84	82.109
857.02	82.034
857.20	81.963
857.38	81.781
857.55	81.636
857.73	81.371
857.91	81.230
858.09	81.075
858.26	80.921
858.44	80.719
858.62	80.592
858.80	80.481
858.97	80.259
859.15	80.061
859.33	79.884
859.51	79.672
859.68	79.463
859.86	79.211
860.04	79.027
860.22	78.888
860.39	78.605
860.57	78.401
860.75	78.146
860.93	77.942
861.10	77.828
861.28	77.684
861.46	77.503
861.64	77.337
861.81	77.161
861.99	76.934
862.17	76.736
862.35	76.549
862.52	76.380
862.70	76.162
862.88	76.058
863.05	75.858
863.23	75.651
863.41	75.482
863.59	75.351
863.76	75.216
863.94	74.980
864.12	74.824
864.29	74.731
864.47	74.578
864.65	74.401
864.83	74.154
865.00	73.932
865.18	73.815
865.36	73.593
865.53	73.481
865.71	73.351
865.89	73.171
866.06	73.024
866.24	72.811
866.42	72.695
866.59	72.469
866.77	72.320
866.95	72.193
867.12	71.997
867.30	71.851
867.48	71.643
867.65	71.532
867.83	71.409
868.01	71.224
868.18	71.073
868.36	70.834
868.54	70.732
868.71	70.687
868.89	70.598
869.07	70.519
869.24	70.409
869.42	70.370
869.60	70.299
869.77	70.249
869.95	70.200
870.13	70.143
870.30	70.095
870.48	70.022
870.66	69.941
870.83	69.922
871.01	69.811
871.18	69.757
871.36	69.683
871.54	69.600
871.71	69.556
871.89	69.552
872.07	69.496
872.24	69.421
872.42	69.316
872.59	69.236
872.77	69.210
872.95	69.123
873.12	69.008
873.30	68.922
873.48	68.846
873.65	68.825
873.83	68.857
874.00	68.813
874.18	68.806
874.36	68.828
874.53	68.797
874.71	68.807
874.88	68.803
875.06	68.886
875.24	68.892
875.41	68.915
875.59	68.900
875.76	68.985
875.94	69.077
876.11	69.044
876.29	69.012
876.47	69.010
876.64	69.058
876.82	69.110
876.99	69.184
877.17	69.224
877.35	69.169
877.52	69.158
877.70	69.127
877.87	69.163
878.05	69.221
878.22	69.243
878.40	69.380
878.57	69.452
878.75	69.397
878.93	69.466
879.10	69.556
879.28	69.587
879.45	69.661
879.63	69.685
879.80	69.735
879.98	69.860
880.15	69.974
880.33	70.036
880.50	70.089
880.68	70.141
880.86	70.229
881.03	70.357
881.21	70.458
881.38	70.611
881.56	70.782
881.73	70.848
881.91	70.978
882.08	71.014
882.26	71.130
882.43	71.234
882.61	71.377
882.78	71.478
882.96	71.645
883.13	71.718
883.31	71.926
883.48	72.144
883.66	72.267
883.83	72.365
884.01	72.506
884.18	72.745
884.36	72.947
884.53	73.092
884.71	73.256
884.88	73.351
885.06	73.518
885.23	73.592
885.41	73.685
885.58	73.772
885.76	73.880
885.93	73.990
886.11	74.242
886.28	74.357
886.46	74.479
886.63	74.564
886.81	74.711
886.98	74.757
887.15	74.882
887.33	75.047
887.50	75.240
887.68	75.398
887.85	75.444
888.03	75.566
888.20	75.681
888.38	75.743
888.55	75.878
888.73	75.892
888.90	75.999
889.08	76.091
889.25	76.192
889.42	76.333
889.60	76.489
889.77	76.520
889.95	76.687
890.12	76.669
890.30	76.708
890.47	76.672
890.64	76.861
890.82	76.902
890.99	76.935
891.17	76.953
891.34	77.021
891.52	77.093
891.69	77.161
891.86	77.301
892.04	77.366
892.21	77.525
892.39	77.679
892.56	77.793
892.73	77.847
892.91	77.911
893.08	78.027
893.26	77.981
893.43	78.058
893.60	78.066
893.78	78.201
893.95	78.370
894.13	78.594
894.30	78.673
894.47	78.907
894.65	78.995
894.82	79.228
895.00	79.323
895.17	79.357
895.34	79.481
895.52	79.569
895.69	79.655
895.86	79.736
896.04	79.790
896.21	79.860
896.39	80.082
896.56	80.237
896.73	80.167
896.91	80.295
897.08	80.438
897.25	80.558
897.43	80.622
897.60	80.614
897.77	80.680
897.95	80.598
898.12	80.512
898.30	80.563
898.47	80.446
898.64	80.468
898.82	80.560
898.99	80.411
899.16	80.376
899.34	80.310
899.51	80.153
899.68	80.123
899.86	80.099
900.03	79.922
900.20	79.835
900.38	79.879
900.55	79.845
900.72	79.604
900.90	79.391
901.07	79.360
901.24	79.305
901.41	79.203
901.59	79.161
901.76	79.086
901.93	79.041
902.11	78.901
902.28	78.785
902.45	78.743
902.63	78.791
902.80	78.714
902.97	78.749
903.15	78.730
903.32	78.656
903.49	78.561
903.66	78.536
903.84	78.513
904.01	78.432
904.18	78.387
904.36	78.367
904.53	78.373
904.70	78.337
904.87	78.268
905.05	78.095
905.22	78.079
905.39	77.998
905.56	77.811
905.74	77.740
905.91	77.604
906.08	77.468
906.26	77.348
906.43	77.251
906.60	77.033
906.77	76.830
906.95	76.766
907.12	76.595
907.29	76.466
907.46	76.305
907.64	76.210
907.81	76.034
907.98	75.880
908.15	75.739
908.33	75.546
908.50	75.414
908.67	75.392
908.84	75.243
909.01	75.050
909.19	74.962
909.36	74.851
909.53	74.743
909.70	74.459
909.88	74.294
910.05	74.093
910.22	74.052
910.39	73.917
910.57	73.778
910.74	73.629
910.91	73.524
911.08	73.390
911.25	73.192
911.43	73.104
911.60	73.055
911.77	72.886
911.94	72.655
912.11	72.463
912.29	72.227
912.46	71.926
912.63	71.703
912.80	71.451
912.97	71.243
913.15	71.098
913.32	71.076
913.49	70.914
913.66	70.820
913.83	70.618
914.00	70.497
914.18	70.257
914.35	70.120
914.52	69.854
914.69	69.632
914.86	69.528
915.03	69.333
915.21	69.186
915.38	69.100
915.55	69.100
915.72	69.033
915.89	68.986
916.06	68.985
916.24	69.001
916.41	68.897
916.58	68.816
916.75	68.637
916.92	68.411
917.09	68.306
917.26	68.036
917.44	67.794
917.61	67.679
917.78	67.560
917.95	67.378
918.12	67.242
918.29	67.227
918.46	67.052
918.64	66.872
918.81	66.768
918.98	66.608
919.15	66.449
919.32	66.290
919.49	66.031
919.66	65.783
919.83	65.645
920.00	65.526
920.18	65.392
920.35	65.359
920.52	65.293
920.69	65.240
920.86	65.230
921.03	65.337
921.20	65.225
921.37	65.105
921.54	64.937
921.71	65.010
921.89	64.928
922.06	64.872
922.23	64.882
922.40	64.752
922.57	64.581
922.74	64.542
922.91	64.558
923.08	64.501
923.25	64.513
923.42	64.458
923.59	64.526
923.76	64.405
923.93	64.344
924.11	64.282
924.28	64.182
924.45	64.206
924.62	64.141
924.79	64.143
924.96	64.030
925.13	64.122
925.30	63.995
925.47	63.824
925.64	63.826
925.81	63.733
925.98	63.793
926.15	63.774
926.32	63.614
926.49	63.548
926.66	63.599
926.83	63.596
927.00	63.636
927.17	63.492
927.34	63.618
927.51	63.475
927.69	63.620
927.86	63.717
928.03	63.612
928.20	63.580
928.37	63.480
928.54	63.598
928.71	63.557
928.88	63.521
929.05	63.574
929.22	63.639
929.39	63.775
929.56	63.759
929.73	63.848
929.90	63.915
930.07	63.932
930.24	63.879
930.41	63.871
930.58	63.956
930.75	64.057
930.92	63.986
931.09	64.049
931.26	63.963
931.43	63.922
931.60	64.000
931.77	63.974
931.94	64.181
932.11	64.227
932.27	64.336
932.44	64.397
932.61	64.517
932.78	64.343
932.95	64.468
933.12	64.403
933.29	64.496
933.46	64.559
933.63	64.433
933.80	64.525
933.97	64.596
934.14	64.456
934.31	64.601
934.48	64.656
934.65	64.722
934.82	64.910
934.99	64.935
935.16	65.030
935.33	65.219
935.50	65.342
935.67	65.509
935.84	65.711
936.00	65.823
936.17	65.857
936.34	66.131
936.51	66.161
936.68	66.118
936.85	66.135
937.02	66.262
937.19	66.443
937.36	66.620
937.53	66.735
937.70	66.925
937.87	66.924
938.03	66.957
938.20	67.182
938.37	67.152
938.54	67.266
938.71	67.300
938.88	67.313
939.05	67.219
939.22	67.040
939.39	66.953
939.56	66.989
939.72	67.050
939.89	67.156
940.06	67.094
940.23	67.273
940.40	67.342
940.57	67.561
940.74	67.726
940.91	67.754
941.08	67.771
941.24	67.719
941.41	67.796
941.58	68.013
941.75	67.971
941.92	68.081
942.09	68.236
942.26	68.239
942.42	68.268
942.59	68.354
942.76	68.672
942.93	68.825
943.10	68.885
943.27	69.075
943.44	69.062
943.60	69.231
943.77	69.155
943.94	69.241
944.11	69.064
944.28	69.135
944.45	69.200
944.61	69.331
944.78	69.494
944.95	69.545
945.12	69.875
945.29	69.931
945.46	70.019
945.62	70.055
945.79	70.323
945.96	70.663
946.13	70.852
946.30	70.805
946.46	70.959
946.63	71.014
946.80	71.067
946.97	71.254
947.14	71.375
947.31	71.915
947.47	72.113
947.64	72.430
947.81	72.482
947.98	72.763
948.15	72.845
948.31	73.014
948.48	73.205
948.65	72.998
948.82	73.277
948.98	73.165
949.15	73.318
949.32	73.277
949.49	73.177
949.66	73.113
949.82	73.341
949.99	73.385
950.16	73.482
950.33	73.449
950.49	73.569
950.66	73.420
950.83	73.281
951.00	72.963
951.16	72.708
951.33	72.756
951.50	72.443
951.67	72.380
951.83	72.220
952.00	72.067
952.17	71.837
952.34	71.772
952.50	72.143
952.67	71.905
952.84	71.645
953.01	71.524
953.17	71.506
953.34	71.525
953.51	71.269
953.68	71.136
953.84	70.858
954.01	70.576
954.18	70.471
954.34	70.497
954.51	70.780
954.68	70.867
954.85	70.569
955.01	70.578
955.18	70.989
955.35	70.956
955.51	70.850
955.68	71.104
955.85	71.059
956.02	70.840
956.18	71.032
956.35	71.238
956.52	71.229
956.68	71.271
956.85	71.049
957.02	71.266
957.18	71.441
957.35	71.686
957.52	71.849
957.69	71.928
957.85	71.854
958.02	71.634
958.19	71.477
958.35	71.824
958.52	71.741
958.69	71.303
958.85	71.322
959.02	71.512
959.19	71.304
959.35	71.293
959.52	71.125
959.69	70.877
959.85	70.725
960.02	70.663
960.19	70.461
960.35	70.595
960.52	70.367
960.68	70.231
960.85	70.311
961.02	70.123
961.18	70.071
961.35	70.175
961.52	70.204
961.68	70.363
961.85	69.908
962.02	69.966
962.18	69.815
962.35	69.618
962.51	69.311
962.68	69.171
962.85	68.993
963.01	68.859
963.18	68.904
963.35	68.451
963.51	68.147
963.68	68.301
963.84	67.916
964.01	67.904
964.18	67.840
964.34	67.285
964.51	66.899
964.67	66.870
964.84	66.304
965.01	66.094
965.17	65.814
965.34	66.057
965.50	65.858
965.67	65.894
965.84	65.653
966.00	65.886
966.17	66.283
966.33	66.001
966.50	65.922
966.66	65.816
966.83	66.227
967.00	66.157
967.16	65.783
967.33	65.785
967.49	65.281
967.66	65.122
967.82	65.204
967.99	65.429
968.16	65.032
968.32	64.635
968.49	64.431
968.65	64.435
968.82	64.244
968.98	64.292
969.15	63.832
969.31	63.773
969.48	63.426
969.64	62.590
969.81	62.745
969.98	62.338
970.14	61.760
970.31	61.424
970.47	61.438
970.64	61.467
970.80	61.511
970.97	61.322
971.13	61.242
971.30	61.108
971.46	60.937
971.63	60.944
971.79	61.250
971.96	61.387
972.12	61.093
972.29	60.345
972.45	60.226
972.62	60.186
972.78	59.970
972.95	59.450
973.11	59.433
973.28	59.325
973.44	59.277
973.61	59.813
973.77	59.522
973.94	59.305
974.10	58.900
974.27	58.436
974.43	58.774
974.60	58.640
974.76	58.523
974.93	58.543
975.09	58.432
975.26	58.541
975.42	58.496
975.59	58.186
975.75	58.695
975.92	58.499
976.08	58.555
976.24	58.766
976.41	58.619
976.57	58.616
976.74	58.301
976.90	58.061
977.07	57.479
977.23	57.411
977.40	57.483
977.56	57.331
977.73	56.991
977.89	56.123
978.05	55.526
978.22	55.355
978.38	54.626
978.55	54.850
978.71	54.725
978.88	54.113
979.04	54.354
979.20	54.402
979.37	54.133
979.53	53.513
979.70	53.438
979.86	53.855
980.03	53.695
980.19	54.007
980.35	53.930
980.52	53.516
980.68	53.634
980.85	53.630
981.01	53.870
981.17	53.800
981.34	54.340
981.50	54.583
981.67	54.751
981.83	55.205
981.99	54.202
982.16	53.440
982.32	53.387
982.49	53.246
982.65	53.026
982.81	53.412
982.98	53.775
983.14	53.784
983.30	53.070
983.47	53.371
983.63	53.479
983.80	54.266
983.96	54.284
984.12	55.108
984.29	55.182
984.45	55.439
984.61	55.670
984.78	55.863
984.94	56.133
985.10	56.811
985.27	56.205
985.43	57.455
985.59	57.922
985.76	58.900
985.92	59.124
986.08	58.684
986.25	57.982
986.41	58.597
986.57	57.631
986.74	58.865
986.90	58.544
987.06	57.732
987.23	57.421
987.39	57.536
987.55	56.641
987.72	55.553
987.88	54.371
988.04	55.155
988.21	55.716
988.37	55.726
988.53	54.693
988.70	55.750
988.86	54.191
989.02	53.880
989.19	52.379
989.35	52.663
989.51	52.332
989.67	53.049
989.84	53.260
990.00	54.018
990.16	53.997
990.33	54.021
990.49	54.801
990.65	54.921
990.82	54.754
990.98	55.043
991.14	55.737
991.30	56.426
991.47	55.335
991.63	55.050
991.79	55.774
991.95	55.884
992.12	55.744
992.28	56.592
992.44	56.950
992.61	58.323
992.77	57.678
992.93	58.881
993.09	58.161
993.26	57.197
993.42	58.525
993.58	57.353
993.74	57.015
993.91	57.041
994.07	56.408
994.23	56.901
994.39	55.837
994.55	56.167
994.72	56.339
994.88	57.268
995.04	57.314
995.20	57.015
995.37	56.185
995.53	54.670
995.69	53.793
995.85	52.540
996.02	51.892
996.18	52.126
996.34	52.057
996.50	52.615
996.66	54.709
996.83	53.511
996.99	53.153
997.15	54.568
997.31	54.573
997.47	55.140
997.64	55.845
997.80	57.205
997.96	56.443
998.12	56.598
998.28	56.458
998.45	56.362
998.61	56.454
998.77	57.258
998.93	59.346
999.09	61.303
999.25	63.546
999.42	65.617
999.58	65.531
999.74	64.647
999.90	64.325
1000.06	62.533
1000.22	63.128
1000.39	64.247
1000.55	63.296
1000.71	62.086
1000.87	61.557
1001.03	60.893
1001.19	61.497
1001.36	63.198
1001.52	61.959
1001.68	61.805
1001.84	63.881
1002.00	62.133
1002.16	62.594
1002.32	61.564
1002.49	60.414
1002.65	60.275
1002.81	58.726
1002.97	59.088
1003.13	58.006
1003.29	58.682
1003.45	58.663
1003.62	58.588
1003.78	59.068
1003.94	58.807
1004.10	57.923
1004.26	57.900
1004.42	59.071
1004.58	59.048
1004.74	57.894
1004.90	60.670
1005.07	61.189
1005.23	57.393
1005.39	60.129
1005.55	60.067
1005.71	59.246
1005.87	59.338
1006.03	58.569
1006.19	57.031
1006.35	55.448
1006.51	58.465
1006.67	58.718
1006.84	59.068
1007.00	58.489
1007.16	57.585
1007.32	56.155
1007.48	56.503
1007.64	58.838
1007.80	57.268
1007.96	55.566
1008.12	56.670
1008.28	56.077
1008.44	57.305
1008.60	58.543
1008.76	54.768
1008.92	52.587
1009.09	52.897
1009.25	53.625
1009.41	54.752
1009.57	55.201
1009.73	56.101
1009.89	55.066
1010.05	54.832
1010.21	56.152
1010.37	55.315
1010.53	58.166
1010.69	62.419
1010.85	65.092
1011.01	60.926
1011.17	60.523
1011.33	62.697
1011.49	63.215
1011.65	61.890
1011.81	59.410
1011.97	59.273
1012.13	64.018
1012.29	69.670
1012.45	69.084
1012.61	71.851
1012.77	67.786
1012.93	67.294
1013.09	66.731
1013.25	69.130
1013.41	72.198
1013.57	66.933
1013.73	68.016
1013.89	61.072
1014.05	59.296
1014.21	54.364
1014.37	55.477
1014.53	55.460
1014.69	56.747
1014.85	55.503
1015.01	55.132
1015.17	59.783
1015.33	62.179
1015.49	58.607
1015.65	55.338
1015.81	58.778
1015.97	57.283
1016.13	58.087
1016.29	62.480
1016.45	64.477
1016.61	61.348
1016.77	55.211
1016.93	57.412
1017.09	56.451
1017.25	56.845
1017.41	59.004
1017.56	62.703
1017.72	70.547
1017.88	71.694
1018.04	70.732
1018.20	70.888
1018.36	67.598
1018.52	61.299
1018.68	60.088
1018.84	59.420
1019.00	61.104
1019.16	60.945
1019.32	59.980
1019.48	64.328
1019.64	59.758
1019.79	57.197
1019.95	55.936
1020.11	64.730
1020.27	62.149
1020.43	68.698
1020.59	81.485
1020.75	76.433
1020.91	78.484
1021.07	69.945
1021.23	68.506
1021.39	62.093
1021.54	66.204
1021.70	68.421
1021.86	71.689
1022.02	71.267
1022.18	70.569
1022.34	74.030
1022.50	76.770
1022.66	73.801
1022.82	72.919
1022.97	73.084
1023.13	77.668
1023.29	75.769
1023.45	70.029
1023.61	73.096
1023.77	66.942
1023.93	61.399
1024.08	64.243
1024.24	69.719
1024.40	65.401
1024.56	75.280
1024.72	74.807
1024.88	66.142
1025.04	73.504
1025.19	71.419
1025.35	68.523
1025.51	73.235
1025.67	73.888
1025.83	56.639
1025.99	68.706
1026.14	66.709
1026.30	78.405
1026.46	76.820
1026.62	79.648
1026.78	75.430
1026.94	76.235
1027.09	72.222
1027.25	65.016
1027.41	66.366
1027.57	57.303
1027.73	53.982
1027.89	50.519
1028.04	57.483
1028.20	55.594
1028.36	54.974
1028.52	54.670
1028.68	52.818
1028.83	55.763
1028.99	57.785
1029.15	60.936
1029.31	54.095
1029.47	53.777
1029.62	49.699
1029.78	44.677
1029.94	48.489
1030.10	45.722
1030.25	41.173
1030.41	43.326
1030.57	48.047
1030.73	52.487
1030.89	57.219
1031.04	67.647
1031.20	64.259
1031.36	62.951
1031.52	60.153
1031.67	50.000
1031.83	52.740
1031.99	65.798
1032.15	61.281
1032.30	50.172
1032.46	54.364
1032.62	69.111
1032.78	64.810
1032.93	88.319
1033.09	84.901
1033.25	64.581
1033.41	65.361
1033.56	59.077
1033.72	164.706
1033.88	121.429
1034.04	6.329
1034.19	212.727
1034.35	29.054
1034.51	-113.043
1034.66	33.333
1034.82	3950.000
1034.98	3950.000
1035.14	3950.000
