345.22	54.106
345.43	54.106
345.65	54.106
345.86	30.000
346.08	160.227
346.29	38.406
346.51	2.703
346.72	27.273
346.94	107.692
347.15	-117.204
347.37	113.402
347.58	149.480
347.80	189.770
348.01	151.232
348.23	108.606
348.44	97.569
348.66	99.387
348.87	108.588
349.09	94.453
349.30	85.513
349.52	72.941
349.73	78.728
349.95	74.337
350.16	78.252
350.38	78.583
350.59	73.358
350.81	71.615
351.02	73.595
351.24	72.737
351.45	71.977
351.67	74.619
351.88	74.243
352.10	70.206
352.31	68.387
352.53	70.681
352.74	73.209
352.96	74.473
353.17	70.446
353.39	68.203
353.60	73.684
353.82	77.976
354.03	83.616
354.25	76.421
354.46	72.582
354.67	68.325
354.89	63.902
355.10	67.244
355.32	65.167
355.53	64.822
355.75	69.520
355.96	70.296
356.18	68.736
356.39	68.228
356.61	74.328
356.82	69.601
357.04	68.717
357.25	65.294
357.46	66.062
357.68	67.572
357.89	64.916
358.11	63.348
358.32	62.948
358.54	59.763
358.75	62.542
358.97	66.850
359.18	73.275
359.40	72.809
359.61	74.659
359.82	74.293
360.04	73.152
360.25	68.215
360.47	64.306
360.68	64.554
360.90	63.676
361.11	60.024
361.32	62.124
361.54	64.438
361.75	67.384
361.97	68.699
362.18	70.714
362.40	74.726
362.61	75.285
362.83	74.738
363.04	76.201
363.25	77.192
363.47	75.559
363.68	72.780
363.90	80.087
364.11	77.849
364.32	81.120
364.54	80.163
364.75	78.357
364.97	82.427
365.18	83.321
365.40	82.843
365.61	82.317
365.82	83.677
366.04	84.052
366.25	81.479
366.47	79.801
366.68	77.262
366.89	77.020
367.11	76.906
367.32	78.412
367.54	75.952
367.75	75.179
367.96	77.621
368.18	76.367
368.39	71.881
368.61	73.117
368.82	76.421
369.03	77.513
369.25	82.950
369.46	85.638
369.68	85.066
369.89	87.023
370.10	87.414
370.32	89.240
370.53	87.127
370.75	83.479
370.96	83.103
371.17	82.702
371.39	80.599
371.60	78.361
371.81	78.323
372.03	79.232
372.24	80.179
372.46	85.456
372.67	86.763
372.88	85.490
373.10	83.447
373.31	78.552
373.52	79.896
373.74	78.207
373.95	72.463
374.17	72.974
374.38	75.940
374.59	73.433
374.81	69.866
375.02	71.740
375.23	74.034
375.45	74.131
375.66	73.574
375.87	73.702
376.09	75.951
376.30	75.934
376.52	78.990
376.73	75.332
376.94	71.228
377.16	71.827
377.37	78.776
377.58	80.526
377.80	83.290
378.01	85.814
378.22	85.688
378.44	90.589
378.65	92.177
378.86	91.619
379.08	94.170
379.29	94.971
379.50	96.518
379.72	96.675
379.93	99.141
380.14	102.086
380.36	103.234
380.57	104.253
380.78	105.173
381.00	105.656
381.21	107.162
381.42	107.928
381.64	107.160
381.85	105.505
382.06	106.354
382.28	106.539
382.49	106.096
382.70	107.023
382.92	107.587
383.13	107.728
383.34	109.055
383.56	109.934
383.77	111.998
383.98	111.689
384.20	113.016
384.41	113.606
384.62	114.209
384.83	115.621
385.05	116.114
385.26	117.315
385.47	118.497
385.69	119.432
385.90	120.290
386.11	121.387
386.33	122.153
386.54	122.129
386.75	122.184
386.97	122.730
387.18	123.444
387.39	123.689
387.60	123.724
387.82	123.411
388.03	123.292
388.24	123.214
388.46	123.201
388.67	123.086
388.88	122.686
389.09	122.048
389.31	121.386
389.52	120.789
389.73	119.919
389.95	119.168
390.16	118.562
390.37	118.132
390.58	117.836
390.80	117.342
391.01	117.360
391.22	117.284
391.44	116.906
391.65	116.596
391.86	116.411
392.07	116.552
392.29	116.692
392.50	116.881
392.71	117.108
392.92	117.601
393.14	117.896
393.35	118.331
393.56	118.934
393.78	119.534
393.99	120.331
394.20	121.217
394.41	121.887
394.63	122.602
394.84	123.289
395.05	124.090
395.26	124.756
395.48	125.358
395.69	125.877
395.90	126.471
396.11	126.953
396.33	127.409
396.54	127.846
396.75	128.125
396.96	128.328
397.18	128.390
397.39	128.265
397.60	128.181
397.81	128.053
398.03	127.700
398.24	127.205
398.45	126.650
398.66	126.025
398.87	125.376
399.09	124.669
399.30	123.889
399.51	122.910
399.72	122.181
399.94	121.364
400.15	120.596
400.36	119.814
400.57	119.087
400.79	118.370
401.00	117.698
401.21	117.108
401.42	116.659
401.63	116.191
401.85	115.953
402.06	115.850
402.27	115.675
402.48	115.778
402.69	115.963
402.91	116.162
403.12	116.459
403.33	116.972
403.54	117.557
403.76	118.074
403.97	118.757
404.18	119.468
404.39	120.212
404.60	120.959
404.82	121.764
405.03	122.598
405.24	123.403
405.45	124.120
405.66	124.875
405.88	125.527
406.09	126.093
406.30	126.564
406.51	126.756
406.72	127.114
406.94	127.242
407.15	127.274
407.36	127.360
407.57	127.267
407.78	127.026
407.99	126.626
408.21	126.217
408.42	125.735
408.63	125.191
408.84	124.492
409.05	123.722
409.27	122.911
409.48	121.956
409.69	121.050
409.90	120.157
410.11	119.256
410.32	118.375
410.54	117.541
410.75	116.615
410.96	115.839
411.17	115.032
411.38	114.391
411.59	113.839
411.81	113.294
412.02	112.820
412.23	112.473
412.44	112.263
412.65	112.195
412.86	112.221
413.08	112.275
413.29	112.427
413.50	112.807
413.71	113.291
413.92	113.811
414.13	114.360
414.34	114.968
414.56	115.451
414.77	116.062
414.98	116.722
415.19	117.520
415.40	118.314
415.61	119.087
415.82	119.779
416.04	120.515
416.25	121.125
416.46	121.746
416.67	122.379
416.88	122.857
417.09	123.313
417.30	123.635
417.52	123.870
417.73	123.990
417.94	124.059
418.15	123.987
418.36	123.805
418.57	123.481
418.78	123.110
418.99	122.811
419.21	122.381
419.42	121.867
419.63	121.275
419.84	120.628
420.05	119.890
420.26	119.085
420.47	118.192
420.68	117.369
420.89	116.550
421.11	115.657
421.32	114.842
421.53	113.976
421.74	113.180
421.95	112.512
422.16	111.953
422.37	111.381
422.58	110.775
422.79	110.349
423.01	110.074
423.22	109.802
423.43	109.637
423.64	109.558
423.85	109.603
424.06	109.736
424.27	109.983
424.48	110.298
424.69	110.814
424.90	111.355
425.11	111.927
425.33	112.593
425.54	113.275
425.75	114.009
425.96	114.751
426.17	115.524
426.38	116.304
426.59	117.070
426.80	117.834
427.01	118.594
427.22	119.365
427.43	120.138
427.64	120.801
427.85	121.414
428.07	121.950
428.28	122.360
428.49	122.682
428.70	122.965
428.91	123.255
429.12	123.323
429.33	123.393
429.54	123.401
429.75	123.238
429.96	123.068
430.17	122.759
430.38	122.395
430.59	121.922
430.80	121.349
431.01	120.675
431.22	120.050
431.44	119.370
431.65	118.591
431.86	117.768
432.07	116.987
432.28	116.165
432.49	115.354
432.70	114.552
432.91	113.781
433.12	112.951
433.33	112.102
433.54	111.471
433.75	110.776
433.96	110.214
434.17	109.654
434.38	109.148
434.59	108.784
434.80	108.504
435.01	108.349
435.22	108.283
435.43	108.351
435.64	108.392
435.85	108.572
436.06	108.853
436.27	109.245
436.48	109.660
436.69	110.134
436.90	110.702
437.11	111.317
437.33	111.988
437.54	112.762
437.75	113.577
437.96	114.310
438.17	115.100
438.38	115.765
438.59	116.539
438.80	117.262
439.01	118.013
439.22	118.767
439.43	119.308
439.64	119.823
439.85	120.330
440.06	120.779
440.27	121.132
440.48	121.387
440.69	121.522
440.90	121.672
441.11	121.754
441.32	121.711
441.53	121.582
441.74	121.339
441.95	121.074
442.16	120.703
442.37	120.243
442.58	119.734
442.79	119.208
443.00	118.591
443.21	117.939
443.42	117.172
443.62	116.249
443.83	115.550
444.04	114.755
444.25	113.920
444.46	113.085
444.67	112.258
444.88	111.468
445.09	110.648
445.30	109.821
445.51	109.042
445.72	108.267
445.93	107.640
446.14	107.074
446.35	106.486
446.56	105.994
446.77	105.574
446.98	105.267
447.19	104.994
447.40	104.822
447.61	104.699
447.82	104.691
448.03	104.849
448.24	104.970
448.45	105.183
448.66	105.503
448.87	105.839
449.08	106.277
449.29	106.747
449.49	107.276
449.70	107.864
449.91	108.466
450.12	109.145
450.33	109.795
450.54	110.468
450.75	111.151
450.96	111.826
451.17	112.495
451.38	113.098
451.59	113.727
451.80	114.308
452.01	114.837
452.22	115.358
452.43	115.814
452.64	116.208
452.84	116.561
453.05	116.805
453.26	117.027
453.47	117.107
453.68	117.164
453.89	117.154
454.10	117.037
454.31	116.920
454.52	116.667
454.73	116.369
454.94	115.944
455.15	115.470
455.36	114.907
455.56	114.314
455.77	113.685
455.98	113.023
456.19	112.323
456.40	111.574
456.61	110.835
456.82	109.968
457.03	109.121
457.24	108.309
457.45	107.486
457.65	106.634
457.86	105.874
458.07	105.103
458.28	104.333
458.49	103.600
458.70	102.888
458.91	102.251
459.12	101.650
459.33	101.112
459.54	100.626
459.74	100.267
459.95	99.901
460.16	99.661
460.37	99.534
460.58	99.452
460.79	99.444
461.00	99.454
461.21	99.569
461.41	99.730
461.62	99.970
461.83	100.324
462.04	100.732
462.25	101.119
462.46	101.595
462.67	102.178
462.88	102.793
463.08	103.417
463.29	104.031
463.50	104.656
463.71	105.343
463.92	106.079
464.13	106.706
464.34	107.364
464.54	108.003
464.75	108.608
464.96	109.152
465.17	109.663
465.38	110.111
465.59	110.625
465.80	111.091
466.00	111.418
466.21	111.705
466.42	111.937
466.63	112.122
466.84	112.230
467.05	112.242
467.26	112.182
467.46	112.015
467.67	111.840
467.88	111.609
468.09	111.276
468.30	110.912
468.51	110.475
468.71	110.018
468.92	109.484
469.13	108.863
469.34	108.257
469.55	107.592
469.76	106.916
469.96	106.155
470.17	105.347
470.38	104.603
470.59	103.791
470.80	102.994
471.00	102.253
471.21	101.495
471.42	100.734
471.63	100.029
471.84	99.345
472.05	98.679
472.25	98.053
472.46	97.509
472.67	96.917
472.88	96.459
473.09	95.971
473.29	95.561
473.50	95.260
473.71	94.976
473.92	94.753
474.13	94.619
474.33	94.542
474.54	94.561
474.75	94.592
474.96	94.690
475.17	94.818
475.37	94.995
475.58	95.264
475.79	95.601
476.00	95.954
476.21	96.397
476.41	96.855
476.62	97.359
476.83	97.862
477.04	98.432
477.24	98.987
477.45	99.603
477.66	100.206
477.87	100.744
478.08	101.332
478.28	101.913
478.49	102.491
478.70	103.058
478.91	103.589
479.11	104.086
479.32	104.570
479.53	105.007
479.74	105.448
479.94	105.811
480.15	106.083
480.36	106.334
480.57	106.513
480.78	106.681
480.98	106.720
481.19	106.729
481.40	106.702
481.61	106.645
481.81	106.487
482.02	106.274
482.23	106.077
482.44	105.765
482.64	105.428
482.85	105.003
483.06	104.519
483.27	104.003
483.47	103.498
483.68	102.927
483.89	102.322
484.10	101.684
484.30	101.003
484.51	100.312
484.72	99.625
484.92	98.883
485.13	98.168
485.34	97.471
485.55	96.754
485.75	96.045
485.96	95.336
486.17	94.672
486.38	94.045
486.58	93.399
486.79	92.822
487.00	92.256
487.20	91.741
487.41	91.296
487.62	90.898
487.83	90.509
488.03	90.180
488.24	89.926
488.45	89.671
488.65	89.482
488.86	89.345
489.07	89.247
489.28	89.233
489.48	89.285
489.69	89.419
489.90	89.581
490.10	89.796
490.31	90.044
490.52	90.327
490.73	90.634
490.93	91.004
491.14	91.406
491.35	91.861
491.55	92.329
491.76	92.812
491.97	93.310
492.17	93.790
492.38	94.316
492.59	94.836
492.79	95.371
493.00	95.938
493.21	96.496
493.41	97.019
493.62	97.551
493.83	98.020
494.04	98.451
494.24	98.868
494.45	99.272
494.66	99.617
494.86	99.970
495.07	100.256
495.28	100.527
495.48	100.729
495.69	100.864
495.90	100.989
496.10	101.064
496.31	101.065
496.52	101.034
496.72	100.972
496.93	100.880
497.14	100.737
497.34	100.493
497.55	100.231
497.76	99.941
497.96	99.589
498.17	99.228
498.37	98.806
498.58	98.339
498.79	97.809
498.99	97.298
499.20	96.738
499.41	96.156
499.61	95.527
499.82	94.906
500.03	94.267
500.23	93.611
500.44	92.948
500.65	92.299
500.85	91.653
501.06	90.989
501.26	90.322
501.47	89.675
501.68	89.071
501.88	88.484
502.09	87.900
502.30	87.345
502.50	86.817
502.71	86.343
502.91	85.886
503.12	85.486
503.33	85.094
503.53	84.770
503.74	84.486
503.95	84.263
504.15	84.062
504.36	83.909
504.56	83.817
504.77	83.738
504.98	83.707
505.18	83.757
505.39	83.826
505.59	83.945
505.80	84.109
506.01	84.308
506.21	84.538
506.42	84.835
506.62	85.147
506.83	85.446
507.04	85.801
507.24	86.219
507.45	86.637
507.65	87.082
507.86	87.514
508.07	87.972
508.27	88.430
508.48	88.913
508.68	89.411
508.89	89.871
509.10	90.362
509.30	90.814
509.51	91.246
509.71	91.685
509.92	92.103
510.12	92.488
510.33	92.856
510.54	93.200
510.74	93.518
510.95	93.806
511.15	94.100
511.36	94.337
511.56	94.529
511.77	94.683
511.98	94.820
512.18	94.913
512.39	94.977
512.59	94.988
512.80	94.929
513.00	94.846
513.21	94.730
513.42	94.573
513.62	94.391
513.83	94.166
514.03	93.875
514.24	93.556
514.44	93.202
514.65	92.831
514.85	92.420
515.06	91.974
515.26	91.499
515.47	91.007
515.68	90.482
515.88	89.948
516.09	89.389
516.29	88.813
516.50	88.230
516.70	87.627
516.91	87.016
517.11	86.444
517.32	85.854
517.52	85.274
517.73	84.704
517.93	84.132
518.14	83.569
518.34	83.025
518.55	82.507
518.76	82.017
518.96	81.537
519.17	81.082
519.37	80.663
519.58	80.266
519.78	79.881
519.99	79.547
520.19	79.228
520.40	78.974
520.60	78.754
520.81	78.549
521.01	78.380
521.22	78.268
521.42	78.180
521.63	78.134
521.83	78.122
522.04	78.151
522.24	78.236
522.45	78.356
522.65	78.526
522.86	78.719
523.06	78.941
523.27	79.195
523.47	79.481
523.68	79.773
523.88	80.115
524.09	80.467
524.29	80.842
524.50	81.254
524.70	81.652
524.91	82.064
525.11	82.511
525.32	82.984
525.52	83.452
525.72	83.931
525.93	84.392
526.13	84.848
526.34	85.287
526.54	85.732
526.75	86.161
526.95	86.576
527.16	86.950
527.36	87.316
527.57	87.669
527.77	87.994
527.98	88.317
528.18	88.606
528.39	88.862
528.59	89.109
528.79	89.304
529.00	89.511
529.20	89.663
529.41	89.798
529.61	89.875
529.82	89.903
530.02	89.886
530.23	89.874
530.43	89.819
530.64	89.744
530.84	89.609
531.04	89.428
531.25	89.244
531.45	89.054
531.66	88.838
531.86	88.568
532.07	88.266
532.27	87.933
532.47	87.574
532.68	87.224
532.88	86.843
533.09	86.428
533.29	85.955
533.50	85.505
533.70	85.008
533.90	84.516
534.11	84.025
534.31	83.532
534.52	83.010
534.72	82.516
534.93	82.011
535.13	81.499
535.33	81.021
535.54	80.511
535.74	80.019
535.95	79.523
536.15	79.061
536.35	78.618
536.56	78.196
536.76	77.762
536.97	77.371
537.17	76.983
537.37	76.634
537.58	76.323
537.78	76.005
537.99	75.744
538.19	75.489
538.39	75.282
538.60	75.119
538.80	74.992
539.01	74.873
539.21	74.782
539.41	74.749
539.62	74.722
539.82	74.747
540.03	74.795
540.23	74.881
540.43	74.996
540.64	75.161
540.84	75.324
541.04	75.554
541.25	75.804
541.45	76.072
541.66	76.354
541.86	76.675
542.06	77.040
542.27	77.407
542.47	77.810
542.67	78.198
542.88	78.592
543.08	79.024
543.28	79.454
543.49	79.882
543.69	80.323
543.90	80.784
544.10	81.228
544.30	81.707
544.51	82.165
544.71	82.628
544.91	83.053
545.12	83.490
545.32	83.922
545.52	84.311
545.73	84.709
545.93	85.094
546.13	85.421
546.34	85.738
546.54	86.038
546.74	86.324
546.95	86.606
547.15	86.842
547.35	87.024
547.56	87.224
547.76	87.424
547.96	87.555
548.17	87.680
548.37	87.788
548.57	87.809
548.78	87.810
548.98	87.797
549.18	87.739
549.39	87.659
549.59	87.543
549.79	87.415
550.00	87.266
550.20	87.098
550.40	86.909
550.61	86.683
550.81	86.426
551.01	86.127
551.22	85.816
551.42	85.493
551.62	85.157
551.82	84.782
552.03	84.394
552.23	84.003
552.43	83.584
552.64	83.144
552.84	82.714
553.04	82.278
553.25	81.830
553.45	81.370
553.65	80.904
553.85	80.462
554.06	80.015
554.26	79.532
554.46	79.067
554.67	78.615
554.87	78.169
555.07	77.750
555.27	77.345
555.48	76.938
555.68	76.564
555.88	76.195
556.09	75.848
556.29	75.502
556.49	75.181
556.69	74.876
556.90	74.601
557.10	74.353
557.30	74.142
557.50	73.913
557.71	73.758
557.91	73.637
558.11	73.520
558.31	73.430
558.52	73.374
558.72	73.362
558.92	73.371
559.13	73.408
559.33	73.462
559.53	73.535
559.73	73.664
559.94	73.795
560.14	73.957
560.34	74.127
560.54	74.335
560.75	74.585
560.95	74.834
561.15	75.133
561.35	75.439
561.55	75.749
561.76	76.097
561.96	76.426
562.16	76.797
562.36	77.175
562.57	77.578
562.77	77.991
562.97	78.398
563.17	78.787
563.38	79.196
563.58	79.630
563.78	80.055
563.98	80.454
564.18	80.863
564.39	81.291
564.59	81.713
564.79	82.110
564.99	82.494
565.20	82.862
565.40	83.188
565.60	83.519
565.80	83.861
566.00	84.179
566.21	84.474
566.41	84.713
566.61	84.962
566.81	85.191
567.01	85.405
567.22	85.589
567.42	85.770
567.62	85.909
567.82	86.022
568.02	86.110
568.23	86.203
568.43	86.262
568.63	86.281
568.83	86.271
569.03	86.244
569.24	86.190
569.44	86.125
569.64	86.059
569.84	85.951
570.04	85.799
570.24	85.624
570.45	85.435
570.65	85.242
570.85	85.030
571.05	84.779
571.25	84.496
571.45	84.195
571.66	83.897
571.86	83.567
572.06	83.218
572.26	82.869
572.46	82.509
572.66	82.135
572.87	81.731
573.07	81.339
573.27	80.937
573.47	80.523
573.67	80.102
573.87	79.661
574.08	79.231
574.28	78.808
574.48	78.385
574.68	77.973
574.88	77.563
575.08	77.121
575.28	76.697
575.49	76.306
575.69	75.928
575.89	75.538
576.09	75.197
576.29	74.847
576.49	74.521
576.69	74.189
576.90	73.885
577.10	73.602
577.30	73.330
577.50	73.083
577.70	72.850
577.90	72.649
578.10	72.482
578.30	72.340
578.51	72.204
578.71	72.114
578.91	72.041
579.11	71.975
579.31	71.935
579.51	71.939
579.71	71.955
579.91	71.987
580.12	72.056
580.32	72.128
580.52	72.246
580.72	72.370
580.92	72.521
581.12	72.688
581.32	72.892
581.52	73.127
581.72	73.367
581.92	73.642
582.13	73.928
582.33	74.199
582.53	74.485
582.73	74.797
582.93	75.126
583.13	75.455
583.33	75.824
583.53	76.216
583.73	76.590
583.93	76.990
584.13	77.382
584.34	77.805
584.54	78.193
584.74	78.573
584.94	78.975
585.14	79.371
585.34	79.764
585.54	80.122
585.74	80.474
585.94	80.840
586.14	81.214
586.34	81.563
586.54	81.915
586.74	82.265
586.94	82.599
587.15	82.938
587.35	83.245
587.55	83.523
587.75	83.788
587.95	84.026
588.15	84.234
588.35	84.426
588.55	84.611
588.75	84.811
588.95	84.968
589.15	85.115
589.35	85.240
589.55	85.354
589.75	85.466
589.95	85.540
590.15	85.578
590.35	85.582
590.55	85.585
590.75	85.564
590.95	85.515
591.15	85.443
591.35	85.333
591.56	85.198
591.76	85.059
591.96	84.894
592.16	84.727
592.36	84.532
592.56	84.341
592.76	84.090
592.96	83.836
593.16	83.570
593.36	83.287
593.56	83.002
593.76	82.687
593.96	82.353
594.16	82.015
594.36	81.698
594.56	81.346
594.76	80.983
594.96	80.623
595.16	80.243
595.36	79.869
595.56	79.464
595.76	79.085
595.96	78.679
596.16	78.287
596.36	77.894
596.56	77.525
596.76	77.137
596.96	76.770
597.16	76.400
597.36	76.043
597.56	75.677
597.76	75.315
597.96	74.971
598.16	74.649
598.36	74.333
598.56	74.016
598.76	73.726
598.96	73.440
599.16	73.178
599.36	72.944
599.56	72.719
599.76	72.516
599.96	72.327
600.15	72.161
600.35	72.020
600.55	71.904
600.75	71.774
600.95	71.685
601.15	71.588
601.35	71.517
601.55	71.475
601.75	71.473
601.95	71.470
602.15	71.497
602.35	71.528
602.55	71.598
602.75	71.675
602.95	71.781
603.15	71.899
603.35	72.057
603.55	72.207
603.75	72.377
603.95	72.559
604.15	72.756
604.35	72.994
604.54	73.215
604.74	73.481
604.94	73.746
605.14	74.037
605.34	74.345
605.54	74.665
605.74	75.005
605.94	75.320
606.14	75.669
606.34	76.030
606.54	76.390
606.74	76.764
606.94	77.141
607.14	77.512
607.33	77.921
607.53	78.298
607.73	78.673
607.93	79.031
608.13	79.414
608.33	79.787
608.53	80.127
608.73	80.496
608.93	80.825
609.13	81.163
609.33	81.479
609.52	81.800
609.72	82.104
609.92	82.377
610.12	82.652
610.32	82.934
610.52	83.210
610.72	83.462
610.92	83.684
611.12	83.896
611.31	84.102
611.51	84.270
611.71	84.418
611.91	84.592
612.11	84.760
612.31	84.907
612.51	85.024
612.71	85.140
612.91	85.200
613.10	85.257
613.30	85.338
613.50	85.367
613.70	85.391
613.90	85.383
614.10	85.365
614.30	85.329
614.50	85.259
614.69	85.145
614.89	85.043
615.09	84.924
615.29	84.786
615.49	84.615
615.69	84.456
615.89	84.282
616.08	84.087
616.28	83.854
616.48	83.614
616.68	83.369
616.88	83.109
617.08	82.852
617.27	82.585
617.47	82.269
617.67	81.969
617.87	81.646
618.07	81.330
618.27	81.011
618.47	80.684
618.66	80.335
618.86	80.002
619.06	79.655
619.26	79.311
619.46	78.970
619.66	78.626
619.85	78.254
620.05	77.886
620.25	77.513
620.45	77.183
620.65	76.819
620.84	76.481
621.04	76.135
621.24	75.818
621.44	75.478
621.64	75.142
621.84	74.828
622.03	74.521
622.23	74.230
622.43	73.930
622.63	73.648
622.83	73.399
623.02	73.152
623.22	72.924
623.42	72.694
623.62	72.494
623.82	72.320
624.01	72.146
624.21	71.991
624.41	71.856
624.61	71.726
624.81	71.622
625.00	71.525
625.20	71.446
625.40	71.385
625.60	71.349
625.79	71.347
625.99	71.366
626.19	71.376
626.39	71.419
626.59	71.483
626.78	71.583
626.98	71.679
627.18	71.779
627.38	71.904
627.57	72.070
627.77	72.220
627.97	72.386
628.17	72.587
628.37	72.797
628.56	73.027
628.76	73.265
628.96	73.518
629.16	73.768
629.35	74.079
629.55	74.377
629.75	74.682
629.95	74.997
630.14	75.319
630.34	75.659
630.54	75.997
630.74	76.335
630.93	76.672
631.13	77.015
631.33	77.361
631.53	77.686
631.72	78.032
631.92	78.384
632.12	78.749
632.31	79.090
632.51	79.461
632.71	79.821
632.91	80.165
633.10	80.514
633.30	80.865
633.50	81.175
633.70	81.497
633.89	81.828
634.09	82.170
634.29	82.468
634.48	82.757
634.68	83.047
634.88	83.348
635.08	83.628
635.27	83.901
635.47	84.171
635.67	84.437
635.86	84.689
636.06	84.917
636.26	85.119
636.46	85.323
636.65	85.507
636.85	85.686
637.05	85.842
637.24	85.981
637.44	86.124
637.64	86.234
637.83	86.346
638.03	86.431
638.23	86.469
638.43	86.513
638.62	86.537
638.82	86.533
639.02	86.501
639.21	86.469
639.41	86.424
639.61	86.386
639.80	86.308
640.00	86.210
640.20	86.139
640.39	86.040
640.59	85.917
640.79	85.785
640.98	85.622
641.18	85.465
641.38	85.295
641.57	85.096
641.77	84.901
641.97	84.664
642.16	84.431
642.36	84.191
642.56	83.938
642.75	83.709
642.95	83.442
643.15	83.195
643.34	82.939
643.54	82.651
643.74	82.344
643.93	82.056
644.13	81.735
644.33	81.395
644.52	81.072
644.72	80.756
644.91	80.424
645.11	80.080
645.31	79.730
645.50	79.398
645.70	79.071
645.90	78.756
646.09	78.442
646.29	78.113
646.48	77.790
646.68	77.467
646.88	77.125
647.07	76.823
647.27	76.490
647.47	76.162
647.66	75.864
647.86	75.567
648.05	75.288
648.25	75.017
648.45	74.760
648.64	74.484
648.84	74.249
649.04	74.002
649.23	73.794
649.43	73.605
649.62	73.407
649.82	73.222
650.02	73.022
650.21	72.867
650.41	72.732
650.60	72.613
650.80	72.525
651.00	72.443
651.19	72.364
651.39	72.309
651.58	72.257
651.78	72.234
651.97	72.235
652.17	72.244
652.37	72.263
652.56	72.308
652.76	72.376
652.95	72.436
653.15	72.568
653.35	72.668
653.54	72.781
653.74	72.900
653.93	73.041
654.13	73.216
654.32	73.363
654.52	73.515
654.72	73.714
654.91	73.910
655.11	74.134
655.30	74.380
655.50	74.637
655.69	74.902
655.89	75.166
656.08	75.432
656.28	75.723
656.48	76.002
656.67	76.282
656.87	76.575
657.06	76.868
657.26	77.124
657.45	77.435
657.65	77.755
657.84	78.091
658.04	78.423
658.23	78.754
658.43	79.112
658.62	79.484
658.82	79.813
659.02	80.142
659.21	80.498
659.41	80.821
659.60	81.153
659.80	81.493
659.99	81.845
660.19	82.166
660.38	82.494
660.58	82.818
660.77	83.141
660.97	83.444
661.16	83.747
661.36	84.040
661.55	84.331
661.75	84.609
661.94	84.881
662.14	85.149
662.33	85.413
662.53	85.650
662.72	85.881
662.92	86.098
663.11	86.325
663.31	86.520
663.50	86.707
663.70	86.891
663.89	87.078
664.09	87.213
664.28	87.387
664.48	87.517
664.67	87.670
664.87	87.779
665.06	87.891
665.26	87.995
665.45	88.086
665.65	88.136
665.84	88.183
666.04	88.214
666.23	88.203
666.43	88.196
666.62	88.185
666.82	88.137
667.01	88.112
667.21	88.059
667.40	87.972
667.59	87.910
667.79	87.813
667.98	87.663
668.18	87.531
668.37	87.356
668.57	87.196
668.76	87.034
668.96	86.853
669.15	86.665
669.35	86.464
669.54	86.247
669.73	86.044
669.93	85.829
670.12	85.595
670.32	85.389
670.51	85.157
670.71	84.911
670.90	84.665
671.10	84.404
671.29	84.130
671.48	83.842
671.68	83.551
671.87	83.267
672.07	82.990
672.26	82.726
672.46	82.446
672.65	82.159
672.84	81.849
673.04	81.550
673.23	81.256
673.43	80.949
673.62	80.663
673.82	80.368
674.01	80.039
674.20	79.746
674.40	79.416
674.59	79.107
674.79	78.828
674.98	78.533
675.17	78.232
675.37	77.937
675.56	77.690
675.76	77.414
675.95	77.141
676.14	76.893
676.34	76.635
676.53	76.381
676.73	76.129
676.92	75.872
677.11	75.626
677.31	75.393
677.50	75.188
677.70	74.967
677.89	74.753
678.08	74.571
678.28	74.403
678.47	74.267
678.66	74.126
678.86	73.994
679.05	73.864
679.25	73.784
679.44	73.716
679.63	73.654
679.83	73.598
680.02	73.562
680.21	73.523
680.41	73.498
680.60	73.478
680.79	73.478
680.99	73.529
681.18	73.546
681.38	73.594
681.57	73.671
681.76	73.760
681.96	73.872
682.15	73.984
682.34	74.076
682.54	74.184
682.73	74.325
682.92	74.452
683.12	74.616
683.31	74.776
683.50	74.949
683.70	75.121
683.89	75.312
684.08	75.513
684.28	75.729
684.47	75.946
684.66	76.204
684.86	76.458
685.05	76.696
685.24	76.989
685.44	77.259
685.63	77.514
685.82	77.808
686.02	78.064
686.21	78.364
686.40	78.679
686.60	78.996
686.79	79.307
686.98	79.609
687.18	79.947
687.37	80.267
687.56	80.570
687.75	80.892
687.95	81.219
688.14	81.526
688.33	81.852
688.53	82.198
688.72	82.527
688.91	82.841
689.11	83.141
689.30	83.478
689.49	83.811
689.68	84.146
689.88	84.441
690.07	84.746
690.26	85.046
690.46	85.326
690.65	85.598
690.84	85.870
691.03	86.174
691.23	86.434
691.42	86.693
691.61	86.966
691.80	87.195
692.00	87.421
692.19	87.634
692.38	87.829
692.58	88.031
692.77	88.200
692.96	88.358
693.15	88.556
693.35	88.697
693.54	88.836
693.73	88.987
693.92	89.119
694.12	89.262
694.31	89.368
694.50	89.508
694.69	89.617
694.89	89.692
695.08	89.718
695.27	89.783
695.46	89.807
695.66	89.836
695.85	89.868
696.04	89.905
696.23	89.943
696.43	89.956
696.62	89.917
696.81	89.910
697.00	89.906
697.19	89.866
697.39	89.824
697.58	89.775
697.77	89.676
697.96	89.594
698.16	89.490
698.35	89.401
698.54	89.265
698.73	89.132
698.92	88.977
699.12	88.847
699.31	88.697
699.50	88.537
699.69	88.360
699.89	88.203
700.08	88.005
700.27	87.802
700.46	87.604
700.65	87.391
700.85	87.191
701.04	86.963
701.23	86.725
701.42	86.468
701.61	86.214
701.81	85.948
702.00	85.682
702.19	85.434
702.38	85.151
702.57	84.876
702.76	84.598
702.96	84.338
703.15	84.074
703.34	83.754
703.53	83.483
703.72	83.168
703.92	82.827
704.11	82.517
704.30	82.194
704.49	81.882
704.68	81.593
704.87	81.253
705.07	80.951
705.26	80.639
705.45	80.375
705.64	80.081
705.83	79.828
706.02	79.565
706.21	79.301
706.41	79.030
706.60	78.750
706.79	78.475
706.98	78.244
707.17	77.981
707.36	77.769
707.56	77.548
707.75	77.351
707.94	77.163
708.13	76.960
708.32	76.805
708.51	76.652
708.70	76.496
708.89	76.346
709.09	76.208
709.28	76.083
709.47	75.911
709.66	75.792
709.85	75.672
710.04	75.563
710.23	75.448
710.42	75.373
710.62	75.292
710.81	75.221
711.00	75.129
711.19	75.077
711.38	75.042
711.57	74.993
711.76	74.961
711.95	74.954
712.15	74.976
712.34	74.980
712.53	74.964
712.72	74.984
712.91	75.039
713.10	75.087
713.29	75.147
713.48	75.233
713.67	75.307
713.86	75.406
714.05	75.531
714.25	75.648
714.44	75.761
714.63	75.915
714.82	76.110
715.01	76.284
715.20	76.480
715.39	76.648
715.58	76.866
715.77	77.089
715.96	77.299
716.15	77.508
716.34	77.714
716.54	77.958
716.73	78.209
716.92	78.458
717.11	78.697
717.30	78.959
717.49	79.225
717.68	79.507
717.87	79.743
718.06	80.009
718.25	80.293
718.44	80.592
718.63	80.883
718.82	81.158
719.01	81.465
719.20	81.775
719.39	82.083
719.58	82.353
719.77	82.637
719.96	82.925
720.16	83.196
720.35	83.470
720.54	83.783
720.73	84.070
720.92	84.338
721.11	84.646
721.30	84.932
721.49	85.226
721.68	85.517
721.87	85.850
722.06	86.114
722.25	86.382
722.44	86.648
722.63	86.923
722.82	87.151
723.01	87.377
723.20	87.564
723.39	87.785
723.58	88.037
723.77	88.267
723.96	88.492
724.15	88.748
724.34	88.993
724.53	89.197
724.72	89.358
724.91	89.575
725.10	89.779
725.29	89.957
725.48	90.152
725.67	90.303
725.86	90.449
726.05	90.615
726.24	90.758
726.43	90.883
726.62	90.987
726.81	91.121
727.00	91.250
727.19	91.399
727.38	91.514
727.57	91.579
727.76	91.637
727.95	91.682
728.14	91.707
728.33	91.738
728.52	91.754
728.71	91.791
728.90	91.801
729.09	91.762
729.28	91.750
729.47	91.687
729.65	91.627
729.84	91.569
730.03	91.487
730.22	91.440
730.41	91.393
730.60	91.330
730.79	91.261
730.98	91.153
731.17	91.061
731.36	90.936
731.55	90.794
731.74	90.662
731.93	90.535
732.12	90.391
732.31	90.245
732.50	90.106
732.69	89.985
732.88	89.805
733.06	89.641
733.25	89.456
733.44	89.313
733.63	89.155
733.82	88.954
734.01	88.746
734.20	88.513
734.39	88.272
734.58	88.049
734.77	87.810
734.96	87.562
735.15	87.289
735.33	87.014
735.52	86.782
735.71	86.559
735.90	86.309
736.09	86.041
736.28	85.753
736.47	85.483
736.66	85.174
736.85	84.892
737.04	84.592
737.23	84.297
737.41	83.993
737.60	83.711
737.79	83.420
737.98	83.147
738.17	82.887
738.36	82.630
738.55	82.370
738.74	82.115
738.92	81.862
739.11	81.618
739.30	81.371
739.49	81.120
739.68	80.867
739.87	80.639
740.06	80.431
740.25	80.191
740.43	79.964
740.62	79.767
740.81	79.539
741.00	79.350
741.19	79.132
741.38	78.904
741.57	78.667
741.75	78.481
741.94	78.280
742.13	78.087
742.32	77.889
742.51	77.686
742.70	77.518
742.89	77.370
743.07	77.222
743.26	77.070
743.45	76.905
743.64	76.778
743.83	76.632
744.02	76.472
744.20	76.379
744.39	76.252
744.58	76.132
744.77	76.077
744.96	76.016
745.15	76.012
745.33	75.988
745.52	75.995
745.71	75.984
745.90	75.975
746.09	75.970
746.28	75.981
746.46	75.984
746.65	75.987
746.84	76.027
747.03	76.050
747.22	76.098
747.40	76.174
747.59	76.220
747.78	76.289
747.97	76.405
748.16	76.502
748.34	76.593
748.53	76.716
748.72	76.812
748.91	76.928
749.10	77.016
749.28	77.157
749.47	77.320
749.66	77.443
749.85	77.595
750.04	77.738
750.22	77.889
750.41	78.068
750.60	78.262
750.79	78.400
750.97	78.582
751.16	78.790
751.35	78.968
751.54	79.167
751.73	79.401
751.91	79.598
752.10	79.824
752.29	80.027
752.48	80.259
752.66	80.489
752.85	80.725
753.04	80.963
753.23	81.223
753.41	81.442
753.60	81.725
753.79	81.978
753.98	82.212
754.16	82.461
754.35	82.699
754.54	82.938
754.73	83.225
754.91	83.479
755.10	83.749
755.29	84.056
755.48	84.314
755.66	84.547
755.85	84.812
756.04	85.039
756.22	85.329
756.41	85.559
756.60	85.817
756.79	86.058
756.97	86.321
757.16	86.506
757.35	86.733
757.54	86.964
757.72	87.193
757.91	87.461
758.10	87.726
758.28	87.977
758.47	88.179
758.66	88.416
758.85	88.649
759.03	88.865
759.22	89.062
759.41	89.261
759.59	89.491
759.78	89.702
759.97	89.907
760.15	90.076
760.34	90.299
760.53	90.480
760.71	90.656
760.90	90.846
761.09	91.012
761.28	91.187
761.46	91.314
761.65	91.490
761.84	91.626
762.02	91.755
762.21	91.921
762.40	92.053
762.58	92.142
762.77	92.219
762.96	92.301
763.14	92.408
763.33	92.502
763.52	92.540
763.70	92.556
763.89	92.599
764.08	92.660
764.26	92.638
764.45	92.671
764.64	92.690
764.82	92.659
765.01	92.679
765.20	92.637
765.38	92.632
765.57	92.582
765.75	92.555
765.94	92.472
766.13	92.422
766.31	92.363
766.50	92.300
766.69	92.291
766.87	92.285
767.06	92.211
767.25	92.151
767.43	92.112
767.62	92.082
767.80	91.999
767.99	91.892
768.18	91.820
768.36	91.720
768.55	91.590
768.74	91.494
768.92	91.390
769.11	91.320
769.29	91.159
769.48	91.012
769.67	90.853
769.85	90.750
770.04	90.547
770.22	90.370
770.41	90.154
770.60	89.917
770.78	89.645
770.97	89.394
771.15	89.191
771.34	88.935
771.53	88.692
771.71	88.491
771.90	88.284
772.08	88.108
772.27	87.872
772.46	87.655
772.64	87.403
772.83	87.130
773.01	86.819
773.20	86.563
773.39	86.330
773.57	86.068
773.76	85.791
773.94	85.566
774.13	85.304
774.31	85.047
774.50	84.818
774.68	84.565
774.87	84.335
775.06	84.036
775.24	83.795
775.43	83.500
775.61	83.193
775.80	82.940
775.98	82.641
776.17	82.359
776.36	82.087
776.54	81.841
776.73	81.588
776.91	81.377
777.10	81.150
777.28	80.879
777.47	80.645
777.65	80.434
777.84	80.183
778.02	79.961
778.21	79.804
778.39	79.559
778.58	79.346
778.77	79.164
778.95	78.962
779.14	78.787
779.32	78.656
779.51	78.515
779.69	78.338
779.88	78.171
780.06	78.042
780.25	77.893
780.43	77.730
780.62	77.629
780.80	77.500
780.99	77.390
781.17	77.275
781.36	77.168
781.54	77.028
781.73	76.904
781.91	76.837
782.10	76.689
782.28	76.620
782.47	76.559
782.65	76.426
782.84	76.374
783.02	76.297
783.21	76.248
783.39	76.201
783.58	76.154
783.76	76.102
783.95	76.058
784.13	76.081
784.32	76.078
784.50	76.045
784.69	76.058
784.87	76.080
785.05	76.120
785.24	76.164
785.42	76.234
785.61	76.292
785.79	76.349
785.98	76.439
786.16	76.508
786.35	76.559
786.53	76.658
786.72	76.717
786.90	76.811
787.09	76.874
787.27	77.004
787.45	77.126
787.64	77.295
787.82	77.414
788.01	77.513
788.19	77.652
788.38	77.797
788.56	77.835
788.75	77.995
788.93	78.160
789.11	78.270
789.30	78.371
789.48	78.504
789.67	78.666
789.85	78.824
790.04	78.972
790.22	79.175
790.40	79.367
790.59	79.555
790.77	79.730
790.96	79.948
791.14	80.122
791.32	80.315
791.51	80.484
791.69	80.689
791.88	80.870
792.06	81.054
792.25	81.260
792.43	81.529
792.61	81.706
792.80	81.870
792.98	82.126
793.17	82.364
793.35	82.556
793.53	82.753
793.72	82.972
793.90	83.197
794.08	83.406
794.27	83.617
794.45	83.880
794.64	84.092
794.82	84.283
795.00	84.448
795.19	84.643
795.37	84.846
795.55	85.020
795.74	85.251
795.92	85.495
796.11	85.696
796.29	85.930
796.47	86.154
796.66	86.336
796.84	86.536
797.02	86.730
797.21	86.961
797.39	87.145
797.58	87.336
797.76	87.522
797.94	87.724
798.13	87.924
798.31	88.136
798.49	88.325
798.68	88.489
798.86	88.730
799.04	88.914
799.23	89.102
799.41	89.293
799.59	89.454
799.78	89.546
799.96	89.692
800.14	89.838
800.33	89.986
800.51	90.184
800.69	90.270
800.88	90.440
801.06	90.621
801.24	90.754
801.43	90.895
801.61	90.997
801.79	91.078
801.98	91.147
802.16	91.188
802.34	91.299
802.52	91.400
802.71	91.413
802.89	91.465
803.07	91.486
803.26	91.526
803.44	91.527
803.62	91.573
803.81	91.609
803.99	91.592
804.17	91.563
804.35	91.529
804.54	91.520
804.72	91.490
804.90	91.423
805.09	91.419
805.27	91.421
805.45	91.418
805.63	91.386
805.82	91.351
806.00	91.274
806.18	91.174
806.37	91.103
806.55	91.056
806.73	91.015
806.91	90.946
807.10	90.890
807.28	90.831
807.46	90.755
807.64	90.683
807.83	90.601
808.01	90.510
808.19	90.348
808.37	90.238
808.56	90.092
808.74	89.979
808.92	89.826
809.10	89.627
809.29	89.467
809.47	89.286
809.65	89.104
809.83	88.981
810.02	88.822
810.20	88.655
810.38	88.469
810.56	88.281
810.75	88.116
810.93	87.939
811.11	87.741
811.29	87.543
811.47	87.320
811.66	87.061
811.84	86.856
812.02	86.753
812.20	86.543
812.39	86.368
812.57	86.166
812.75	85.983
812.93	85.836
813.11	85.655
813.30	85.502
813.48	85.362
813.66	85.130
813.84	84.995
814.02	84.832
814.21	84.667
814.39	84.424
814.57	84.211
814.75	83.973
814.93	83.801
815.12	83.581
815.30	83.367
815.48	83.162
815.66	82.944
815.84	82.706
816.03	82.512
816.21	82.273
816.39	82.074
816.57	81.816
816.75	81.511
816.93	81.258
817.12	80.984
817.30	80.703
817.48	80.454
817.66	80.187
817.84	79.922
818.02	79.712
818.21	79.452
818.39	79.237
818.57	79.042
818.75	78.833
818.93	78.645
819.11	78.451
819.30	78.291
819.48	78.140
819.66	77.977
819.84	77.818
820.02	77.629
820.20	77.421
820.38	77.246
820.57	77.129
820.75	76.998
820.93	76.866
821.11	76.758
821.29	76.658
821.47	76.508
821.65	76.330
821.83	76.177
822.02	76.118
822.20	76.022
822.38	75.914
822.56	75.753
822.74	75.619
822.92	75.454
823.10	75.327
823.28	75.159
823.46	75.006
823.65	74.860
823.83	74.762
824.01	74.659
824.19	74.541
824.37	74.397
824.55	74.284
824.73	74.155
824.91	74.022
825.09	73.921
825.27	73.838
825.46	73.811
825.64	73.731
825.82	73.647
826.00	73.548
826.18	73.459
826.36	73.415
826.54	73.389
826.72	73.404
826.90	73.403
827.08	73.407
827.26	73.426
827.44	73.432
827.63	73.440
827.81	73.494
827.99	73.573
828.17	73.654
828.35	73.696
828.53	73.798
828.71	73.891
828.89	73.967
829.07	74.008
829.25	74.020
829.43	74.092
829.61	74.146
829.79	74.221
829.97	74.305
830.15	74.347
830.33	74.423
830.51	74.493
830.69	74.583
830.87	74.638
831.06	74.712
831.24	74.788
831.42	74.887
831.60	74.951
831.78	75.049
831.96	75.124
832.14	75.221
832.32	75.323
832.50	75.405
832.68	75.490
832.86	75.606
833.04	75.779
833.22	75.887
833.40	76.032
833.58	76.117
833.76	76.254
833.94	76.424
834.12	76.560
834.30	76.751
834.48	76.858
834.66	77.027
834.84	77.180
835.02	77.340
835.20	77.495
835.38	77.628
835.56	77.799
835.74	78.011
835.92	78.201
836.10	78.372
836.28	78.529
836.46	78.717
836.64	78.884
836.82	79.052
837.00	79.234
837.18	79.414
837.36	79.641
837.54	79.812
837.72	79.978
837.90	80.203
838.08	80.351
838.26	80.544
838.43	80.720
838.61	80.907
838.79	81.108
838.97	81.331
839.15	81.535
839.33	81.703
839.51	81.809
839.69	81.987
839.87	82.177
840.05	82.390
840.23	82.566
840.41	82.726
840.59	82.804
840.77	82.981
840.95	83.141
841.13	83.221
841.31	83.318
841.49	83.473
841.67	83.555
841.84	83.727
842.02	83.801
842.20	83.936
842.38	84.017
842.56	84.067
842.74	84.139
842.92	84.198
843.10	84.277
843.28	84.363
843.46	84.393
843.64	84.363
843.82	84.445
843.99	84.465
844.17	84.616
844.35	84.791
844.53	84.845
844.71	84.902
844.89	84.968
845.07	85.101
845.25	85.179
845.43	85.298
845.61	85.297
845.78	85.448
845.96	85.557
846.14	85.660
846.32	85.786
846.50	85.840
846.68	85.970
846.86	86.001
847.04	86.097
847.22	86.130
847.39	86.236
847.57	86.265
847.75	86.350
847.93	86.282
848.11	86.325
848.29	86.400
848.47	86.368
848.65	86.478
848.82	86.485
849.00	86.508
849.18	86.460
849.36	86.473
849.54	86.429
849.72	86.302
849.89	86.277
850.07	86.287
850.25	86.207
850.43	86.098
850.61	86.095
850.79	85.989
850.97	85.984
851.14	85.949
851.32	85.817
851.50	85.700
851.68	85.667
851.86	85.634
852.04	85.525
852.21	85.538
852.39	85.462
852.57	85.401
852.75	85.312
852.93	85.237
853.10	85.142
853.28	85.063
853.46	85.012
853.64	84.839
853.82	84.656
854.00	84.604
854.17	84.518
854.35	84.380
854.53	84.287
854.71	84.144
854.89	84.033
855.06	83.965
855.24	83.889
855.42	83.760
855.60	83.540
855.78	83.364
855.95	83.195
856.13	83.063
856.31	82.861
856.49	82.687
856.66	82.576
856.84	82.427
857.02	82.308
857.20	82.239
857.38	82.078
857.55	81.936
857.73	81.672
857.91	81.520
858.09	81.309
858.26	81.115
858.44	80.961
858.62	80.727
858.80	80.544
858.97	80.374
859.15	80.181
859.33	80.024
859.51	79.878
859.68	79.675
859.86	79.450
860.04	79.287
860.22	79.091
860.39	78.866
860.57	78.540
860.75	78.243
860.93	77.938
861.10	77.809
861.28	77.659
861.46	77.499
861.64	77.320
861.81	77.155
861.99	77.000
862.17	76.792
862.35	76.607
862.52	76.436
862.70	76.235
862.88	76.096
863.05	75.921
863.23	75.703
863.41	75.539
863.59	75.319
863.76	75.179
863.94	74.984
864.12	74.820
864.29	74.776
864.47	74.651
864.65	74.523
864.83	74.309
865.00	74.094
865.18	73.943
865.36	73.760
865.53	73.599
865.71	73.443
865.89	73.238
866.06	73.095
866.24	72.931
866.42	72.748
866.59	72.574
866.77	72.367
866.95	72.205
867.12	71.970
867.30	71.858
867.48	71.621
867.65	71.512
867.83	71.411
868.01	71.260
868.18	71.111
868.36	70.919
868.54	70.787
868.71	70.716
868.89	70.652
869.07	70.562
869.24	70.507
869.42	70.409
869.60	70.317
869.77	70.259
869.95	70.118
870.13	70.020
870.30	70.006
870.48	69.893
870.66	69.845
870.83	69.863
871.01	69.856
871.18	69.837
871.36	69.731
871.54	69.553
871.71	69.513
871.89	69.477
872.07	69.381
872.24	69.380
872.42	69.319
872.59	69.281
872.77	69.179
872.95	69.061
873.12	68.960
873.30	68.924
873.48	68.885
873.65	68.876
873.83	68.855
874.00	68.721
874.18	68.788
874.36	68.790
874.53	68.737
874.71	68.688
874.88	68.700
875.06	68.787
875.24	68.840
875.41	68.841
875.59	68.846
875.76	68.989
875.94	68.993
876.11	68.922
876.29	68.832
876.47	68.940
876.64	68.952
876.82	69.000
876.99	69.065
877.17	69.080
877.35	69.097
877.52	69.084
877.70	69.119
877.87	69.134
878.05	69.226
878.22	69.315
878.40	69.280
878.57	69.301
878.75	69.275
878.93	69.330
879.10	69.356
879.28	69.487
879.45	69.561
879.63	69.566
879.80	69.685
879.98	69.790
880.15	69.792
880.33	69.979
880.50	70.085
880.68	70.202
880.86	70.333
881.03	70.427
881.21	70.623
881.38	70.806
881.56	71.010
881.73	71.082
881.91	71.188
882.08	71.340
882.26	71.504
882.43	71.668
882.61	71.865
882.78	72.020
882.96	72.070
883.13	72.135
883.31	72.314
883.48	72.524
883.66	72.727
883.83	72.934
884.01	72.950
884.18	73.145
884.36	73.263
884.53	73.376
884.71	73.528
884.88	73.611
885.06	73.780
885.23	73.770
885.41	73.872
885.58	73.904
885.76	74.120
885.93	74.140
886.11	74.346
886.28	74.414
886.46	74.562
886.63	74.731
886.81	74.887
886.98	74.999
887.15	75.077
887.33	75.188
887.50	75.327
887.68	75.545
887.85	75.596
888.03	75.764
888.20	75.883
888.38	76.038
888.55	76.198
888.73	76.231
888.90	76.470
889.08	76.586
889.25	76.706
889.42	76.780
889.60	76.968
889.77	76.973
889.95	77.101
890.12	77.137
890.30	77.191
890.47	77.144
890.64	77.244
890.82	77.277
890.99	77.382
891.17	77.442
891.34	77.527
891.52	77.653
891.69	77.688
891.86	77.736
892.04	77.864
892.21	77.953
892.39	78.100
892.56	78.173
892.73	78.188
892.91	78.292
893.08	78.446
893.26	78.528
893.43	78.638
893.60	78.639
893.78	78.758
893.95	78.776
894.13	79.082
894.30	79.160
894.47	79.401
894.65	79.454
894.82	79.528
895.00	79.557
895.17	79.593
895.34	79.801
895.52	79.953
895.69	79.951
895.86	79.952
896.04	79.906
896.21	79.985
896.39	80.116
896.56	80.272
896.73	80.254
896.91	80.246
897.08	80.229
897.25	80.362
897.43	80.329
897.60	80.526
897.77	80.473
897.95	80.451
898.12	80.447
898.30	80.577
898.47	80.557
898.64	80.575
898.82	80.565
898.99	80.440
899.16	80.340
899.34	80.319
899.51	80.263
899.68	80.192
899.86	80.100
900.03	80.032
900.20	79.995
900.38	79.882
900.55	79.973
900.72	79.953
900.90	79.864
901.07	79.932
901.24	79.786
901.41	79.704
901.59	79.747
901.76	79.601
901.93	79.447
902.11	79.403
902.28	79.360
902.45	79.442
902.63	79.401
902.80	79.347
902.97	79.293
903.15	79.364
903.32	79.380
903.49	79.366
903.66	79.372
903.84	79.249
904.01	79.185
904.18	79.046
904.36	79.013
904.53	78.949
904.70	78.825
904.87	78.813
905.05	78.740
905.22	78.685
905.39	78.644
905.56	78.505
905.74	78.416
905.91	78.220
906.08	78.017
906.26	77.890
906.43	77.776
906.60	77.653
906.77	77.461
906.95	77.390
907.12	77.223
907.29	77.030
907.46	76.933
907.64	76.869
907.81	76.767
907.98	76.515
908.15	76.354
908.33	76.183
908.50	76.008
908.67	75.853
908.84	75.630
909.01	75.401
909.19	75.281
909.36	75.045
909.53	74.979
909.70	74.785
909.88	74.739
910.05	74.555
910.22	74.402
910.39	74.268
910.57	74.112
910.74	74.014
910.91	73.906
911.08	73.778
911.25	73.579
911.43	73.494
911.60	73.409
911.77	73.236
911.94	73.014
912.11	72.790
912.29	72.540
912.46	72.315
912.63	72.204
912.80	72.034
912.97	71.885
913.15	71.714
913.32	71.543
913.49	71.270
913.66	71.203
913.83	71.073
914.00	70.901
914.18	70.679
914.35	70.480
914.52	70.229
914.69	70.010
914.86	69.862
915.03	69.597
915.21	69.489
915.38	69.401
915.55	69.412
915.72	69.322
915.89	69.284
916.06	69.226
916.24	69.113
916.41	68.944
916.58	68.875
916.75	68.728
916.92	68.576
917.09	68.411
917.26	68.214
917.44	68.006
917.61	67.916
917.78	67.736
917.95	67.622
918.12	67.500
918.29	67.409
918.46	67.252
918.64	67.167
918.81	67.038
918.98	66.829
919.15	66.695
919.32	66.606
919.49	66.468
919.66	66.372
919.83	66.210
920.00	66.136
920.18	65.939
920.35	65.904
920.52	65.893
920.69	65.932
920.86	65.895
921.03	65.786
921.20	65.642
921.37	65.523
921.54	65.258
921.71	65.220
921.89	65.145
922.06	65.104
922.23	64.944
922.40	64.839
922.57	64.732
922.74	64.564
922.91	64.493
923.08	64.379
923.25	64.345
923.42	64.313
923.59	64.295
923.76	64.207
923.93	63.988
924.11	63.846
924.28	63.665
924.45	63.564
924.62	63.680
924.79	63.620
924.96	63.595
925.13	63.601
925.30	63.583
925.47	63.524
925.64	63.496
925.81	63.457
925.98	63.534
926.15	63.554
926.32	63.449
926.49	63.429
926.66	63.396
926.83	63.261
927.00	63.297
927.17	63.153
927.34	63.249
927.51	63.369
927.69	63.453
927.86	63.550
928.03	63.536
928.20	63.469
928.37	63.441
928.54	63.549
928.71	63.622
928.88	63.724
929.05	63.798
929.22	63.831
929.39	63.917
929.56	63.918
929.73	63.901
929.90	64.059
930.07	64.032
930.24	64.141
930.41	64.192
930.58	64.239
930.75	64.349
930.92	64.344
931.09	64.408
931.26	64.346
931.43	64.272
931.60	64.342
931.77	64.320
931.94	64.372
932.11	64.486
932.27	64.542
932.44	64.493
932.61	64.522
932.78	64.580
932.95	64.643
933.12	64.461
933.29	64.545
933.46	64.544
933.63	64.554
933.80	64.638
933.97	64.701
934.14	64.695
934.31	64.685
934.48	64.729
934.65	64.733
934.82	64.892
934.99	65.082
935.16	65.153
935.33	65.321
935.50	65.621
935.67	65.649
935.84	65.715
936.00	65.715
936.17	65.663
936.34	65.769
936.51	65.694
936.68	65.873
936.85	66.021
937.02	66.173
937.19	66.126
937.36	66.168
937.53	66.090
937.70	66.179
937.87	66.266
938.03	66.340
938.20	66.368
938.37	66.426
938.54	66.395
938.71	66.419
938.88	66.395
939.05	66.198
939.22	66.180
939.39	66.154
939.56	66.326
939.72	66.543
939.89	66.541
940.06	66.795
940.23	66.813
940.40	66.872
940.57	67.110
940.74	67.430
940.91	67.489
941.08	67.707
941.24	67.767
941.41	67.808
941.58	68.076
941.75	68.226
941.92	68.382
942.09	68.526
942.26	68.725
942.42	68.835
942.59	69.135
942.76	69.411
942.93	69.615
943.10	69.684
943.27	69.640
943.44	69.763
943.60	69.879
943.77	69.851
943.94	69.935
944.11	69.822
944.28	69.761
944.45	69.943
944.61	70.024
944.78	69.944
944.95	70.118
945.12	70.191
945.29	70.265
945.46	70.232
945.62	70.205
945.79	70.274
945.96	70.444
946.13	70.495
946.30	70.557
946.46	70.664
946.63	70.778
946.80	70.923
946.97	70.886
947.14	70.754
947.31	71.449
947.47	71.683
947.64	71.938
947.81	72.091
947.98	72.043
948.15	72.097
948.31	72.492
948.48	72.493
948.65	72.503
948.82	72.660
948.98	72.692
949.15	72.900
949.32	73.023
949.49	73.116
949.66	73.134
949.82	73.022
949.99	73.119
950.16	73.211
950.33	73.205
950.49	73.439
950.66	73.485
950.83	73.054
951.00	72.822
951.16	72.393
951.33	72.494
951.50	72.477
951.67	72.408
951.83	72.190
952.00	72.405
952.17	72.031
952.34	72.040
952.50	72.133
952.67	72.258
952.84	72.069
953.01	71.976
953.17	71.912
953.34	72.088
953.51	71.876
953.68	71.759
953.84	71.697
954.01	71.651
954.18	71.602
954.34	71.617
954.51	71.690
954.68	71.842
954.85	71.729
955.01	71.919
955.18	72.431
955.35	72.167
955.51	71.792
955.68	72.132
955.85	72.169
956.02	72.033
956.18	72.012
956.35	72.012
956.52	72.185
956.68	72.197
956.85	71.751
957.02	71.953
957.18	71.793
957.35	71.718
957.52	71.928
957.69	72.179
957.85	72.366
958.02	72.247
958.19	72.048
958.35	72.053
958.52	71.621
958.69	71.086
958.85	71.515
959.02	71.734
959.19	71.314
959.35	71.067
959.52	71.106
959.69	70.868
959.85	71.012
960.02	70.746
960.19	70.819
960.35	70.983
960.52	70.843
960.68	70.743
960.85	70.711
961.02	70.013
961.18	69.785
961.35	69.432
961.52	69.360
961.68	69.354
961.85	69.282
962.02	69.238
962.18	69.365
962.35	68.920
962.51	68.816
962.68	68.879
962.85	68.610
963.01	68.360
963.18	68.390
963.35	67.633
963.51	67.604
963.68	67.247
963.84	67.209
964.01	67.133
964.18	67.096
964.34	66.933
964.51	66.836
964.67	66.482
964.84	66.494
965.01	66.467
965.17	66.310
965.34	66.205
965.50	66.006
965.67	65.989
965.84	66.057
966.00	66.063
966.17	66.031
966.33	66.011
966.50	66.053
966.66	65.660
966.83	66.104
967.00	65.846
967.16	65.979
967.33	65.737
967.49	65.444
967.66	65.584
967.82	65.682
967.99	66.057
968.16	66.166
968.32	65.783
968.49	65.418
968.65	65.724
968.82	65.623
968.98	66.063
969.15	65.569
969.31	64.845
969.48	64.701
969.64	64.637
969.81	64.815
969.98	64.928
970.14	64.842
970.31	64.484
970.47	64.272
970.64	63.811
970.80	63.977
970.97	63.850
971.13	63.273
971.30	62.955
971.46	62.401
971.63	62.377
971.79	62.509
971.96	62.315
972.12	61.702
972.29	61.098
972.45	60.608
972.62	60.606
972.78	60.953
972.95	60.325
973.11	60.029
973.28	59.823
973.44	59.112
973.61	59.275
973.77	58.874
973.94	59.289
974.10	59.155
974.27	59.052
974.43	59.182
974.60	59.365
974.76	59.413
974.93	59.702
975.09	59.022
975.26	58.868
975.42	58.974
975.59	59.012
975.75	59.568
975.92	59.947
976.08	59.725
976.24	59.490
976.41	60.052
976.57	60.190
976.74	60.203
976.90	59.972
977.07	59.420
977.23	59.604
977.40	59.145
977.56	59.055
977.73	58.709
977.89	58.265
978.05	58.295
978.22	57.931
978.38	57.223
978.55	57.454
978.71	57.101
978.88	57.189
979.04	57.438
979.20	57.333
979.37	56.438
979.53	56.065
979.70	56.496
979.86	56.233
980.03	55.908
980.19	55.709
980.35	55.824
980.52	55.951
980.68	55.525
980.85	55.657
981.01	55.427
981.17	55.781
981.34	55.858
981.50	55.715
981.67	55.883
981.83	56.289
981.99	56.362
982.16	56.529
982.32	56.173
982.49	56.143
982.65	55.548
982.81	56.201
982.98	56.255
983.14	55.761
983.30	55.128
983.47	55.390
983.63	54.814
983.80	54.769
983.96	54.549
984.12	55.769
984.29	55.855
984.45	56.342
984.61	55.252
984.78	56.346
984.94	56.276
985.10	56.648
985.27	56.945
985.43	57.297
985.59	57.436
985.76	57.332
985.92	57.090
986.08	57.166
986.25	57.179
986.41	57.784
986.57	58.047
986.74	57.891
986.90	57.905
987.06	57.981
987.23	58.000
987.39	58.128
987.55	57.240
987.72	55.870
987.88	54.816
988.04	56.176
988.21	55.628
988.37	55.263
988.53	54.770
988.70	54.224
988.86	54.055
989.02	53.704
989.19	53.590
989.35	53.642
989.51	53.269
989.67	53.131
989.84	52.074
990.00	51.505
990.16	52.932
990.33	52.936
990.49	53.541
990.65	54.166
990.82	54.503
990.98	54.621
991.14	55.614
991.30	56.639
991.47	56.077
991.63	56.295
991.79	57.646
991.95	57.600
992.12	58.496
992.28	58.320
992.44	58.564
992.61	58.616
992.77	58.539
992.93	59.282
993.09	58.969
993.26	59.762
993.42	60.892
993.58	60.706
993.74	59.817
993.91	58.651
994.07	58.101
994.23	58.908
994.39	59.141
994.55	59.725
994.72	58.741
994.88	58.004
995.04	56.922
995.20	55.922
995.37	56.162
995.53	56.456
995.69	56.417
995.85	56.116
996.02	56.316
996.18	57.892
996.34	58.170
996.50	58.583
996.66	61.046
996.83	60.533
996.99	59.683
997.15	61.167
997.31	62.415
997.47	63.170
997.64	62.058
997.80	63.130
997.96	62.665
998.12	63.622
998.28	64.376
998.45	64.900
998.61	66.199
998.77	64.713
998.93	64.502
999.09	66.364
999.25	66.831
999.42	67.686
999.58	65.774
999.74	65.958
999.90	65.297
1000.06	63.869
1000.22	63.755
1000.39	65.012
1000.55	63.439
1000.71	63.297
1000.87	62.243
1001.03	61.118
1001.19	59.900
1001.36	60.322
1001.52	60.362
1001.68	60.445
1001.84	60.431
1002.00	59.177
1002.16	60.291
1002.32	58.422
1002.49	57.555
1002.65	58.206
1002.81	58.549
1002.97	58.886
1003.13	60.107
1003.29	60.558
1003.45	58.942
1003.62	59.628
1003.78	58.463
1003.94	60.075
1004.10	60.744
1004.26	60.343
1004.42	62.164
1004.58	62.382
1004.74	62.330
1004.90	63.662
1005.07	63.665
1005.23	62.681
1005.39	62.553
1005.55	64.667
1005.71	64.407
1005.87	64.197
1006.03	63.540
1006.19	63.026
1006.35	62.099
1006.51	60.884
1006.67	60.960
1006.84	60.703
1007.00	59.263
1007.16	59.602
1007.32	58.556
1007.48	58.870
1007.64	59.852
1007.80	60.040
1007.96	59.407
1008.12	59.222
1008.28	58.133
1008.44	58.609
1008.60	59.122
1008.76	58.462
1008.92	56.130
1009.09	55.175
1009.25	54.042
1009.41	54.674
1009.57	54.998
1009.73	55.076
1009.89	53.935
1010.05	56.030
1010.21	57.133
1010.37	58.715
1010.53	57.340
1010.69	58.213
1010.85	56.769
1011.01	56.333
1011.17	53.782
1011.33	52.689
1011.49	50.959
1011.65	48.677
1011.81	48.186
1011.97	51.370
1012.13	52.861
1012.29	56.123
1012.45	59.497
1012.61	64.135
1012.77	59.473
1012.93	59.770
1013.09	59.101
1013.25	58.289
1013.41	59.340
1013.57	60.485
1013.73	59.417
1013.89	59.278
1014.05	62.915
1014.21	58.540
1014.37	57.571
1014.53	56.391
1014.69	59.541
1014.85	62.765
1015.01	66.748
1015.17	69.643
1015.33	66.001
1015.49	67.497
1015.65	67.889
1015.81	69.504
1015.97	63.902
1016.13	66.886
1016.29	66.102
1016.45	64.286
1016.61	69.095
1016.77	68.656
1016.93	71.069
1017.09	70.293
1017.25	72.221
1017.41	66.833
1017.56	70.314
1017.72	79.088
1017.88	83.004
1018.04	81.939
1018.20	81.118
1018.36	79.531
1018.52	77.849
1018.68	86.018
1018.84	84.763
1019.00	81.304
1019.16	79.168
1019.32	80.889
1019.48	81.950
1019.64	85.646
1019.79	84.083
1019.95	75.140
1020.11	76.572
1020.27	73.576
1020.43	82.469
1020.59	87.959
1020.75	86.964
1020.91	97.213
1021.07	84.504
1021.23	79.909
1021.39	73.033
1021.54	77.749
1021.70	72.427
1021.86	66.999
1022.02	57.224
1022.18	52.887
1022.34	53.303
1022.50	55.777
1022.66	50.599
1022.82	51.552
1022.97	52.657
1023.13	56.670
1023.29	62.675
1023.45	56.692
1023.61	56.231
1023.77	59.091
1023.93	58.581
1024.08	59.512
1024.24	46.480
1024.40	43.356
1024.56	46.671
1024.72	51.082
1024.88	40.599
1025.04	57.265
1025.19	63.282
1025.35	63.472
1025.51	72.144
1025.67	84.204
1025.83	77.093
1025.99	81.772
1026.14	83.132
1026.30	88.713
1026.46	94.462
1026.62	88.380
1026.78	83.858
1026.94	71.295
1027.09	58.982
1027.25	48.170
1027.41	51.291
1027.57	53.371
1027.73	53.201
1027.89	55.996
1028.04	53.731
1028.20	52.570
1028.36	47.623
1028.52	45.375
1028.68	48.160
1028.83	38.450
1028.99	28.734
1029.15	33.234
1029.31	30.589
1029.47	28.720
1029.62	26.270
1029.78	19.654
1029.94	20.555
1030.10	18.215
1030.25	22.893
1030.41	22.892
1030.57	35.562
1030.73	37.917
1030.89	32.269
1031.04	35.948
1031.20	22.738
1031.36	30.511
1031.52	37.128
1031.67	45.573
1031.83	29.550
1031.99	34.311
1032.15	47.323
1032.30	77.205
1032.46	72.282
1032.62	59.661
1032.78	43.483
1032.93	53.846
1033.09	56.064
1033.25	41.176
1033.41	29.970
1033.56	26.769
1033.72	47.059
1033.88	1535.714
1034.04	-27.848
1034.19	-140.000
1034.35	14.189
1034.51	-40.217
1034.66	0.000
1034.82	2650.000
1034.98	2650.000
1035.14	2650.000
