345.22	45.411
345.43	45.411
345.65	45.411
345.86	71.500
346.08	1.136
346.29	-4.348
346.51	-35.135
346.72	377.273
346.94	242.308
347.15	-91.398
347.37	-16.495
347.58	-27.027
347.80	-23.173
348.01	-1.149
348.23	38.296
348.44	44.000
348.66	44.056
348.87	50.353
349.09	67.625
349.30	67.829
349.52	67.868
349.73	69.391
349.95	74.430
350.16	72.505
350.38	72.496
350.59	70.787
350.81	70.720
351.02	70.217
351.24	71.345
351.45	71.213
351.67	69.215
351.88	72.908
352.10	73.691
352.31	75.346
352.53	76.204
352.74	76.698
352.96	77.785
353.17	80.777
353.39	81.102
353.60	79.069
353.82	78.364
354.03	77.963
354.25	75.630
354.46	69.013
354.67	67.254
354.89	65.498
355.10	65.103
355.32	64.471
355.53	64.523
355.75	67.097
355.96	66.518
356.18	67.536
356.39	63.846
356.61	65.403
356.82	62.549
357.04	62.927
357.25	62.855
357.46	59.633
357.68	59.280
357.89	54.979
358.11	53.900
358.32	57.483
358.54	56.406
358.75	55.690
358.97	57.503
359.18	59.560
359.40	61.691
359.61	64.471
359.82	66.299
360.04	67.596
360.25	62.426
360.47	57.329
360.68	55.989
360.90	57.413
361.11	57.031
361.32	59.073
361.54	60.426
361.75	61.161
361.97	64.219
362.18	64.948
362.40	70.686
362.61	73.309
362.83	75.006
363.04	72.375
363.25	75.070
363.47	78.029
363.68	74.426
363.90	75.849
364.11	75.613
364.32	75.662
364.54	68.648
364.75	68.006
364.97	75.325
365.18	74.875
365.40	73.978
365.61	71.149
365.82	70.117
366.04	69.564
366.25	66.945
366.47	66.513
366.68	63.925
366.89	63.398
367.11	63.388
367.32	64.805
367.54	64.564
367.75	65.839
367.96	64.047
368.18	63.733
368.39	62.841
368.61	63.347
368.82	61.828
369.03	67.952
369.25	73.159
369.46	73.547
369.68	76.110
369.89	76.243
370.10	76.657
370.32	74.820
370.53	72.853
370.75	70.486
370.96	70.934
371.17	73.984
371.39	73.786
371.60	71.736
371.81	70.018
372.03	71.157
372.24	69.190
372.46	71.250
372.67	71.820
372.88	68.344
373.10	65.114
373.31	66.509
373.52	64.300
373.74	62.878
373.95	61.550
374.17	62.003
374.38	63.730
374.59	67.127
374.81	71.872
375.02	73.398
375.23	75.277
375.45	73.616
375.66	69.405
375.87	69.523
376.09	70.893
376.30	71.230
376.52	71.136
376.73	69.964
376.94	69.021
377.16	71.947
377.37	78.896
377.58	79.111
377.80	79.654
378.01	81.732
378.22	80.593
378.44	82.500
378.65	84.835
378.86	84.217
379.08	83.877
379.29	82.090
379.50	83.830
379.72	86.580
379.93	89.229
380.14	92.949
380.36	92.656
380.57	94.890
380.78	95.746
381.00	98.654
381.21	102.161
381.42	102.489
381.64	104.349
381.85	104.463
382.06	105.590
382.28	107.076
382.49	106.987
382.70	108.603
382.92	108.800
383.13	108.781
383.34	110.141
383.56	111.754
383.77	114.012
383.98	114.383
384.20	115.545
384.41	116.720
384.62	116.977
384.83	118.769
385.05	119.034
385.26	119.697
385.47	120.212
385.69	120.407
385.90	121.644
386.11	122.175
386.33	123.032
386.54	123.446
386.75	123.346
386.97	124.248
387.18	124.408
387.39	124.823
387.60	124.880
387.82	124.811
388.03	124.710
388.24	124.471
388.46	124.171
388.67	123.589
388.88	122.895
389.09	122.562
389.31	121.681
389.52	121.161
389.73	120.360
389.95	119.786
390.16	119.158
390.37	118.619
390.58	118.222
390.80	117.473
391.01	117.159
391.22	116.860
391.44	116.279
391.65	116.113
391.86	116.050
392.07	116.090
392.29	116.122
392.50	116.281
392.71	116.526
392.92	116.939
393.14	117.449
393.35	118.051
393.56	118.579
393.78	119.300
393.99	120.058
394.20	120.868
394.41	121.486
394.63	122.214
394.84	123.048
395.05	123.893
395.26	124.662
395.48	125.351
395.69	126.032
395.90	126.724
396.11	127.262
396.33	127.763
396.54	128.191
396.75	128.399
396.96	128.510
397.18	128.362
397.39	128.327
397.60	128.237
397.81	127.990
398.03	127.712
398.24	127.372
398.45	126.852
398.66	126.280
398.87	125.721
399.09	125.049
399.30	124.189
399.51	123.264
399.72	122.493
399.94	121.652
400.15	120.836
400.36	120.033
400.57	119.185
400.79	118.357
401.00	117.600
401.21	117.053
401.42	116.587
401.63	116.217
401.85	115.980
402.06	115.784
402.27	115.743
402.48	115.750
402.69	115.791
402.91	115.967
403.12	116.328
403.33	116.688
403.54	117.255
403.76	117.720
403.97	118.304
404.18	119.074
404.39	119.925
404.60	120.738
404.82	121.594
405.03	122.520
405.24	123.329
405.45	124.161
405.66	124.905
405.88	125.526
406.09	126.196
406.30	126.575
406.51	126.838
406.72	127.107
406.94	127.294
407.15	127.345
407.36	127.477
407.57	127.449
407.78	127.222
407.99	126.872
408.21	126.527
408.42	126.180
408.63	125.515
408.84	124.760
409.05	124.017
409.27	123.167
409.48	122.157
409.69	121.183
409.90	120.241
410.11	119.321
410.32	118.463
410.54	117.610
410.75	116.783
410.96	116.032
411.17	115.223
411.38	114.533
411.59	113.927
411.81	113.311
412.02	112.761
412.23	112.446
412.44	112.229
412.65	112.140
412.86	112.088
413.08	112.185
413.29	112.336
413.50	112.670
413.71	113.090
413.92	113.639
414.13	114.220
414.34	114.813
414.56	115.383
414.77	116.039
414.98	116.684
415.19	117.470
415.40	118.279
415.61	119.096
415.82	119.840
416.04	120.583
416.25	121.195
416.46	121.856
416.67	122.510
416.88	122.941
417.09	123.376
417.30	123.656
417.52	123.949
417.73	124.118
417.94	124.145
418.15	124.148
418.36	124.040
418.57	123.764
418.78	123.455
418.99	123.092
419.21	122.622
419.42	122.026
419.63	121.365
419.84	120.641
420.05	119.851
420.26	119.038
420.47	118.189
420.68	117.416
420.89	116.553
421.11	115.609
421.32	114.817
421.53	113.973
421.74	113.238
421.95	112.476
422.16	111.879
422.37	111.344
422.58	110.754
422.79	110.246
423.01	109.905
423.22	109.622
423.43	109.514
423.64	109.411
423.85	109.507
424.06	109.687
424.27	109.918
424.48	110.235
424.69	110.675
424.90	111.216
425.11	111.799
425.33	112.525
425.54	113.253
425.75	113.983
425.96	114.752
426.17	115.554
426.38	116.383
426.59	117.122
426.80	117.898
427.01	118.642
427.22	119.456
427.43	120.264
427.64	120.897
427.85	121.471
428.07	122.081
428.28	122.543
428.49	122.956
428.70	123.342
428.91	123.541
429.12	123.637
429.33	123.687
429.54	123.621
429.75	123.400
429.96	123.186
430.17	122.926
430.38	122.594
430.59	122.054
430.80	121.483
431.01	120.879
431.22	120.222
431.44	119.544
431.65	118.787
431.86	118.003
432.07	117.216
432.28	116.423
432.49	115.605
432.70	114.755
432.91	113.846
433.12	112.974
433.33	112.216
433.54	111.524
433.75	110.843
433.96	110.301
434.17	109.734
434.38	109.279
434.59	108.865
434.80	108.552
435.01	108.465
435.22	108.379
435.43	108.393
435.64	108.445
435.85	108.614
436.06	108.834
436.27	109.159
436.48	109.643
436.69	110.090
436.90	110.623
437.11	111.274
437.33	112.000
437.54	112.721
437.75	113.511
437.96	114.310
438.17	115.053
438.38	115.697
438.59	116.490
438.80	117.228
439.01	117.979
439.22	118.687
439.43	119.188
439.64	119.748
439.85	120.267
440.06	120.681
440.27	121.005
440.48	121.308
440.69	121.507
440.90	121.594
441.11	121.689
441.32	121.634
441.53	121.468
441.74	121.212
441.95	120.945
442.16	120.607
442.37	120.090
442.58	119.603
442.79	119.094
443.00	118.451
443.21	117.786
443.42	117.013
443.62	116.125
443.83	115.384
444.04	114.579
444.25	113.745
444.46	112.930
444.67	112.151
444.88	111.309
445.09	110.464
445.30	109.634
445.51	108.820
445.72	108.078
445.93	107.470
446.14	106.918
446.35	106.365
446.56	105.922
446.77	105.593
446.98	105.261
447.19	104.997
447.40	104.864
447.61	104.763
447.82	104.749
448.03	104.913
448.24	105.068
448.45	105.284
448.66	105.614
448.87	105.995
449.08	106.399
449.29	106.863
449.49	107.427
449.70	108.067
449.91	108.718
450.12	109.400
450.33	110.025
450.54	110.679
450.75	111.380
450.96	112.020
451.17	112.637
451.38	113.294
451.59	113.950
451.80	114.496
452.01	115.043
452.22	115.571
452.43	115.987
452.64	116.334
452.84	116.656
453.05	116.869
453.26	117.076
453.47	117.188
453.68	117.239
453.89	117.197
454.10	117.032
454.31	116.848
454.52	116.574
454.73	116.275
454.94	115.877
455.15	115.397
455.36	114.832
455.56	114.247
455.77	113.606
455.98	112.917
456.19	112.213
456.40	111.449
456.61	110.677
456.82	109.848
457.03	109.039
457.24	108.232
457.45	107.427
457.65	106.560
457.86	105.785
458.07	105.029
458.28	104.247
458.49	103.550
458.70	102.864
458.91	102.231
459.12	101.649
459.33	101.113
459.54	100.633
459.74	100.238
459.95	99.908
460.16	99.643
460.37	99.465
460.58	99.390
460.79	99.355
461.00	99.387
461.21	99.509
461.41	99.704
461.62	99.957
461.83	100.302
462.04	100.713
462.25	101.084
462.46	101.589
462.67	102.117
462.88	102.696
463.08	103.332
463.29	103.940
463.50	104.612
463.71	105.302
463.92	105.993
464.13	106.645
464.34	107.285
464.54	107.940
464.75	108.579
464.96	109.147
465.17	109.708
465.38	110.183
465.59	110.653
465.80	111.052
466.00	111.369
466.21	111.632
466.42	111.809
466.63	112.032
466.84	112.145
467.05	112.183
467.26	112.129
467.46	111.976
467.67	111.833
467.88	111.576
468.09	111.277
468.30	110.929
468.51	110.507
468.71	110.036
468.92	109.496
469.13	108.911
469.34	108.277
469.55	107.586
469.76	106.905
469.96	106.158
470.17	105.403
470.38	104.674
470.59	103.891
470.80	103.112
471.00	102.339
471.21	101.541
471.42	100.822
471.63	100.118
471.84	99.416
472.05	98.735
472.25	98.084
472.46	97.485
472.67	96.873
472.88	96.364
473.09	95.916
473.29	95.508
473.50	95.139
473.71	94.841
473.92	94.619
474.13	94.449
474.33	94.365
474.54	94.345
474.75	94.373
474.96	94.485
475.17	94.689
475.37	94.881
475.58	95.177
475.79	95.495
476.00	95.863
476.21	96.309
476.41	96.776
476.62	97.289
476.83	97.800
477.04	98.418
477.24	99.014
477.45	99.602
477.66	100.208
477.87	100.816
478.08	101.439
478.28	102.001
478.49	102.598
478.70	103.181
478.91	103.705
479.11	104.218
479.32	104.692
479.53	105.086
479.74	105.494
479.94	105.845
480.15	106.140
480.36	106.378
480.57	106.567
480.78	106.714
480.98	106.780
481.19	106.806
481.40	106.723
481.61	106.643
481.81	106.479
482.02	106.273
482.23	106.016
482.44	105.676
482.64	105.319
482.85	104.915
483.06	104.423
483.27	103.940
483.47	103.401
483.68	102.824
483.89	102.219
484.10	101.589
484.30	100.913
484.51	100.220
484.72	99.529
484.92	98.791
485.13	98.096
485.34	97.381
485.55	96.670
485.75	95.998
485.96	95.276
486.17	94.610
486.38	93.960
486.58	93.338
486.79	92.768
487.00	92.226
487.20	91.683
487.41	91.226
487.62	90.802
487.83	90.428
488.03	90.103
488.24	89.831
488.45	89.580
488.65	89.394
488.86	89.242
489.07	89.182
489.28	89.165
489.48	89.198
489.69	89.331
489.90	89.463
490.10	89.661
490.31	89.919
490.52	90.204
490.73	90.522
490.93	90.900
491.14	91.291
491.35	91.722
491.55	92.183
491.76	92.667
491.97	93.166
492.17	93.651
492.38	94.177
492.59	94.707
492.79	95.258
493.00	95.815
493.21	96.371
493.41	96.866
493.62	97.385
493.83	97.867
494.04	98.296
494.24	98.742
494.45	99.143
494.66	99.519
494.86	99.880
495.07	100.194
495.28	100.471
495.48	100.714
495.69	100.888
495.90	101.025
496.10	101.104
496.31	101.122
496.52	101.103
496.72	101.060
496.93	100.950
497.14	100.797
497.34	100.559
497.55	100.325
497.76	100.046
497.96	99.705
498.17	99.333
498.37	98.911
498.58	98.441
498.79	97.942
498.99	97.413
499.20	96.851
499.41	96.259
499.61	95.626
499.82	94.986
500.03	94.329
500.23	93.686
500.44	93.033
500.65	92.381
500.85	91.735
501.06	91.050
501.26	90.413
501.47	89.768
501.68	89.160
501.88	88.531
502.09	87.946
502.30	87.371
502.50	86.839
502.71	86.356
502.91	85.908
503.12	85.463
503.33	85.100
503.53	84.772
503.74	84.473
503.95	84.239
504.15	84.037
504.36	83.871
504.56	83.745
504.77	83.683
504.98	83.644
505.18	83.686
505.39	83.756
505.59	83.859
505.80	84.017
506.01	84.217
506.21	84.477
506.42	84.759
506.62	85.077
506.83	85.413
507.04	85.804
507.24	86.181
507.45	86.633
507.65	87.061
507.86	87.500
508.07	87.967
508.27	88.428
508.48	88.897
508.68	89.389
508.89	89.883
509.10	90.347
509.30	90.819
509.51	91.260
509.71	91.686
509.92	92.127
510.12	92.518
510.33	92.891
510.54	93.223
510.74	93.528
510.95	93.818
511.15	94.074
511.36	94.298
511.56	94.509
511.77	94.639
511.98	94.751
512.18	94.839
512.39	94.863
512.59	94.867
512.80	94.838
513.00	94.777
513.21	94.671
513.42	94.515
513.62	94.314
513.83	94.075
514.03	93.814
514.24	93.484
514.44	93.126
514.65	92.757
514.85	92.347
515.06	91.920
515.26	91.453
515.47	90.984
515.68	90.441
515.88	89.920
516.09	89.360
516.29	88.811
516.50	88.231
516.70	87.649
516.91	87.053
517.11	86.456
517.32	85.863
517.52	85.254
517.73	84.717
517.93	84.149
518.14	83.598
518.34	83.051
518.55	82.532
518.76	82.042
518.96	81.543
519.17	81.084
519.37	80.644
519.58	80.255
519.78	79.860
519.99	79.522
520.19	79.198
520.40	78.966
520.60	78.721
520.81	78.509
521.01	78.354
521.22	78.252
521.42	78.180
521.63	78.147
521.83	78.153
522.04	78.160
522.24	78.235
522.45	78.344
522.65	78.494
522.86	78.678
523.06	78.899
523.27	79.159
523.47	79.431
523.68	79.748
523.88	80.057
524.09	80.409
524.29	80.809
524.50	81.202
524.70	81.589
524.91	82.018
525.11	82.481
525.32	82.941
525.52	83.384
525.72	83.854
525.93	84.308
526.13	84.775
526.34	85.210
526.54	85.686
526.75	86.113
526.95	86.546
527.16	86.950
527.36	87.338
527.57	87.705
527.77	88.059
527.98	88.386
528.18	88.693
528.39	88.962
528.59	89.183
528.79	89.390
529.00	89.596
529.20	89.746
529.41	89.867
529.61	89.953
529.82	89.993
530.02	89.997
530.23	89.978
530.43	89.907
530.64	89.845
530.84	89.716
531.04	89.541
531.25	89.350
531.45	89.140
531.66	88.896
531.86	88.621
532.07	88.301
532.27	87.956
532.47	87.601
532.68	87.222
532.88	86.844
533.09	86.428
533.29	85.961
533.50	85.487
533.70	84.990
533.90	84.510
534.11	84.038
534.31	83.528
534.52	83.016
534.72	82.521
534.93	82.011
535.13	81.476
535.33	80.981
535.54	80.479
535.74	79.987
535.95	79.499
536.15	79.034
536.35	78.578
536.56	78.145
536.76	77.723
536.97	77.339
537.17	76.955
537.37	76.603
537.58	76.284
537.78	76.012
537.99	75.747
538.19	75.499
538.39	75.271
538.60	75.090
538.80	74.954
539.01	74.845
539.21	74.756
539.41	74.713
539.62	74.705
539.82	74.707
540.03	74.745
540.23	74.834
540.43	74.951
540.64	75.110
540.84	75.281
541.04	75.496
541.25	75.749
541.45	76.015
541.66	76.305
541.86	76.638
542.06	76.976
542.27	77.339
542.47	77.715
542.67	78.114
542.88	78.520
543.08	78.948
543.28	79.370
543.49	79.799
543.69	80.245
543.90	80.712
544.10	81.160
544.30	81.632
544.51	82.083
544.71	82.537
544.91	82.987
545.12	83.434
545.32	83.856
545.52	84.249
545.73	84.659
545.93	85.058
546.13	85.391
546.34	85.710
546.54	86.019
546.74	86.318
546.95	86.591
547.15	86.832
547.35	87.034
547.56	87.236
547.76	87.432
547.96	87.581
548.17	87.692
548.37	87.788
548.57	87.836
548.78	87.852
548.98	87.847
549.18	87.781
549.39	87.701
549.59	87.603
549.79	87.487
550.00	87.336
550.20	87.162
550.40	86.945
550.61	86.731
550.81	86.473
551.01	86.178
551.22	85.883
551.42	85.570
551.62	85.222
551.82	84.843
552.03	84.446
552.23	84.057
552.43	83.655
552.64	83.238
552.84	82.794
553.04	82.343
553.25	81.883
553.45	81.424
553.65	80.946
553.85	80.492
554.06	80.019
554.26	79.540
554.46	79.067
554.67	78.633
554.87	78.168
555.07	77.756
555.27	77.341
555.48	76.920
555.68	76.526
555.88	76.153
556.09	75.786
556.29	75.428
556.49	75.081
556.69	74.741
556.90	74.458
557.10	74.199
557.30	73.998
557.50	73.802
557.71	73.647
557.91	73.534
558.11	73.409
558.31	73.326
558.52	73.271
558.72	73.246
558.92	73.252
559.13	73.286
559.33	73.322
559.53	73.385
559.73	73.505
559.94	73.660
560.14	73.824
560.34	74.019
560.54	74.247
560.75	74.507
560.95	74.783
561.15	75.097
561.35	75.410
561.55	75.720
561.76	76.054
561.96	76.388
562.16	76.743
562.36	77.141
562.57	77.533
562.77	77.947
562.97	78.349
563.17	78.760
563.38	79.168
563.58	79.601
563.78	80.033
563.98	80.458
564.18	80.837
564.39	81.249
564.59	81.654
564.79	82.063
564.99	82.445
565.20	82.806
565.40	83.124
565.60	83.462
565.80	83.796
566.00	84.093
566.21	84.399
566.41	84.668
566.61	84.922
566.81	85.169
567.01	85.362
567.22	85.580
567.42	85.743
567.62	85.884
567.82	86.007
568.02	86.118
568.23	86.200
568.43	86.266
568.63	86.301
568.83	86.310
569.03	86.277
569.24	86.217
569.44	86.153
569.64	86.075
569.84	85.972
570.04	85.820
570.24	85.667
570.45	85.487
570.65	85.281
570.85	85.041
571.05	84.773
571.25	84.505
571.45	84.181
571.66	83.879
571.86	83.571
572.06	83.216
572.26	82.865
572.46	82.489
572.66	82.128
572.87	81.732
573.07	81.325
573.27	80.920
573.47	80.519
573.67	80.110
573.87	79.679
574.08	79.241
574.28	78.836
574.48	78.413
574.68	77.979
574.88	77.567
575.08	77.138
575.28	76.746
575.49	76.351
575.69	75.973
575.89	75.587
576.09	75.231
576.29	74.895
576.49	74.540
576.69	74.207
576.90	73.896
577.10	73.611
577.30	73.342
577.50	73.098
577.70	72.867
577.90	72.654
578.10	72.485
578.30	72.335
578.51	72.199
578.71	72.095
578.91	72.016
579.11	71.950
579.31	71.931
579.51	71.904
579.71	71.915
579.91	71.963
580.12	72.035
580.32	72.121
580.52	72.236
580.72	72.369
580.92	72.522
581.12	72.674
581.32	72.863
581.52	73.091
581.72	73.318
581.92	73.570
582.13	73.847
582.33	74.121
582.53	74.412
582.73	74.715
582.93	75.049
583.13	75.397
583.33	75.756
583.53	76.121
583.73	76.506
583.93	76.905
584.13	77.294
584.34	77.704
584.54	78.085
584.74	78.463
584.94	78.872
585.14	79.274
585.34	79.688
585.54	80.056
585.74	80.414
585.94	80.786
586.14	81.171
586.34	81.524
586.54	81.887
586.74	82.238
586.94	82.577
587.15	82.902
587.35	83.197
587.55	83.487
587.75	83.753
587.95	83.999
588.15	84.218
588.35	84.406
588.55	84.604
588.75	84.799
588.95	84.964
589.15	85.100
589.35	85.229
589.55	85.325
589.75	85.432
589.95	85.503
590.15	85.552
590.35	85.552
590.55	85.552
590.75	85.535
590.95	85.476
591.15	85.407
591.35	85.311
591.56	85.196
591.76	85.050
591.96	84.884
592.16	84.718
592.36	84.533
592.56	84.344
592.76	84.105
592.96	83.852
593.16	83.577
593.36	83.285
593.56	82.997
593.76	82.698
593.96	82.382
594.16	82.058
594.36	81.719
594.56	81.374
594.76	81.017
594.96	80.653
595.16	80.287
595.36	79.920
595.56	79.518
595.76	79.116
595.96	78.713
596.16	78.336
596.36	77.937
596.56	77.556
596.76	77.156
596.96	76.780
597.16	76.409
597.36	76.046
597.56	75.697
597.76	75.326
597.96	74.976
598.16	74.633
598.36	74.297
598.56	73.977
598.76	73.689
598.96	73.405
599.16	73.131
599.36	72.895
599.56	72.656
599.76	72.461
599.96	72.284
600.15	72.124
600.35	71.973
600.55	71.855
600.75	71.717
600.95	71.620
601.15	71.530
601.35	71.463
601.55	71.431
601.75	71.418
601.95	71.439
602.15	71.463
602.35	71.502
602.55	71.598
602.75	71.678
602.95	71.780
603.15	71.892
603.35	72.032
603.55	72.191
603.75	72.358
603.95	72.551
604.15	72.763
604.35	72.990
604.54	73.226
604.74	73.497
604.94	73.768
605.14	74.041
605.34	74.325
605.54	74.621
605.74	74.946
605.94	75.269
606.14	75.618
606.34	75.967
606.54	76.332
606.74	76.692
606.94	77.072
607.14	77.451
607.33	77.846
607.53	78.228
607.73	78.586
607.93	78.952
608.13	79.297
608.33	79.664
608.53	80.002
608.73	80.357
608.93	80.681
609.13	81.015
609.33	81.358
609.52	81.693
609.72	82.018
609.92	82.306
610.12	82.603
610.32	82.854
610.52	83.132
610.72	83.368
610.92	83.594
611.12	83.812
611.31	84.006
611.51	84.187
611.71	84.362
611.91	84.538
612.11	84.709
612.31	84.867
612.51	84.961
612.71	85.084
612.91	85.162
613.10	85.221
613.30	85.301
613.50	85.351
613.70	85.361
613.90	85.362
614.10	85.344
614.30	85.284
614.50	85.237
614.69	85.132
614.89	85.039
615.09	84.916
615.29	84.762
615.49	84.614
615.69	84.441
615.89	84.247
616.08	84.047
616.28	83.808
616.48	83.579
616.68	83.334
616.88	83.069
617.08	82.806
617.27	82.545
617.47	82.248
617.67	81.928
617.87	81.590
618.07	81.266
618.27	80.925
618.47	80.601
618.66	80.251
618.86	79.928
619.06	79.591
619.26	79.253
619.46	78.931
619.66	78.571
619.85	78.221
620.05	77.853
620.25	77.467
620.45	77.115
620.65	76.754
620.84	76.420
621.04	76.091
621.24	75.776
621.44	75.441
621.64	75.104
621.84	74.798
622.03	74.513
622.23	74.224
622.43	73.956
622.63	73.677
622.83	73.431
623.02	73.183
623.22	72.933
623.42	72.701
623.62	72.484
623.82	72.295
624.01	72.106
624.21	71.956
624.41	71.823
624.61	71.712
624.81	71.609
625.00	71.514
625.20	71.417
625.40	71.338
625.60	71.280
625.79	71.268
625.99	71.269
626.19	71.277
626.39	71.297
626.59	71.360
626.78	71.441
626.98	71.514
627.18	71.616
627.38	71.749
627.57	71.923
627.77	72.089
627.97	72.278
628.17	72.479
628.37	72.699
628.56	72.938
628.76	73.166
628.96	73.403
629.16	73.662
629.35	73.962
629.55	74.267
629.75	74.601
629.95	74.916
630.14	75.247
630.34	75.589
630.54	75.932
630.74	76.259
630.93	76.616
631.13	76.954
631.33	77.298
631.53	77.618
631.72	77.940
631.92	78.284
632.12	78.636
632.31	79.008
632.51	79.370
632.71	79.735
632.91	80.089
633.10	80.452
633.30	80.808
633.50	81.130
633.70	81.467
633.89	81.775
634.09	82.107
634.29	82.409
634.48	82.703
634.68	83.004
634.88	83.294
635.08	83.570
635.27	83.865
635.47	84.134
635.67	84.416
635.86	84.672
636.06	84.916
636.26	85.112
636.46	85.299
636.65	85.503
636.85	85.701
637.05	85.849
637.24	85.981
637.44	86.103
637.64	86.223
637.83	86.322
638.03	86.417
638.23	86.467
638.43	86.523
638.62	86.563
638.82	86.580
639.02	86.559
639.21	86.537
639.41	86.489
639.61	86.429
639.80	86.367
640.00	86.279
640.20	86.178
640.39	86.101
640.59	85.971
640.79	85.817
640.98	85.633
641.18	85.482
641.38	85.309
641.57	85.123
641.77	84.925
641.97	84.683
642.16	84.444
642.36	84.208
642.56	83.945
642.75	83.695
642.95	83.419
643.15	83.144
643.34	82.869
643.54	82.586
643.74	82.288
643.93	81.988
644.13	81.675
644.33	81.341
644.52	80.993
644.72	80.661
644.91	80.327
645.11	79.989
645.31	79.644
645.50	79.312
645.70	78.981
645.90	78.658
646.09	78.337
646.29	78.000
646.48	77.670
646.68	77.334
646.88	76.998
647.07	76.683
647.27	76.379
647.47	76.063
647.66	75.785
647.86	75.486
648.05	75.194
648.25	74.925
648.45	74.672
648.64	74.418
648.84	74.196
649.04	73.951
649.23	73.728
649.43	73.526
649.62	73.335
649.82	73.140
650.02	72.977
650.21	72.825
650.41	72.712
650.60	72.602
650.80	72.526
651.00	72.433
651.19	72.371
651.39	72.330
651.58	72.299
651.78	72.263
651.97	72.279
652.17	72.286
652.37	72.287
652.56	72.342
652.76	72.408
652.95	72.481
653.15	72.578
653.35	72.693
653.54	72.814
653.74	72.930
653.93	73.082
654.13	73.220
654.32	73.381
654.52	73.516
654.72	73.692
654.91	73.876
655.11	74.095
655.30	74.323
655.50	74.554
655.69	74.806
655.89	75.051
656.08	75.290
656.28	75.570
656.48	75.853
656.67	76.149
656.87	76.444
657.06	76.743
657.26	77.059
657.45	77.366
657.65	77.695
657.84	78.045
658.04	78.367
658.23	78.716
658.43	79.042
658.62	79.411
658.82	79.756
659.02	80.100
659.21	80.463
659.41	80.798
659.60	81.131
659.80	81.458
659.99	81.809
660.19	82.161
660.38	82.499
660.58	82.820
660.77	83.142
660.97	83.455
661.16	83.736
661.36	84.018
661.55	84.318
661.75	84.576
661.94	84.829
662.14	85.109
662.33	85.362
662.53	85.618
662.72	85.852
662.92	86.086
663.11	86.291
663.31	86.491
663.50	86.688
663.70	86.891
663.89	87.066
664.09	87.218
664.28	87.372
664.48	87.510
664.67	87.671
664.87	87.763
665.06	87.868
665.26	87.966
665.45	88.050
665.65	88.119
665.84	88.194
666.04	88.235
666.23	88.227
666.43	88.208
666.62	88.199
666.82	88.168
667.01	88.118
667.21	88.066
667.40	87.996
667.59	87.928
667.79	87.802
667.98	87.688
668.18	87.557
668.37	87.410
668.57	87.244
668.76	87.078
668.96	86.886
669.15	86.699
669.35	86.517
669.54	86.309
669.73	86.084
669.93	85.857
670.12	85.638
670.32	85.423
670.51	85.187
670.71	84.945
670.90	84.704
671.10	84.440
671.29	84.171
671.48	83.878
671.68	83.562
671.87	83.301
672.07	83.002
672.26	82.739
672.46	82.452
672.65	82.152
672.84	81.835
673.04	81.552
673.23	81.258
673.43	80.952
673.62	80.650
673.82	80.351
674.01	80.018
674.20	79.700
674.40	79.374
674.59	79.084
674.79	78.793
674.98	78.488
675.17	78.215
675.37	77.942
675.56	77.663
675.76	77.407
675.95	77.106
676.14	76.857
676.34	76.587
676.53	76.317
676.73	76.080
676.92	75.845
677.11	75.611
677.31	75.355
677.50	75.158
677.70	74.949
677.89	74.730
678.08	74.561
678.28	74.388
678.47	74.247
678.66	74.116
678.86	73.976
679.05	73.857
679.25	73.742
679.44	73.655
679.63	73.607
679.83	73.573
680.02	73.554
680.21	73.513
680.41	73.487
680.60	73.471
680.79	73.489
680.99	73.507
681.18	73.529
681.38	73.593
681.57	73.656
681.76	73.747
681.96	73.863
682.15	73.964
682.34	74.051
682.54	74.154
682.73	74.289
682.92	74.437
683.12	74.597
683.31	74.762
683.50	74.946
683.70	75.126
683.89	75.272
684.08	75.468
684.28	75.689
684.47	75.892
684.66	76.155
684.86	76.382
685.05	76.641
685.24	76.911
685.44	77.171
685.63	77.433
685.82	77.722
686.02	77.993
686.21	78.311
686.40	78.653
686.60	78.984
686.79	79.279
686.98	79.607
687.18	79.940
687.37	80.247
687.56	80.541
687.75	80.876
687.95	81.231
688.14	81.559
688.33	81.898
688.53	82.235
688.72	82.551
688.91	82.887
689.11	83.206
689.30	83.552
689.49	83.910
689.68	84.243
689.88	84.547
690.07	84.850
690.26	85.131
690.46	85.415
690.65	85.693
690.84	85.989
691.03	86.254
691.23	86.534
691.42	86.809
691.61	87.080
691.80	87.314
692.00	87.550
692.19	87.769
692.38	87.972
692.58	88.181
692.77	88.379
692.96	88.556
693.15	88.697
693.35	88.829
693.54	88.979
693.73	89.134
693.92	89.253
694.12	89.401
694.31	89.510
694.50	89.632
694.69	89.725
694.89	89.799
695.08	89.879
695.27	89.917
695.46	89.954
695.66	90.003
695.85	90.020
696.04	90.040
696.23	90.084
696.43	90.079
696.62	90.071
696.81	90.036
697.00	89.997
697.19	89.992
697.39	89.941
697.58	89.857
697.77	89.753
697.96	89.687
698.16	89.558
698.35	89.479
698.54	89.340
698.73	89.222
698.92	89.083
699.12	88.913
699.31	88.753
699.50	88.596
699.69	88.418
699.89	88.232
700.08	88.054
700.27	87.834
700.46	87.639
700.65	87.434
700.85	87.234
701.04	87.019
701.23	86.773
701.42	86.553
701.61	86.310
701.81	86.061
702.00	85.794
702.19	85.556
702.38	85.276
702.57	85.025
702.76	84.735
702.96	84.457
703.15	84.181
703.34	83.873
703.53	83.586
703.72	83.264
703.92	82.953
704.11	82.610
704.30	82.269
704.49	81.967
704.68	81.655
704.87	81.334
705.07	81.024
705.26	80.727
705.45	80.430
705.64	80.138
705.83	79.836
706.02	79.541
706.21	79.286
706.41	79.009
706.60	78.740
706.79	78.512
706.98	78.270
707.17	78.001
707.36	77.786
707.56	77.564
707.75	77.350
707.94	77.173
708.13	77.013
708.32	76.865
708.51	76.689
708.70	76.530
708.89	76.389
709.09	76.248
709.28	76.115
709.47	75.975
709.66	75.842
709.85	75.732
710.04	75.615
710.23	75.492
710.42	75.420
710.62	75.320
710.81	75.199
711.00	75.118
711.19	75.092
711.38	75.064
711.57	75.025
711.76	75.010
711.95	74.985
712.15	74.963
712.34	74.961
712.53	74.979
712.72	74.994
712.91	75.043
713.10	75.112
713.29	75.176
713.48	75.238
713.67	75.350
713.86	75.488
714.05	75.623
714.25	75.747
714.44	75.855
714.63	76.004
714.82	76.178
715.01	76.356
715.20	76.561
715.39	76.732
715.58	76.929
715.77	77.146
715.96	77.374
716.15	77.607
716.34	77.812
716.54	78.032
716.73	78.290
716.92	78.518
717.11	78.755
717.30	79.029
717.49	79.305
717.68	79.579
717.87	79.799
718.06	80.074
718.25	80.359
718.44	80.656
718.63	80.958
718.82	81.267
719.01	81.560
719.20	81.846
719.39	82.138
719.58	82.443
719.77	82.736
719.96	83.000
720.16	83.277
720.35	83.586
720.54	83.895
720.73	84.196
720.92	84.499
721.11	84.790
721.30	85.061
721.49	85.338
721.68	85.619
721.87	85.945
722.06	86.248
722.25	86.543
722.44	86.794
722.63	87.069
722.82	87.299
723.01	87.543
723.20	87.771
723.39	88.008
723.58	88.248
723.77	88.476
723.96	88.727
724.15	88.989
724.34	89.230
724.53	89.439
724.72	89.622
724.91	89.818
725.10	90.032
725.29	90.240
725.48	90.447
725.67	90.612
725.86	90.743
726.05	90.870
726.24	90.989
726.43	91.153
726.62	91.255
726.81	91.421
727.00	91.528
727.19	91.649
727.38	91.772
727.57	91.862
727.76	91.946
727.95	92.010
728.14	92.032
728.33	92.054
728.52	92.074
728.71	92.083
728.90	92.089
729.09	92.056
729.28	92.010
729.47	91.964
729.65	91.928
729.84	91.884
730.03	91.828
730.22	91.775
730.41	91.697
730.60	91.647
730.79	91.539
730.98	91.455
731.17	91.353
731.36	91.213
731.55	91.075
731.74	90.939
731.93	90.774
732.12	90.643
732.31	90.507
732.50	90.374
732.69	90.251
732.88	90.096
733.06	89.919
733.25	89.749
733.44	89.593
733.63	89.388
733.82	89.227
734.01	89.030
734.20	88.804
734.39	88.572
734.58	88.347
734.77	88.131
734.96	87.874
735.15	87.635
735.33	87.395
735.52	87.164
735.71	86.906
735.90	86.662
736.09	86.376
736.28	86.067
736.47	85.808
736.66	85.501
736.85	85.224
737.04	84.928
737.23	84.629
737.41	84.327
737.60	84.051
737.79	83.733
737.98	83.450
738.17	83.184
738.36	82.927
738.55	82.673
738.74	82.422
738.92	82.157
739.11	81.898
739.30	81.615
739.49	81.329
739.68	81.091
739.87	80.865
740.06	80.649
740.25	80.435
740.43	80.187
740.62	79.944
740.81	79.702
741.00	79.495
741.19	79.315
741.38	79.090
741.57	78.882
741.75	78.699
741.94	78.492
742.13	78.275
742.32	78.055
742.51	77.834
742.70	77.636
742.89	77.508
743.07	77.327
743.26	77.199
743.45	77.050
743.64	76.942
743.83	76.807
744.02	76.646
744.20	76.518
744.39	76.402
744.58	76.329
744.77	76.244
744.96	76.188
745.15	76.122
745.33	76.104
745.52	76.091
745.71	76.074
745.90	76.063
746.09	76.100
746.28	76.116
746.46	76.122
746.65	76.134
746.84	76.135
747.03	76.161
747.22	76.201
747.40	76.267
747.59	76.291
747.78	76.366
747.97	76.491
748.16	76.602
748.34	76.692
748.53	76.830
748.72	76.920
748.91	77.032
749.10	77.151
749.28	77.280
749.47	77.385
749.66	77.511
749.85	77.626
750.04	77.752
750.22	77.897
750.41	78.072
750.60	78.257
750.79	78.437
750.97	78.629
751.16	78.825
751.35	78.996
751.54	79.174
751.73	79.375
751.91	79.555
752.10	79.804
752.29	80.006
752.48	80.240
752.66	80.520
752.85	80.761
753.04	80.997
753.23	81.247
753.41	81.482
753.60	81.747
753.79	82.027
753.98	82.280
754.16	82.549
754.35	82.799
754.54	83.043
754.73	83.327
754.91	83.619
755.10	83.884
755.29	84.179
755.48	84.450
755.66	84.708
755.85	84.981
756.04	85.192
756.22	85.495
756.41	85.702
756.60	85.939
756.79	86.212
756.97	86.464
757.16	86.678
757.35	86.958
757.54	87.215
757.72	87.439
757.91	87.704
758.10	87.949
758.28	88.198
758.47	88.417
758.66	88.659
758.85	88.868
759.03	89.072
759.22	89.279
759.41	89.492
759.59	89.707
759.78	89.930
759.97	90.125
760.15	90.299
760.34	90.504
760.53	90.690
760.71	90.848
760.90	91.050
761.09	91.229
761.28	91.372
761.46	91.507
761.65	91.660
761.84	91.813
762.02	91.951
762.21	92.102
762.40	92.207
762.58	92.269
762.77	92.352
762.96	92.484
763.14	92.623
763.33	92.757
763.52	92.802
763.70	92.820
763.89	92.910
764.08	92.951
764.26	92.975
764.45	93.015
764.64	93.054
764.82	93.029
765.01	93.024
765.20	93.033
765.38	93.034
765.57	93.025
765.75	92.977
765.94	92.919
766.13	92.878
766.31	92.870
766.50	92.837
766.69	92.823
766.87	92.789
767.06	92.684
767.25	92.608
767.43	92.569
767.62	92.514
767.80	92.445
767.99	92.338
768.18	92.237
768.36	92.113
768.55	91.981
768.74	91.887
768.92	91.760
769.11	91.630
769.29	91.479
769.48	91.360
769.67	91.198
769.85	91.102
770.04	90.876
770.22	90.675
770.41	90.457
770.60	90.217
770.78	89.948
770.97	89.722
771.15	89.468
771.34	89.223
771.53	89.027
771.71	88.782
771.90	88.570
772.08	88.407
772.27	88.206
772.46	88.002
772.64	87.759
772.83	87.521
773.01	87.265
773.20	86.999
773.39	86.736
773.57	86.478
773.76	86.200
773.94	85.997
774.13	85.759
774.31	85.513
774.50	85.292
774.68	85.076
774.87	84.849
775.06	84.578
775.24	84.325
775.43	84.008
775.61	83.712
775.80	83.440
775.98	83.130
776.17	82.855
776.36	82.550
776.54	82.276
776.73	82.003
776.91	81.726
777.10	81.509
777.28	81.235
777.47	81.004
777.65	80.755
777.84	80.508
778.02	80.289
778.21	80.076
778.39	79.841
778.58	79.617
778.77	79.410
778.95	79.237
779.14	79.054
779.32	78.903
779.51	78.754
779.69	78.578
779.88	78.434
780.06	78.273
780.25	78.125
780.43	77.981
780.62	77.866
780.80	77.764
780.99	77.627
781.17	77.496
781.36	77.365
781.54	77.256
781.73	77.138
781.91	77.030
782.10	76.921
782.28	76.792
782.47	76.687
782.65	76.581
782.84	76.499
783.02	76.441
783.21	76.385
783.39	76.339
783.58	76.338
783.76	76.265
783.95	76.258
784.13	76.298
784.32	76.292
784.50	76.281
784.69	76.285
784.87	76.303
785.05	76.371
785.24	76.398
785.42	76.446
785.61	76.504
785.79	76.554
785.98	76.640
786.16	76.735
786.35	76.819
786.53	76.919
786.72	76.986
786.90	77.077
787.09	77.165
787.27	77.285
787.45	77.423
787.64	77.601
787.82	77.704
788.01	77.782
788.19	77.920
788.38	78.056
788.56	78.157
788.75	78.307
788.93	78.462
789.11	78.559
789.30	78.678
789.48	78.807
789.67	78.976
789.85	79.114
790.04	79.296
790.22	79.487
790.40	79.656
790.59	79.844
790.77	80.026
790.96	80.249
791.14	80.408
791.32	80.543
791.51	80.715
791.69	80.936
791.88	81.126
792.06	81.322
792.25	81.516
792.43	81.764
792.61	81.955
792.80	82.175
792.98	82.466
793.17	82.707
793.35	82.931
793.53	83.114
793.72	83.370
793.90	83.601
794.08	83.814
794.27	84.047
794.45	84.291
794.64	84.511
794.82	84.710
795.00	84.920
795.19	85.143
795.37	85.361
795.55	85.518
795.74	85.762
795.92	85.983
796.11	86.235
796.29	86.460
796.47	86.658
796.66	86.804
796.84	87.027
797.02	87.254
797.21	87.493
797.39	87.716
797.58	87.905
797.76	88.074
797.94	88.222
798.13	88.418
798.31	88.615
798.49	88.815
798.68	88.995
798.86	89.206
799.04	89.367
799.23	89.534
799.41	89.695
799.59	89.827
799.78	89.941
799.96	90.053
800.14	90.191
800.33	90.367
800.51	90.525
800.69	90.625
800.88	90.713
801.06	90.823
801.24	90.923
801.43	91.044
801.61	91.158
801.79	91.252
801.98	91.282
802.16	91.375
802.34	91.466
802.52	91.548
802.71	91.602
802.89	91.710
803.07	91.749
803.26	91.808
803.44	91.839
803.62	91.886
803.81	91.918
803.99	91.933
804.17	91.931
804.35	91.926
804.54	91.893
804.72	91.910
804.90	91.877
805.09	91.900
805.27	91.878
805.45	91.866
805.63	91.883
805.82	91.883
806.00	91.791
806.18	91.718
806.37	91.679
806.55	91.577
806.73	91.496
806.91	91.459
807.10	91.390
807.28	91.330
807.46	91.268
807.64	91.151
807.83	91.020
808.01	90.895
808.19	90.757
808.37	90.632
808.56	90.494
808.74	90.374
808.92	90.203
809.10	90.024
809.29	89.891
809.47	89.736
809.65	89.556
809.83	89.418
810.02	89.260
810.20	89.065
810.38	88.908
810.56	88.697
810.75	88.500
810.93	88.337
811.11	88.161
811.29	87.978
811.47	87.821
811.66	87.618
811.84	87.449
812.02	87.333
812.20	87.163
812.39	86.975
812.57	86.779
812.75	86.591
812.93	86.461
813.11	86.235
813.30	86.073
813.48	85.895
813.66	85.685
813.84	85.467
814.02	85.302
814.21	85.122
814.39	84.910
814.57	84.687
814.75	84.503
814.93	84.265
815.12	84.042
815.30	83.821
815.48	83.639
815.66	83.415
815.84	83.172
816.03	82.923
816.21	82.683
816.39	82.431
816.57	82.194
816.75	81.904
816.93	81.616
817.12	81.320
817.30	81.046
817.48	80.792
817.66	80.593
817.84	80.326
818.02	80.139
818.21	79.903
818.39	79.700
818.57	79.428
818.75	79.263
818.93	79.025
819.11	78.834
819.30	78.618
819.48	78.419
819.66	78.196
819.84	78.025
820.02	77.877
820.20	77.709
820.38	77.557
820.57	77.420
820.75	77.343
820.93	77.216
821.11	77.109
821.29	76.997
821.47	76.832
821.65	76.676
821.83	76.494
822.02	76.392
822.20	76.273
822.38	76.189
822.56	76.008
822.74	75.881
822.92	75.677
823.10	75.564
823.28	75.397
823.46	75.267
823.65	75.168
823.83	75.026
824.01	74.936
824.19	74.802
824.37	74.649
824.55	74.502
824.73	74.395
824.91	74.286
825.09	74.167
825.27	74.068
825.46	73.967
825.64	73.877
825.82	73.832
826.00	73.732
826.18	73.627
826.36	73.600
826.54	73.566
826.72	73.623
826.90	73.601
827.08	73.627
827.26	73.670
827.44	73.663
827.63	73.667
827.81	73.701
827.99	73.720
828.17	73.768
828.35	73.812
828.53	73.859
828.71	73.933
828.89	74.022
829.07	74.102
829.25	74.190
829.43	74.283
829.61	74.303
829.79	74.395
829.97	74.531
830.15	74.572
830.33	74.682
830.51	74.723
830.69	74.816
830.87	74.853
831.06	74.918
831.24	74.994
831.42	75.086
831.60	75.142
831.78	75.280
831.96	75.365
832.14	75.502
832.32	75.618
832.50	75.740
832.68	75.833
832.86	75.916
833.04	76.053
833.22	76.128
833.40	76.293
833.58	76.370
833.76	76.472
833.94	76.672
834.12	76.831
834.30	77.018
834.48	77.153
834.66	77.360
834.84	77.511
835.02	77.686
835.20	77.887
835.38	78.068
835.56	78.199
835.74	78.407
835.92	78.598
836.10	78.792
836.28	78.977
836.46	79.180
836.64	79.336
836.82	79.515
837.00	79.727
837.18	79.926
837.36	80.203
837.54	80.389
837.72	80.550
837.90	80.710
838.08	80.911
838.26	81.105
838.43	81.289
838.61	81.449
838.79	81.619
838.97	81.755
839.15	81.922
839.33	82.125
839.51	82.273
839.69	82.410
839.87	82.572
840.05	82.768
840.23	82.922
840.41	83.115
840.59	83.212
840.77	83.404
840.95	83.545
841.13	83.616
841.31	83.720
841.49	83.813
841.67	83.856
841.84	83.962
842.02	84.043
842.20	84.205
842.38	84.276
842.56	84.367
842.74	84.466
842.92	84.527
843.10	84.640
843.28	84.746
843.46	84.865
843.64	84.838
843.82	84.872
843.99	84.928
844.17	85.018
844.35	85.191
844.53	85.235
844.71	85.335
844.89	85.381
845.07	85.510
845.25	85.605
845.43	85.767
845.61	85.806
845.78	85.912
845.96	85.955
846.14	86.089
846.32	86.192
846.50	86.269
846.68	86.425
846.86	86.446
847.04	86.495
847.22	86.503
847.39	86.647
847.57	86.712
847.75	86.718
847.93	86.714
848.11	86.704
848.29	86.754
848.47	86.713
848.65	86.749
848.82	86.660
849.00	86.711
849.18	86.682
849.36	86.650
849.54	86.611
849.72	86.545
849.89	86.549
850.07	86.566
850.25	86.488
850.43	86.374
850.61	86.323
850.79	86.235
850.97	86.203
851.14	86.166
851.32	86.055
851.50	86.027
851.68	86.017
851.86	86.016
852.04	85.920
852.21	85.872
852.39	85.847
852.57	85.862
852.75	85.764
852.93	85.688
853.10	85.636
853.28	85.540
853.46	85.456
853.64	85.322
853.82	85.139
854.00	85.084
854.17	84.976
854.35	84.853
854.53	84.752
854.71	84.602
854.89	84.440
855.06	84.361
855.24	84.280
855.42	84.112
855.60	83.909
855.78	83.767
855.95	83.598
856.13	83.436
856.31	83.187
856.49	82.969
856.66	82.867
856.84	82.660
857.02	82.604
857.20	82.445
857.38	82.261
857.55	82.101
857.73	81.893
857.91	81.786
858.09	81.621
858.26	81.455
858.44	81.322
858.62	81.154
858.80	80.946
858.97	80.737
859.15	80.571
859.33	80.383
859.51	80.266
859.68	80.092
859.86	79.926
860.04	79.814
860.22	79.645
860.39	79.431
860.57	79.188
860.75	78.904
860.93	78.743
861.10	78.609
861.28	78.471
861.46	78.306
861.64	78.060
861.81	77.867
861.99	77.686
862.17	77.449
862.35	77.257
862.52	77.095
862.70	76.896
862.88	76.755
863.05	76.519
863.23	76.270
863.41	76.091
863.59	75.889
863.76	75.719
863.94	75.562
864.12	75.385
864.29	75.315
864.47	75.125
864.65	74.879
864.83	74.653
865.00	74.430
865.18	74.241
865.36	74.117
865.53	73.929
865.71	73.784
865.89	73.640
866.06	73.441
866.24	73.219
866.42	73.039
866.59	72.795
866.77	72.683
866.95	72.549
867.12	72.363
867.30	72.223
867.48	72.035
867.65	71.880
867.83	71.702
868.01	71.506
868.18	71.362
868.36	71.265
868.54	71.170
868.71	71.104
868.89	70.989
869.07	70.918
869.24	70.868
869.42	70.744
869.60	70.589
869.77	70.556
869.95	70.508
870.13	70.423
870.30	70.454
870.48	70.372
870.66	70.273
870.83	70.217
871.01	70.088
871.18	70.059
871.36	69.984
871.54	69.920
871.71	69.927
871.89	69.942
872.07	69.835
872.24	69.720
872.42	69.663
872.59	69.644
872.77	69.507
872.95	69.475
873.12	69.385
873.30	69.328
873.48	69.337
873.65	69.291
873.83	69.255
874.00	69.204
874.18	69.165
874.36	69.163
874.53	69.152
874.71	69.176
874.88	69.184
875.06	69.229
875.24	69.307
875.41	69.321
875.59	69.268
875.76	69.387
875.94	69.466
876.11	69.432
876.29	69.404
876.47	69.441
876.64	69.451
876.82	69.490
876.99	69.544
877.17	69.504
877.35	69.514
877.52	69.550
877.70	69.518
877.87	69.544
878.05	69.604
878.22	69.654
878.40	69.700
878.57	69.700
878.75	69.668
878.93	69.639
879.10	69.617
879.28	69.725
879.45	69.768
879.63	69.751
879.80	69.788
879.98	69.908
880.15	69.962
880.33	69.982
880.50	70.076
880.68	70.229
880.86	70.350
881.03	70.534
881.21	70.707
881.38	70.786
881.56	71.007
881.73	71.092
881.91	71.176
882.08	71.329
882.26	71.481
882.43	71.735
882.61	71.980
882.78	72.175
882.96	72.303
883.13	72.456
883.31	72.583
883.48	72.757
883.66	72.912
883.83	73.068
884.01	73.258
884.18	73.475
884.36	73.642
884.53	73.726
884.71	73.781
884.88	73.863
885.06	74.091
885.23	74.139
885.41	74.289
885.58	74.459
885.76	74.579
885.93	74.627
886.11	74.754
886.28	74.808
886.46	74.904
886.63	74.985
886.81	75.088
886.98	75.357
887.15	75.457
887.33	75.566
887.50	75.814
887.68	75.868
887.85	75.953
888.03	76.077
888.20	76.234
888.38	76.395
888.55	76.493
888.73	76.516
888.90	76.590
889.08	76.654
889.25	76.671
889.42	76.770
889.60	77.014
889.77	76.996
889.95	77.114
890.12	77.221
890.30	77.369
890.47	77.417
890.64	77.431
890.82	77.588
890.99	77.651
891.17	77.678
891.34	77.777
891.52	77.802
891.69	77.883
891.86	77.995
892.04	77.996
892.21	78.139
892.39	78.292
892.56	78.457
892.73	78.511
892.91	78.642
893.08	78.813
893.26	78.827
893.43	78.919
893.60	78.875
893.78	79.011
893.95	79.078
894.13	79.267
894.30	79.418
894.47	79.544
894.65	79.648
894.82	79.701
895.00	79.835
895.17	80.019
895.34	80.076
895.52	80.223
895.69	80.332
895.86	80.383
896.04	80.420
896.21	80.597
896.39	80.736
896.56	80.871
896.73	80.834
896.91	80.872
897.08	80.953
897.25	81.142
897.43	81.061
897.60	81.056
897.77	80.994
897.95	80.877
898.12	80.798
898.30	80.866
898.47	80.898
898.64	80.857
898.82	80.717
898.99	80.634
899.16	80.605
899.34	80.544
899.51	80.446
899.68	80.370
899.86	80.176
900.03	80.078
900.20	79.964
900.38	79.935
900.55	79.882
900.72	79.696
900.90	79.572
901.07	79.667
901.24	79.631
901.41	79.603
901.59	79.578
901.76	79.545
901.93	79.369
902.11	79.200
902.28	79.242
902.45	79.311
902.63	79.367
902.80	79.274
902.97	79.285
903.15	79.357
903.32	79.343
903.49	79.338
903.66	79.292
903.84	79.372
904.01	79.326
904.18	79.261
904.36	79.346
904.53	79.251
904.70	79.113
904.87	79.061
905.05	78.909
905.22	78.863
905.39	78.834
905.56	78.715
905.74	78.721
905.91	78.532
906.08	78.362
906.26	78.161
906.43	77.945
906.60	77.811
906.77	77.624
906.95	77.466
907.12	77.238
907.29	77.046
907.46	76.844
907.64	76.691
907.81	76.560
907.98	76.350
908.15	76.236
908.33	76.102
908.50	75.905
908.67	75.864
908.84	75.800
909.01	75.602
909.19	75.579
909.36	75.356
909.53	75.222
909.70	75.034
909.88	74.981
910.05	74.768
910.22	74.587
910.39	74.369
910.57	74.333
910.74	74.296
910.91	74.239
911.08	74.038
911.25	73.807
911.43	73.685
911.60	73.544
911.77	73.380
911.94	73.164
912.11	73.042
912.29	72.771
912.46	72.509
912.63	72.305
912.80	72.025
912.97	71.871
913.15	71.726
913.32	71.611
913.49	71.371
913.66	71.405
913.83	71.268
914.00	71.139
914.18	70.922
914.35	70.716
914.52	70.463
914.69	70.215
914.86	70.055
915.03	69.921
915.21	69.816
915.38	69.652
915.55	69.548
915.72	69.357
915.89	69.338
916.06	69.250
916.24	69.220
916.41	69.139
916.58	69.103
916.75	68.937
916.92	68.776
917.09	68.608
917.26	68.354
917.44	68.181
917.61	68.080
917.78	67.893
917.95	67.754
918.12	67.557
918.29	67.530
918.46	67.426
918.64	67.243
918.81	67.135
918.98	67.178
919.15	67.128
919.32	67.046
919.49	66.738
919.66	66.527
919.83	66.318
920.00	66.186
920.18	66.042
920.35	66.012
920.52	65.949
920.69	66.018
920.86	65.930
921.03	65.884
921.20	65.824
921.37	65.701
921.54	65.508
921.71	65.506
921.89	65.413
922.06	65.393
922.23	65.374
922.40	65.305
922.57	64.936
922.74	64.789
922.91	64.766
923.08	64.781
923.25	64.839
923.42	64.778
923.59	64.838
923.76	64.645
923.93	64.581
924.11	64.501
924.28	64.391
924.45	64.377
924.62	64.368
924.79	64.204
924.96	64.218
925.13	64.258
925.30	64.198
925.47	64.099
925.64	64.035
925.81	64.003
925.98	63.932
926.15	64.077
926.32	64.059
926.49	64.094
926.66	64.033
926.83	63.972
927.00	63.980
927.17	63.905
927.34	64.010
927.51	63.864
927.69	63.949
927.86	63.852
928.03	63.861
928.20	63.900
928.37	63.868
928.54	63.839
928.71	63.807
928.88	63.905
929.05	64.095
929.22	64.159
929.39	64.196
929.56	64.240
929.73	64.163
929.90	64.183
930.07	64.083
930.24	64.034
930.41	64.051
930.58	64.103
930.75	64.191
930.92	64.162
931.09	64.240
931.26	64.231
931.43	64.348
931.60	64.316
931.77	64.330
931.94	64.517
932.11	64.504
932.27	64.653
932.44	64.811
932.61	64.716
932.78	64.766
932.95	64.784
933.12	64.806
933.29	64.946
933.46	64.914
933.63	65.041
933.80	65.145
933.97	65.192
934.14	65.256
934.31	65.043
934.48	65.077
934.65	65.177
934.82	65.299
934.99	65.314
935.16	65.401
935.33	65.421
935.50	65.586
935.67	65.843
935.84	65.817
936.00	65.696
936.17	65.851
936.34	65.933
936.51	66.097
936.68	66.191
936.85	66.211
937.02	66.394
937.19	66.348
937.36	66.590
937.53	66.598
937.70	66.706
937.87	66.959
938.03	67.025
938.20	67.075
938.37	67.130
938.54	67.217
938.71	67.326
938.88	67.508
939.05	67.303
939.22	67.153
939.39	67.399
939.56	67.662
939.72	67.639
939.89	67.681
940.06	67.657
940.23	67.712
940.40	67.735
940.57	67.926
940.74	68.085
940.91	67.979
941.08	68.045
941.24	68.143
941.41	68.240
941.58	68.362
941.75	68.366
941.92	68.413
942.09	68.587
942.26	68.422
942.42	68.485
942.59	68.743
942.76	69.110
942.93	69.042
943.10	68.976
943.27	69.256
943.44	69.367
943.60	69.377
943.77	69.282
943.94	69.529
944.11	69.517
944.28	69.502
944.45	69.827
944.61	69.879
944.78	69.861
944.95	69.890
945.12	70.183
945.29	70.300
945.46	70.239
945.62	70.086
945.79	70.519
945.96	70.561
946.13	70.703
946.30	70.860
946.46	71.077
946.63	71.150
946.80	70.942
946.97	70.935
947.14	71.126
947.31	71.589
947.47	71.653
947.64	71.792
947.81	71.967
947.98	72.011
948.15	72.145
948.31	72.340
948.48	72.541
948.65	72.517
948.82	72.660
948.98	72.829
949.15	73.175
949.32	73.157
949.49	73.233
949.66	73.282
949.82	73.168
949.99	73.181
950.16	73.328
950.33	73.701
950.49	73.866
950.66	73.628
950.83	73.424
951.00	73.305
951.16	72.944
951.33	72.812
951.50	72.662
951.67	72.707
951.83	72.758
952.00	72.638
952.17	72.538
952.34	72.573
952.50	72.704
952.67	72.648
952.84	72.511
953.01	72.383
953.17	72.400
953.34	72.450
953.51	72.394
953.68	72.139
953.84	71.653
954.01	71.508
954.18	71.680
954.34	71.693
954.51	71.848
954.68	72.026
954.85	72.012
955.01	72.173
955.18	72.273
955.35	71.797
955.51	71.611
955.68	71.540
955.85	71.598
956.02	71.355
956.18	71.343
956.35	71.234
956.52	71.119
956.68	71.052
956.85	70.944
957.02	71.021
957.18	71.051
957.35	71.208
957.52	71.359
957.69	71.382
957.85	71.456
958.02	71.193
958.19	70.956
958.35	71.074
958.52	70.790
958.69	70.771
958.85	70.963
959.02	71.100
959.19	71.115
959.35	71.009
959.52	71.242
959.69	71.259
959.85	71.396
960.02	71.413
960.19	71.057
960.35	70.998
960.52	70.795
960.68	70.495
960.85	70.563
961.02	70.509
961.18	70.407
961.35	69.885
961.52	69.924
961.68	69.892
961.85	69.790
962.02	69.693
962.18	69.394
962.35	69.416
962.51	69.309
962.68	69.291
962.85	68.974
963.01	68.444
963.18	68.286
963.35	67.775
963.51	67.777
963.68	67.913
963.84	67.258
964.01	67.053
964.18	67.285
964.34	66.945
964.51	66.694
964.67	66.564
964.84	66.654
965.01	66.586
965.17	66.426
965.34	66.121
965.50	65.902
965.67	65.659
965.84	65.561
966.00	65.739
966.17	65.482
966.33	65.234
966.50	64.984
966.66	64.746
966.83	64.944
967.00	64.413
967.16	64.024
967.33	63.789
967.49	63.752
967.66	63.794
967.82	63.684
967.99	63.693
968.16	63.694
968.32	63.621
968.49	63.422
968.65	63.752
968.82	63.677
968.98	63.610
969.15	63.184
969.31	62.550
969.48	62.124
969.64	61.877
969.81	62.214
969.98	62.292
970.14	62.143
970.31	62.376
970.47	62.375
970.64	62.569
970.80	63.204
970.97	62.513
971.13	62.310
971.30	62.073
971.46	61.729
971.63	61.298
971.79	61.176
971.96	61.145
972.12	61.070
972.29	61.030
972.45	60.963
972.62	61.671
972.78	61.755
972.95	61.435
973.11	61.087
973.28	60.799
973.44	60.745
973.61	60.877
973.77	59.927
973.94	59.867
974.10	59.747
974.27	59.583
974.43	60.221
974.60	59.973
974.76	59.967
974.93	59.986
975.09	59.995
975.26	59.979
975.42	59.586
975.59	59.245
975.75	59.380
975.92	59.303
976.08	58.747
976.24	58.570
976.41	58.449
976.57	58.520
976.74	58.596
976.90	58.108
977.07	57.375
977.23	57.687
977.40	58.114
977.56	57.529
977.73	57.059
977.89	57.070
978.05	57.190
978.22	57.365
978.38	56.577
978.55	56.001
978.71	55.812
978.88	55.695
979.04	55.623
979.20	55.378
979.37	55.661
979.53	55.691
979.70	55.951
979.86	56.614
980.03	56.655
980.19	56.334
980.35	57.245
980.52	57.124
980.68	57.582
980.85	57.280
981.01	57.462
981.17	57.688
981.34	57.360
981.50	57.030
981.67	56.561
981.83	56.777
981.99	57.210
982.16	56.751
982.32	56.807
982.49	56.625
982.65	56.210
982.81	55.814
982.98	55.567
983.14	55.756
983.30	55.300
983.47	55.110
983.63	55.167
983.80	54.774
983.96	55.129
984.12	56.213
984.29	55.976
984.45	56.389
984.61	56.060
984.78	55.633
984.94	56.048
985.10	56.438
985.27	56.539
985.43	56.660
985.59	57.698
985.76	57.614
985.92	58.020
986.08	58.268
986.25	58.168
986.41	58.592
986.57	57.641
986.74	57.064
986.90	57.079
987.06	57.107
987.23	56.572
987.39	56.358
987.55	54.324
987.72	54.710
987.88	53.408
988.04	53.683
988.21	54.263
988.37	54.006
988.53	53.922
988.70	54.179
988.86	53.868
989.02	53.063
989.19	52.950
989.35	52.139
989.51	51.601
989.67	51.741
989.84	52.277
990.00	52.712
990.16	53.729
990.33	53.968
990.49	54.030
990.65	54.333
990.82	54.595
990.98	55.110
991.14	55.020
991.30	55.932
991.47	55.065
991.63	55.012
991.79	56.598
991.95	57.153
992.12	57.256
992.28	57.733
992.44	58.089
992.61	58.492
992.77	58.460
992.93	60.358
993.09	60.176
993.26	59.249
993.42	60.353
993.58	59.816
993.74	59.565
993.91	60.246
994.07	60.004
994.23	59.771
994.39	59.237
994.55	59.345
994.72	58.794
994.88	60.083
995.04	60.068
995.20	58.823
995.37	57.538
995.53	57.646
995.69	56.194
995.85	56.326
996.02	56.201
996.18	57.010
996.34	54.699
996.50	54.570
996.66	55.115
996.83	54.521
996.99	52.325
997.15	53.677
997.31	51.696
997.47	50.811
997.64	51.796
997.80	52.803
997.96	53.731
998.12	54.498
998.28	53.907
998.45	53.404
998.61	52.167
998.77	52.307
998.93	52.832
999.09	54.797
999.25	54.596
999.42	55.793
999.58	56.188
999.74	56.079
999.90	56.388
1000.06	56.731
1000.22	56.173
1000.39	57.488
1000.55	57.238
1000.71	57.827
1000.87	58.994
1001.03	59.173
1001.19	58.154
1001.36	56.158
1001.52	54.920
1001.68	55.035
1001.84	57.130
1002.00	57.012
1002.16	56.849
1002.32	57.293
1002.49	56.675
1002.65	56.431
1002.81	55.658
1002.97	53.886
1003.13	55.272
1003.29	55.772
1003.45	54.910
1003.62	55.689
1003.78	57.018
1003.94	55.505
1004.10	55.840
1004.26	57.037
1004.42	55.240
1004.58	56.259
1004.74	56.915
1004.90	58.849
1005.07	58.528
1005.23	56.327
1005.39	57.527
1005.55	59.110
1005.71	56.580
1005.87	57.991
1006.03	59.499
1006.19	59.219
1006.35	59.859
1006.51	61.190
1006.67	61.794
1006.84	60.892
1007.00	59.621
1007.16	60.981
1007.32	61.245
1007.48	61.732
1007.64	60.621
1007.80	59.901
1007.96	58.424
1008.12	60.469
1008.28	59.499
1008.44	59.776
1008.60	58.970
1008.76	58.280
1008.92	57.999
1009.09	58.287
1009.25	56.086
1009.41	55.047
1009.57	56.404
1009.73	57.887
1009.89	57.038
1010.05	56.755
1010.21	60.518
1010.37	60.725
1010.53	61.199
1010.69	60.758
1010.85	60.185
1011.01	60.852
1011.17	60.486
1011.33	61.026
1011.49	59.182
1011.65	58.675
1011.81	57.755
1011.97	60.147
1012.13	63.030
1012.29	62.357
1012.45	62.534
1012.61	64.207
1012.77	60.464
1012.93	57.206
1013.09	55.043
1013.25	57.632
1013.41	58.387
1013.57	53.031
1013.73	51.924
1013.89	49.504
1014.05	53.531
1014.21	52.813
1014.37	51.412
1014.53	50.588
1014.69	55.251
1014.85	53.881
1015.01	52.593
1015.17	58.540
1015.33	61.438
1015.49	61.438
1015.65	61.043
1015.81	63.180
1015.97	64.487
1016.13	70.258
1016.29	72.199
1016.45	74.346
1016.61	73.118
1016.77	66.363
1016.93	67.091
1017.09	68.577
1017.25	66.648
1017.41	65.864
1017.56	67.416
1017.72	72.857
1017.88	76.631
1018.04	73.510
1018.20	72.862
1018.36	80.162
1018.52	78.835
1018.68	76.478
1018.84	73.095
1019.00	70.268
1019.16	76.031
1019.32	75.764
1019.48	71.542
1019.64	69.938
1019.79	66.678
1019.95	63.722
1020.11	74.108
1020.27	72.437
1020.43	79.501
1020.59	84.330
1020.75	76.391
1020.91	79.660
1021.07	75.722
1021.23	74.969
1021.39	68.935
1021.54	76.142
1021.70	68.735
1021.86	61.104
1022.02	62.242
1022.18	62.172
1022.34	71.098
1022.50	64.361
1022.66	63.955
1022.82	67.521
1022.97	72.082
1023.13	74.828
1023.29	70.317
1023.45	65.440
1023.61	71.266
1023.77	67.097
1023.93	58.681
1024.08	64.343
1024.24	66.649
1024.40	52.909
1024.56	54.120
1024.72	58.269
1024.88	45.318
1025.04	44.600
1025.19	51.446
1025.35	40.674
1025.51	45.700
1025.67	43.069
1025.83	39.773
1025.99	30.720
1026.14	30.045
1026.30	21.144
1026.46	22.073
1026.62	34.296
1026.78	34.065
1026.94	27.881
1027.09	28.764
1027.25	24.865
1027.41	18.679
1027.57	12.303
1027.73	25.820
1027.89	27.384
1028.04	22.472
1028.20	26.998
1028.36	27.597
1028.52	21.841
1028.68	27.434
1028.83	28.004
1028.99	29.505
1029.15	32.468
1029.31	34.794
1029.47	36.997
1029.62	35.573
1029.78	29.345
1029.94	28.579
1030.10	26.614
1030.25	33.884
1030.41	36.710
1030.57	47.870
1030.73	52.545
1030.89	57.951
1031.04	59.020
1031.20	60.076
1031.36	72.842
1031.52	63.381
1031.67	71.788
1031.83	80.137
1031.99	82.736
1032.15	57.553
1032.30	54.754
1032.46	51.914
1032.62	41.467
1032.78	33.768
1032.93	50.427
1033.09	62.005
1033.25	42.678
1033.41	35.090
1033.56	9.385
1033.72	-282.353
1033.88	-21.429
1034.04	24.051
1034.19	-80.000
1034.35	60.135
1034.51	-75.000
1034.66	80.851
1034.82	5600.000
1034.98	5600.000
1035.14	5600.000
