345.22	68.116
345.43	68.116
345.65	68.116
345.86	28.500
346.08	113.636
346.29	44.203
346.51	-2.703
346.72	-42.424
346.94	-115.385
347.15	-3.226
347.37	125.567
347.58	153.430
347.80	181.628
348.01	150.739
348.23	107.831
348.44	100.157
348.66	87.745
348.87	96.294
349.09	93.646
349.30	84.558
349.52	82.169
349.73	84.131
349.95	88.542
350.16	90.048
350.38	86.580
350.59	79.746
350.81	73.991
351.02	74.334
351.24	70.784
351.45	71.344
351.67	70.179
351.88	70.705
352.10	66.577
352.31	64.877
352.53	66.748
352.74	67.814
352.96	69.863
353.17	71.932
353.39	72.665
353.60	70.468
353.82	70.186
354.03	67.908
354.25	63.322
354.46	58.307
354.67	58.091
354.89	56.770
355.10	62.169
355.32	62.083
355.53	60.051
355.75	63.683
355.96	63.468
356.18	61.675
356.39	62.774
356.61	63.081
356.82	60.256
357.04	57.227
357.25	54.710
357.46	55.085
357.68	55.850
357.89	53.151
358.11	52.589
358.32	55.268
358.54	53.889
358.75	55.351
358.97	57.312
359.18	59.667
359.40	60.920
359.61	60.315
359.82	60.229
360.04	62.569
360.25	59.563
360.47	56.668
360.68	59.689
360.90	60.945
361.11	62.736
361.32	62.104
361.54	65.796
361.75	65.254
361.97	64.281
362.18	64.774
362.40	66.151
362.61	67.747
362.83	67.076
363.04	69.324
363.25	73.064
363.47	72.806
363.68	72.108
363.90	73.104
364.11	70.402
364.32	72.921
364.54	71.585
364.75	69.268
364.97	70.655
365.18	65.593
365.40	63.206
365.61	60.563
365.82	64.075
366.04	65.809
366.25	69.286
366.47	68.038
366.68	64.859
366.89	64.048
367.11	62.890
367.32	66.107
367.54	65.027
367.75	62.242
367.96	59.973
368.18	60.160
368.39	59.539
368.61	61.336
368.82	60.881
369.03	62.837
369.25	67.351
369.46	70.642
369.68	72.991
369.89	72.949
370.10	76.578
370.32	78.600
370.53	75.795
370.75	71.263
370.96	75.163
371.17	77.911
371.39	77.279
371.60	75.223
371.81	72.773
372.03	72.237
372.24	72.879
372.46	74.871
372.67	73.149
372.88	72.771
373.10	70.892
373.31	69.323
373.52	69.844
373.74	69.088
373.95	67.840
374.17	69.018
374.38	72.241
374.59	69.866
374.81	66.458
375.02	64.326
375.23	66.214
375.45	62.383
375.66	59.836
375.87	58.730
376.09	61.088
376.30	61.293
376.52	63.749
376.73	60.880
376.94	61.276
377.16	64.395
377.37	68.626
377.58	70.654
377.80	72.987
378.01	73.884
378.22	76.640
378.44	77.441
378.65	81.787
378.86	80.256
379.08	80.671
379.29	82.051
379.50	86.370
379.72	87.220
379.93	90.196
380.14	93.683
380.36	96.533
380.57	98.140
380.78	98.797
381.00	100.140
381.21	103.233
381.42	104.961
381.64	106.836
381.85	106.576
382.06	107.724
382.28	108.085
382.49	108.291
382.70	109.124
382.92	110.196
383.13	109.859
383.34	111.194
383.56	112.972
383.77	114.902
383.98	114.749
384.20	117.211
384.41	117.644
384.62	118.308
384.83	119.108
385.05	119.713
385.26	120.971
385.47	121.513
385.69	122.236
385.90	122.417
386.11	122.855
386.33	123.291
386.54	123.421
386.75	123.887
386.97	124.698
387.18	125.022
387.39	125.027
387.60	124.853
387.82	124.738
388.03	124.560
388.24	124.370
388.46	124.077
388.67	123.268
388.88	122.794
389.09	122.099
389.31	121.327
389.52	120.883
389.73	119.892
389.95	119.230
390.16	118.584
390.37	118.383
390.58	117.806
390.80	117.265
391.01	117.014
391.22	116.732
391.44	116.246
391.65	115.854
391.86	115.752
392.07	116.060
392.29	116.350
392.50	116.582
392.71	116.920
392.92	117.383
393.14	117.739
393.35	118.336
393.56	118.999
393.78	119.658
393.99	120.443
394.20	121.397
394.41	122.282
394.63	122.915
394.84	123.676
395.05	124.499
395.26	125.285
395.48	125.808
395.69	126.483
395.90	127.153
396.11	127.724
396.33	128.068
396.54	128.438
396.75	128.515
396.96	128.628
397.18	128.555
397.39	128.523
397.60	128.447
397.81	128.172
398.03	127.758
398.24	127.326
398.45	126.723
398.66	125.993
398.87	125.225
399.09	124.631
399.30	123.749
399.51	122.909
399.72	122.104
399.94	121.444
400.15	120.528
400.36	119.671
400.57	119.012
400.79	118.317
401.00	117.635
401.21	117.051
401.42	116.538
401.63	116.180
401.85	115.907
402.06	115.738
402.27	115.655
402.48	115.793
402.69	116.015
402.91	116.204
403.12	116.605
403.33	117.140
403.54	117.645
403.76	118.189
403.97	118.830
404.18	119.551
404.39	120.372
404.60	121.087
404.82	121.987
405.03	122.745
405.24	123.563
405.45	124.258
405.66	124.955
405.88	125.608
406.09	126.233
406.30	126.599
406.51	126.900
406.72	127.171
406.94	127.363
407.15	127.386
407.36	127.407
407.57	127.243
407.78	126.975
407.99	126.635
408.21	126.217
408.42	125.707
408.63	125.186
408.84	124.448
409.05	123.800
409.27	122.888
409.48	121.939
409.69	120.976
409.90	120.080
410.11	119.253
410.32	118.407
410.54	117.461
410.75	116.593
410.96	115.802
411.17	115.010
411.38	114.298
411.59	113.754
411.81	113.205
412.02	112.805
412.23	112.453
412.44	112.228
412.65	112.155
412.86	112.213
413.08	112.225
413.29	112.386
413.50	112.755
413.71	113.195
413.92	113.662
414.13	114.244
414.34	114.860
414.56	115.433
414.77	116.077
414.98	116.694
415.19	117.520
415.40	118.345
415.61	119.144
415.82	119.879
416.04	120.567
416.25	121.196
416.46	121.803
416.67	122.428
416.88	122.897
417.09	123.336
417.30	123.640
417.52	123.903
417.73	123.968
417.94	123.926
418.15	123.883
418.36	123.800
418.57	123.501
418.78	123.165
418.99	122.785
419.21	122.318
419.42	121.822
419.63	121.254
419.84	120.518
420.05	119.780
420.26	118.990
420.47	118.205
420.68	117.373
420.89	116.538
421.11	115.633
421.32	114.807
421.53	113.942
421.74	113.158
421.95	112.474
422.16	111.859
422.37	111.343
422.58	110.763
422.79	110.288
423.01	109.998
423.22	109.684
423.43	109.499
423.64	109.430
423.85	109.509
424.06	109.640
424.27	109.902
424.48	110.234
424.69	110.730
424.90	111.145
425.11	111.811
425.33	112.472
425.54	113.183
425.75	113.842
425.96	114.612
426.17	115.418
426.38	116.164
426.59	117.003
426.80	117.764
427.01	118.556
427.22	119.345
427.43	120.090
427.64	120.791
427.85	121.406
428.07	121.954
428.28	122.362
428.49	122.716
428.70	123.080
428.91	123.235
429.12	123.309
429.33	123.457
429.54	123.401
429.75	123.239
429.96	123.087
430.17	122.876
430.38	122.525
430.59	122.005
430.80	121.452
431.01	120.766
431.22	120.114
431.44	119.396
431.65	118.555
431.86	117.773
432.07	116.983
432.28	116.186
432.49	115.380
432.70	114.575
432.91	113.733
433.12	112.870
433.33	112.117
433.54	111.470
433.75	110.743
433.96	110.189
434.17	109.637
434.38	109.118
434.59	108.731
434.80	108.417
435.01	108.308
435.22	108.263
435.43	108.344
435.64	108.440
435.85	108.599
436.06	108.957
436.27	109.287
436.48	109.701
436.69	110.194
436.90	110.732
437.11	111.326
437.33	112.029
437.54	112.738
437.75	113.523
437.96	114.219
438.17	114.990
438.38	115.677
438.59	116.451
438.80	117.215
439.01	117.979
439.22	118.691
439.43	119.232
439.64	119.775
439.85	120.272
440.06	120.668
440.27	121.063
440.48	121.289
440.69	121.512
440.90	121.642
441.11	121.741
441.32	121.704
441.53	121.587
441.74	121.345
441.95	121.077
442.16	120.726
442.37	120.270
442.58	119.758
442.79	119.206
443.00	118.585
443.21	117.908
443.42	117.131
443.62	116.267
443.83	115.508
444.04	114.672
444.25	113.819
444.46	112.972
444.67	112.104
444.88	111.325
445.09	110.484
445.30	109.686
445.51	108.883
445.72	108.150
445.93	107.550
446.14	106.947
446.35	106.379
446.56	105.919
446.77	105.533
446.98	105.186
447.19	104.919
447.40	104.733
447.61	104.603
447.82	104.602
448.03	104.758
448.24	104.923
448.45	105.177
448.66	105.489
448.87	105.883
449.08	106.372
449.29	106.853
449.49	107.455
449.70	108.048
449.91	108.656
450.12	109.318
450.33	109.936
450.54	110.594
450.75	111.309
450.96	111.977
451.17	112.654
451.38	113.299
451.59	113.893
451.80	114.478
452.01	115.036
452.22	115.531
452.43	115.956
452.64	116.299
452.84	116.630
453.05	116.903
453.26	117.124
453.47	117.206
453.68	117.260
453.89	117.184
454.10	117.053
454.31	116.910
454.52	116.623
454.73	116.326
454.94	115.940
455.15	115.453
455.36	114.901
455.56	114.309
455.77	113.656
455.98	113.001
456.19	112.305
456.40	111.542
456.61	110.783
456.82	109.969
457.03	109.160
457.24	108.338
457.45	107.513
457.65	106.644
457.86	105.841
458.07	105.062
458.28	104.248
458.49	103.545
458.70	102.838
458.91	102.216
459.12	101.621
459.33	101.117
459.54	100.657
459.74	100.232
459.95	99.893
460.16	99.681
460.37	99.515
460.58	99.443
460.79	99.400
461.00	99.379
461.21	99.490
461.41	99.674
461.62	99.907
461.83	100.222
462.04	100.629
462.25	101.034
462.46	101.512
462.67	102.076
462.88	102.679
463.08	103.299
463.29	103.926
463.50	104.591
463.71	105.265
463.92	105.953
464.13	106.581
464.34	107.196
464.54	107.825
464.75	108.462
464.96	109.036
465.17	109.577
465.38	110.103
465.59	110.596
465.80	110.997
466.00	111.347
466.21	111.623
466.42	111.838
466.63	112.035
466.84	112.127
467.05	112.173
467.26	112.098
467.46	111.939
467.67	111.761
467.88	111.501
468.09	111.198
468.30	110.849
468.51	110.493
468.71	110.029
468.92	109.511
469.13	108.930
469.34	108.287
469.55	107.662
469.76	106.970
469.96	106.205
470.17	105.464
470.38	104.709
470.59	103.900
470.80	103.109
471.00	102.351
471.21	101.586
471.42	100.829
471.63	100.087
471.84	99.413
472.05	98.743
472.25	98.107
472.46	97.514
472.67	96.924
472.88	96.411
473.09	95.953
473.29	95.529
473.50	95.185
473.71	94.905
473.92	94.651
474.13	94.504
474.33	94.399
474.54	94.352
474.75	94.375
474.96	94.508
475.17	94.669
475.37	94.852
475.58	95.124
475.79	95.443
476.00	95.821
476.21	96.246
476.41	96.686
476.62	97.189
476.83	97.700
477.04	98.278
477.24	98.870
477.45	99.464
477.66	100.062
477.87	100.655
478.08	101.262
478.28	101.816
478.49	102.391
478.70	102.988
478.91	103.533
479.11	104.026
479.32	104.532
479.53	104.962
479.74	105.411
479.94	105.773
480.15	106.057
480.36	106.290
480.57	106.471
480.78	106.648
480.98	106.706
481.19	106.716
481.40	106.674
481.61	106.586
481.81	106.454
482.02	106.225
482.23	105.978
482.44	105.670
482.64	105.362
482.85	104.972
483.06	104.482
483.27	104.000
483.47	103.495
483.68	102.917
483.89	102.324
484.10	101.654
484.30	100.983
484.51	100.302
484.72	99.617
484.92	98.898
485.13	98.188
485.34	97.482
485.55	96.789
485.75	96.084
485.96	95.380
486.17	94.692
486.38	94.071
486.58	93.438
486.79	92.845
487.00	92.263
487.20	91.730
487.41	91.269
487.62	90.843
487.83	90.445
488.03	90.063
488.24	89.759
488.45	89.532
488.65	89.337
488.86	89.212
489.07	89.127
489.28	89.105
489.48	89.148
489.69	89.282
489.90	89.410
490.10	89.626
490.31	89.888
490.52	90.171
490.73	90.515
490.93	90.907
491.14	91.312
491.35	91.750
491.55	92.219
491.76	92.703
491.97	93.203
492.17	93.710
492.38	94.266
492.59	94.812
492.79	95.362
493.00	95.910
493.21	96.432
493.41	96.967
493.62	97.480
493.83	97.963
494.04	98.390
494.24	98.835
494.45	99.231
494.66	99.584
494.86	99.939
495.07	100.210
495.28	100.476
495.48	100.693
495.69	100.872
495.90	101.004
496.10	101.096
496.31	101.106
496.52	101.096
496.72	101.049
496.93	100.956
497.14	100.802
497.34	100.587
497.55	100.354
497.76	100.051
497.96	99.717
498.17	99.324
498.37	98.922
498.58	98.448
498.79	97.949
498.99	97.424
499.20	96.865
499.41	96.287
499.61	95.649
499.82	95.010
500.03	94.358
500.23	93.702
500.44	93.042
500.65	92.374
500.85	91.710
501.06	91.015
501.26	90.366
501.47	89.725
501.68	89.115
501.88	88.513
502.09	87.939
502.30	87.381
502.50	86.861
502.71	86.372
502.91	85.912
503.12	85.480
503.33	85.109
503.53	84.788
503.74	84.492
503.95	84.245
504.15	84.040
504.36	83.868
504.56	83.763
504.77	83.699
504.98	83.686
505.18	83.733
505.39	83.818
505.59	83.896
505.80	84.040
506.01	84.243
506.21	84.477
506.42	84.758
506.62	85.057
506.83	85.402
507.04	85.761
507.24	86.158
507.45	86.595
507.65	87.030
507.86	87.473
508.07	87.929
508.27	88.401
508.48	88.886
508.68	89.387
508.89	89.862
509.10	90.325
509.30	90.780
509.51	91.207
509.71	91.659
509.92	92.092
510.12	92.485
510.33	92.857
510.54	93.190
510.74	93.515
510.95	93.815
511.15	94.058
511.36	94.311
511.56	94.508
511.77	94.653
511.98	94.778
512.18	94.866
512.39	94.927
512.59	94.949
512.80	94.915
513.00	94.854
513.21	94.712
513.42	94.586
513.62	94.401
513.83	94.191
514.03	93.893
514.24	93.581
514.44	93.232
514.65	92.845
514.85	92.461
515.06	92.021
515.26	91.532
515.47	91.033
515.68	90.494
515.88	89.962
516.09	89.399
516.29	88.835
516.50	88.255
516.70	87.652
516.91	87.034
517.11	86.438
517.32	85.817
517.52	85.251
517.73	84.680
517.93	84.104
518.14	83.542
518.34	83.019
518.55	82.507
518.76	82.025
518.96	81.550
519.17	81.067
519.37	80.641
519.58	80.258
519.78	79.912
519.99	79.565
520.19	79.257
520.40	79.009
520.60	78.763
520.81	78.554
521.01	78.388
521.22	78.285
521.42	78.202
521.63	78.176
521.83	78.160
522.04	78.169
522.24	78.255
522.45	78.366
522.65	78.514
522.86	78.717
523.06	78.914
523.27	79.160
523.47	79.451
523.68	79.762
523.88	80.099
524.09	80.450
524.29	80.843
524.50	81.243
524.70	81.652
524.91	82.072
525.11	82.510
525.32	82.982
525.52	83.438
525.72	83.913
525.93	84.366
526.13	84.844
526.34	85.273
526.54	85.727
526.75	86.139
526.95	86.561
527.16	86.929
527.36	87.323
527.57	87.692
527.77	88.026
527.98	88.336
528.18	88.615
528.39	88.877
528.59	89.104
528.79	89.316
529.00	89.496
529.20	89.662
529.41	89.809
529.61	89.888
529.82	89.931
530.02	89.943
530.23	89.943
530.43	89.875
530.64	89.811
530.84	89.686
531.04	89.533
531.25	89.358
531.45	89.174
531.66	88.929
531.86	88.646
532.07	88.356
532.27	88.023
532.47	87.677
532.68	87.298
532.88	86.914
533.09	86.513
533.29	86.060
533.50	85.583
533.70	85.064
533.90	84.570
534.11	84.080
534.31	83.577
534.52	83.047
534.72	82.541
534.93	82.041
535.13	81.506
535.33	81.000
535.54	80.467
535.74	79.960
535.95	79.472
536.15	79.012
536.35	78.556
536.56	78.121
536.76	77.687
536.97	77.304
537.17	76.927
537.37	76.560
537.58	76.244
537.78	75.952
537.99	75.709
538.19	75.479
538.39	75.257
538.60	75.070
538.80	74.944
539.01	74.820
539.21	74.737
539.41	74.701
539.62	74.697
539.82	74.751
540.03	74.797
540.23	74.891
540.43	75.020
540.64	75.175
540.84	75.357
541.04	75.578
541.25	75.838
541.45	76.102
541.66	76.401
541.86	76.719
542.06	77.093
542.27	77.442
542.47	77.838
542.67	78.234
542.88	78.636
543.08	79.059
543.28	79.512
543.49	79.941
543.69	80.398
543.90	80.848
544.10	81.267
544.30	81.739
544.51	82.175
544.71	82.634
544.91	83.070
545.12	83.511
545.32	83.945
545.52	84.319
545.73	84.726
545.93	85.099
546.13	85.445
546.34	85.748
546.54	86.060
546.74	86.318
546.95	86.597
547.15	86.852
547.35	87.049
547.56	87.243
547.76	87.425
547.96	87.566
548.17	87.690
548.37	87.800
548.57	87.840
548.78	87.879
548.98	87.862
549.18	87.794
549.39	87.713
549.59	87.600
549.79	87.491
550.00	87.324
550.20	87.167
550.40	86.959
550.61	86.753
550.81	86.504
551.01	86.233
551.22	85.938
551.42	85.614
551.62	85.266
551.82	84.885
552.03	84.506
552.23	84.108
552.43	83.677
552.64	83.254
552.84	82.823
553.04	82.353
553.25	81.896
553.45	81.425
553.65	80.959
553.85	80.518
554.06	80.068
554.26	79.603
554.46	79.122
554.67	78.668
554.87	78.190
555.07	77.761
555.27	77.340
555.48	76.916
555.68	76.530
555.88	76.153
556.09	75.798
556.29	75.443
556.49	75.100
556.69	74.792
556.90	74.498
557.10	74.248
557.30	74.049
557.50	73.848
557.71	73.710
557.91	73.573
558.11	73.437
558.31	73.357
558.52	73.300
558.72	73.279
558.92	73.282
559.13	73.324
559.33	73.387
559.53	73.468
559.73	73.593
559.94	73.723
560.14	73.890
560.34	74.086
560.54	74.298
560.75	74.558
560.95	74.816
561.15	75.120
561.35	75.403
561.55	75.713
561.76	76.034
561.96	76.353
562.16	76.730
562.36	77.130
562.57	77.506
562.77	77.919
562.97	78.326
563.17	78.735
563.38	79.156
563.58	79.579
563.78	79.999
563.98	80.409
564.18	80.808
564.39	81.220
564.59	81.603
564.79	82.021
564.99	82.417
565.20	82.799
565.40	83.135
565.60	83.496
565.80	83.827
566.00	84.150
566.21	84.470
566.41	84.730
566.61	84.985
566.81	85.217
567.01	85.439
567.22	85.644
567.42	85.831
567.62	85.954
567.82	86.078
568.02	86.178
568.23	86.266
568.43	86.331
568.63	86.388
568.83	86.401
569.03	86.358
569.24	86.307
569.44	86.230
569.64	86.132
569.84	86.017
570.04	85.868
570.24	85.704
570.45	85.514
570.65	85.311
570.85	85.075
571.05	84.825
571.25	84.527
571.45	84.220
571.66	83.913
571.86	83.598
572.06	83.241
572.26	82.888
572.46	82.517
572.66	82.142
572.87	81.738
573.07	81.342
573.27	80.938
573.47	80.518
573.67	80.109
573.87	79.684
574.08	79.250
574.28	78.833
574.48	78.399
574.68	77.971
574.88	77.553
575.08	77.124
575.28	76.708
575.49	76.326
575.69	75.949
575.89	75.566
576.09	75.203
576.29	74.846
576.49	74.510
576.69	74.179
576.90	73.861
577.10	73.569
577.30	73.300
577.50	73.062
577.70	72.830
577.90	72.637
578.10	72.478
578.30	72.323
578.51	72.193
578.71	72.098
578.91	72.018
579.11	71.951
579.31	71.922
579.51	71.916
579.71	71.928
579.91	71.945
580.12	72.010
580.32	72.115
580.52	72.239
580.72	72.362
580.92	72.528
581.12	72.711
581.32	72.903
581.52	73.135
581.72	73.352
581.92	73.601
582.13	73.866
582.33	74.135
582.53	74.446
582.73	74.759
582.93	75.089
583.13	75.437
583.33	75.806
583.53	76.170
583.73	76.541
583.93	76.928
584.13	77.340
584.34	77.772
584.54	78.156
584.74	78.536
584.94	78.945
585.14	79.345
585.34	79.736
585.54	80.102
585.74	80.469
585.94	80.846
586.14	81.234
586.34	81.594
586.54	81.949
586.74	82.289
586.94	82.633
587.15	82.967
587.35	83.264
587.55	83.531
587.75	83.812
587.95	84.081
588.15	84.314
588.35	84.508
588.55	84.669
588.75	84.852
588.95	85.018
589.15	85.161
589.35	85.277
589.55	85.388
589.75	85.511
589.95	85.566
590.15	85.603
590.35	85.611
590.55	85.611
590.75	85.587
590.95	85.537
591.15	85.473
591.35	85.373
591.56	85.254
591.76	85.129
591.96	84.968
592.16	84.770
592.36	84.565
592.56	84.374
592.76	84.147
592.96	83.900
593.16	83.612
593.36	83.331
593.56	83.036
593.76	82.729
593.96	82.400
594.16	82.080
594.36	81.769
594.56	81.406
594.76	81.051
594.96	80.689
595.16	80.298
595.36	79.893
595.56	79.491
595.76	79.090
595.96	78.681
596.16	78.289
596.36	77.911
596.56	77.546
596.76	77.147
596.96	76.770
597.16	76.393
597.36	76.046
597.56	75.680
597.76	75.312
597.96	74.959
598.16	74.618
598.36	74.280
598.56	73.939
598.76	73.632
598.96	73.342
599.16	73.082
599.36	72.853
599.56	72.650
599.76	72.444
599.96	72.262
600.15	72.096
600.35	71.952
600.55	71.815
600.75	71.669
600.95	71.576
601.15	71.493
601.35	71.442
601.55	71.396
601.75	71.385
601.95	71.398
602.15	71.440
602.35	71.483
602.55	71.564
602.75	71.666
602.95	71.793
603.15	71.902
603.35	72.044
603.55	72.201
603.75	72.349
603.95	72.558
604.15	72.761
604.35	73.001
604.54	73.223
604.74	73.494
604.94	73.772
605.14	74.037
605.34	74.333
605.54	74.639
605.74	74.974
605.94	75.314
606.14	75.658
606.34	75.999
606.54	76.340
606.74	76.710
606.94	77.087
607.14	77.468
607.33	77.870
607.53	78.243
607.73	78.617
607.93	78.977
608.13	79.326
608.33	79.712
608.53	80.052
608.73	80.409
608.93	80.737
609.13	81.072
609.33	81.407
609.52	81.730
609.72	82.034
609.92	82.322
610.12	82.586
610.32	82.864
610.52	83.132
610.72	83.400
610.92	83.631
611.12	83.837
611.31	84.034
611.51	84.217
611.71	84.403
611.91	84.566
612.11	84.741
612.31	84.902
612.51	85.000
612.71	85.123
612.91	85.214
613.10	85.293
613.30	85.384
613.50	85.429
613.70	85.452
613.90	85.445
614.10	85.430
614.30	85.386
614.50	85.330
614.69	85.227
614.89	85.121
615.09	84.989
615.29	84.862
615.49	84.710
615.69	84.536
615.89	84.341
616.08	84.134
616.28	83.923
616.48	83.679
616.68	83.419
616.88	83.153
617.08	82.871
617.27	82.606
617.47	82.288
617.67	81.962
617.87	81.628
618.07	81.311
618.27	80.973
618.47	80.648
618.66	80.293
618.86	79.960
619.06	79.607
619.26	79.290
619.46	78.945
619.66	78.575
619.85	78.217
620.05	77.847
620.25	77.486
620.45	77.121
620.65	76.767
620.84	76.443
621.04	76.101
621.24	75.815
621.44	75.461
621.64	75.134
621.84	74.844
622.03	74.537
622.23	74.247
622.43	73.961
622.63	73.693
622.83	73.435
623.02	73.198
623.22	72.974
623.42	72.721
623.62	72.517
623.82	72.356
624.01	72.173
624.21	72.026
624.41	71.893
624.61	71.787
624.81	71.678
625.00	71.574
625.20	71.496
625.40	71.413
625.60	71.379
625.79	71.358
625.99	71.359
626.19	71.378
626.39	71.416
626.59	71.474
626.78	71.548
626.98	71.641
627.18	71.740
627.38	71.853
627.57	72.029
627.77	72.186
627.97	72.348
628.17	72.556
628.37	72.759
628.56	72.996
628.76	73.225
628.96	73.468
629.16	73.728
629.35	74.021
629.55	74.305
629.75	74.621
629.95	74.948
630.14	75.270
630.34	75.599
630.54	75.938
630.74	76.282
630.93	76.631
631.13	76.976
631.33	77.330
631.53	77.658
631.72	77.982
631.92	78.319
632.12	78.678
632.31	79.024
632.51	79.397
632.71	79.748
632.91	80.085
633.10	80.427
633.30	80.789
633.50	81.104
633.70	81.427
633.89	81.716
634.09	82.042
634.29	82.358
634.48	82.664
634.68	82.960
634.88	83.247
635.08	83.534
635.27	83.816
635.47	84.085
635.67	84.378
635.86	84.631
636.06	84.866
636.26	85.088
636.46	85.282
636.65	85.463
636.85	85.646
637.05	85.810
637.24	85.952
637.44	86.078
637.64	86.196
637.83	86.314
638.03	86.437
638.23	86.486
638.43	86.515
638.62	86.536
638.82	86.538
639.02	86.529
639.21	86.498
639.41	86.454
639.61	86.412
639.80	86.326
640.00	86.236
640.20	86.156
640.39	86.049
640.59	85.935
640.79	85.810
640.98	85.654
641.18	85.505
641.38	85.354
641.57	85.161
641.77	84.954
641.97	84.730
642.16	84.500
642.36	84.254
642.56	84.027
642.75	83.789
642.95	83.516
643.15	83.259
643.34	82.987
643.54	82.703
643.74	82.392
643.93	82.097
644.13	81.787
644.33	81.458
644.52	81.116
644.72	80.777
644.91	80.427
645.11	80.069
645.31	79.729
645.50	79.390
645.70	79.052
645.90	78.745
646.09	78.428
646.29	78.083
646.48	77.763
646.68	77.410
646.88	77.076
647.07	76.771
647.27	76.438
647.47	76.124
647.66	75.821
647.86	75.510
648.05	75.224
648.25	74.953
648.45	74.684
648.64	74.447
648.84	74.224
649.04	73.992
649.23	73.785
649.43	73.582
649.62	73.385
649.82	73.194
650.02	73.008
650.21	72.832
650.41	72.710
650.60	72.590
650.80	72.510
651.00	72.423
651.19	72.348
651.39	72.297
651.58	72.252
651.78	72.251
651.97	72.251
652.17	72.268
652.37	72.295
652.56	72.343
652.76	72.388
652.95	72.452
653.15	72.566
653.35	72.676
653.54	72.789
653.74	72.910
653.93	73.054
654.13	73.215
654.32	73.381
654.52	73.532
654.72	73.721
654.91	73.931
655.11	74.137
655.30	74.378
655.50	74.641
655.69	74.908
655.89	75.137
656.08	75.410
656.28	75.681
656.48	75.962
656.67	76.261
656.87	76.558
657.06	76.846
657.26	77.125
657.45	77.444
657.65	77.757
657.84	78.088
658.04	78.425
658.23	78.766
658.43	79.115
658.62	79.482
658.82	79.824
659.02	80.153
659.21	80.519
659.41	80.851
659.60	81.166
659.80	81.487
659.99	81.838
660.19	82.181
660.38	82.521
660.58	82.839
660.77	83.154
660.97	83.459
661.16	83.773
661.36	84.073
661.55	84.354
661.75	84.637
661.94	84.886
662.14	85.163
662.33	85.413
662.53	85.649
662.72	85.865
662.92	86.098
663.11	86.293
663.31	86.498
663.50	86.704
663.70	86.919
663.89	87.106
664.09	87.258
664.28	87.423
664.48	87.559
664.67	87.700
664.87	87.809
665.06	87.927
665.26	88.020
665.45	88.097
665.65	88.171
665.84	88.233
666.04	88.289
666.23	88.272
666.43	88.259
666.62	88.244
666.82	88.218
667.01	88.156
667.21	88.118
667.40	88.027
667.59	87.943
667.79	87.832
667.98	87.693
668.18	87.562
668.37	87.385
668.57	87.247
668.76	87.074
668.96	86.889
669.15	86.675
669.35	86.489
669.54	86.278
669.73	86.050
669.93	85.813
670.12	85.598
670.32	85.386
670.51	85.142
670.71	84.912
670.90	84.677
671.10	84.417
671.29	84.140
671.48	83.866
671.68	83.573
671.87	83.276
672.07	82.975
672.26	82.715
672.46	82.443
672.65	82.143
672.84	81.830
673.04	81.539
673.23	81.262
673.43	80.952
673.62	80.657
673.82	80.367
674.01	80.056
674.20	79.743
674.40	79.436
674.59	79.143
674.79	78.855
674.98	78.542
675.17	78.269
675.37	78.002
675.56	77.707
675.76	77.436
675.95	77.147
676.14	76.921
676.34	76.639
676.53	76.375
676.73	76.104
676.92	75.860
677.11	75.626
677.31	75.394
677.50	75.176
677.70	74.965
677.89	74.748
678.08	74.559
678.28	74.386
678.47	74.230
678.66	74.098
678.86	73.964
679.05	73.849
679.25	73.746
679.44	73.662
679.63	73.628
679.83	73.575
680.02	73.540
680.21	73.501
680.41	73.496
680.60	73.489
680.79	73.506
680.99	73.540
681.18	73.561
681.38	73.594
681.57	73.662
681.76	73.765
681.96	73.854
682.15	73.965
682.34	74.068
682.54	74.201
682.73	74.338
682.92	74.475
683.12	74.628
683.31	74.792
683.50	74.966
683.70	75.149
683.89	75.314
684.08	75.523
684.28	75.744
684.47	75.962
684.66	76.194
684.86	76.432
685.05	76.701
685.24	76.964
685.44	77.225
685.63	77.490
685.82	77.759
686.02	78.051
686.21	78.366
686.40	78.678
686.60	78.988
686.79	79.306
686.98	79.612
687.18	79.947
687.37	80.279
687.56	80.565
687.75	80.890
687.95	81.223
688.14	81.556
688.33	81.884
688.53	82.209
688.72	82.564
688.91	82.897
689.11	83.224
689.30	83.574
689.49	83.940
689.68	84.279
689.88	84.597
690.07	84.905
690.26	85.187
690.46	85.492
690.65	85.755
690.84	86.021
691.03	86.307
691.23	86.567
691.42	86.821
691.61	87.097
691.80	87.314
692.00	87.553
692.19	87.764
692.38	87.958
692.58	88.167
692.77	88.341
692.96	88.497
693.15	88.661
693.35	88.799
693.54	88.957
693.73	89.108
693.92	89.234
694.12	89.370
694.31	89.493
694.50	89.605
694.69	89.691
694.89	89.786
695.08	89.840
695.27	89.909
695.46	89.937
695.66	89.969
695.85	90.042
696.04	90.074
696.23	90.117
696.43	90.133
696.62	90.124
696.81	90.090
697.00	90.084
697.19	90.022
697.39	89.967
697.58	89.885
697.77	89.789
697.96	89.708
698.16	89.598
698.35	89.519
698.54	89.372
698.73	89.284
698.92	89.125
699.12	88.968
699.31	88.832
699.50	88.683
699.69	88.520
699.89	88.297
700.08	88.094
700.27	87.883
700.46	87.681
700.65	87.447
700.85	87.263
701.04	87.032
701.23	86.801
701.42	86.567
701.61	86.321
701.81	86.058
702.00	85.798
702.19	85.546
702.38	85.241
702.57	84.994
702.76	84.676
702.96	84.426
703.15	84.178
703.34	83.853
703.53	83.547
703.72	83.229
703.92	82.934
704.11	82.642
704.30	82.313
704.49	82.006
704.68	81.727
704.87	81.394
705.07	81.084
705.26	80.783
705.45	80.515
705.64	80.214
705.83	79.957
706.02	79.667
706.21	79.398
706.41	79.127
706.60	78.838
706.79	78.601
706.98	78.345
707.17	78.066
707.36	77.834
707.56	77.639
707.75	77.434
707.94	77.243
708.13	77.041
708.32	76.885
708.51	76.701
708.70	76.539
708.89	76.371
709.09	76.253
709.28	76.132
709.47	75.964
709.66	75.824
709.85	75.710
710.04	75.595
710.23	75.477
710.42	75.395
710.62	75.331
710.81	75.235
711.00	75.148
711.19	75.112
711.38	75.073
711.57	75.002
711.76	74.963
711.95	74.943
712.15	74.952
712.34	74.939
712.53	74.943
712.72	74.962
712.91	75.036
713.10	75.076
713.29	75.156
713.48	75.241
713.67	75.348
713.86	75.454
714.05	75.575
714.25	75.723
714.44	75.850
714.63	75.984
714.82	76.173
715.01	76.351
715.20	76.550
715.39	76.751
715.58	76.979
715.77	77.206
715.96	77.414
716.15	77.615
716.34	77.857
716.54	78.111
716.73	78.338
716.92	78.569
717.11	78.806
717.30	79.051
717.49	79.305
717.68	79.569
717.87	79.802
718.06	80.100
718.25	80.370
718.44	80.659
718.63	80.966
718.82	81.254
719.01	81.535
719.20	81.806
719.39	82.082
719.58	82.370
719.77	82.663
719.96	82.938
720.16	83.239
720.35	83.528
720.54	83.794
720.73	84.087
720.92	84.387
721.11	84.711
721.30	84.999
721.49	85.278
721.68	85.586
721.87	85.909
722.06	86.174
722.25	86.468
722.44	86.741
722.63	86.997
722.82	87.235
723.01	87.462
723.20	87.701
723.39	87.942
723.58	88.185
723.77	88.423
723.96	88.668
724.15	88.907
724.34	89.126
724.53	89.366
724.72	89.564
724.91	89.761
725.10	89.939
725.29	90.104
725.48	90.318
725.67	90.463
725.86	90.596
726.05	90.773
726.24	90.894
726.43	91.015
726.62	91.150
726.81	91.314
727.00	91.452
727.19	91.560
727.38	91.674
727.57	91.755
727.76	91.843
727.95	91.909
728.14	91.949
728.33	91.975
728.52	91.997
728.71	92.019
728.90	92.024
729.09	92.019
729.28	91.992
729.47	91.934
729.65	91.888
729.84	91.851
730.03	91.760
730.22	91.685
730.41	91.632
730.60	91.545
730.79	91.421
730.98	91.339
731.17	91.272
731.36	91.138
731.55	91.025
731.74	90.863
731.93	90.727
732.12	90.582
732.31	90.443
732.50	90.318
732.69	90.180
732.88	89.990
733.06	89.795
733.25	89.623
733.44	89.461
733.63	89.282
733.82	89.082
734.01	88.876
734.20	88.682
734.39	88.445
734.58	88.233
734.77	88.019
734.96	87.769
735.15	87.526
735.33	87.283
735.52	87.039
735.71	86.810
735.90	86.547
736.09	86.292
736.28	86.026
736.47	85.735
736.66	85.452
736.85	85.182
737.04	84.893
737.23	84.635
737.41	84.347
737.60	84.088
737.79	83.808
737.98	83.521
738.17	83.211
738.36	82.954
738.55	82.670
738.74	82.415
738.92	82.145
739.11	81.885
739.30	81.613
739.49	81.334
739.68	81.078
739.87	80.860
740.06	80.613
740.25	80.367
740.43	80.157
740.62	79.938
740.81	79.691
741.00	79.493
741.19	79.260
741.38	79.041
741.57	78.806
741.75	78.606
741.94	78.420
742.13	78.262
742.32	78.061
742.51	77.889
742.70	77.707
742.89	77.552
743.07	77.378
743.26	77.240
743.45	77.075
743.64	76.943
743.83	76.777
744.02	76.619
744.20	76.498
744.39	76.367
744.58	76.272
744.77	76.234
744.96	76.163
745.15	76.129
745.33	76.111
745.52	76.099
745.71	76.086
745.90	76.082
746.09	76.092
746.28	76.123
746.46	76.114
746.65	76.129
746.84	76.169
747.03	76.197
747.22	76.254
747.40	76.315
747.59	76.363
747.78	76.447
747.97	76.556
748.16	76.670
748.34	76.756
748.53	76.860
748.72	76.977
748.91	77.101
749.10	77.203
749.28	77.329
749.47	77.511
749.66	77.630
749.85	77.736
750.04	77.859
750.22	77.972
750.41	78.132
750.60	78.304
750.79	78.455
750.97	78.638
751.16	78.837
751.35	79.035
751.54	79.213
751.73	79.423
751.91	79.643
752.10	79.873
752.29	80.109
752.48	80.356
752.66	80.562
752.85	80.785
753.04	81.033
753.23	81.268
753.41	81.480
753.60	81.759
753.79	82.050
753.98	82.310
754.16	82.576
754.35	82.841
754.54	83.105
754.73	83.362
754.91	83.641
755.10	83.900
755.29	84.195
755.48	84.471
755.66	84.746
755.85	85.003
756.04	85.243
756.22	85.486
756.41	85.708
756.60	85.956
756.79	86.228
756.97	86.473
757.16	86.702
757.35	86.938
757.54	87.182
757.72	87.428
757.91	87.689
758.10	87.948
758.28	88.204
758.47	88.423
758.66	88.681
758.85	88.871
759.03	89.083
759.22	89.293
759.41	89.525
759.59	89.724
759.78	89.949
759.97	90.152
760.15	90.358
760.34	90.605
760.53	90.808
760.71	90.964
760.90	91.197
761.09	91.355
761.28	91.533
761.46	91.673
761.65	91.799
761.84	91.940
762.02	92.073
762.21	92.217
762.40	92.336
762.58	92.437
762.77	92.527
762.96	92.623
763.14	92.731
763.33	92.817
763.52	92.884
763.70	92.933
763.89	92.978
764.08	93.011
764.26	92.985
764.45	93.016
764.64	93.041
764.82	93.003
765.01	93.010
765.20	92.941
765.38	92.925
765.57	92.898
765.75	92.848
765.94	92.782
766.13	92.731
766.31	92.689
766.50	92.629
766.69	92.631
766.87	92.598
767.06	92.507
767.25	92.441
767.43	92.388
767.62	92.310
767.80	92.230
767.99	92.137
768.18	92.037
768.36	91.913
768.55	91.815
768.74	91.683
768.92	91.575
769.11	91.496
769.29	91.369
769.48	91.253
769.67	91.101
769.85	90.945
770.04	90.722
770.22	90.537
770.41	90.315
770.60	90.091
770.78	89.832
770.97	89.637
771.15	89.410
771.34	89.136
771.53	88.914
771.71	88.668
771.90	88.457
772.08	88.279
772.27	88.059
772.46	87.784
772.64	87.579
772.83	87.321
773.01	87.050
773.20	86.796
773.39	86.561
773.57	86.305
773.76	86.072
773.94	85.866
774.13	85.579
774.31	85.340
774.50	85.108
774.68	84.880
774.87	84.613
775.06	84.331
775.24	84.108
775.43	83.829
775.61	83.551
775.80	83.296
775.98	83.028
776.17	82.775
776.36	82.526
776.54	82.246
776.73	81.989
776.91	81.740
777.10	81.511
777.28	81.220
777.47	80.974
777.65	80.739
777.84	80.508
778.02	80.312
778.21	80.087
778.39	79.825
778.58	79.628
778.77	79.423
778.95	79.270
779.14	79.095
779.32	78.918
779.51	78.768
779.69	78.576
779.88	78.409
780.06	78.253
780.25	78.119
780.43	77.968
780.62	77.852
780.80	77.724
780.99	77.564
781.17	77.462
781.36	77.348
781.54	77.236
781.73	77.078
781.91	76.978
782.10	76.897
782.28	76.837
782.47	76.726
782.65	76.612
782.84	76.492
783.02	76.421
783.21	76.383
783.39	76.323
783.58	76.287
783.76	76.240
783.95	76.204
784.13	76.186
784.32	76.171
784.50	76.158
784.69	76.169
784.87	76.198
785.05	76.216
785.24	76.266
785.42	76.322
785.61	76.406
785.79	76.469
785.98	76.501
786.16	76.540
786.35	76.639
786.53	76.730
786.72	76.813
786.90	76.881
787.09	76.932
787.27	77.048
787.45	77.152
787.64	77.256
787.82	77.370
788.01	77.523
788.19	77.689
788.38	77.829
788.56	77.916
788.75	78.042
788.93	78.185
789.11	78.301
789.30	78.438
789.48	78.574
789.67	78.731
789.85	78.922
790.04	79.120
790.22	79.291
790.40	79.477
790.59	79.659
790.77	79.871
790.96	80.116
791.14	80.304
791.32	80.476
791.51	80.672
791.69	80.895
791.88	81.068
792.06	81.254
792.25	81.454
792.43	81.736
792.61	81.959
792.80	82.160
792.98	82.401
793.17	82.619
793.35	82.820
793.53	83.024
793.72	83.289
793.90	83.532
794.08	83.745
794.27	83.978
794.45	84.239
794.64	84.436
794.82	84.634
795.00	84.843
795.19	85.123
795.37	85.334
795.55	85.477
795.74	85.686
795.92	85.886
796.11	86.106
796.29	86.287
796.47	86.483
796.66	86.678
796.84	86.879
797.02	87.112
797.21	87.340
797.39	87.579
797.58	87.747
797.76	87.929
797.94	88.138
798.13	88.365
798.31	88.528
798.49	88.729
798.68	88.925
798.86	89.153
799.04	89.290
799.23	89.462
799.41	89.660
799.59	89.837
799.78	89.967
799.96	90.117
800.14	90.272
800.33	90.433
800.51	90.610
800.69	90.737
800.88	90.834
801.06	90.992
801.24	91.083
801.43	91.196
801.61	91.291
801.79	91.380
801.98	91.423
802.16	91.540
802.34	91.608
802.52	91.668
802.71	91.704
802.89	91.780
803.07	91.833
803.26	91.867
803.44	91.905
803.62	91.948
803.81	91.948
803.99	91.954
804.17	91.930
804.35	91.885
804.54	91.875
804.72	91.888
804.90	91.867
805.09	91.865
805.27	91.870
805.45	91.838
805.63	91.790
805.82	91.756
806.00	91.663
806.18	91.611
806.37	91.560
806.55	91.461
806.73	91.364
806.91	91.288
807.10	91.236
807.28	91.116
807.46	91.047
807.64	90.960
807.83	90.848
808.01	90.769
808.19	90.634
808.37	90.468
808.56	90.320
808.74	90.175
808.92	90.017
809.10	89.823
809.29	89.709
809.47	89.598
809.65	89.375
809.83	89.254
810.02	89.076
810.20	88.933
810.38	88.767
810.56	88.601
810.75	88.460
810.93	88.296
811.11	88.117
811.29	87.921
811.47	87.762
811.66	87.570
811.84	87.386
812.02	87.258
812.20	87.135
812.39	86.967
812.57	86.785
812.75	86.617
812.93	86.485
813.11	86.264
813.30	86.010
813.48	85.907
813.66	85.690
813.84	85.475
814.02	85.260
814.21	85.070
814.39	84.853
814.57	84.606
814.75	84.349
814.93	84.126
815.12	83.906
815.30	83.671
815.48	83.438
815.66	83.204
815.84	82.964
816.03	82.691
816.21	82.419
816.39	82.188
816.57	81.887
816.75	81.561
816.93	81.316
817.12	81.082
817.30	80.797
817.48	80.531
817.66	80.319
817.84	80.080
818.02	79.869
818.21	79.605
818.39	79.424
818.57	79.215
818.75	79.058
818.93	78.846
819.11	78.636
819.30	78.485
819.48	78.290
819.66	78.127
819.84	78.002
820.02	77.839
820.20	77.674
820.38	77.509
820.57	77.370
820.75	77.238
820.93	77.081
821.11	76.955
821.29	76.822
821.47	76.665
821.65	76.489
821.83	76.362
822.02	76.288
822.20	76.143
822.38	76.060
822.56	75.907
822.74	75.778
822.92	75.608
823.10	75.433
823.28	75.304
823.46	75.188
823.65	75.014
823.83	74.891
824.01	74.729
824.19	74.645
824.37	74.533
824.55	74.396
824.73	74.329
824.91	74.191
825.09	74.129
825.27	74.071
825.46	74.012
825.64	73.900
825.82	73.833
826.00	73.731
826.18	73.684
826.36	73.648
826.54	73.628
826.72	73.659
826.90	73.645
827.08	73.653
827.26	73.621
827.44	73.650
827.63	73.666
827.81	73.716
827.99	73.753
828.17	73.804
828.35	73.866
828.53	73.900
828.71	74.021
828.89	74.085
829.07	74.141
829.25	74.197
829.43	74.277
829.61	74.339
829.79	74.427
829.97	74.508
830.15	74.538
830.33	74.650
830.51	74.692
830.69	74.787
830.87	74.811
831.06	74.917
831.24	74.978
831.42	75.086
831.60	75.153
831.78	75.255
831.96	75.354
832.14	75.473
832.32	75.611
832.50	75.680
832.68	75.754
832.86	75.846
833.04	76.029
833.22	76.147
833.40	76.285
833.58	76.391
833.76	76.494
833.94	76.656
834.12	76.772
834.30	76.938
834.48	77.116
834.66	77.318
834.84	77.441
835.02	77.651
835.20	77.825
835.38	78.021
835.56	78.207
835.74	78.419
835.92	78.615
836.10	78.786
836.28	78.987
836.46	79.237
836.64	79.425
836.82	79.537
837.00	79.717
837.18	79.910
837.36	80.140
837.54	80.301
837.72	80.520
837.90	80.683
838.08	80.883
838.26	81.059
838.43	81.231
838.61	81.427
838.79	81.612
838.97	81.741
839.15	81.932
839.33	82.128
839.51	82.254
839.69	82.355
839.87	82.504
840.05	82.668
840.23	82.809
840.41	82.974
840.59	83.097
840.77	83.234
840.95	83.367
841.13	83.501
841.31	83.649
841.49	83.723
841.67	83.783
841.84	83.901
842.02	83.958
842.20	84.059
842.38	84.122
842.56	84.163
842.74	84.284
842.92	84.309
843.10	84.334
843.28	84.418
843.46	84.527
843.64	84.538
843.82	84.620
843.99	84.635
844.17	84.757
844.35	84.919
844.53	85.012
844.71	85.104
844.89	85.166
845.07	85.268
845.25	85.395
845.43	85.493
845.61	85.604
845.78	85.735
845.96	85.866
846.14	86.009
846.32	86.111
846.50	86.181
846.68	86.322
846.86	86.426
847.04	86.510
847.22	86.509
847.39	86.635
847.57	86.711
847.75	86.800
847.93	86.742
848.11	86.748
848.29	86.820
848.47	86.811
848.65	86.838
848.82	86.773
849.00	86.770
849.18	86.776
849.36	86.698
849.54	86.658
849.72	86.581
849.89	86.521
850.07	86.575
850.25	86.549
850.43	86.449
850.61	86.374
850.79	86.289
850.97	86.318
851.14	86.217
851.32	86.082
851.50	85.984
851.68	85.989
851.86	86.007
852.04	85.940
852.21	85.862
852.39	85.767
852.57	85.807
852.75	85.767
852.93	85.687
853.10	85.659
853.28	85.583
853.46	85.498
853.64	85.391
853.82	85.207
854.00	85.095
854.17	84.964
854.35	84.826
854.53	84.780
854.71	84.563
854.89	84.390
855.06	84.323
855.24	84.184
855.42	83.998
855.60	83.799
855.78	83.607
855.95	83.483
856.13	83.370
856.31	83.149
856.49	82.944
856.66	82.873
856.84	82.652
857.02	82.546
857.20	82.430
857.38	82.246
857.55	82.092
857.73	81.881
857.91	81.790
858.09	81.631
858.26	81.444
858.44	81.287
858.62	81.182
858.80	80.927
858.97	80.758
859.15	80.616
859.33	80.354
859.51	80.201
859.68	79.983
859.86	79.740
860.04	79.571
860.22	79.334
860.39	79.091
860.57	78.882
860.75	78.587
860.93	78.380
861.10	78.212
861.28	78.009
861.46	77.785
861.64	77.579
861.81	77.426
861.99	77.186
862.17	76.986
862.35	76.797
862.52	76.684
862.70	76.490
862.88	76.276
863.05	76.114
863.23	75.906
863.41	75.757
863.59	75.617
863.76	75.458
863.94	75.250
864.12	75.100
864.29	74.974
864.47	74.815
864.65	74.614
864.83	74.390
865.00	74.198
865.18	74.087
865.36	73.920
865.53	73.741
865.71	73.600
865.89	73.454
866.06	73.296
866.24	73.092
866.42	72.907
866.59	72.713
866.77	72.576
866.95	72.421
867.12	72.237
867.30	72.107
867.48	71.882
867.65	71.803
867.83	71.647
868.01	71.512
868.18	71.338
868.36	71.230
868.54	71.168
868.71	71.038
868.89	70.970
869.07	70.837
869.24	70.712
869.42	70.605
869.60	70.493
869.77	70.490
869.95	70.436
870.13	70.407
870.30	70.434
870.48	70.384
870.66	70.326
870.83	70.293
871.01	70.129
871.18	70.069
871.36	70.038
871.54	69.945
871.71	69.857
871.89	69.838
872.07	69.716
872.24	69.604
872.42	69.643
872.59	69.520
872.77	69.424
872.95	69.428
873.12	69.362
873.30	69.357
873.48	69.244
873.65	69.192
873.83	69.148
874.00	69.071
874.18	68.969
874.36	68.965
874.53	68.966
874.71	68.986
874.88	69.006
875.06	68.984
875.24	69.087
875.41	69.117
875.59	69.116
875.76	69.168
875.94	69.260
876.11	69.214
876.29	69.242
876.47	69.329
876.64	69.276
876.82	69.244
876.99	69.278
877.17	69.299
877.35	69.307
877.52	69.305
877.70	69.337
877.87	69.429
878.05	69.486
878.22	69.526
878.40	69.606
878.57	69.640
878.75	69.688
878.93	69.600
879.10	69.662
879.28	69.743
879.45	69.821
879.63	69.758
879.80	69.761
879.98	69.806
880.15	69.850
880.33	69.992
880.50	70.098
880.68	70.183
880.86	70.270
881.03	70.373
881.21	70.555
881.38	70.660
881.56	70.858
881.73	70.957
881.91	71.035
882.08	71.164
882.26	71.324
882.43	71.459
882.61	71.669
882.78	71.842
882.96	72.030
883.13	72.121
883.31	72.341
883.48	72.610
883.66	72.814
883.83	72.969
884.01	73.013
884.18	73.258
884.36	73.393
884.53	73.494
884.71	73.682
884.88	73.750
885.06	73.875
885.23	73.907
885.41	74.065
885.58	74.099
885.76	74.253
885.93	74.319
886.11	74.468
886.28	74.604
886.46	74.644
886.63	74.761
886.81	74.877
886.98	75.022
887.15	75.118
887.33	75.237
887.50	75.406
887.68	75.612
887.85	75.659
888.03	75.822
888.20	76.003
888.38	76.084
888.55	76.215
888.73	76.346
888.90	76.440
889.08	76.477
889.25	76.625
889.42	76.691
889.60	76.870
889.77	76.952
889.95	77.094
890.12	77.174
890.30	77.250
890.47	77.308
890.64	77.393
890.82	77.460
890.99	77.572
891.17	77.642
891.34	77.671
891.52	77.774
891.69	77.896
891.86	77.987
892.04	78.080
892.21	78.173
892.39	78.270
892.56	78.375
892.73	78.424
892.91	78.551
893.08	78.724
893.26	78.749
893.43	78.804
893.60	78.762
893.78	78.847
893.95	78.893
894.13	79.142
894.30	79.240
894.47	79.397
894.65	79.501
894.82	79.583
895.00	79.747
895.17	79.826
895.34	79.913
895.52	80.054
895.69	80.126
895.86	80.288
896.04	80.392
896.21	80.536
896.39	80.657
896.56	80.774
896.73	80.700
896.91	80.707
897.08	80.750
897.25	80.919
897.43	80.982
897.60	81.077
897.77	80.970
897.95	80.979
898.12	80.920
898.30	80.974
898.47	80.961
898.64	80.870
898.82	80.800
898.99	80.692
899.16	80.575
899.34	80.496
899.51	80.328
899.68	80.221
899.86	80.083
900.03	80.010
900.20	79.857
900.38	79.847
900.55	79.920
900.72	79.898
900.90	79.771
901.07	79.790
901.24	79.661
901.41	79.688
901.59	79.667
901.76	79.587
901.93	79.441
902.11	79.362
902.28	79.364
902.45	79.504
902.63	79.482
902.80	79.405
902.97	79.395
903.15	79.451
903.32	79.396
903.49	79.381
903.66	79.358
903.84	79.344
904.01	79.330
904.18	79.232
904.36	79.184
904.53	79.144
904.70	79.032
904.87	79.038
905.05	78.900
905.22	78.846
905.39	78.828
905.56	78.677
905.74	78.580
905.91	78.500
906.08	78.303
906.26	78.193
906.43	78.088
906.60	77.896
906.77	77.694
906.95	77.631
907.12	77.448
907.29	77.264
907.46	77.211
907.64	77.017
907.81	76.873
907.98	76.648
908.15	76.546
908.33	76.331
908.50	76.069
908.67	75.923
908.84	75.720
909.01	75.530
909.19	75.438
909.36	75.295
909.53	75.132
909.70	74.827
909.88	74.753
910.05	74.556
910.22	74.486
910.39	74.311
910.57	74.178
910.74	74.064
910.91	73.986
911.08	73.726
911.25	73.628
911.43	73.499
911.60	73.407
911.77	73.162
911.94	72.977
912.11	72.960
912.29	72.758
912.46	72.548
912.63	72.227
912.80	71.997
912.97	71.824
913.15	71.665
913.32	71.661
913.49	71.428
913.66	71.408
913.83	71.220
914.00	71.036
914.18	70.847
914.35	70.690
914.52	70.457
914.69	70.293
914.86	70.078
915.03	69.871
915.21	69.720
915.38	69.654
915.55	69.589
915.72	69.379
915.89	69.234
916.06	69.235
916.24	69.291
916.41	69.179
916.58	69.091
916.75	68.922
916.92	68.717
917.09	68.563
917.26	68.230
917.44	68.037
917.61	67.962
917.78	67.679
917.95	67.551
918.12	67.401
918.29	67.366
918.46	67.271
918.64	67.146
918.81	67.011
918.98	66.861
919.15	66.703
919.32	66.609
919.49	66.516
919.66	66.286
919.83	66.070
920.00	65.954
920.18	65.827
920.35	65.743
920.52	65.696
920.69	65.750
920.86	65.805
921.03	65.808
921.20	65.722
921.37	65.736
921.54	65.579
921.71	65.458
921.89	65.254
922.06	65.111
922.23	65.020
922.40	64.894
922.57	64.712
922.74	64.747
922.91	64.624
923.08	64.602
923.25	64.613
923.42	64.611
923.59	64.607
923.76	64.463
923.93	64.373
924.11	64.248
924.28	64.123
924.45	64.121
924.62	64.026
924.79	63.921
924.96	63.764
925.13	63.774
925.30	63.806
925.47	63.774
925.64	63.840
925.81	63.914
925.98	64.009
926.15	64.041
926.32	63.892
926.49	63.902
926.66	63.921
926.83	63.772
927.00	63.793
927.17	63.674
927.34	63.707
927.51	63.691
927.69	63.774
927.86	63.668
928.03	63.532
928.20	63.615
928.37	63.594
928.54	63.764
928.71	63.684
928.88	63.696
929.05	63.750
929.22	63.780
929.39	63.732
929.56	63.752
929.73	63.853
929.90	63.891
930.07	63.964
930.24	63.867
930.41	63.943
930.58	63.987
930.75	64.147
930.92	64.159
931.09	64.231
931.26	64.238
931.43	64.131
931.60	64.219
931.77	64.197
931.94	64.339
932.11	64.272
932.27	64.450
932.44	64.599
932.61	64.654
932.78	64.551
932.95	64.617
933.12	64.563
933.29	64.522
933.46	64.668
933.63	64.558
933.80	64.724
933.97	64.836
934.14	64.954
934.31	64.981
934.48	65.026
934.65	65.034
934.82	65.029
934.99	65.236
935.16	65.392
935.33	65.511
935.50	65.656
935.67	65.835
935.84	65.819
936.00	65.752
936.17	65.780
936.34	66.025
936.51	66.051
936.68	66.030
936.85	66.005
937.02	66.061
937.19	66.181
937.36	66.237
937.53	66.303
937.70	66.361
937.87	66.432
938.03	66.515
938.20	66.644
938.37	66.770
938.54	66.945
938.71	66.921
938.88	67.012
939.05	66.798
939.22	66.688
939.39	66.821
939.56	66.992
939.72	66.967
939.89	66.887
940.06	66.998
940.23	67.121
940.40	67.300
940.57	67.348
940.74	67.490
940.91	67.540
941.08	67.574
941.24	67.748
941.41	67.854
941.58	68.063
941.75	68.148
941.92	68.254
942.09	68.417
942.26	68.486
942.42	68.462
942.59	68.680
942.76	69.129
942.93	69.263
943.10	69.329
943.27	69.774
943.44	69.948
943.60	69.927
943.77	70.070
943.94	70.176
944.11	70.149
944.28	70.113
944.45	70.153
944.61	70.246
944.78	70.116
944.95	70.069
945.12	70.193
945.29	70.468
945.46	70.467
945.62	70.428
945.79	70.412
945.96	70.759
946.13	70.962
946.30	70.833
946.46	70.881
946.63	70.844
946.80	70.791
946.97	70.983
947.14	71.128
947.31	71.401
947.47	71.704
947.64	71.973
947.81	72.297
947.98	72.519
948.15	72.560
948.31	72.571
948.48	72.817
948.65	72.791
948.82	72.813
948.98	72.851
949.15	73.184
949.32	73.265
949.49	73.263
949.66	73.249
949.82	73.349
949.99	73.495
950.16	73.770
950.33	73.719
950.49	73.693
950.66	73.727
950.83	73.502
951.00	73.311
951.16	73.097
951.33	73.029
951.50	72.964
951.67	73.228
951.83	73.282
952.00	73.293
952.17	73.207
952.34	73.191
952.50	73.267
952.67	72.927
952.84	73.145
953.01	72.969
953.17	72.909
953.34	72.873
953.51	72.688
953.68	72.378
953.84	72.198
954.01	72.041
954.18	71.873
954.34	72.037
954.51	72.208
954.68	72.163
954.85	72.155
955.01	72.072
955.18	72.024
955.35	71.870
955.51	71.611
955.68	71.517
955.85	71.467
956.02	71.487
956.18	71.568
956.35	71.183
956.52	71.200
956.68	71.303
956.85	71.075
957.02	71.086
957.18	71.270
957.35	71.415
957.52	71.491
957.69	71.574
957.85	71.484
958.02	71.103
958.19	71.153
958.35	70.913
958.52	70.838
958.69	70.373
958.85	70.362
959.02	70.566
959.19	70.367
959.35	70.082
959.52	69.948
959.69	69.805
959.85	70.024
960.02	69.791
960.19	69.629
960.35	69.771
960.52	69.681
960.68	69.241
960.85	69.400
961.02	69.083
961.18	69.076
961.35	68.635
961.52	68.722
961.68	68.625
961.85	68.470
962.02	68.350
962.18	68.593
962.35	68.480
962.51	68.138
962.68	67.969
962.85	67.929
963.01	67.668
963.18	67.770
963.35	67.192
963.51	67.141
963.68	67.165
963.84	66.941
964.01	66.966
964.18	66.899
964.34	66.351
964.51	66.481
964.67	66.330
964.84	66.408
965.01	66.280
965.17	65.999
965.34	66.230
965.50	65.894
965.67	65.533
965.84	65.402
966.00	65.653
966.17	65.797
966.33	65.568
966.50	65.632
966.66	65.597
966.83	66.137
967.00	66.046
967.16	65.630
967.33	65.628
967.49	65.296
967.66	65.619
967.82	65.267
967.99	65.135
968.16	65.077
968.32	64.863
968.49	64.396
968.65	64.588
968.82	64.218
968.98	64.241
969.15	64.250
969.31	64.134
969.48	63.673
969.64	63.487
969.81	63.512
969.98	63.205
970.14	62.348
970.31	62.118
970.47	61.557
970.64	61.691
970.80	61.810
970.97	61.358
971.13	60.965
971.30	61.269
971.46	60.861
971.63	60.631
971.79	60.581
971.96	60.748
972.12	60.632
972.29	60.484
972.45	60.570
972.62	60.494
972.78	60.256
972.95	59.937
973.11	60.131
973.28	59.950
973.44	59.959
973.61	60.455
973.77	60.154
973.94	60.570
974.10	60.747
974.27	60.172
974.43	60.922
974.60	60.922
974.76	60.917
974.93	61.048
975.09	60.414
975.26	60.688
975.42	59.915
975.59	59.577
975.75	59.854
975.92	60.208
976.08	59.668
976.24	59.843
976.41	59.888
976.57	60.073
976.74	60.225
976.90	60.305
977.07	60.095
977.23	60.189
977.40	59.618
977.56	58.652
977.73	58.909
977.89	58.203
978.05	57.818
978.22	57.566
978.38	57.091
978.55	57.381
978.71	57.101
978.88	57.535
979.04	57.455
979.20	57.136
979.37	56.766
979.53	56.994
979.70	56.825
979.86	56.985
980.03	56.236
980.19	55.669
980.35	55.410
980.52	54.865
980.68	54.787
980.85	54.915
981.01	55.241
981.17	54.618
981.34	54.407
981.50	53.663
981.67	53.236
981.83	53.771
981.99	53.408
982.16	52.970
982.32	52.770
982.49	51.920
982.65	51.823
982.81	51.762
982.98	51.794
983.14	51.688
983.30	51.253
983.47	50.918
983.63	51.425
983.80	50.905
983.96	50.779
984.12	50.754
984.29	50.854
984.45	50.684
984.61	50.660
984.78	51.635
984.94	53.220
985.10	54.271
985.27	53.512
985.43	54.086
985.59	54.589
985.76	54.798
985.92	56.278
986.08	56.616
986.25	55.982
986.41	56.205
986.57	55.841
986.74	55.974
986.90	57.073
987.06	56.980
987.23	57.681
987.39	57.840
987.55	57.022
987.72	57.536
987.88	56.871
988.04	57.784
988.21	57.659
988.37	56.972
988.53	55.652
988.70	55.795
988.86	55.390
989.02	54.862
989.19	54.304
989.35	53.322
989.51	52.104
989.67	52.424
989.84	52.580
990.00	52.315
990.16	53.398
990.33	53.341
990.49	53.411
990.65	53.303
990.82	53.400
990.98	53.936
991.14	53.494
991.30	54.162
991.47	53.292
991.63	52.849
991.79	53.820
991.95	54.726
992.12	55.186
992.28	54.995
992.44	55.734
992.61	55.424
992.77	56.238
992.93	57.785
993.09	57.877
993.26	56.948
993.42	58.553
993.58	57.162
993.74	55.575
993.91	55.445
994.07	55.681
994.23	56.429
994.39	56.037
994.55	56.845
994.72	56.127
994.88	55.970
995.04	55.315
995.20	55.045
995.37	54.537
995.53	54.765
995.69	54.862
995.85	54.053
996.02	55.060
996.18	55.446
996.34	54.665
996.50	54.256
996.66	55.409
996.83	54.697
996.99	55.060
997.15	56.340
997.31	55.640
997.47	54.894
997.64	53.447
997.80	54.336
997.96	54.641
998.12	55.800
998.28	57.334
998.45	58.725
998.61	57.174
998.77	57.028
998.93	57.773
999.09	60.307
999.25	59.958
999.42	61.653
999.58	61.689
999.74	62.137
999.90	61.966
1000.06	60.749
1000.22	60.638
1000.39	60.485
1000.55	60.021
1000.71	59.494
1000.87	59.359
1001.03	60.968
1001.19	59.985
1001.36	58.701
1001.52	58.237
1001.68	57.859
1001.84	56.820
1002.00	57.573
1002.16	57.707
1002.32	54.918
1002.49	52.067
1002.65	52.457
1002.81	50.655
1002.97	49.113
1003.13	47.809
1003.29	49.411
1003.45	49.364
1003.62	49.694
1003.78	48.480
1003.94	48.814
1004.10	50.776
1004.26	52.917
1004.42	50.858
1004.58	51.213
1004.74	52.127
1004.90	53.091
1005.07	49.881
1005.23	50.368
1005.39	50.640
1005.55	49.550
1005.71	49.291
1005.87	50.982
1006.03	51.824
1006.19	53.068
1006.35	52.696
1006.51	52.419
1006.67	50.309
1006.84	48.343
1007.00	48.824
1007.16	50.051
1007.32	49.080
1007.48	50.390
1007.64	51.137
1007.80	52.849
1007.96	53.206
1008.12	53.762
1008.28	52.896
1008.44	54.698
1008.60	56.043
1008.76	54.435
1008.92	54.665
1009.09	55.711
1009.25	54.162
1009.41	53.944
1009.57	52.983
1009.73	52.546
1009.89	52.083
1010.05	55.304
1010.21	60.078
1010.37	59.196
1010.53	62.168
1010.69	65.271
1010.85	61.766
1011.01	59.778
1011.17	57.722
1011.33	56.954
1011.49	57.537
1011.65	57.048
1011.81	59.589
1011.97	57.049
1012.13	59.490
1012.29	60.859
1012.45	61.763
1012.61	67.019
1012.77	64.596
1012.93	65.511
1013.09	65.589
1013.25	68.522
1013.41	66.272
1013.57	62.084
1013.73	59.542
1013.89	56.445
1014.05	55.378
1014.21	55.264
1014.37	52.434
1014.53	53.379
1014.69	56.598
1014.85	52.259
1015.01	56.591
1015.17	59.239
1015.33	60.525
1015.49	57.871
1015.65	60.038
1015.81	61.793
1015.97	57.363
1016.13	59.375
1016.29	60.188
1016.45	62.623
1016.61	63.305
1016.77	60.188
1016.93	60.302
1017.09	59.635
1017.25	57.988
1017.41	58.174
1017.56	54.225
1017.72	54.164
1017.88	52.454
1018.04	48.997
1018.20	49.243
1018.36	46.769
1018.52	42.107
1018.68	44.292
1018.84	44.820
1019.00	42.709
1019.16	41.910
1019.32	44.874
1019.48	47.167
1019.64	45.038
1019.79	43.668
1019.95	40.747
1020.11	39.684
1020.27	38.800
1020.43	44.757
1020.59	46.227
1020.75	43.779
1020.91	53.354
1021.07	54.411
1021.23	50.762
1021.39	50.128
1021.54	56.887
1021.70	52.671
1021.86	48.111
1022.02	46.864
1022.18	47.436
1022.34	44.261
1022.50	46.054
1022.66	38.998
1022.82	30.589
1022.97	22.517
1023.13	29.647
1023.29	33.737
1023.45	37.428
1023.61	32.888
1023.77	25.517
1023.93	22.446
1024.08	25.996
1024.24	17.099
1024.40	14.819
1024.56	25.511
1024.72	21.793
1024.88	14.307
1025.04	19.814
1025.19	33.894
1025.35	28.433
1025.51	32.285
1025.67	39.845
1025.83	31.026
1025.99	36.711
1026.14	42.648
1026.30	63.356
1026.46	63.528
1026.62	56.338
1026.78	60.653
1026.94	66.411
1027.09	63.655
1027.25	68.676
1027.41	61.562
1027.57	66.124
1027.73	67.205
1027.89	63.834
1028.04	61.148
1028.20	54.730
1028.36	51.364
1028.52	49.451
1028.68	49.371
1028.83	43.943
1028.99	41.126
1029.15	42.043
1029.31	37.627
1029.47	38.851
1029.62	31.697
1029.78	25.432
1029.94	23.725
1030.10	15.748
1030.25	12.870
1030.41	21.838
1030.57	23.195
1030.73	39.087
1030.89	31.870
1031.04	28.824
1031.20	28.213
1031.36	39.480
1031.52	46.219
1031.67	46.528
1031.83	37.280
1031.99	43.105
1032.15	43.499
1032.30	43.414
1032.46	37.672
1032.62	50.494
1032.78	22.275
1032.93	17.806
1033.09	11.881
1033.25	6.133
1033.41	4.217
1033.56	4.000
1033.72	-123.529
1033.88	-50.000
1034.04	-24.051
1034.19	34.545
1034.35	-93.919
1034.51	97.826
1034.66	-10.638
1034.82	450.000
1034.98	450.000
1035.14	450.000
