345.22	68.116
345.43	68.116
345.65	68.116
345.86	58.000
346.08	182.955
346.29	17.391
346.51	35.135
346.72	-157.576
346.94	-430.769
347.15	37.634
347.37	158.969
347.58	150.520
347.80	149.478
348.01	107.225
348.23	90.189
348.44	86.039
348.66	79.841
348.87	78.059
349.09	67.171
349.30	55.998
349.52	58.309
349.73	59.029
349.95	60.256
350.16	62.523
350.38	62.369
350.59	57.284
350.81	56.924
351.02	58.605
351.24	61.038
351.45	58.097
351.67	62.354
351.88	62.593
352.10	62.247
352.31	64.629
352.53	67.720
352.74	68.674
352.96	70.373
353.17	70.733
353.39	74.567
353.60	76.925
353.82	79.218
354.03	80.802
354.25	80.005
354.46	76.495
354.67	74.512
354.89	72.365
355.10	75.373
355.32	68.970
355.53	72.545
355.75	73.535
355.96	75.411
356.18	71.204
356.39	67.739
356.61	71.565
356.82	68.466
357.04	67.247
357.25	66.637
357.46	63.486
357.68	64.015
357.89	60.840
358.11	57.641
358.32	59.139
358.54	55.137
358.75	53.934
358.97	54.472
359.18	56.633
359.40	60.233
359.61	61.594
359.82	65.846
360.04	63.392
360.25	61.196
360.47	58.856
360.68	60.425
360.90	64.990
361.11	63.138
361.32	64.402
361.54	67.635
361.75	69.179
361.97	68.347
362.18	68.908
362.40	72.147
362.61	75.070
362.83	74.447
363.04	78.684
363.25	80.784
363.47	83.157
363.68	81.080
363.90	81.748
364.11	79.776
364.32	81.664
364.54	82.354
364.75	78.586
364.97	82.234
365.18	81.389
365.40	74.805
365.61	76.570
365.82	75.457
366.04	71.326
366.25	69.726
366.47	71.181
366.68	70.016
366.89	70.557
367.11	70.321
367.32	74.864
367.54	70.268
367.75	72.814
367.96	73.142
368.18	72.974
368.39	73.321
368.61	74.957
368.82	74.411
369.03	76.353
369.25	77.619
369.46	77.025
369.68	76.649
369.89	79.816
370.10	75.693
370.32	75.340
370.53	77.651
370.75	72.117
370.96	73.837
371.17	73.316
371.39	71.483
371.60	71.910
371.81	69.616
372.03	72.856
372.24	72.335
372.46	75.726
372.67	79.917
372.88	80.419
373.10	79.968
373.31	79.831
373.52	78.540
373.74	80.394
373.95	78.416
374.17	80.409
374.38	84.450
374.59	86.756
374.81	86.542
375.02	86.569
375.23	90.535
375.45	87.277
375.66	86.565
375.87	86.647
376.09	85.920
376.30	83.245
376.52	84.436
376.73	83.052
376.94	79.727
377.16	77.376
377.37	79.768
377.58	79.885
377.80	80.633
378.01	82.383
378.22	83.341
378.44	84.653
378.65	86.036
378.86	84.663
379.08	84.664
379.29	85.018
379.50	87.363
379.72	89.082
379.93	92.474
380.14	94.044
380.36	94.960
380.57	97.994
380.78	98.944
381.00	99.822
381.21	100.670
381.42	101.508
381.64	102.265
381.85	102.284
382.06	102.836
382.28	103.728
382.49	104.530
382.70	106.153
382.92	106.588
383.13	106.656
383.34	107.540
383.56	109.573
383.77	111.513
383.98	111.519
384.20	112.907
384.41	113.847
384.62	115.231
384.83	116.055
385.05	116.277
385.26	117.281
385.47	118.414
385.69	119.353
385.90	120.459
386.11	121.471
386.33	122.266
386.54	123.043
386.75	123.269
386.97	123.896
387.18	123.942
387.39	124.495
387.60	124.289
387.82	124.058
388.03	123.948
388.24	124.049
388.46	123.942
388.67	123.513
388.88	122.545
389.09	121.831
389.31	121.306
389.52	120.853
389.73	120.162
389.95	119.429
390.16	118.670
390.37	118.095
390.58	117.700
390.80	116.937
391.01	116.580
391.22	116.255
391.44	115.847
391.65	115.752
391.86	115.639
392.07	115.948
392.29	116.257
392.50	116.435
392.71	116.596
392.92	117.079
393.14	117.459
393.35	118.082
393.56	118.763
393.78	119.390
393.99	120.173
394.20	121.089
394.41	121.769
394.63	122.527
394.84	123.417
395.05	124.258
395.26	124.938
395.48	125.658
395.69	126.111
395.90	126.719
396.11	127.256
396.33	127.582
396.54	128.042
396.75	128.096
396.96	128.170
397.18	128.201
397.39	127.989
397.60	127.916
397.81	127.749
398.03	127.306
398.24	126.867
398.45	126.286
398.66	125.688
398.87	125.061
399.09	124.405
399.30	123.505
399.51	122.561
399.72	121.840
399.94	120.959
400.15	120.227
400.36	119.357
400.57	118.541
400.79	117.850
401.00	117.153
401.21	116.703
401.42	116.271
401.63	115.841
401.85	115.702
402.06	115.535
402.27	115.480
402.48	115.582
402.69	115.699
402.91	115.904
403.12	116.213
403.33	116.697
403.54	117.250
403.76	117.834
403.97	118.437
404.18	119.185
404.39	120.008
404.60	120.815
404.82	121.724
405.03	122.518
405.24	123.394
405.45	124.069
405.66	124.833
405.88	125.395
406.09	125.990
406.30	126.366
406.51	126.692
406.72	127.002
406.94	127.185
407.15	127.237
407.36	127.249
407.57	127.213
407.78	127.036
407.99	126.607
408.21	126.209
408.42	125.737
408.63	125.149
408.84	124.436
409.05	123.759
409.27	122.889
409.48	122.001
409.69	120.996
409.90	120.108
410.11	119.127
410.32	118.343
410.54	117.458
410.75	116.566
410.96	115.830
411.17	115.025
411.38	114.348
411.59	113.822
411.81	113.297
412.02	112.785
412.23	112.425
412.44	112.235
412.65	112.129
412.86	112.223
413.08	112.349
413.29	112.513
413.50	112.846
413.71	113.331
413.92	113.780
414.13	114.372
414.34	114.953
414.56	115.482
414.77	116.160
414.98	116.814
415.19	117.650
415.40	118.348
415.61	119.124
415.82	119.869
416.04	120.618
416.25	121.229
416.46	121.879
416.67	122.494
416.88	122.987
417.09	123.427
417.30	123.718
417.52	123.998
417.73	124.108
417.94	124.066
418.15	123.986
418.36	123.971
418.57	123.714
418.78	123.356
418.99	123.086
419.21	122.608
419.42	122.086
419.63	121.440
419.84	120.752
420.05	120.018
420.26	119.196
420.47	118.315
420.68	117.555
420.89	116.682
421.11	115.742
421.32	114.928
421.53	114.081
421.74	113.268
421.95	112.551
422.16	111.960
422.37	111.453
422.58	110.894
422.79	110.334
423.01	109.918
423.22	109.677
423.43	109.479
423.64	109.390
423.85	109.422
424.06	109.561
424.27	109.829
424.48	110.175
424.69	110.626
424.90	111.132
425.11	111.661
425.33	112.338
425.54	113.029
425.75	113.740
425.96	114.513
426.17	115.323
426.38	116.083
426.59	116.815
426.80	117.563
427.01	118.341
427.22	119.107
427.43	119.956
427.64	120.661
427.85	121.304
428.07	121.872
428.28	122.319
428.49	122.713
428.70	123.028
428.91	123.214
429.12	123.357
429.33	123.445
429.54	123.456
429.75	123.335
429.96	123.194
430.17	122.932
430.38	122.545
430.59	122.039
430.80	121.471
431.01	120.879
431.22	120.259
431.44	119.544
431.65	118.858
431.86	118.054
432.07	117.235
432.28	116.408
432.49	115.594
432.70	114.758
432.91	113.919
433.12	113.090
433.33	112.300
433.54	111.598
433.75	110.929
433.96	110.382
434.17	109.742
434.38	109.265
434.59	108.901
434.80	108.603
435.01	108.533
435.22	108.488
435.43	108.538
435.64	108.642
435.85	108.798
436.06	109.045
436.27	109.375
436.48	109.831
436.69	110.307
436.90	110.834
437.11	111.495
437.33	112.211
437.54	112.940
437.75	113.735
437.96	114.453
438.17	115.154
438.38	115.840
438.59	116.626
438.80	117.327
439.01	118.058
439.22	118.813
439.43	119.335
439.64	119.867
439.85	120.369
440.06	120.718
440.27	121.151
440.48	121.390
440.69	121.599
440.90	121.672
441.11	121.730
441.32	121.704
441.53	121.578
441.74	121.300
441.95	121.036
442.16	120.654
442.37	120.192
442.58	119.716
442.79	119.143
443.00	118.522
443.21	117.880
443.42	117.104
443.62	116.233
443.83	115.464
444.04	114.648
444.25	113.769
444.46	112.976
444.67	112.098
444.88	111.279
445.09	110.480
445.30	109.709
445.51	108.961
445.72	108.210
445.93	107.580
446.14	107.012
446.35	106.427
446.56	106.023
446.77	105.657
446.98	105.342
447.19	105.100
447.40	104.965
447.61	104.833
447.82	104.801
448.03	104.924
448.24	105.085
448.45	105.309
448.66	105.665
448.87	106.036
449.08	106.483
449.29	106.979
449.49	107.491
449.70	108.080
449.91	108.680
450.12	109.337
450.33	109.960
450.54	110.641
450.75	111.335
450.96	111.960
451.17	112.615
451.38	113.223
451.59	113.833
451.80	114.412
452.01	114.978
452.22	115.542
452.43	115.945
452.64	116.284
452.84	116.604
453.05	116.826
453.26	117.040
453.47	117.153
453.68	117.223
453.89	117.182
454.10	117.055
454.31	116.884
454.52	116.623
454.73	116.306
454.94	115.887
455.15	115.437
455.36	114.868
455.56	114.300
455.77	113.645
455.98	112.994
456.19	112.277
456.40	111.512
456.61	110.734
456.82	109.920
457.03	109.145
457.24	108.339
457.45	107.561
457.65	106.704
457.86	105.903
458.07	105.077
458.28	104.288
458.49	103.566
458.70	102.896
458.91	102.273
459.12	101.688
459.33	101.179
459.54	100.691
459.74	100.295
459.95	99.956
460.16	99.767
460.37	99.593
460.58	99.517
460.79	99.487
461.00	99.515
461.21	99.640
461.41	99.806
461.62	100.060
461.83	100.391
462.04	100.793
462.25	101.195
462.46	101.697
462.67	102.283
462.88	102.893
463.08	103.507
463.29	104.113
463.50	104.792
463.71	105.440
463.92	106.129
464.13	106.766
464.34	107.391
464.54	108.015
464.75	108.642
464.96	109.185
465.17	109.722
465.38	110.205
465.59	110.664
465.80	111.049
466.00	111.377
466.21	111.635
466.42	111.829
466.63	111.978
466.84	112.125
467.05	112.113
467.26	112.025
467.46	111.856
467.67	111.693
467.88	111.421
468.09	111.118
468.30	110.760
468.51	110.366
468.71	109.875
468.92	109.348
469.13	108.766
469.34	108.161
469.55	107.474
469.76	106.767
469.96	106.043
470.17	105.293
470.38	104.546
470.59	103.750
470.80	102.981
471.00	102.266
471.21	101.494
471.42	100.763
471.63	100.071
471.84	99.401
472.05	98.743
472.25	98.110
472.46	97.511
472.67	96.910
472.88	96.430
473.09	95.984
473.29	95.548
473.50	95.205
473.71	94.921
473.92	94.704
474.13	94.568
474.33	94.468
474.54	94.469
474.75	94.492
474.96	94.596
475.17	94.754
475.37	94.906
475.58	95.176
475.79	95.503
476.00	95.880
476.21	96.308
476.41	96.760
476.62	97.259
476.83	97.779
477.04	98.410
477.24	99.008
477.45	99.601
477.66	100.227
477.87	100.832
478.08	101.439
478.28	102.013
478.49	102.597
478.70	103.219
478.91	103.750
479.11	104.242
479.32	104.732
479.53	105.167
479.74	105.608
479.94	105.948
480.15	106.214
480.36	106.435
480.57	106.629
480.78	106.803
480.98	106.886
481.19	106.915
481.40	106.845
481.61	106.733
481.81	106.610
482.02	106.383
482.23	106.132
482.44	105.810
482.64	105.469
482.85	105.042
483.06	104.522
483.27	104.011
483.47	103.493
483.68	102.917
483.89	102.271
484.10	101.640
484.30	100.967
484.51	100.299
484.72	99.618
484.92	98.887
485.13	98.161
485.34	97.448
485.55	96.734
485.75	96.041
485.96	95.340
486.17	94.646
486.38	94.014
486.58	93.377
486.79	92.814
487.00	92.250
487.20	91.734
487.41	91.274
487.62	90.849
487.83	90.474
488.03	90.136
488.24	89.883
488.45	89.647
488.65	89.467
488.86	89.338
489.07	89.267
489.28	89.253
489.48	89.288
489.69	89.405
489.90	89.546
490.10	89.748
490.31	90.017
490.52	90.299
490.73	90.637
490.93	90.998
491.14	91.393
491.35	91.835
491.55	92.298
491.76	92.773
491.97	93.279
492.17	93.782
492.38	94.315
492.59	94.871
492.79	95.411
493.00	95.951
493.21	96.488
493.41	97.005
493.62	97.512
493.83	98.002
494.04	98.418
494.24	98.849
494.45	99.232
494.66	99.571
494.86	99.914
495.07	100.181
495.28	100.473
495.48	100.665
495.69	100.827
495.90	100.950
496.10	101.042
496.31	101.070
496.52	101.046
496.72	100.991
496.93	100.868
497.14	100.704
497.34	100.470
497.55	100.224
497.76	99.917
497.96	99.582
498.17	99.206
498.37	98.815
498.58	98.346
498.79	97.859
498.99	97.359
499.20	96.818
499.41	96.229
499.61	95.599
499.82	94.989
500.03	94.356
500.23	93.715
500.44	93.049
500.65	92.383
500.85	91.725
501.06	91.039
501.26	90.383
501.47	89.756
501.68	89.143
501.88	88.532
502.09	87.964
502.30	87.399
502.50	86.854
502.71	86.367
502.91	85.919
503.12	85.503
503.33	85.106
503.53	84.779
503.74	84.498
503.95	84.235
504.15	84.027
504.36	83.857
504.56	83.750
504.77	83.694
504.98	83.677
505.18	83.715
505.39	83.789
505.59	83.911
505.80	84.065
506.01	84.289
506.21	84.518
506.42	84.807
506.62	85.117
506.83	85.458
507.04	85.821
507.24	86.219
507.45	86.626
507.65	87.084
507.86	87.512
508.07	88.008
508.27	88.481
508.48	88.951
508.68	89.450
508.89	89.925
509.10	90.384
509.30	90.833
509.51	91.282
509.71	91.709
509.92	92.128
510.12	92.518
510.33	92.878
510.54	93.231
510.74	93.536
510.95	93.816
511.15	94.089
511.36	94.327
511.56	94.534
511.77	94.691
511.98	94.800
512.18	94.893
512.39	94.912
512.59	94.924
512.80	94.879
513.00	94.801
513.21	94.667
513.42	94.501
513.62	94.326
513.83	94.106
514.03	93.838
514.24	93.523
514.44	93.182
514.65	92.819
514.85	92.420
515.06	91.989
515.26	91.517
515.47	91.041
515.68	90.523
515.88	89.982
516.09	89.416
516.29	88.862
516.50	88.272
516.70	87.681
516.91	87.086
517.11	86.498
517.32	85.906
517.52	85.329
517.73	84.787
517.93	84.201
518.14	83.640
518.34	83.106
518.55	82.581
518.76	82.075
518.96	81.587
519.17	81.114
519.37	80.670
519.58	80.287
519.78	79.889
519.99	79.542
520.19	79.230
520.40	78.994
520.60	78.755
520.81	78.561
521.01	78.397
521.22	78.295
521.42	78.225
521.63	78.177
521.83	78.171
522.04	78.197
522.24	78.270
522.45	78.376
522.65	78.536
522.86	78.724
523.06	78.941
523.27	79.195
523.47	79.496
523.68	79.796
523.88	80.124
524.09	80.477
524.29	80.855
524.50	81.256
524.70	81.647
524.91	82.063
525.11	82.509
525.32	82.966
525.52	83.406
525.72	83.867
525.93	84.327
526.13	84.811
526.34	85.263
526.54	85.707
526.75	86.122
526.95	86.535
527.16	86.932
527.36	87.316
527.57	87.662
527.77	87.981
527.98	88.312
528.18	88.621
528.39	88.892
528.59	89.136
528.79	89.345
529.00	89.547
529.20	89.694
529.41	89.826
529.61	89.910
529.82	89.950
530.02	89.952
530.23	89.945
530.43	89.871
530.64	89.768
530.84	89.646
531.04	89.488
531.25	89.300
531.45	89.101
531.66	88.846
531.86	88.573
532.07	88.260
532.27	87.928
532.47	87.547
532.68	87.181
532.88	86.788
533.09	86.364
533.29	85.892
533.50	85.439
533.70	84.934
533.90	84.448
534.11	83.973
534.31	83.470
534.52	82.939
534.72	82.425
534.93	81.946
535.13	81.444
535.33	80.958
535.54	80.444
535.74	79.955
535.95	79.476
536.15	79.030
536.35	78.588
536.56	78.161
536.76	77.746
536.97	77.349
537.17	76.963
537.37	76.614
537.58	76.307
537.78	76.019
537.99	75.769
538.19	75.526
538.39	75.309
538.60	75.144
538.80	75.018
539.01	74.911
539.21	74.815
539.41	74.754
539.62	74.719
539.82	74.748
540.03	74.793
540.23	74.890
540.43	75.004
540.64	75.165
540.84	75.338
541.04	75.562
541.25	75.804
541.45	76.092
541.66	76.382
541.86	76.709
542.06	77.052
542.27	77.403
542.47	77.798
542.67	78.186
542.88	78.597
543.08	79.018
543.28	79.447
543.49	79.872
543.69	80.334
543.90	80.796
544.10	81.245
544.30	81.707
544.51	82.146
544.71	82.596
544.91	83.042
545.12	83.480
545.32	83.902
545.52	84.287
545.73	84.691
545.93	85.084
546.13	85.414
546.34	85.730
546.54	86.042
546.74	86.328
546.95	86.610
547.15	86.848
547.35	87.050
547.56	87.260
547.76	87.447
547.96	87.586
548.17	87.710
548.37	87.816
548.57	87.839
548.78	87.858
548.98	87.850
549.18	87.789
549.39	87.701
549.59	87.588
549.79	87.468
550.00	87.299
550.20	87.126
550.40	86.912
550.61	86.689
550.81	86.431
551.01	86.134
551.22	85.836
551.42	85.497
551.62	85.150
551.82	84.758
552.03	84.395
552.23	83.990
552.43	83.571
552.64	83.155
552.84	82.727
553.04	82.284
553.25	81.823
553.45	81.349
553.65	80.894
553.85	80.452
554.06	80.020
554.26	79.555
554.46	79.086
554.67	78.639
554.87	78.181
555.07	77.756
555.27	77.344
555.48	76.927
555.68	76.551
555.88	76.182
556.09	75.832
556.29	75.464
556.49	75.150
556.69	74.835
556.90	74.524
557.10	74.288
557.30	74.084
557.50	73.879
557.71	73.730
557.91	73.593
558.11	73.476
558.31	73.382
558.52	73.341
558.72	73.313
558.92	73.328
559.13	73.377
559.33	73.447
559.53	73.523
559.73	73.651
559.94	73.787
560.14	73.945
560.34	74.140
560.54	74.347
560.75	74.597
560.95	74.858
561.15	75.169
561.35	75.475
561.55	75.784
561.76	76.139
561.96	76.481
562.16	76.864
562.36	77.246
562.57	77.625
562.77	78.000
562.97	78.404
563.17	78.809
563.38	79.217
563.58	79.629
563.78	80.051
563.98	80.454
564.18	80.864
564.39	81.284
564.59	81.670
564.79	82.092
564.99	82.462
565.20	82.843
565.40	83.175
565.60	83.510
565.80	83.857
566.00	84.148
566.21	84.431
566.41	84.687
566.61	84.929
566.81	85.183
567.01	85.410
567.22	85.624
567.42	85.800
567.62	85.927
567.82	86.053
568.02	86.157
568.23	86.242
568.43	86.293
568.63	86.327
568.83	86.338
569.03	86.298
569.24	86.257
569.44	86.192
569.64	86.122
569.84	86.009
570.04	85.839
570.24	85.683
570.45	85.508
570.65	85.313
570.85	85.083
571.05	84.813
571.25	84.529
571.45	84.218
571.66	83.925
571.86	83.616
572.06	83.245
572.26	82.899
572.46	82.529
572.66	82.154
572.87	81.761
573.07	81.370
573.27	80.965
573.47	80.556
573.67	80.124
573.87	79.691
574.08	79.245
574.28	78.838
574.48	78.423
574.68	77.994
574.88	77.558
575.08	77.130
575.28	76.726
575.49	76.330
575.69	75.953
575.89	75.548
576.09	75.189
576.29	74.851
576.49	74.494
576.69	74.156
576.90	73.852
577.10	73.566
577.30	73.297
577.50	73.058
577.70	72.813
577.90	72.603
578.10	72.418
578.30	72.272
578.51	72.142
578.71	72.039
578.91	71.955
579.11	71.908
579.31	71.879
579.51	71.874
579.71	71.901
579.91	71.923
580.12	72.007
580.32	72.107
580.52	72.223
580.72	72.362
580.92	72.531
581.12	72.702
581.32	72.905
581.52	73.133
581.72	73.354
581.92	73.622
582.13	73.901
582.33	74.195
582.53	74.506
582.73	74.806
582.93	75.132
583.13	75.479
583.33	75.834
583.53	76.210
583.73	76.586
583.93	76.969
584.13	77.373
584.34	77.788
584.54	78.168
584.74	78.553
584.94	78.967
585.14	79.368
585.34	79.755
585.54	80.121
585.74	80.480
585.94	80.863
586.14	81.247
586.34	81.599
586.54	81.943
586.74	82.282
586.94	82.623
587.15	82.942
587.35	83.257
587.55	83.531
587.75	83.803
587.95	84.039
588.15	84.255
588.35	84.464
588.55	84.636
588.75	84.821
588.95	84.988
589.15	85.115
589.35	85.225
589.55	85.318
589.75	85.426
589.95	85.489
590.15	85.533
590.35	85.527
590.55	85.538
590.75	85.502
590.95	85.445
591.15	85.370
591.35	85.289
591.56	85.159
591.76	85.020
591.96	84.851
592.16	84.702
592.36	84.507
592.56	84.292
592.76	84.063
592.96	83.810
593.16	83.544
593.36	83.257
593.56	82.968
593.76	82.688
593.96	82.348
594.16	82.027
594.36	81.694
594.56	81.359
594.76	81.011
594.96	80.663
595.16	80.290
595.36	79.917
595.56	79.506
595.76	79.102
595.96	78.714
596.16	78.331
596.36	77.927
596.56	77.544
596.76	77.147
596.96	76.765
597.16	76.388
597.36	76.018
597.56	75.665
597.76	75.317
597.96	74.950
598.16	74.621
598.36	74.299
598.56	73.975
598.76	73.671
598.96	73.367
599.16	73.088
599.36	72.857
599.56	72.631
599.76	72.428
599.96	72.253
600.15	72.075
600.35	71.945
600.55	71.812
600.75	71.692
600.95	71.606
601.15	71.526
601.35	71.468
601.55	71.430
601.75	71.431
601.95	71.425
602.15	71.476
602.35	71.509
602.55	71.573
602.75	71.677
602.95	71.793
603.15	71.925
603.35	72.080
603.55	72.239
603.75	72.404
603.95	72.605
604.15	72.802
604.35	73.045
604.54	73.272
604.74	73.538
604.94	73.825
605.14	74.104
605.34	74.391
605.54	74.719
605.74	75.056
605.94	75.376
606.14	75.732
606.34	76.085
606.54	76.446
606.74	76.824
606.94	77.188
607.14	77.554
607.33	77.945
607.53	78.337
607.73	78.695
607.93	79.061
608.13	79.418
608.33	79.787
608.53	80.119
608.73	80.479
608.93	80.808
609.13	81.127
609.33	81.468
609.52	81.804
609.72	82.089
609.92	82.367
610.12	82.656
610.32	82.932
610.52	83.194
610.72	83.439
610.92	83.660
611.12	83.869
611.31	84.077
611.51	84.252
611.71	84.410
611.91	84.581
612.11	84.742
612.31	84.887
612.51	85.003
612.71	85.125
612.91	85.196
613.10	85.272
613.30	85.359
613.50	85.400
613.70	85.424
613.90	85.424
614.10	85.420
614.30	85.356
614.50	85.283
614.69	85.187
614.89	85.079
615.09	84.959
615.29	84.818
615.49	84.663
615.69	84.489
615.89	84.304
616.08	84.101
616.28	83.883
616.48	83.645
616.68	83.396
616.88	83.114
617.08	82.838
617.27	82.554
617.47	82.240
617.67	81.920
617.87	81.586
618.07	81.267
618.27	80.922
618.47	80.604
618.66	80.257
618.86	79.929
619.06	79.592
619.26	79.262
619.46	78.922
619.66	78.560
619.85	78.207
620.05	77.852
620.25	77.490
620.45	77.132
620.65	76.767
620.84	76.432
621.04	76.108
621.24	75.794
621.44	75.475
621.64	75.139
621.84	74.825
622.03	74.528
622.23	74.245
622.43	73.964
622.63	73.699
622.83	73.449
623.02	73.198
623.22	72.966
623.42	72.716
623.62	72.502
623.82	72.326
624.01	72.151
624.21	71.995
624.41	71.855
624.61	71.731
624.81	71.639
625.00	71.541
625.20	71.466
625.40	71.408
625.60	71.366
625.79	71.365
625.99	71.392
626.19	71.402
626.39	71.464
626.59	71.526
626.78	71.608
626.98	71.686
627.18	71.780
627.38	71.916
627.57	72.095
627.77	72.260
627.97	72.437
628.17	72.642
628.37	72.842
628.56	73.086
628.76	73.327
628.96	73.575
629.16	73.847
629.35	74.153
629.55	74.445
629.75	74.761
629.95	75.095
630.14	75.405
630.34	75.741
630.54	76.041
630.74	76.374
630.93	76.699
631.13	77.060
631.33	77.409
631.53	77.734
631.72	78.052
631.92	78.428
632.12	78.788
632.31	79.121
632.51	79.495
632.71	79.859
632.91	80.197
633.10	80.547
633.30	80.896
633.50	81.199
633.70	81.531
633.89	81.840
634.09	82.136
634.29	82.447
634.48	82.744
634.68	83.037
634.88	83.314
635.08	83.596
635.27	83.883
635.47	84.162
635.67	84.426
635.86	84.695
636.06	84.894
636.26	85.082
636.46	85.303
636.65	85.472
636.85	85.642
637.05	85.811
637.24	85.943
637.44	86.060
637.64	86.191
637.83	86.297
638.03	86.393
638.23	86.455
638.43	86.495
638.62	86.523
638.82	86.532
639.02	86.542
639.21	86.518
639.41	86.461
639.61	86.403
639.80	86.323
640.00	86.238
640.20	86.157
640.39	86.072
640.59	85.945
640.79	85.808
640.98	85.651
641.18	85.497
641.38	85.350
641.57	85.165
641.77	84.949
641.97	84.721
642.16	84.484
642.36	84.246
642.56	83.999
642.75	83.755
642.95	83.496
643.15	83.223
643.34	82.947
643.54	82.679
643.74	82.355
643.93	82.056
644.13	81.723
644.33	81.380
644.52	81.055
644.72	80.726
644.91	80.403
645.11	80.043
645.31	79.697
645.50	79.344
645.70	79.005
645.90	78.690
646.09	78.363
646.29	78.034
646.48	77.703
646.68	77.348
646.88	77.025
647.07	76.714
647.27	76.392
647.47	76.088
647.66	75.767
647.86	75.493
648.05	75.235
648.25	74.974
648.45	74.732
648.64	74.469
648.84	74.243
649.04	74.014
649.23	73.796
649.43	73.606
649.62	73.414
649.82	73.234
650.02	73.059
650.21	72.898
650.41	72.775
650.60	72.676
650.80	72.588
651.00	72.491
651.19	72.410
651.39	72.356
651.58	72.304
651.78	72.293
651.97	72.300
652.17	72.298
652.37	72.317
652.56	72.365
652.76	72.422
652.95	72.493
653.15	72.593
653.35	72.697
653.54	72.789
653.74	72.916
653.93	73.061
654.13	73.218
654.32	73.377
654.52	73.530
654.72	73.710
654.91	73.919
655.11	74.140
655.30	74.388
655.50	74.646
655.69	74.909
655.89	75.156
656.08	75.411
656.28	75.698
656.48	75.992
656.67	76.275
656.87	76.565
657.06	76.838
657.26	77.126
657.45	77.458
657.65	77.794
657.84	78.129
658.04	78.456
658.23	78.789
658.43	79.135
658.62	79.497
658.82	79.827
659.02	80.174
659.21	80.516
659.41	80.825
659.60	81.139
659.80	81.481
659.99	81.837
660.19	82.177
660.38	82.505
660.58	82.812
660.77	83.137
660.97	83.444
661.16	83.754
661.36	84.036
661.55	84.313
661.75	84.576
661.94	84.827
662.14	85.074
662.33	85.330
662.53	85.566
662.72	85.807
662.92	86.039
663.11	86.234
663.31	86.439
663.50	86.647
663.70	86.844
663.89	87.008
664.09	87.163
664.28	87.307
664.48	87.429
664.67	87.570
664.87	87.669
665.06	87.789
665.26	87.868
665.45	87.940
665.65	88.000
665.84	88.074
666.04	88.133
666.23	88.143
666.43	88.141
666.62	88.131
666.82	88.089
667.01	88.032
667.21	87.967
667.40	87.887
667.59	87.816
667.79	87.715
667.98	87.572
668.18	87.426
668.37	87.275
668.57	87.120
668.76	86.960
668.96	86.774
669.15	86.568
669.35	86.387
669.54	86.195
669.73	85.969
669.93	85.744
670.12	85.501
670.32	85.283
670.51	85.026
670.71	84.775
670.90	84.523
671.10	84.265
671.29	84.012
671.48	83.723
671.68	83.431
671.87	83.140
672.07	82.853
672.26	82.600
672.46	82.313
672.65	82.036
672.84	81.743
673.04	81.464
673.23	81.167
673.43	80.864
673.62	80.574
673.82	80.295
674.01	79.966
674.20	79.661
674.40	79.353
674.59	79.055
674.79	78.777
674.98	78.465
675.17	78.160
675.37	77.882
675.56	77.619
675.76	77.338
675.95	77.041
676.14	76.805
676.34	76.516
676.53	76.263
676.73	76.011
676.92	75.751
677.11	75.505
677.31	75.280
677.50	75.088
677.70	74.874
677.89	74.679
678.08	74.509
678.28	74.336
678.47	74.178
678.66	74.047
678.86	73.930
679.05	73.829
679.25	73.752
679.44	73.679
679.63	73.637
679.83	73.592
680.02	73.593
680.21	73.564
680.41	73.553
680.60	73.537
680.79	73.542
680.99	73.561
681.18	73.580
681.38	73.621
681.57	73.685
681.76	73.770
681.96	73.835
682.15	73.922
682.34	74.021
682.54	74.147
682.73	74.272
682.92	74.381
683.12	74.537
683.31	74.721
683.50	74.884
683.70	75.050
683.89	75.223
684.08	75.415
684.28	75.631
684.47	75.861
684.66	76.111
684.86	76.357
685.05	76.616
685.24	76.892
685.44	77.159
685.63	77.420
685.82	77.706
686.02	78.020
686.21	78.360
686.40	78.685
686.60	79.016
686.79	79.359
686.98	79.700
687.18	80.036
687.37	80.351
687.56	80.665
687.75	80.999
687.95	81.346
688.14	81.674
688.33	82.004
688.53	82.328
688.72	82.663
688.91	82.987
689.11	83.296
689.30	83.638
689.49	83.989
689.68	84.307
689.88	84.606
690.07	84.889
690.26	85.147
690.46	85.430
690.65	85.701
690.84	85.964
691.03	86.233
691.23	86.469
691.42	86.717
691.61	86.975
691.80	87.207
692.00	87.424
692.19	87.623
692.38	87.818
692.58	88.029
692.77	88.194
692.96	88.360
693.15	88.548
693.35	88.677
693.54	88.831
693.73	88.978
693.92	89.108
694.12	89.243
694.31	89.343
694.50	89.469
694.69	89.543
694.89	89.621
695.08	89.670
695.27	89.745
695.46	89.783
695.66	89.814
695.85	89.842
696.04	89.865
696.23	89.904
696.43	89.917
696.62	89.875
696.81	89.865
697.00	89.836
697.19	89.797
697.39	89.733
697.58	89.656
697.77	89.562
697.96	89.481
698.16	89.395
698.35	89.335
698.54	89.197
698.73	89.090
698.92	88.943
699.12	88.816
699.31	88.662
699.50	88.499
699.69	88.346
699.89	88.153
700.08	87.980
700.27	87.775
700.46	87.563
700.65	87.363
700.85	87.167
701.04	86.931
701.23	86.687
701.42	86.455
701.61	86.197
701.81	85.936
702.00	85.660
702.19	85.386
702.38	85.103
702.57	84.832
702.76	84.532
702.96	84.257
703.15	83.952
703.34	83.661
703.53	83.375
703.72	83.042
703.92	82.719
704.11	82.417
704.30	82.112
704.49	81.815
704.68	81.505
704.87	81.169
705.07	80.875
705.26	80.585
705.45	80.327
705.64	80.043
705.83	79.795
706.02	79.547
706.21	79.275
706.41	79.000
706.60	78.739
706.79	78.486
706.98	78.255
707.17	78.013
707.36	77.768
707.56	77.566
707.75	77.373
707.94	77.202
708.13	77.002
708.32	76.811
708.51	76.640
708.70	76.506
708.89	76.367
709.09	76.232
709.28	76.114
709.47	75.963
709.66	75.831
709.85	75.705
710.04	75.590
710.23	75.487
710.42	75.419
710.62	75.326
710.81	75.253
711.00	75.160
711.19	75.118
711.38	75.073
711.57	75.010
711.76	74.985
711.95	74.977
712.15	74.970
712.34	74.992
712.53	75.000
712.72	75.017
712.91	75.078
713.10	75.146
713.29	75.185
713.48	75.255
713.67	75.353
713.86	75.481
714.05	75.590
714.25	75.707
714.44	75.811
714.63	75.951
714.82	76.123
715.01	76.296
715.20	76.481
715.39	76.664
715.58	76.847
715.77	77.049
715.96	77.265
716.15	77.478
716.34	77.663
716.54	77.911
716.73	78.159
716.92	78.353
717.11	78.578
717.30	78.833
717.49	79.096
717.68	79.378
717.87	79.593
718.06	79.859
718.25	80.126
718.44	80.406
718.63	80.719
718.82	80.997
719.01	81.297
719.20	81.593
719.39	81.913
719.58	82.226
719.77	82.512
719.96	82.762
720.16	83.062
720.35	83.376
720.54	83.673
720.73	83.945
720.92	84.245
721.11	84.575
721.30	84.872
721.49	85.145
721.68	85.419
721.87	85.732
722.06	86.028
722.25	86.331
722.44	86.617
722.63	86.864
722.82	87.112
723.01	87.345
723.20	87.551
723.39	87.770
723.58	88.008
723.77	88.274
723.96	88.513
724.15	88.746
724.34	88.957
724.53	89.134
724.72	89.332
724.91	89.551
725.10	89.728
725.29	89.907
725.48	90.126
725.67	90.292
725.86	90.426
726.05	90.568
726.24	90.691
726.43	90.812
726.62	90.939
726.81	91.085
727.00	91.201
727.19	91.336
727.38	91.441
727.57	91.539
727.76	91.599
727.95	91.675
728.14	91.723
728.33	91.765
728.52	91.811
728.71	91.842
728.90	91.847
729.09	91.830
729.28	91.777
729.47	91.703
729.65	91.650
729.84	91.612
730.03	91.559
730.22	91.540
730.41	91.468
730.60	91.409
730.79	91.296
730.98	91.202
731.17	91.103
731.36	91.006
731.55	90.850
731.74	90.705
731.93	90.555
732.12	90.383
732.31	90.250
732.50	90.096
732.69	89.946
732.88	89.780
733.06	89.598
733.25	89.455
733.44	89.307
733.63	89.127
733.82	88.920
734.01	88.711
734.20	88.472
734.39	88.248
734.58	88.022
734.77	87.834
734.96	87.606
735.15	87.358
735.33	87.072
735.52	86.846
735.71	86.602
735.90	86.357
736.09	86.098
736.28	85.804
736.47	85.556
736.66	85.264
736.85	84.974
737.04	84.669
737.23	84.377
737.41	84.097
737.60	83.838
737.79	83.571
737.98	83.289
738.17	83.008
738.36	82.751
738.55	82.484
738.74	82.191
738.92	81.919
739.11	81.662
739.30	81.418
739.49	81.152
739.68	80.898
739.87	80.674
740.06	80.460
740.25	80.218
740.43	79.968
740.62	79.760
740.81	79.522
741.00	79.332
741.19	79.107
741.38	78.881
741.57	78.646
741.75	78.477
741.94	78.264
742.13	78.085
742.32	77.890
742.51	77.699
742.70	77.550
742.89	77.398
743.07	77.258
743.26	77.108
743.45	76.950
743.64	76.822
743.83	76.662
744.02	76.508
744.20	76.405
744.39	76.308
744.58	76.202
744.77	76.130
744.96	76.051
745.15	76.016
745.33	75.989
745.52	75.975
745.71	75.935
745.90	75.930
746.09	75.929
746.28	75.931
746.46	75.915
746.65	75.908
746.84	75.930
747.03	75.946
747.22	75.987
747.40	76.056
747.59	76.112
747.78	76.198
747.97	76.334
748.16	76.444
748.34	76.523
748.53	76.643
748.72	76.781
748.91	76.906
749.10	77.018
749.28	77.170
749.47	77.336
749.66	77.452
749.85	77.588
750.04	77.735
750.22	77.902
750.41	78.086
750.60	78.281
750.79	78.449
750.97	78.610
751.16	78.804
751.35	78.988
751.54	79.174
751.73	79.390
751.91	79.543
752.10	79.772
752.29	79.988
752.48	80.231
752.66	80.452
752.85	80.678
753.04	80.911
753.23	81.152
753.41	81.362
753.60	81.634
753.79	81.877
753.98	82.117
754.16	82.360
754.35	82.626
754.54	82.861
754.73	83.132
754.91	83.409
755.10	83.684
755.29	83.966
755.48	84.228
755.66	84.474
755.85	84.784
756.04	85.038
756.22	85.307
756.41	85.516
756.60	85.750
756.79	86.005
756.97	86.271
757.16	86.480
757.35	86.732
757.54	86.958
757.72	87.227
757.91	87.468
758.10	87.728
758.28	87.968
758.47	88.183
758.66	88.432
758.85	88.645
759.03	88.813
759.22	89.037
759.41	89.244
759.59	89.477
759.78	89.662
759.97	89.824
760.15	90.009
760.34	90.230
760.53	90.418
760.71	90.581
760.90	90.769
761.09	90.909
761.28	91.072
761.46	91.242
761.65	91.383
761.84	91.539
762.02	91.670
762.21	91.806
762.40	91.927
762.58	92.009
762.77	92.117
762.96	92.265
763.14	92.344
763.33	92.452
763.52	92.497
763.70	92.512
763.89	92.574
764.08	92.627
764.26	92.613
764.45	92.626
764.64	92.676
764.82	92.658
765.01	92.675
765.20	92.631
765.38	92.626
765.57	92.582
765.75	92.540
765.94	92.495
766.13	92.441
766.31	92.435
766.50	92.375
766.69	92.328
766.87	92.279
767.06	92.193
767.25	92.101
767.43	92.028
767.62	91.999
767.80	91.919
767.99	91.786
768.18	91.690
768.36	91.608
768.55	91.474
768.74	91.368
768.92	91.241
769.11	91.152
769.29	90.990
769.48	90.901
769.67	90.756
769.85	90.584
770.04	90.378
770.22	90.183
770.41	89.972
770.60	89.755
770.78	89.534
770.97	89.321
771.15	89.131
771.34	88.859
771.53	88.633
771.71	88.408
771.90	88.232
772.08	88.069
772.27	87.863
772.46	87.637
772.64	87.405
772.83	87.189
773.01	86.888
773.20	86.612
773.39	86.331
773.57	86.077
773.76	85.821
773.94	85.606
774.13	85.355
774.31	85.097
774.50	84.889
774.68	84.658
774.87	84.423
775.06	84.116
775.24	83.914
775.43	83.645
775.61	83.364
775.80	83.094
775.98	82.796
776.17	82.496
776.36	82.224
776.54	81.942
776.73	81.628
776.91	81.392
777.10	81.171
777.28	80.909
777.47	80.660
777.65	80.422
777.84	80.195
778.02	79.958
778.21	79.772
778.39	79.509
778.58	79.261
778.77	79.061
778.95	78.906
779.14	78.713
779.32	78.512
779.51	78.347
779.69	78.170
779.88	78.028
780.06	77.902
780.25	77.757
780.43	77.614
780.62	77.538
780.80	77.424
780.99	77.307
781.17	77.200
781.36	77.067
781.54	76.964
781.73	76.799
781.91	76.688
782.10	76.565
782.28	76.480
782.47	76.391
782.65	76.297
782.84	76.206
783.02	76.149
783.21	76.111
783.39	76.104
783.58	76.045
783.76	76.011
783.95	75.947
784.13	75.955
784.32	75.955
784.50	75.925
784.69	75.955
784.87	75.972
785.05	75.991
785.24	76.043
785.42	76.117
785.61	76.203
785.79	76.276
785.98	76.383
786.16	76.452
786.35	76.547
786.53	76.625
786.72	76.687
786.90	76.773
787.09	76.847
787.27	76.939
787.45	77.083
787.64	77.165
787.82	77.310
788.01	77.432
788.19	77.560
788.38	77.682
788.56	77.754
788.75	77.874
788.93	78.045
789.11	78.150
789.30	78.231
789.48	78.367
789.67	78.504
789.85	78.626
790.04	78.809
790.22	78.991
790.40	79.189
790.59	79.380
790.77	79.570
790.96	79.789
791.14	79.960
791.32	80.121
791.51	80.316
791.69	80.517
791.88	80.703
792.06	80.946
792.25	81.183
792.43	81.433
792.61	81.645
792.80	81.792
792.98	82.054
793.17	82.284
793.35	82.486
793.53	82.714
793.72	82.959
793.90	83.211
794.08	83.427
794.27	83.611
794.45	83.835
794.64	84.061
794.82	84.277
795.00	84.482
795.19	84.722
795.37	84.953
795.55	85.084
795.74	85.299
795.92	85.489
796.11	85.703
796.29	85.910
796.47	86.139
796.66	86.361
796.84	86.577
797.02	86.797
797.21	86.996
797.39	87.195
797.58	87.391
797.76	87.554
797.94	87.736
798.13	87.962
798.31	88.195
798.49	88.343
798.68	88.491
798.86	88.667
799.04	88.812
799.23	88.996
799.41	89.208
799.59	89.367
799.78	89.487
799.96	89.638
800.14	89.783
800.33	89.940
800.51	90.102
800.69	90.184
800.88	90.321
801.06	90.487
801.24	90.591
801.43	90.686
801.61	90.735
801.79	90.817
801.98	90.860
802.16	90.956
802.34	91.061
802.52	91.159
802.71	91.212
802.89	91.288
803.07	91.328
803.26	91.358
803.44	91.378
803.62	91.407
803.81	91.385
803.99	91.374
804.17	91.322
804.35	91.303
804.54	91.316
804.72	91.305
804.90	91.292
805.09	91.303
805.27	91.321
805.45	91.307
805.63	91.280
805.82	91.271
806.00	91.147
806.18	91.097
806.37	91.050
806.55	90.963
806.73	90.914
806.91	90.805
807.10	90.754
807.28	90.684
807.46	90.602
807.64	90.522
807.83	90.459
808.01	90.388
808.19	90.254
808.37	90.110
808.56	89.975
808.74	89.831
808.92	89.684
809.10	89.498
809.29	89.412
809.47	89.215
809.65	89.002
809.83	88.870
810.02	88.680
810.20	88.525
810.38	88.375
810.56	88.189
810.75	88.041
810.93	87.867
811.11	87.694
811.29	87.532
811.47	87.348
811.66	87.114
811.84	86.932
812.02	86.786
812.20	86.607
812.39	86.413
812.57	86.215
812.75	86.042
812.93	85.899
813.11	85.708
813.30	85.574
813.48	85.438
813.66	85.243
813.84	85.060
814.02	84.827
814.21	84.657
814.39	84.398
814.57	84.171
814.75	83.963
814.93	83.745
815.12	83.466
815.30	83.262
815.48	83.058
815.66	82.827
815.84	82.597
816.03	82.363
816.21	82.121
816.39	81.879
816.57	81.580
816.75	81.291
816.93	81.000
817.12	80.746
817.30	80.448
817.48	80.205
817.66	79.962
817.84	79.755
818.02	79.552
818.21	79.309
818.39	79.120
818.57	78.905
818.75	78.715
818.93	78.552
819.11	78.339
819.30	78.133
819.48	77.971
819.66	77.809
819.84	77.683
820.02	77.502
820.20	77.391
820.38	77.258
820.57	77.119
820.75	77.000
820.93	76.856
821.11	76.751
821.29	76.634
821.47	76.522
821.65	76.428
821.83	76.267
822.02	76.194
822.20	76.068
822.38	75.964
822.56	75.820
822.74	75.703
822.92	75.562
823.10	75.449
823.28	75.283
823.46	75.113
823.65	74.967
823.83	74.875
824.01	74.726
824.19	74.593
824.37	74.483
824.55	74.345
824.73	74.252
824.91	74.114
825.09	74.006
825.27	73.884
825.46	73.750
825.64	73.636
825.82	73.585
826.00	73.481
826.18	73.392
826.36	73.317
826.54	73.300
826.72	73.330
826.90	73.297
827.08	73.323
827.26	73.360
827.44	73.361
827.63	73.355
827.81	73.385
827.99	73.432
828.17	73.428
828.35	73.480
828.53	73.519
828.71	73.657
828.89	73.738
829.07	73.786
829.25	73.824
829.43	73.922
829.61	73.988
829.79	74.084
829.97	74.177
830.15	74.236
830.33	74.334
830.51	74.380
830.69	74.490
830.87	74.545
831.06	74.638
831.24	74.750
831.42	74.839
831.60	74.913
831.78	75.029
831.96	75.206
832.14	75.352
832.32	75.481
832.50	75.557
832.68	75.620
832.86	75.764
833.04	75.922
833.22	76.026
833.40	76.162
833.58	76.278
833.76	76.403
833.94	76.592
834.12	76.708
834.30	76.840
834.48	76.979
834.66	77.137
834.84	77.272
835.02	77.421
835.20	77.614
835.38	77.789
835.56	77.957
835.74	78.077
835.92	78.237
836.10	78.378
836.28	78.560
836.46	78.732
836.64	78.900
836.82	79.024
837.00	79.223
837.18	79.369
837.36	79.565
837.54	79.746
837.72	79.902
837.90	80.090
838.08	80.296
838.26	80.475
838.43	80.653
838.61	80.842
838.79	81.014
838.97	81.201
839.15	81.414
839.33	81.579
839.51	81.722
839.69	81.880
839.87	82.034
840.05	82.180
840.23	82.369
840.41	82.517
840.59	82.651
840.77	82.780
840.95	82.923
841.13	83.036
841.31	83.129
841.49	83.239
841.67	83.298
841.84	83.389
842.02	83.471
842.20	83.578
842.38	83.620
842.56	83.700
842.74	83.753
842.92	83.789
843.10	83.873
843.28	83.993
843.46	84.084
843.64	84.134
843.82	84.221
843.99	84.237
844.17	84.360
844.35	84.504
844.53	84.638
844.71	84.728
844.89	84.816
845.07	84.933
845.25	85.028
845.43	85.153
845.61	85.225
845.78	85.366
845.96	85.434
846.14	85.558
846.32	85.659
846.50	85.719
846.68	85.827
846.86	85.868
847.04	85.906
847.22	85.887
847.39	85.982
847.57	86.034
847.75	86.099
847.93	86.016
848.11	86.024
848.29	86.010
848.47	86.016
848.65	86.039
848.82	86.041
849.00	86.050
849.18	85.980
849.36	85.971
849.54	85.907
849.72	85.855
849.89	85.865
850.07	85.884
850.25	85.845
850.43	85.726
850.61	85.711
850.79	85.641
850.97	85.662
851.14	85.627
851.32	85.527
851.50	85.479
851.68	85.453
851.86	85.480
852.04	85.392
852.21	85.333
852.39	85.300
852.57	85.283
852.75	85.248
852.93	85.163
853.10	85.083
853.28	85.037
853.46	84.975
853.64	84.847
853.82	84.667
854.00	84.605
854.17	84.528
854.35	84.388
854.53	84.321
854.71	84.163
854.89	84.000
855.06	83.962
855.24	83.875
855.42	83.808
855.60	83.577
855.78	83.428
855.95	83.268
856.13	83.085
856.31	82.863
856.49	82.614
856.66	82.553
856.84	82.412
857.02	82.323
857.20	82.192
857.38	81.991
857.55	81.841
857.73	81.625
857.91	81.490
858.09	81.285
858.26	81.114
858.44	80.974
858.62	80.799
858.80	80.571
858.97	80.396
859.15	80.171
859.33	79.975
859.51	79.852
859.68	79.696
859.86	79.494
860.04	79.341
860.22	79.163
860.39	78.905
860.57	78.650
860.75	78.340
860.93	78.105
861.10	77.975
861.28	77.793
861.46	77.596
861.64	77.418
861.81	77.226
861.99	76.981
862.17	76.744
862.35	76.528
862.52	76.353
862.70	76.140
862.88	76.004
863.05	75.822
863.23	75.611
863.41	75.444
863.59	75.286
863.76	75.127
863.94	74.969
864.12	74.853
864.29	74.734
864.47	74.592
864.65	74.424
864.83	74.177
865.00	73.979
865.18	73.831
865.36	73.675
865.53	73.520
865.71	73.423
865.89	73.300
866.06	73.162
866.24	73.028
866.42	72.858
866.59	72.622
866.77	72.496
866.95	72.315
867.12	72.115
867.30	72.001
867.48	71.787
867.65	71.625
867.83	71.463
868.01	71.329
868.18	71.177
868.36	71.068
868.54	71.003
868.71	70.928
868.89	70.836
869.07	70.638
869.24	70.550
869.42	70.409
869.60	70.294
869.77	70.266
869.95	70.113
870.13	70.072
870.30	70.090
870.48	69.978
870.66	69.926
870.83	69.860
871.01	69.785
871.18	69.757
871.36	69.757
871.54	69.669
871.71	69.598
871.89	69.531
872.07	69.406
872.24	69.332
872.42	69.293
872.59	69.240
872.77	69.257
872.95	69.228
873.12	69.154
873.30	69.071
873.48	68.987
873.65	68.989
873.83	68.921
874.00	68.869
874.18	68.888
874.36	68.887
874.53	68.918
874.71	68.809
874.88	68.815
875.06	68.797
875.24	68.869
875.41	68.905
875.59	68.913
875.76	69.031
875.94	69.070
876.11	68.971
876.29	68.965
876.47	69.011
876.64	69.007
876.82	69.038
876.99	69.043
877.17	69.067
877.35	69.051
877.52	69.089
877.70	69.132
877.87	69.125
878.05	69.202
878.22	69.207
878.40	69.360
878.57	69.395
878.75	69.413
878.93	69.365
879.10	69.438
879.28	69.506
879.45	69.555
879.63	69.532
879.80	69.652
879.98	69.690
880.15	69.734
880.33	69.826
880.50	69.932
880.68	70.133
880.86	70.278
881.03	70.386
881.21	70.554
881.38	70.577
881.56	70.814
881.73	70.890
881.91	71.006
882.08	71.039
882.26	71.284
882.43	71.401
882.61	71.630
882.78	71.731
882.96	71.911
883.13	72.018
883.31	72.206
883.48	72.404
883.66	72.637
883.83	72.779
884.01	72.926
884.18	73.148
884.36	73.291
884.53	73.386
884.71	73.554
884.88	73.678
885.06	73.860
885.23	73.928
885.41	73.990
885.58	74.047
885.76	74.268
885.93	74.196
886.11	74.433
886.28	74.525
886.46	74.605
886.63	74.707
886.81	74.756
886.98	74.942
887.15	75.066
887.33	75.138
887.50	75.330
887.68	75.424
887.85	75.487
888.03	75.583
888.20	75.697
888.38	75.801
888.55	75.896
888.73	76.010
888.90	76.039
889.08	76.178
889.25	76.329
889.42	76.503
889.60	76.689
889.77	76.656
889.95	76.775
890.12	76.873
890.30	76.945
890.47	77.067
890.64	77.124
890.82	77.154
890.99	77.293
891.17	77.370
891.34	77.502
891.52	77.529
891.69	77.672
891.86	77.786
892.04	77.909
892.21	77.952
892.39	78.120
892.56	78.272
892.73	78.386
892.91	78.499
893.08	78.498
893.26	78.492
893.43	78.661
893.60	78.697
893.78	78.864
893.95	78.927
894.13	79.122
894.30	79.192
894.47	79.289
894.65	79.324
894.82	79.333
895.00	79.370
895.17	79.475
895.34	79.557
895.52	79.677
895.69	79.750
895.86	79.831
896.04	79.768
896.21	79.858
896.39	79.959
896.56	80.092
896.73	80.086
896.91	80.168
897.08	80.181
897.25	80.302
897.43	80.264
897.60	80.361
897.77	80.332
897.95	80.292
898.12	80.322
898.30	80.368
898.47	80.387
898.64	80.464
898.82	80.530
898.99	80.431
899.16	80.419
899.34	80.366
899.51	80.240
899.68	80.252
899.86	80.144
900.03	80.108
900.20	79.949
900.38	79.937
900.55	79.919
900.72	79.829
900.90	79.733
901.07	79.779
901.24	79.675
901.41	79.589
901.59	79.549
901.76	79.384
901.93	79.283
902.11	79.218
902.28	79.125
902.45	79.122
902.63	79.118
902.80	79.008
902.97	78.933
903.15	79.023
903.32	79.040
903.49	79.035
903.66	78.908
903.84	78.912
904.01	78.895
904.18	78.838
904.36	78.788
904.53	78.676
904.70	78.567
904.87	78.449
905.05	78.348
905.22	78.327
905.39	78.331
905.56	78.265
905.74	78.112
905.91	78.037
906.08	77.884
906.26	77.656
906.43	77.470
906.60	77.357
906.77	77.043
906.95	76.821
907.12	76.611
907.29	76.420
907.46	76.335
907.64	76.178
907.81	76.040
907.98	75.810
908.15	75.615
908.33	75.395
908.50	75.318
908.67	75.224
908.84	75.106
909.01	74.925
909.19	74.839
909.36	74.684
909.53	74.504
909.70	74.240
909.88	74.217
910.05	74.123
910.22	73.981
910.39	73.922
910.57	73.780
910.74	73.759
910.91	73.710
911.08	73.494
911.25	73.248
911.43	73.185
911.60	73.160
911.77	73.053
911.94	72.830
912.11	72.591
912.29	72.447
912.46	72.234
912.63	72.049
912.80	71.853
912.97	71.730
913.15	71.596
913.32	71.440
913.49	71.289
913.66	71.213
913.83	71.029
914.00	70.904
914.18	70.753
914.35	70.518
914.52	70.280
914.69	70.183
914.86	70.024
915.03	69.846
915.21	69.758
915.38	69.544
915.55	69.509
915.72	69.419
915.89	69.208
916.06	69.036
916.24	69.019
916.41	68.763
916.58	68.627
916.75	68.457
916.92	68.395
917.09	68.108
917.26	67.841
917.44	67.713
917.61	67.574
917.78	67.480
917.95	67.440
918.12	67.281
918.29	67.181
918.46	66.939
918.64	66.689
918.81	66.480
918.98	66.409
919.15	66.328
919.32	66.220
919.49	66.082
919.66	65.996
919.83	65.825
920.00	65.807
920.18	65.711
920.35	65.695
920.52	65.652
920.69	65.706
920.86	65.722
921.03	65.712
921.20	65.622
921.37	65.473
921.54	65.184
921.71	65.136
921.89	64.950
922.06	65.121
922.23	65.148
922.40	65.117
922.57	64.980
922.74	64.892
922.91	64.876
923.08	64.775
923.25	64.704
923.42	64.646
923.59	64.689
923.76	64.569
923.93	64.422
924.11	64.276
924.28	64.099
924.45	63.978
924.62	63.921
924.79	63.915
924.96	63.821
925.13	63.932
925.30	63.891
925.47	63.879
925.64	63.742
925.81	63.745
925.98	63.660
926.15	63.822
926.32	63.707
926.49	63.662
926.66	63.769
926.83	63.737
927.00	63.730
927.17	63.634
927.34	63.669
927.51	63.682
927.69	63.769
927.86	63.829
928.03	63.900
928.20	63.865
928.37	63.805
928.54	63.907
928.71	63.851
928.88	63.979
929.05	63.988
929.22	64.121
929.39	64.053
929.56	63.991
929.73	63.887
929.90	63.940
930.07	63.989
930.24	63.982
930.41	64.020
930.58	64.126
930.75	64.132
930.92	64.078
931.09	64.165
931.26	64.210
931.43	64.276
931.60	64.301
931.77	64.319
931.94	64.309
932.11	64.413
932.27	64.399
932.44	64.421
932.61	64.422
932.78	64.340
932.95	64.501
933.12	64.643
933.29	64.859
933.46	64.975
933.63	64.829
933.80	64.824
933.97	64.930
934.14	64.982
934.31	65.038
934.48	65.157
934.65	65.120
934.82	65.055
934.99	65.112
935.16	65.122
935.33	65.298
935.50	65.603
935.67	65.701
935.84	65.877
936.00	65.826
936.17	65.952
936.34	65.998
936.51	65.997
936.68	66.023
936.85	65.932
937.02	65.975
937.19	66.119
937.36	66.192
937.53	66.142
937.70	66.259
937.87	66.270
938.03	66.385
938.20	66.546
938.37	66.640
938.54	66.633
938.71	66.736
938.88	66.713
939.05	66.489
939.22	66.405
939.39	66.463
939.56	66.755
939.72	66.816
939.89	66.944
940.06	66.983
940.23	67.082
940.40	67.154
940.57	67.327
940.74	67.553
940.91	67.666
941.08	67.948
941.24	67.959
941.41	68.130
941.58	68.228
941.75	68.197
941.92	68.447
942.09	68.673
942.26	68.666
942.42	68.743
942.59	69.051
942.76	69.329
942.93	69.462
943.10	69.369
943.27	69.577
943.44	69.878
943.60	70.078
943.77	69.974
943.94	70.111
944.11	70.132
944.28	70.031
944.45	70.077
944.61	70.039
944.78	69.975
944.95	70.101
945.12	70.201
945.29	70.273
945.46	70.148
945.62	70.129
945.79	70.291
945.96	70.614
946.13	70.663
946.30	70.624
946.46	70.713
946.63	70.806
946.80	70.910
946.97	70.878
947.14	70.823
947.31	71.436
947.47	71.710
947.64	71.858
947.81	72.143
947.98	72.272
948.15	72.182
948.31	72.232
948.48	72.314
948.65	72.378
948.82	72.592
948.98	72.778
949.15	72.995
949.32	73.099
949.49	73.026
949.66	73.245
949.82	73.490
949.99	73.569
950.16	73.420
950.33	73.273
950.49	73.327
950.66	73.342
950.83	72.902
951.00	72.649
951.16	72.299
951.33	72.309
951.50	72.292
951.67	72.315
951.83	72.549
952.00	72.426
952.17	72.227
952.34	72.256
952.50	72.364
952.67	72.150
952.84	72.185
953.01	72.120
953.17	71.914
953.34	71.917
953.51	71.665
953.68	71.830
953.84	71.752
954.01	71.696
954.18	71.605
954.34	71.751
954.51	71.829
954.68	72.006
954.85	71.968
955.01	71.976
955.18	72.349
955.35	71.986
955.51	71.759
955.68	72.206
955.85	72.328
956.02	72.141
956.18	72.353
956.35	72.003
956.52	72.134
956.68	72.116
956.85	71.616
957.02	71.774
957.18	71.481
957.35	71.160
957.52	71.285
957.69	71.427
957.85	71.406
958.02	71.159
958.19	71.093
958.35	70.910
958.52	70.613
958.69	70.003
958.85	70.162
959.02	70.300
959.19	69.813
959.35	69.491
959.52	69.490
959.69	69.449
959.85	69.717
960.02	69.446
960.19	69.239
960.35	69.427
960.52	69.405
960.68	69.705
960.85	70.058
961.02	69.635
961.18	69.739
961.35	69.465
961.52	69.476
961.68	69.359
961.85	69.517
962.02	69.536
962.18	69.786
962.35	69.548
962.51	69.581
962.68	69.669
962.85	69.535
963.01	69.169
963.18	68.943
963.35	68.544
963.51	68.247
963.68	68.355
963.84	67.855
964.01	68.033
964.18	67.831
964.34	67.519
964.51	67.215
964.67	66.698
964.84	66.650
965.01	66.429
965.17	66.256
965.34	65.842
965.50	65.581
965.67	65.451
965.84	65.374
966.00	65.414
966.17	65.294
966.33	64.930
966.50	64.782
966.66	64.671
966.83	64.319
967.00	64.424
967.16	64.062
967.33	64.092
967.49	63.360
967.66	63.514
967.82	63.471
967.99	63.723
968.16	64.020
968.32	64.303
968.49	64.115
968.65	64.144
968.82	64.264
968.98	64.487
969.15	64.123
969.31	63.710
969.48	63.395
969.64	63.226
969.81	63.392
969.98	63.555
970.14	63.174
970.31	63.505
970.47	62.950
970.64	62.881
970.80	63.007
970.97	62.761
971.13	62.237
971.30	62.168
971.46	61.793
971.63	61.369
971.79	60.815
971.96	60.886
972.12	60.366
972.29	59.995
972.45	60.011
972.62	60.237
972.78	60.277
972.95	59.770
973.11	59.757
973.28	60.040
973.44	59.890
973.61	60.501
973.77	60.513
973.94	60.486
974.10	60.229
974.27	60.243
974.43	60.460
974.60	60.910
974.76	60.717
974.93	60.701
975.09	60.494
975.26	60.572
975.42	60.454
975.59	60.627
975.75	60.691
975.92	60.478
976.08	59.584
976.24	60.087
976.41	60.204
976.57	59.786
976.74	59.571
976.90	59.264
977.07	58.437
977.23	58.199
977.40	58.027
977.56	57.501
977.73	57.195
977.89	56.637
978.05	55.739
978.22	55.463
978.38	55.544
978.55	55.349
978.71	55.255
978.88	55.594
979.04	55.459
979.20	55.597
979.37	55.382
979.53	55.733
979.70	55.200
979.86	55.388
980.03	55.197
980.19	54.431
980.35	54.573
980.52	54.512
980.68	54.791
980.85	55.371
981.01	55.778
981.17	55.750
981.34	55.509
981.50	56.007
981.67	55.977
981.83	55.239
981.99	55.480
982.16	54.863
982.32	53.840
982.49	54.454
982.65	54.272
982.81	54.386
982.98	54.689
983.14	55.254
983.30	54.439
983.47	54.401
983.63	54.867
983.80	54.248
983.96	53.936
984.12	53.703
984.29	53.572
984.45	54.028
984.61	54.167
984.78	54.958
984.94	54.750
985.10	55.433
985.27	55.995
985.43	55.823
985.59	56.882
985.76	57.896
985.92	57.347
986.08	57.578
986.25	57.118
986.41	57.617
986.57	56.818
986.74	57.681
986.90	57.707
987.06	57.038
987.23	57.825
987.39	57.861
987.55	56.948
987.72	56.972
987.88	55.993
988.04	56.350
988.21	57.873
988.37	57.369
988.53	57.067
988.70	57.584
988.86	57.934
989.02	57.207
989.19	56.834
989.35	56.702
989.51	55.961
989.67	56.584
989.84	56.378
990.00	57.098
990.16	56.993
990.33	57.789
990.49	58.213
990.65	57.492
990.82	57.168
990.98	56.951
991.14	56.638
991.30	56.877
991.47	55.631
991.63	53.924
991.79	55.301
991.95	55.619
992.12	55.841
992.28	55.171
992.44	56.085
992.61	55.776
992.77	56.416
992.93	57.505
993.09	56.791
993.26	56.123
993.42	55.801
993.58	56.040
993.74	55.402
993.91	54.804
994.07	55.384
994.23	56.524
994.39	57.044
994.55	56.428
994.72	57.094
994.88	57.814
995.04	57.906
995.20	57.675
995.37	56.372
995.53	54.988
995.69	55.093
995.85	55.517
996.02	54.995
996.18	55.104
996.34	53.242
996.50	54.613
996.66	55.564
996.83	54.838
996.99	53.558
997.15	54.350
997.31	55.106
997.47	55.468
997.64	56.507
997.80	57.656
997.96	59.972
998.12	60.413
998.28	60.958
998.45	61.193
998.61	60.183
998.77	60.491
998.93	61.416
999.09	62.927
999.25	60.300
999.42	62.641
999.58	61.628
999.74	62.560
999.90	62.361
1000.06	61.809
1000.22	62.130
1000.39	61.913
1000.55	62.023
1000.71	62.797
1000.87	62.414
1001.03	59.985
1001.19	60.251
1001.36	58.745
1001.52	58.810
1001.68	58.959
1001.84	58.723
1002.00	58.249
1002.16	58.130
1002.32	57.223
1002.49	54.776
1002.65	53.562
1002.81	52.743
1002.97	54.779
1003.13	53.146
1003.29	52.706
1003.45	53.578
1003.62	54.441
1003.78	55.140
1003.94	53.949
1004.10	52.785
1004.26	52.504
1004.42	52.648
1004.58	51.252
1004.74	52.022
1004.90	51.323
1005.07	50.980
1005.23	51.684
1005.39	53.092
1005.55	53.873
1005.71	53.077
1005.87	55.654
1006.03	59.076
1006.19	58.977
1006.35	56.692
1006.51	59.147
1006.67	59.408
1006.84	58.171
1007.00	57.141
1007.16	58.078
1007.32	57.981
1007.48	59.485
1007.64	61.543
1007.80	60.625
1007.96	60.103
1008.12	60.469
1008.28	58.839
1008.44	60.367
1008.60	58.787
1008.76	59.340
1008.92	60.123
1009.09	60.313
1009.25	59.039
1009.41	57.950
1009.57	57.498
1009.73	59.011
1009.89	58.272
1010.05	57.244
1010.21	57.319
1010.37	58.166
1010.53	58.615
1010.69	61.480
1010.85	59.222
1011.01	57.315
1011.17	56.751
1011.33	58.798
1011.49	57.635
1011.65	57.969
1011.81	55.981
1011.97	56.255
1012.13	55.702
1012.29	51.520
1012.45	54.125
1012.61	57.236
1012.77	56.356
1012.93	56.400
1013.09	56.695
1013.25	56.368
1013.41	58.567
1013.57	54.346
1013.73	53.608
1013.89	50.850
1014.05	49.414
1014.21	49.437
1014.37	49.805
1014.53	49.780
1014.69	47.319
1014.85	47.167
1015.01	49.676
1015.17	53.054
1015.33	55.020
1015.49	53.143
1015.65	58.381
1015.81	58.458
1015.97	54.359
1016.13	55.071
1016.29	56.410
1016.45	54.989
1016.61	59.636
1016.77	57.921
1016.93	64.810
1017.09	63.732
1017.25	66.505
1017.41	65.422
1017.56	67.633
1017.72	68.967
1017.88	72.651
1018.04	75.178
1018.20	72.961
1018.36	72.317
1018.52	68.109
1018.68	71.286
1018.84	75.582
1019.00	70.702
1019.16	74.621
1019.32	78.683
1019.48	79.974
1019.64	83.632
1019.79	80.277
1019.95	72.137
1020.11	75.800
1020.27	69.932
1020.43	76.573
1020.59	76.371
1020.75	70.488
1020.91	69.817
1021.07	69.438
1021.23	62.824
1021.39	60.703
1021.54	69.273
1021.70	64.768
1021.86	66.169
1022.02	60.745
1022.18	57.206
1022.34	68.415
1022.50	68.186
1022.66	61.130
1022.82	58.345
1022.97	54.355
1023.13	57.616
1023.29	66.542
1023.45	58.509
1023.61	66.320
1023.77	61.157
1023.93	61.047
1024.08	59.811
1024.24	60.032
1024.40	53.154
1024.56	68.227
1024.72	67.233
1024.88	51.985
1025.04	60.995
1025.19	59.650
1025.35	56.671
1025.51	57.702
1025.67	51.966
1025.83	48.269
1025.99	49.777
1026.14	54.679
1026.30	54.778
1026.46	57.595
1026.62	50.775
1026.78	55.252
1026.94	45.335
1027.09	45.379
1027.25	40.258
1027.41	37.297
1027.57	42.022
1027.73	39.563
1027.89	44.051
1028.04	45.651
1028.20	46.825
1028.36	45.863
1028.52	49.451
1028.68	48.114
1028.83	47.327
1028.99	43.849
1029.15	40.809
1029.31	45.153
1029.47	41.429
1029.62	42.765
1029.78	39.991
1029.94	35.513
1030.10	40.630
1030.25	41.743
1030.41	45.316
1030.57	53.195
1030.73	63.604
1030.89	59.947
1031.04	65.359
1031.20	59.924
1031.36	65.717
1031.52	66.780
1031.67	73.264
1031.83	73.875
1031.99	86.645
1032.15	83.078
1032.30	94.502
1032.46	113.936
1032.62	92.807
1032.78	81.872
1032.93	93.162
1033.09	73.267
1033.25	74.718
1033.41	60.542
1033.56	65.538
1033.72	147.059
1033.88	100.000
1034.04	78.481
1034.19	-10.909
1034.35	4.730
1034.51	-34.783
1034.66	-4.255
1034.82	1700.000
1034.98	1700.000
1035.14	1700.000
