345.22	78.261
345.43	78.261
345.65	78.261
345.86	109.500
346.08	112.500
346.29	-43.478
346.51	45.045
346.72	42.424
346.94	-319.231
347.15	9.677
347.37	149.485
347.58	168.815
347.80	183.925
348.01	146.962
348.23	113.683
348.44	101.725
348.66	93.321
348.87	94.059
349.09	92.789
349.30	83.769
349.52	82.721
349.73	88.475
349.95	88.417
350.16	92.468
350.38	94.826
350.59	88.289
350.81	86.689
351.02	81.607
351.24	79.340
351.45	79.572
351.67	78.049
351.88	77.653
352.10	72.144
352.31	70.349
352.53	73.840
352.74	80.070
352.96	82.279
353.17	78.859
353.39	78.615
353.60	78.460
353.82	75.958
354.03	74.577
354.25	72.294
354.46	69.481
354.67	63.874
354.89	58.728
355.10	60.221
355.32	62.106
355.53	65.145
355.75	64.721
355.96	67.644
356.18	67.905
356.39	67.296
356.61	74.597
356.82	75.814
357.04	69.532
357.25	65.652
357.46	64.875
357.68	65.383
357.89	66.134
358.11	67.491
358.32	72.532
358.54	70.467
358.75	71.595
358.97	72.679
359.18	79.513
359.40	78.222
359.61	80.392
359.82	77.101
360.04	79.341
360.25	77.036
360.47	72.688
360.68	71.648
360.90	72.464
361.11	68.220
361.32	66.601
361.54	70.455
361.75	71.017
361.97	72.371
362.18	75.522
362.40	75.371
362.61	72.235
362.83	71.633
363.04	73.491
363.25	72.971
363.47	74.335
363.68	70.601
363.90	71.587
364.11	71.711
364.32	73.181
364.54	70.093
364.75	69.566
364.97	71.329
365.18	72.155
365.40	68.833
365.61	69.381
365.82	71.030
366.04	72.485
366.25	71.929
366.47	71.343
366.68	69.371
366.89	70.444
367.11	69.887
367.32	70.076
367.54	66.640
367.75	64.149
367.96	61.846
368.18	65.090
368.39	66.679
368.61	67.691
368.82	68.960
369.03	71.965
369.25	71.769
369.46	73.343
369.68	74.850
369.89	75.284
370.10	76.578
370.32	76.980
370.53	77.137
370.75	74.279
370.96	75.836
371.17	76.929
371.39	74.535
371.60	75.746
371.81	75.106
372.03	75.235
372.24	79.305
372.46	84.043
372.67	82.874
372.88	82.532
373.10	82.407
373.31	81.366
373.52	77.842
373.74	78.149
373.95	78.697
374.17	76.816
374.38	81.448
374.59	79.287
374.81	77.361
375.02	73.603
375.23	77.897
375.45	77.956
375.66	76.408
375.87	76.511
376.09	76.369
376.30	76.163
376.52	81.470
376.73	77.882
376.94	77.221
377.16	78.010
377.37	81.921
377.58	80.256
377.80	83.502
378.01	86.307
378.22	89.887
378.44	90.543
378.65	93.769
378.86	91.964
379.08	93.092
379.29	95.444
379.50	98.594
379.72	96.542
379.93	98.461
380.14	100.688
380.36	102.448
380.57	103.877
380.78	104.655
381.00	104.142
381.21	106.662
381.42	107.014
381.64	107.770
381.85	107.149
382.06	108.857
382.28	108.426
382.49	108.596
382.70	108.872
382.92	109.509
383.13	108.786
383.34	109.919
383.56	111.986
383.77	113.356
383.98	112.937
384.20	114.656
384.41	114.848
384.62	115.656
384.83	116.384
385.05	117.449
385.26	118.248
385.47	119.578
385.69	120.155
385.90	121.032
386.11	121.592
386.33	122.456
386.54	122.933
386.75	123.149
386.97	123.798
387.18	124.056
387.39	124.300
387.60	124.403
387.82	124.429
388.03	123.925
388.24	123.840
388.46	123.706
388.67	123.255
388.88	122.784
389.09	122.108
389.31	121.535
389.52	120.620
389.73	119.676
389.95	118.995
390.16	118.509
390.37	118.092
390.58	117.632
390.80	116.961
391.01	116.513
391.22	116.271
391.44	115.841
391.65	115.680
391.86	115.430
392.07	115.684
392.29	115.888
392.50	116.184
392.71	116.256
392.92	116.827
393.14	117.132
393.35	117.643
393.56	118.274
393.78	118.943
393.99	119.924
394.20	120.860
394.41	121.645
394.63	122.167
394.84	122.930
395.05	123.742
395.26	124.433
395.48	125.192
395.69	125.764
395.90	126.402
396.11	126.965
396.33	127.358
396.54	127.762
396.75	127.853
396.96	127.903
397.18	128.059
397.39	128.028
397.60	128.000
397.81	127.834
398.03	127.499
398.24	127.192
398.45	126.609
398.66	126.020
398.87	125.341
399.09	124.690
399.30	123.846
399.51	122.974
399.72	122.273
399.94	121.422
400.15	120.566
400.36	119.788
400.57	119.021
400.79	118.424
401.00	117.656
401.21	117.079
401.42	116.718
401.63	116.179
401.85	115.907
402.06	115.792
402.27	115.702
402.48	115.730
402.69	115.794
402.91	115.962
403.12	116.189
403.33	116.672
403.54	117.279
403.76	117.657
403.97	118.339
404.18	119.026
404.39	119.848
404.60	120.685
404.82	121.442
405.03	122.211
405.24	123.021
405.45	123.735
405.66	124.414
405.88	125.059
406.09	125.797
406.30	126.266
406.51	126.499
406.72	126.765
406.94	127.006
407.15	127.065
407.36	127.049
407.57	127.008
407.78	126.778
407.99	126.462
408.21	126.165
408.42	125.676
408.63	125.121
408.84	124.354
409.05	123.686
409.27	122.862
409.48	121.940
409.69	120.924
409.90	120.142
410.11	119.315
410.32	118.414
410.54	117.538
410.75	116.582
410.96	115.846
411.17	115.040
411.38	114.358
411.59	113.794
411.81	113.267
412.02	112.812
412.23	112.382
412.44	112.096
412.65	112.004
412.86	112.051
413.08	112.118
413.29	112.322
413.50	112.625
413.71	113.140
413.92	113.646
414.13	114.301
414.34	114.891
414.56	115.492
414.77	116.087
414.98	116.730
415.19	117.520
415.40	118.336
415.61	119.173
415.82	119.813
416.04	120.507
416.25	121.139
416.46	121.826
416.67	122.515
416.88	122.979
417.09	123.425
417.30	123.740
417.52	124.003
417.73	124.147
417.94	124.208
418.15	124.080
418.36	124.033
418.57	123.707
418.78	123.392
418.99	123.013
419.21	122.570
419.42	122.009
419.63	121.398
419.84	120.651
420.05	119.912
420.26	119.155
420.47	118.281
420.68	117.509
420.89	116.631
421.11	115.710
421.32	114.931
421.53	114.128
421.74	113.370
421.95	112.658
422.16	111.993
422.37	111.448
422.58	110.862
422.79	110.339
423.01	110.014
423.22	109.757
423.43	109.607
423.64	109.575
423.85	109.656
424.06	109.850
424.27	110.139
424.48	110.469
424.69	110.928
424.90	111.479
425.11	112.068
425.33	112.754
425.54	113.429
425.75	114.178
425.96	114.879
426.17	115.654
426.38	116.473
426.59	117.322
426.80	118.074
427.01	118.930
427.22	119.693
427.43	120.508
427.64	121.113
427.85	121.691
428.07	122.162
428.28	122.592
428.49	122.963
428.70	123.213
428.91	123.329
429.12	123.475
429.33	123.496
429.54	123.466
429.75	123.322
429.96	123.169
430.17	122.885
430.38	122.609
430.59	122.081
430.80	121.484
431.01	120.825
431.22	120.165
431.44	119.423
431.65	118.686
431.86	117.837
432.07	117.030
432.28	116.207
432.49	115.457
432.70	114.605
432.91	113.764
433.12	113.005
433.33	112.304
433.54	111.589
433.75	111.007
433.96	110.420
434.17	109.806
434.38	109.334
434.59	108.953
434.80	108.619
435.01	108.496
435.22	108.454
435.43	108.515
435.64	108.587
435.85	108.756
436.06	108.991
436.27	109.345
436.48	109.811
436.69	110.279
436.90	110.804
437.11	111.452
437.33	112.130
437.54	112.806
437.75	113.619
437.96	114.350
438.17	115.024
438.38	115.729
438.59	116.501
438.80	117.232
439.01	117.946
439.22	118.678
439.43	119.223
439.64	119.774
439.85	120.252
440.06	120.654
440.27	121.061
440.48	121.333
440.69	121.514
440.90	121.591
441.11	121.693
441.32	121.672
441.53	121.523
441.74	121.281
441.95	121.032
442.16	120.641
442.37	120.173
442.58	119.713
442.79	119.173
443.00	118.544
443.21	117.850
443.42	117.054
443.62	116.163
443.83	115.434
444.04	114.580
444.25	113.746
444.46	112.895
444.67	111.987
444.88	111.177
445.09	110.350
445.30	109.566
445.51	108.776
445.72	108.002
445.93	107.403
446.14	106.797
446.35	106.224
446.56	105.769
446.77	105.421
446.98	105.089
447.19	104.797
447.40	104.674
447.61	104.584
447.82	104.587
448.03	104.713
448.24	104.859
448.45	105.110
448.66	105.441
448.87	105.865
449.08	106.356
449.29	106.797
449.49	107.365
449.70	107.931
449.91	108.584
450.12	109.290
450.33	109.921
450.54	110.620
450.75	111.319
450.96	111.994
451.17	112.647
451.38	113.272
451.59	113.919
451.80	114.470
452.01	114.999
452.22	115.517
452.43	115.937
452.64	116.289
452.84	116.610
453.05	116.827
453.26	117.012
453.47	117.095
453.68	117.179
453.89	117.149
454.10	117.058
454.31	116.852
454.52	116.559
454.73	116.245
454.94	115.845
455.15	115.407
455.36	114.829
455.56	114.241
455.77	113.598
455.98	112.915
456.19	112.218
456.40	111.466
456.61	110.728
456.82	109.910
457.03	109.084
457.24	108.280
457.45	107.477
457.65	106.606
457.86	105.808
458.07	105.059
458.28	104.247
458.49	103.528
458.70	102.835
458.91	102.217
459.12	101.633
459.33	101.101
459.54	100.631
459.74	100.228
459.95	99.858
460.16	99.627
460.37	99.474
460.58	99.395
460.79	99.383
461.00	99.411
461.21	99.569
461.41	99.771
461.62	100.011
461.83	100.350
462.04	100.772
462.25	101.167
462.46	101.638
462.67	102.240
462.88	102.840
463.08	103.497
463.29	104.109
463.50	104.757
463.71	105.469
463.92	106.163
464.13	106.796
464.34	107.473
464.54	108.098
464.75	108.739
464.96	109.277
465.17	109.832
465.38	110.307
465.59	110.760
465.80	111.169
466.00	111.509
466.21	111.759
466.42	111.950
466.63	112.141
466.84	112.264
467.05	112.263
467.26	112.208
467.46	112.043
467.67	111.864
467.88	111.605
468.09	111.259
468.30	110.887
468.51	110.473
468.71	109.952
468.92	109.443
469.13	108.833
469.34	108.235
469.55	107.545
469.76	106.870
469.96	106.141
470.17	105.378
470.38	104.615
470.59	103.836
470.80	103.060
471.00	102.327
471.21	101.553
471.42	100.836
471.63	100.121
471.84	99.444
472.05	98.798
472.25	98.162
472.46	97.574
472.67	96.960
472.88	96.505
473.09	96.076
473.29	95.657
473.50	95.326
473.71	95.034
473.92	94.828
474.13	94.678
474.33	94.562
474.54	94.521
474.75	94.577
474.96	94.680
475.17	94.852
475.37	95.034
475.58	95.304
475.79	95.606
476.00	95.969
476.21	96.377
476.41	96.838
476.62	97.364
476.83	97.892
477.04	98.480
477.24	99.034
477.45	99.657
477.66	100.252
477.87	100.829
478.08	101.417
478.28	101.984
478.49	102.561
478.70	103.134
478.91	103.673
479.11	104.139
479.32	104.633
479.53	105.064
479.74	105.490
479.94	105.832
480.15	106.117
480.36	106.346
480.57	106.559
480.78	106.720
480.98	106.766
481.19	106.790
481.40	106.753
481.61	106.684
481.81	106.515
482.02	106.292
482.23	106.057
482.44	105.722
482.64	105.370
482.85	104.970
483.06	104.512
483.27	104.026
483.47	103.515
483.68	102.957
483.89	102.349
484.10	101.679
484.30	101.012
484.51	100.319
484.72	99.645
484.92	98.884
485.13	98.158
485.34	97.471
485.55	96.742
485.75	96.044
485.96	95.337
486.17	94.678
486.38	94.067
486.58	93.436
486.79	92.866
487.00	92.294
487.20	91.741
487.41	91.279
487.62	90.855
487.83	90.484
488.03	90.128
488.24	89.841
488.45	89.624
488.65	89.447
488.86	89.345
489.07	89.260
489.28	89.282
489.48	89.334
489.69	89.450
489.90	89.601
490.10	89.823
490.31	90.076
490.52	90.336
490.73	90.664
490.93	91.044
491.14	91.474
491.35	91.924
491.55	92.399
491.76	92.869
491.97	93.369
492.17	93.859
492.38	94.373
492.59	94.900
492.79	95.454
493.00	95.986
493.21	96.497
493.41	97.005
493.62	97.494
493.83	97.991
494.04	98.405
494.24	98.842
494.45	99.231
494.66	99.571
494.86	99.928
495.07	100.188
495.28	100.439
495.48	100.635
495.69	100.796
495.90	100.928
496.10	101.002
496.31	101.032
496.52	101.011
496.72	100.967
496.93	100.868
497.14	100.703
497.34	100.480
497.55	100.236
497.76	99.951
497.96	99.603
498.17	99.194
498.37	98.784
498.58	98.311
498.79	97.794
498.99	97.282
499.20	96.713
499.41	96.127
499.61	95.512
499.82	94.884
500.03	94.231
500.23	93.588
500.44	92.918
500.65	92.260
500.85	91.619
501.06	90.953
501.26	90.303
501.47	89.661
501.68	89.061
501.88	88.459
502.09	87.885
502.30	87.329
502.50	86.825
502.71	86.348
502.91	85.899
503.12	85.496
503.33	85.121
503.53	84.803
503.74	84.527
503.95	84.285
504.15	84.089
504.36	83.930
504.56	83.812
504.77	83.767
504.98	83.724
505.18	83.739
505.39	83.810
505.59	83.924
505.80	84.084
506.01	84.287
506.21	84.525
506.42	84.783
506.62	85.087
506.83	85.424
507.04	85.801
507.24	86.199
507.45	86.602
507.65	87.047
507.86	87.474
508.07	87.927
508.27	88.408
508.48	88.889
508.68	89.396
508.89	89.882
509.10	90.365
509.30	90.841
509.51	91.279
509.71	91.707
509.92	92.128
510.12	92.527
510.33	92.894
510.54	93.236
510.74	93.558
510.95	93.866
511.15	94.106
511.36	94.341
511.56	94.555
511.77	94.715
511.98	94.836
512.18	94.923
512.39	94.966
512.59	94.959
512.80	94.903
513.00	94.810
513.21	94.685
513.42	94.524
513.62	94.321
513.83	94.111
514.03	93.850
514.24	93.530
514.44	93.170
514.65	92.784
514.85	92.376
515.06	91.959
515.26	91.472
515.47	91.000
515.68	90.481
515.88	89.918
516.09	89.359
516.29	88.792
516.50	88.230
516.70	87.656
516.91	87.068
517.11	86.478
517.32	85.878
517.52	85.269
517.73	84.697
517.93	84.123
518.14	83.564
518.34	83.013
518.55	82.492
518.76	81.983
518.96	81.521
519.17	81.077
519.37	80.635
519.58	80.250
519.78	79.858
519.99	79.509
520.19	79.213
520.40	78.949
520.60	78.729
520.81	78.537
521.01	78.365
521.22	78.246
521.42	78.176
521.63	78.143
521.83	78.152
522.04	78.184
522.24	78.281
522.45	78.386
522.65	78.551
522.86	78.753
523.06	78.972
523.27	79.216
523.47	79.487
523.68	79.790
523.88	80.120
524.09	80.471
524.29	80.845
524.50	81.232
524.70	81.654
524.91	82.065
525.11	82.480
525.32	82.936
525.52	83.383
525.72	83.844
525.93	84.314
526.13	84.803
526.34	85.237
526.54	85.682
526.75	86.109
526.95	86.517
527.16	86.902
527.36	87.298
527.57	87.650
527.77	87.990
527.98	88.302
528.18	88.596
528.39	88.876
528.59	89.099
528.79	89.308
529.00	89.482
529.20	89.620
529.41	89.764
529.61	89.855
529.82	89.899
530.02	89.919
530.23	89.909
530.43	89.820
530.64	89.748
530.84	89.611
531.04	89.434
531.25	89.253
531.45	89.049
531.66	88.810
531.86	88.524
532.07	88.195
532.27	87.867
532.47	87.502
532.68	87.124
532.88	86.762
533.09	86.359
533.29	85.917
533.50	85.462
533.70	84.953
533.90	84.452
534.11	83.968
534.31	83.452
534.52	82.938
534.72	82.460
534.93	81.960
535.13	81.442
535.33	80.967
535.54	80.464
535.74	79.969
535.95	79.465
536.15	79.035
536.35	78.596
536.56	78.160
536.76	77.751
536.97	77.371
537.17	76.981
537.37	76.618
537.58	76.310
537.78	76.040
537.99	75.786
538.19	75.560
538.39	75.348
538.60	75.159
538.80	75.017
539.01	74.890
539.21	74.805
539.41	74.777
539.62	74.743
539.82	74.768
540.03	74.813
540.23	74.912
540.43	75.023
540.64	75.186
540.84	75.372
541.04	75.593
541.25	75.834
541.45	76.104
541.66	76.385
541.86	76.697
542.06	77.044
542.27	77.423
542.47	77.808
542.67	78.216
542.88	78.633
543.08	79.062
543.28	79.496
543.49	79.931
543.69	80.378
543.90	80.842
544.10	81.274
544.30	81.750
544.51	82.191
544.71	82.634
544.91	83.065
545.12	83.502
545.32	83.921
545.52	84.324
545.73	84.724
545.93	85.111
546.13	85.437
546.34	85.742
546.54	86.051
546.74	86.324
546.95	86.591
547.15	86.846
547.35	87.037
547.56	87.227
547.76	87.404
547.96	87.535
548.17	87.668
548.37	87.765
548.57	87.813
548.78	87.849
548.98	87.841
549.18	87.791
549.39	87.699
549.59	87.600
549.79	87.476
550.00	87.319
550.20	87.157
550.40	86.944
550.61	86.705
550.81	86.434
551.01	86.153
551.22	85.833
551.42	85.506
551.62	85.170
551.82	84.795
552.03	84.422
552.23	84.023
552.43	83.599
552.64	83.175
552.84	82.729
553.04	82.285
553.25	81.833
553.45	81.363
553.65	80.912
553.85	80.474
554.06	80.014
554.26	79.560
554.46	79.096
554.67	78.663
554.87	78.222
555.07	77.811
555.27	77.402
555.48	77.007
555.68	76.622
555.88	76.249
556.09	75.904
556.29	75.549
556.49	75.220
556.69	74.907
556.90	74.636
557.10	74.398
557.30	74.174
557.50	73.979
557.71	73.830
557.91	73.705
558.11	73.573
558.31	73.500
558.52	73.441
558.72	73.406
558.92	73.414
559.13	73.443
559.33	73.483
559.53	73.557
559.73	73.680
559.94	73.812
560.14	73.964
560.34	74.146
560.54	74.359
560.75	74.619
560.95	74.879
561.15	75.164
561.35	75.454
561.55	75.776
561.76	76.103
561.96	76.446
562.16	76.805
562.36	77.184
562.57	77.561
562.77	77.957
562.97	78.368
563.17	78.770
563.38	79.184
563.58	79.613
563.78	80.015
563.98	80.432
564.18	80.848
564.39	81.252
564.59	81.652
564.79	82.045
564.99	82.418
565.20	82.782
565.40	83.128
565.60	83.448
565.80	83.767
566.00	84.074
566.21	84.370
566.41	84.631
566.61	84.884
566.81	85.115
567.01	85.316
567.22	85.512
567.42	85.694
567.62	85.839
567.82	85.967
568.02	86.087
568.23	86.163
568.43	86.207
568.63	86.261
568.83	86.255
569.03	86.237
569.24	86.173
569.44	86.110
569.64	86.023
569.84	85.934
570.04	85.797
570.24	85.635
570.45	85.439
570.65	85.247
570.85	85.013
571.05	84.762
571.25	84.493
571.45	84.193
571.66	83.886
571.86	83.571
572.06	83.206
572.26	82.853
572.46	82.485
572.66	82.121
572.87	81.724
573.07	81.325
573.27	80.913
573.47	80.515
573.67	80.087
573.87	79.667
574.08	79.234
574.28	78.815
574.48	78.386
574.68	77.971
574.88	77.538
575.08	77.118
575.28	76.710
575.49	76.323
575.69	75.936
575.89	75.548
576.09	75.205
576.29	74.853
576.49	74.507
576.69	74.174
576.90	73.861
577.10	73.566
577.30	73.303
577.50	73.072
577.70	72.851
577.90	72.646
578.10	72.473
578.30	72.334
578.51	72.197
578.71	72.108
578.91	72.029
579.11	71.973
579.31	71.943
579.51	71.939
579.71	71.964
579.91	72.003
580.12	72.062
580.32	72.132
580.52	72.258
580.72	72.399
580.92	72.563
581.12	72.730
581.32	72.935
581.52	73.173
581.72	73.384
581.92	73.636
582.13	73.934
582.33	74.200
582.53	74.475
582.73	74.791
582.93	75.126
583.13	75.468
583.33	75.840
583.53	76.205
583.73	76.567
583.93	76.941
584.13	77.340
584.34	77.763
584.54	78.140
584.74	78.517
584.94	78.905
585.14	79.286
585.34	79.672
585.54	80.035
585.74	80.393
585.94	80.776
586.14	81.153
586.34	81.496
586.54	81.844
586.74	82.197
586.94	82.540
587.15	82.857
587.35	83.148
587.55	83.422
587.75	83.690
587.95	83.942
588.15	84.162
588.35	84.370
588.55	84.549
588.75	84.737
588.95	84.906
589.15	85.052
589.35	85.185
589.55	85.293
589.75	85.397
589.95	85.461
590.15	85.498
590.35	85.499
590.55	85.500
590.75	85.472
590.95	85.422
591.15	85.356
591.35	85.253
591.56	85.127
591.76	84.986
591.96	84.816
592.16	84.645
592.36	84.453
592.56	84.241
592.76	84.014
592.96	83.778
593.16	83.511
593.36	83.231
593.56	82.939
593.76	82.638
593.96	82.317
594.16	82.003
594.36	81.681
594.56	81.331
594.76	80.971
594.96	80.636
595.16	80.246
595.36	79.849
595.56	79.466
595.76	79.083
595.96	78.688
596.16	78.310
596.36	77.918
596.56	77.540
596.76	77.154
596.96	76.772
597.16	76.396
597.36	76.041
597.56	75.685
597.76	75.334
597.96	74.992
598.16	74.656
598.36	74.316
598.56	73.980
598.76	73.699
598.96	73.440
599.16	73.166
599.36	72.945
599.56	72.714
599.76	72.501
599.96	72.321
600.15	72.158
600.35	72.012
600.55	71.885
600.75	71.759
600.95	71.659
601.15	71.575
601.35	71.521
601.55	71.479
601.75	71.473
601.95	71.480
602.15	71.512
602.35	71.559
602.55	71.628
602.75	71.739
602.95	71.846
603.15	71.943
603.35	72.095
603.55	72.250
603.75	72.430
603.95	72.629
604.15	72.825
604.35	73.030
604.54	73.276
604.74	73.536
604.94	73.805
605.14	74.080
605.34	74.369
605.54	74.687
605.74	75.027
605.94	75.344
606.14	75.686
606.34	76.035
606.54	76.391
606.74	76.761
606.94	77.111
607.14	77.489
607.33	77.886
607.53	78.251
607.73	78.612
607.93	78.977
608.13	79.335
608.33	79.724
608.53	80.086
608.73	80.435
608.93	80.770
609.13	81.117
609.33	81.459
609.52	81.798
609.72	82.086
609.92	82.359
610.12	82.647
610.32	82.901
610.52	83.176
610.72	83.407
610.92	83.639
611.12	83.864
611.31	84.062
611.51	84.237
611.71	84.428
611.91	84.609
612.11	84.749
612.31	84.888
612.51	84.974
612.71	85.087
612.91	85.161
613.10	85.241
613.30	85.309
613.50	85.343
613.70	85.354
613.90	85.350
614.10	85.322
614.30	85.266
614.50	85.211
614.69	85.099
614.89	85.023
615.09	84.895
615.29	84.764
615.49	84.608
615.69	84.436
615.89	84.248
616.08	84.037
616.28	83.820
616.48	83.600
616.68	83.360
616.88	83.092
617.08	82.798
617.27	82.513
617.47	82.205
617.67	81.896
617.87	81.577
618.07	81.271
618.27	80.940
618.47	80.614
618.66	80.282
618.86	79.957
619.06	79.594
619.26	79.255
619.46	78.912
619.66	78.550
619.85	78.192
620.05	77.829
620.25	77.453
620.45	77.101
620.65	76.740
620.84	76.404
621.04	76.070
621.24	75.782
621.44	75.444
621.64	75.114
621.84	74.811
622.03	74.509
622.23	74.199
622.43	73.935
622.63	73.674
622.83	73.413
623.02	73.156
623.22	72.930
623.42	72.711
623.62	72.501
623.82	72.326
624.01	72.146
624.21	71.974
624.41	71.859
624.61	71.747
624.81	71.644
625.00	71.551
625.20	71.479
625.40	71.413
625.60	71.370
625.79	71.350
625.99	71.358
626.19	71.371
626.39	71.420
626.59	71.468
626.78	71.541
626.98	71.636
627.18	71.765
627.38	71.906
627.57	72.061
627.77	72.216
627.97	72.392
628.17	72.595
628.37	72.811
628.56	73.044
628.76	73.285
628.96	73.529
629.16	73.776
629.35	74.071
629.55	74.365
629.75	74.695
629.95	75.046
630.14	75.358
630.34	75.704
630.54	76.038
630.74	76.365
630.93	76.717
631.13	77.042
631.33	77.379
631.53	77.697
631.72	78.023
631.92	78.372
632.12	78.721
632.31	79.086
632.51	79.456
632.71	79.798
632.91	80.138
633.10	80.484
633.30	80.854
633.50	81.164
633.70	81.494
633.89	81.792
634.09	82.101
634.29	82.412
634.48	82.692
634.68	83.000
634.88	83.299
635.08	83.570
635.27	83.867
635.47	84.136
635.67	84.407
635.86	84.678
636.06	84.933
636.26	85.153
636.46	85.329
636.65	85.493
636.85	85.681
637.05	85.848
637.24	85.993
637.44	86.104
637.64	86.236
637.83	86.360
638.03	86.462
638.23	86.502
638.43	86.551
638.62	86.590
638.82	86.586
639.02	86.575
639.21	86.538
639.41	86.478
639.61	86.420
639.80	86.341
640.00	86.237
640.20	86.132
640.39	86.030
640.59	85.913
640.79	85.796
640.98	85.645
641.18	85.488
641.38	85.313
641.57	85.118
641.77	84.897
641.97	84.649
642.16	84.422
642.36	84.192
642.56	83.949
642.75	83.708
642.95	83.442
643.15	83.173
643.34	82.916
643.54	82.645
643.74	82.344
643.93	82.042
644.13	81.731
644.33	81.390
644.52	81.055
644.72	80.726
644.91	80.380
645.11	80.024
645.31	79.693
645.50	79.360
645.70	79.043
645.90	78.731
646.09	78.402
646.29	78.070
646.48	77.726
646.68	77.390
646.88	77.055
647.07	76.733
647.27	76.420
647.47	76.130
647.66	75.835
647.86	75.550
648.05	75.278
648.25	75.010
648.45	74.759
648.64	74.507
648.84	74.286
649.04	74.058
649.23	73.840
649.43	73.624
649.62	73.423
649.82	73.244
650.02	73.061
650.21	72.889
650.41	72.770
650.60	72.646
650.80	72.561
651.00	72.458
651.19	72.398
651.39	72.341
651.58	72.272
651.78	72.247
651.97	72.226
652.17	72.234
652.37	72.248
652.56	72.289
652.76	72.353
652.95	72.426
653.15	72.541
653.35	72.657
653.54	72.769
653.74	72.887
653.93	73.027
654.13	73.207
654.32	73.386
654.52	73.534
654.72	73.747
654.91	73.925
655.11	74.147
655.30	74.380
655.50	74.621
655.69	74.879
655.89	75.135
656.08	75.405
656.28	75.673
656.48	75.957
656.67	76.254
656.87	76.535
657.06	76.817
657.26	77.106
657.45	77.426
657.65	77.757
657.84	78.097
658.04	78.421
658.23	78.752
658.43	79.100
658.62	79.459
658.82	79.791
659.02	80.145
659.21	80.502
659.41	80.828
659.60	81.167
659.80	81.507
659.99	81.849
660.19	82.187
660.38	82.528
660.58	82.853
660.77	83.175
660.97	83.496
661.16	83.781
661.36	84.060
661.55	84.336
661.75	84.591
661.94	84.861
662.14	85.123
662.33	85.377
662.53	85.618
662.72	85.855
662.92	86.078
663.11	86.282
663.31	86.506
663.50	86.702
663.70	86.901
663.89	87.065
664.09	87.206
664.28	87.374
664.48	87.509
664.67	87.663
664.87	87.763
665.06	87.849
665.26	87.949
665.45	88.038
665.65	88.112
665.84	88.174
666.04	88.199
666.23	88.201
666.43	88.176
666.62	88.159
666.82	88.086
667.01	88.037
667.21	87.979
667.40	87.875
667.59	87.798
667.79	87.674
667.98	87.538
668.18	87.418
668.37	87.241
668.57	87.095
668.76	86.917
668.96	86.729
669.15	86.538
669.35	86.352
669.54	86.123
669.73	85.886
669.93	85.663
670.12	85.449
670.32	85.248
670.51	85.018
670.71	84.770
670.90	84.545
671.10	84.293
671.29	84.025
671.48	83.728
671.68	83.446
671.87	83.163
672.07	82.872
672.26	82.593
672.46	82.307
672.65	82.004
672.84	81.688
673.04	81.412
673.23	81.125
673.43	80.819
673.62	80.530
673.82	80.248
674.01	79.929
674.20	79.607
674.40	79.278
674.59	78.979
674.79	78.681
674.98	78.387
675.17	78.094
675.37	77.822
675.56	77.570
675.76	77.277
675.95	77.005
676.14	76.747
676.34	76.477
676.53	76.229
676.73	75.980
676.92	75.740
677.11	75.495
677.31	75.273
677.50	75.073
677.70	74.863
677.89	74.631
678.08	74.468
678.28	74.309
678.47	74.161
678.66	74.030
678.86	73.905
679.05	73.789
679.25	73.702
679.44	73.605
679.63	73.535
679.83	73.491
680.02	73.457
680.21	73.450
680.41	73.450
680.60	73.443
680.79	73.467
680.99	73.500
681.18	73.505
681.38	73.552
681.57	73.626
681.76	73.725
681.96	73.843
682.15	73.929
682.34	74.037
682.54	74.158
682.73	74.289
682.92	74.431
683.12	74.599
683.31	74.761
683.50	74.947
683.70	75.134
683.89	75.309
684.08	75.507
684.28	75.720
684.47	75.932
684.66	76.168
684.86	76.404
685.05	76.643
685.24	76.938
685.44	77.189
685.63	77.433
685.82	77.706
686.02	77.979
686.21	78.310
686.40	78.594
686.60	78.916
686.79	79.229
686.98	79.564
687.18	79.869
687.37	80.191
687.56	80.513
687.75	80.842
687.95	81.183
688.14	81.510
688.33	81.856
688.53	82.208
688.72	82.559
688.91	82.891
689.11	83.208
689.30	83.542
689.49	83.882
689.68	84.219
689.88	84.521
690.07	84.843
690.26	85.115
690.46	85.432
690.65	85.689
690.84	85.962
691.03	86.216
691.23	86.477
691.42	86.725
691.61	86.974
691.80	87.179
692.00	87.411
692.19	87.599
692.38	87.796
692.58	87.960
692.77	88.114
692.96	88.264
693.15	88.433
693.35	88.578
693.54	88.750
693.73	88.891
693.92	89.034
694.12	89.160
694.31	89.262
694.50	89.370
694.69	89.472
694.89	89.555
695.08	89.607
695.27	89.689
695.46	89.748
695.66	89.766
695.85	89.826
696.04	89.846
696.23	89.910
696.43	89.899
696.62	89.875
696.81	89.855
697.00	89.837
697.19	89.817
697.39	89.740
697.58	89.671
697.77	89.583
697.96	89.502
698.16	89.382
698.35	89.289
698.54	89.173
698.73	89.063
698.92	88.903
699.12	88.751
699.31	88.585
699.50	88.406
699.69	88.259
699.89	88.067
700.08	87.898
700.27	87.671
700.46	87.474
700.65	87.265
700.85	87.071
701.04	86.843
701.23	86.610
701.42	86.387
701.61	86.132
701.81	85.882
702.00	85.613
702.19	85.362
702.38	85.084
702.57	84.823
702.76	84.528
702.96	84.264
703.15	83.994
703.34	83.682
703.53	83.400
703.72	83.077
703.92	82.766
704.11	82.441
704.30	82.143
704.49	81.834
704.68	81.557
704.87	81.232
705.07	80.940
705.26	80.637
705.45	80.359
705.64	80.048
705.83	79.774
706.02	79.500
706.21	79.239
706.41	78.970
706.60	78.696
706.79	78.456
706.98	78.225
707.17	77.999
707.36	77.787
707.56	77.566
707.75	77.364
707.94	77.171
708.13	76.992
708.32	76.802
708.51	76.627
708.70	76.483
708.89	76.343
709.09	76.196
709.28	76.066
709.47	75.912
709.66	75.793
709.85	75.681
710.04	75.566
710.23	75.458
710.42	75.385
710.62	75.305
710.81	75.188
711.00	75.099
711.19	75.032
711.38	74.974
711.57	74.923
711.76	74.880
711.95	74.872
712.15	74.881
712.34	74.892
712.53	74.916
712.72	74.944
712.91	74.989
713.10	75.031
713.29	75.087
713.48	75.163
713.67	75.271
713.86	75.382
714.05	75.485
714.25	75.613
714.44	75.753
714.63	75.878
714.82	76.078
715.01	76.258
715.20	76.449
715.39	76.645
715.58	76.860
715.77	77.089
715.96	77.327
716.15	77.530
716.34	77.737
716.54	77.963
716.73	78.197
716.92	78.424
717.11	78.670
717.30	78.926
717.49	79.187
717.68	79.442
717.87	79.691
718.06	79.996
718.25	80.275
718.44	80.565
718.63	80.865
718.82	81.125
719.01	81.404
719.20	81.701
719.39	81.993
719.58	82.279
719.77	82.556
719.96	82.817
720.16	83.081
720.35	83.421
720.54	83.680
720.73	83.933
720.92	84.239
721.11	84.537
721.30	84.818
721.49	85.106
721.68	85.416
721.87	85.709
722.06	85.978
722.25	86.247
722.44	86.503
722.63	86.766
722.82	87.032
723.01	87.278
723.20	87.499
723.39	87.724
723.58	87.992
723.77	88.249
723.96	88.484
724.15	88.733
724.34	88.907
724.53	89.151
724.72	89.371
724.91	89.578
725.10	89.791
725.29	89.962
725.48	90.192
725.67	90.303
725.86	90.435
726.05	90.574
726.24	90.718
726.43	90.830
726.62	90.946
726.81	91.079
727.00	91.187
727.19	91.316
727.38	91.439
727.57	91.500
727.76	91.563
727.95	91.610
728.14	91.648
728.33	91.699
728.52	91.728
728.71	91.734
728.90	91.725
729.09	91.695
729.28	91.660
729.47	91.576
729.65	91.581
729.84	91.544
730.03	91.494
730.22	91.417
730.41	91.364
730.60	91.289
730.79	91.185
730.98	91.097
731.17	90.989
731.36	90.853
731.55	90.724
731.74	90.580
731.93	90.442
732.12	90.311
732.31	90.178
732.50	90.041
732.69	89.906
732.88	89.747
733.06	89.578
733.25	89.422
733.44	89.265
733.63	89.049
733.82	88.850
734.01	88.632
734.20	88.434
734.39	88.198
734.58	88.016
734.77	87.800
734.96	87.558
735.15	87.290
735.33	87.045
735.52	86.793
735.71	86.553
735.90	86.300
736.09	86.024
736.28	85.736
736.47	85.436
736.66	85.159
736.85	84.863
737.04	84.547
737.23	84.272
737.41	83.973
737.60	83.721
737.79	83.425
737.98	83.159
738.17	82.864
738.36	82.601
738.55	82.310
738.74	82.048
738.92	81.791
739.11	81.569
739.30	81.291
739.49	81.046
739.68	80.800
739.87	80.583
740.06	80.354
740.25	80.117
740.43	79.904
740.62	79.653
740.81	79.417
741.00	79.226
741.19	79.007
741.38	78.785
741.57	78.577
741.75	78.389
741.94	78.193
742.13	78.015
742.32	77.811
742.51	77.620
742.70	77.475
742.89	77.326
743.07	77.149
743.26	77.032
743.45	76.854
743.64	76.723
743.83	76.561
744.02	76.416
744.20	76.298
744.39	76.181
744.58	76.107
744.77	76.044
744.96	76.001
745.15	75.979
745.33	75.938
745.52	75.884
745.71	75.887
745.90	75.871
746.09	75.866
746.28	75.908
746.46	75.923
746.65	75.908
746.84	75.934
747.03	75.976
747.22	76.011
747.40	76.083
747.59	76.119
747.78	76.200
747.97	76.302
748.16	76.420
748.34	76.514
748.53	76.632
748.72	76.759
748.91	76.843
749.10	76.940
749.28	77.079
749.47	77.231
749.66	77.369
749.85	77.493
750.04	77.658
750.22	77.804
750.41	77.979
750.60	78.184
750.79	78.334
750.97	78.489
751.16	78.686
751.35	78.865
751.54	79.062
751.73	79.298
751.91	79.499
752.10	79.721
752.29	79.928
752.48	80.161
752.66	80.382
752.85	80.615
753.04	80.833
753.23	81.097
753.41	81.345
753.60	81.597
753.79	81.873
753.98	82.120
754.16	82.366
754.35	82.611
754.54	82.837
754.73	83.124
754.91	83.430
755.10	83.696
755.29	83.970
755.48	84.239
755.66	84.469
755.85	84.738
756.04	84.971
756.22	85.244
756.41	85.492
756.60	85.764
756.79	86.047
756.97	86.291
757.16	86.488
757.35	86.729
757.54	86.971
757.72	87.192
757.91	87.436
758.10	87.671
758.28	87.863
758.47	88.060
758.66	88.292
758.85	88.496
759.03	88.689
759.22	88.936
759.41	89.154
759.59	89.359
759.78	89.551
759.97	89.734
760.15	89.913
760.34	90.098
760.53	90.227
760.71	90.370
760.90	90.583
761.09	90.738
761.28	90.898
761.46	91.063
761.65	91.238
761.84	91.370
762.02	91.511
762.21	91.679
762.40	91.797
762.58	91.884
762.77	91.954
762.96	92.075
763.14	92.159
763.33	92.233
763.52	92.281
763.70	92.294
763.89	92.356
764.08	92.397
764.26	92.392
764.45	92.463
764.64	92.502
764.82	92.489
765.01	92.531
765.20	92.518
765.38	92.502
765.57	92.439
765.75	92.407
765.94	92.358
766.13	92.331
766.31	92.312
766.50	92.244
766.69	92.229
766.87	92.190
767.06	92.122
767.25	92.052
767.43	92.017
767.62	92.004
767.80	91.908
767.99	91.823
768.18	91.736
768.36	91.601
768.55	91.497
768.74	91.386
768.92	91.247
769.11	91.119
769.29	90.972
769.48	90.869
769.67	90.741
769.85	90.590
770.04	90.382
770.22	90.200
770.41	90.008
770.60	89.769
770.78	89.530
770.97	89.294
771.15	89.092
771.34	88.821
771.53	88.580
771.71	88.373
771.90	88.170
772.08	88.015
772.27	87.802
772.46	87.558
772.64	87.313
772.83	87.082
773.01	86.813
773.20	86.538
773.39	86.243
773.57	85.950
773.76	85.711
773.94	85.508
774.13	85.230
774.31	84.979
774.50	84.767
774.68	84.525
774.87	84.280
775.06	83.979
775.24	83.754
775.43	83.473
775.61	83.209
775.80	82.939
775.98	82.612
776.17	82.362
776.36	82.085
776.54	81.796
776.73	81.533
776.91	81.307
777.10	81.059
777.28	80.831
777.47	80.596
777.65	80.355
777.84	80.111
778.02	79.932
778.21	79.685
778.39	79.455
778.58	79.251
778.77	79.056
778.95	78.893
779.14	78.712
779.32	78.576
779.51	78.396
779.69	78.244
779.88	78.114
780.06	77.954
780.25	77.808
780.43	77.682
780.62	77.557
780.80	77.413
780.99	77.286
781.17	77.169
781.36	77.044
781.54	76.936
781.73	76.767
781.91	76.617
782.10	76.528
782.28	76.437
782.47	76.329
782.65	76.216
782.84	76.130
783.02	76.077
783.21	76.004
783.39	75.969
783.58	75.913
783.76	75.853
783.95	75.805
784.13	75.844
784.32	75.848
784.50	75.833
784.69	75.846
784.87	75.882
785.05	75.901
785.24	75.957
785.42	76.009
785.61	76.086
785.79	76.186
785.98	76.278
786.16	76.348
786.35	76.450
786.53	76.523
786.72	76.582
786.90	76.656
787.09	76.733
787.27	76.839
787.45	76.971
787.64	77.101
787.82	77.213
788.01	77.296
788.19	77.451
788.38	77.595
788.56	77.678
788.75	77.802
788.93	77.976
789.11	78.089
789.30	78.198
789.48	78.324
789.67	78.472
789.85	78.621
790.04	78.810
790.22	78.982
790.40	79.165
790.59	79.369
790.77	79.555
790.96	79.771
791.14	79.970
791.32	80.131
791.51	80.318
791.69	80.564
791.88	80.783
792.06	80.990
792.25	81.168
792.43	81.425
792.61	81.645
792.80	81.840
792.98	82.054
793.17	82.244
793.35	82.459
793.53	82.651
793.72	82.911
793.90	83.119
794.08	83.286
794.27	83.536
794.45	83.789
794.64	83.981
794.82	84.222
795.00	84.378
795.19	84.604
795.37	84.778
795.55	84.905
795.74	85.075
795.92	85.278
796.11	85.481
796.29	85.712
796.47	85.924
796.66	86.086
796.84	86.327
797.02	86.575
797.21	86.839
797.39	87.079
797.58	87.262
797.76	87.437
797.94	87.647
798.13	87.838
798.31	88.024
798.49	88.235
798.68	88.392
798.86	88.631
799.04	88.766
799.23	88.981
799.41	89.194
799.59	89.339
799.78	89.449
799.96	89.625
800.14	89.738
800.33	89.866
800.51	90.037
800.69	90.139
800.88	90.287
801.06	90.392
801.24	90.451
801.43	90.565
801.61	90.668
801.79	90.777
801.98	90.821
802.16	90.908
802.34	91.006
802.52	91.070
802.71	91.087
802.89	91.193
803.07	91.251
803.26	91.278
803.44	91.346
803.62	91.381
803.81	91.368
803.99	91.383
804.17	91.355
804.35	91.347
804.54	91.327
804.72	91.332
804.90	91.307
805.09	91.349
805.27	91.331
805.45	91.307
805.63	91.264
805.82	91.229
806.00	91.119
806.18	91.031
806.37	90.981
806.55	90.917
806.73	90.836
806.91	90.724
807.10	90.666
807.28	90.585
807.46	90.507
807.64	90.453
807.83	90.326
808.01	90.252
808.19	90.093
808.37	89.927
808.56	89.702
808.74	89.557
808.92	89.393
809.10	89.204
809.29	89.095
809.47	88.948
809.65	88.770
809.83	88.656
810.02	88.486
810.20	88.341
810.38	88.153
810.56	87.976
810.75	87.831
810.93	87.680
811.11	87.491
811.29	87.322
811.47	87.140
811.66	86.969
811.84	86.766
812.02	86.634
812.20	86.497
812.39	86.371
812.57	86.183
812.75	86.020
812.93	85.881
813.11	85.656
813.30	85.470
813.48	85.340
813.66	85.147
813.84	84.955
814.02	84.688
814.21	84.506
814.39	84.267
814.57	84.069
814.75	83.847
814.93	83.634
815.12	83.415
815.30	83.214
815.48	82.996
815.66	82.788
815.84	82.559
816.03	82.342
816.21	82.090
816.39	81.867
816.57	81.571
816.75	81.275
816.93	81.023
817.12	80.759
817.30	80.438
817.48	80.127
817.66	79.921
817.84	79.747
818.02	79.556
818.21	79.328
818.39	79.104
818.57	78.871
818.75	78.711
818.93	78.496
819.11	78.225
819.30	78.034
819.48	77.866
819.66	77.717
819.84	77.560
820.02	77.386
820.20	77.224
820.38	77.086
820.57	76.943
820.75	76.794
820.93	76.663
821.11	76.583
821.29	76.522
821.47	76.367
821.65	76.235
821.83	76.097
822.02	75.988
822.20	75.829
822.38	75.712
822.56	75.543
822.74	75.393
822.92	75.271
823.10	75.137
823.28	74.964
823.46	74.781
823.65	74.647
823.83	74.507
824.01	74.393
824.19	74.265
824.37	74.123
824.55	73.998
824.73	73.878
824.91	73.762
825.09	73.667
825.27	73.563
825.46	73.453
825.64	73.300
825.82	73.200
826.00	73.127
826.18	73.062
826.36	73.016
826.54	72.996
826.72	73.063
826.90	73.027
827.08	73.089
827.26	73.139
827.44	73.155
827.63	73.230
827.81	73.278
827.99	73.335
828.17	73.439
828.35	73.469
828.53	73.559
828.71	73.657
828.89	73.707
829.07	73.787
829.25	73.840
829.43	73.979
829.61	74.090
829.79	74.173
829.97	74.278
830.15	74.314
830.33	74.407
830.51	74.402
830.69	74.511
830.87	74.513
831.06	74.562
831.24	74.623
831.42	74.655
831.60	74.711
831.78	74.775
831.96	74.874
832.14	75.016
832.32	75.107
832.50	75.206
832.68	75.310
832.86	75.417
833.04	75.590
833.22	75.661
833.40	75.749
833.58	75.871
833.76	75.986
833.94	76.166
834.12	76.325
834.30	76.508
834.48	76.662
834.66	76.902
834.84	77.096
835.02	77.256
835.20	77.439
835.38	77.614
835.56	77.836
835.74	78.002
835.92	78.186
836.10	78.365
836.28	78.509
836.46	78.691
836.64	78.869
836.82	78.998
837.00	79.130
837.18	79.335
837.36	79.526
837.54	79.704
837.72	79.887
837.90	80.057
838.08	80.218
838.26	80.418
838.43	80.553
838.61	80.694
838.79	80.911
838.97	81.142
839.15	81.320
839.33	81.500
839.51	81.637
839.69	81.802
839.87	81.980
840.05	82.187
840.23	82.341
840.41	82.486
840.59	82.619
840.77	82.837
840.95	82.977
841.13	83.108
841.31	83.192
841.49	83.263
841.67	83.412
841.84	83.541
842.02	83.573
842.20	83.677
842.38	83.725
842.56	83.840
842.74	83.880
842.92	83.916
843.10	83.950
843.28	84.078
843.46	84.122
843.64	84.150
843.82	84.192
843.99	84.204
844.17	84.296
844.35	84.421
844.53	84.568
844.71	84.676
844.89	84.751
845.07	84.887
845.25	85.053
845.43	85.079
845.61	85.183
845.78	85.346
845.96	85.435
846.14	85.543
846.32	85.573
846.50	85.631
846.68	85.777
846.86	85.852
847.04	85.894
847.22	85.963
847.39	86.036
847.57	86.046
847.75	86.148
847.93	86.114
848.11	86.138
848.29	86.145
848.47	86.113
848.65	86.122
848.82	86.107
849.00	86.080
849.18	86.077
849.36	86.025
849.54	85.987
849.72	85.923
849.89	85.959
850.07	85.966
850.25	85.887
850.43	85.799
850.61	85.750
850.79	85.662
850.97	85.629
851.14	85.553
851.32	85.494
851.50	85.394
851.68	85.402
851.86	85.407
852.04	85.297
852.21	85.297
852.39	85.303
852.57	85.250
852.75	85.175
852.93	85.106
853.10	85.024
853.28	84.942
853.46	84.902
853.64	84.715
853.82	84.569
854.00	84.600
854.17	84.499
854.35	84.359
854.53	84.262
854.71	84.144
854.89	84.025
855.06	83.957
855.24	83.868
855.42	83.765
855.60	83.561
855.78	83.422
855.95	83.226
856.13	83.035
856.31	82.853
856.49	82.672
856.66	82.514
856.84	82.334
857.02	82.238
857.20	82.098
857.38	81.943
857.55	81.808
857.73	81.532
857.91	81.376
858.09	81.224
858.26	80.992
858.44	80.821
858.62	80.661
858.80	80.468
858.97	80.292
859.15	80.012
859.33	79.798
859.51	79.613
859.68	79.416
859.86	79.184
860.04	79.003
860.22	78.776
860.39	78.575
860.57	78.342
860.75	78.052
860.93	77.833
861.10	77.716
861.28	77.493
861.46	77.253
861.64	77.029
861.81	76.824
861.99	76.653
862.17	76.426
862.35	76.276
862.52	76.097
862.70	75.920
862.88	75.780
863.05	75.614
863.23	75.410
863.41	75.293
863.59	75.158
863.76	74.998
863.94	74.848
864.12	74.660
864.29	74.557
864.47	74.363
864.65	74.127
864.83	73.895
865.00	73.733
865.18	73.595
865.36	73.465
865.53	73.316
865.71	73.248
865.89	73.037
866.06	72.832
866.24	72.642
866.42	72.481
866.59	72.348
866.77	72.214
866.95	72.046
867.12	71.810
867.30	71.664
867.48	71.429
867.65	71.253
867.83	71.103
868.01	70.948
868.18	70.826
868.36	70.752
868.54	70.650
868.71	70.582
868.89	70.475
869.07	70.392
869.24	70.285
869.42	70.141
869.60	70.132
869.77	70.081
869.95	70.005
870.13	69.896
870.30	69.917
870.48	69.776
870.66	69.684
870.83	69.656
871.01	69.567
871.18	69.561
871.36	69.515
871.54	69.461
871.71	69.385
871.89	69.372
872.07	69.224
872.24	69.154
872.42	69.078
872.59	68.998
872.77	68.864
872.95	68.836
873.12	68.771
873.30	68.703
873.48	68.622
873.65	68.591
873.83	68.566
874.00	68.467
874.18	68.489
874.36	68.546
874.53	68.536
874.71	68.484
874.88	68.553
875.06	68.565
875.24	68.624
875.41	68.692
875.59	68.672
875.76	68.799
875.94	68.874
876.11	68.845
876.29	68.940
876.47	69.015
876.64	69.005
876.82	68.970
876.99	68.951
877.17	69.040
877.35	69.095
877.52	69.104
877.70	69.027
877.87	69.020
878.05	69.094
878.22	69.121
878.40	69.223
878.57	69.206
878.75	69.245
878.93	69.268
879.10	69.222
879.28	69.246
879.45	69.333
879.63	69.338
879.80	69.384
879.98	69.435
880.15	69.554
880.33	69.659
880.50	69.818
880.68	69.981
880.86	70.001
881.03	70.076
881.21	70.217
881.38	70.389
881.56	70.642
881.73	70.724
881.91	70.909
882.08	71.046
882.26	71.208
882.43	71.357
882.61	71.534
882.78	71.703
882.96	71.983
883.13	72.102
883.31	72.233
883.48	72.496
883.66	72.638
883.83	72.722
884.01	72.864
884.18	73.036
884.36	73.142
884.53	73.267
884.71	73.421
884.88	73.520
885.06	73.652
885.23	73.700
885.41	73.839
885.58	73.870
885.76	73.959
885.93	74.055
886.11	74.277
886.28	74.340
886.46	74.480
886.63	74.531
886.81	74.612
886.98	74.768
887.15	74.790
887.33	74.933
887.50	75.118
887.68	75.227
887.85	75.305
888.03	75.411
888.20	75.609
888.38	75.752
888.55	75.860
888.73	75.948
888.90	76.070
889.08	76.218
889.25	76.272
889.42	76.370
889.60	76.534
889.77	76.564
889.95	76.724
890.12	76.756
890.30	76.849
890.47	76.981
890.64	77.078
890.82	77.155
890.99	77.280
891.17	77.340
891.34	77.406
891.52	77.496
891.69	77.539
891.86	77.696
892.04	77.744
892.21	77.901
892.39	78.013
892.56	78.069
892.73	78.054
892.91	78.208
893.08	78.429
893.26	78.381
893.43	78.420
893.60	78.393
893.78	78.497
893.95	78.576
894.13	78.671
894.30	78.789
894.47	78.990
894.65	79.042
894.82	79.115
895.00	79.207
895.17	79.323
895.34	79.522
895.52	79.475
895.69	79.505
895.86	79.584
896.04	79.711
896.21	79.802
896.39	80.047
896.56	80.184
896.73	80.104
896.91	80.111
897.08	80.167
897.25	80.405
897.43	80.443
897.60	80.463
897.77	80.391
897.95	80.279
898.12	80.181
898.30	80.220
898.47	80.267
898.64	80.299
898.82	80.209
898.99	80.118
899.16	80.163
899.34	80.133
899.51	79.974
899.68	79.842
899.86	79.815
900.03	79.579
900.20	79.377
900.38	79.345
900.55	79.350
900.72	79.308
900.90	79.124
901.07	79.153
901.24	79.127
901.41	79.152
901.59	79.177
901.76	79.138
901.93	78.948
902.11	78.850
902.28	78.797
902.45	78.868
902.63	78.923
902.80	78.783
902.97	78.757
903.15	78.781
903.32	78.774
903.49	78.714
903.66	78.783
903.84	78.826
904.01	78.827
904.18	78.873
904.36	78.771
904.53	78.689
904.70	78.588
904.87	78.458
905.05	78.357
905.22	78.271
905.39	78.195
905.56	78.171
905.74	77.988
905.91	77.865
906.08	77.705
906.26	77.464
906.43	77.437
906.60	77.258
906.77	77.096
906.95	76.916
907.12	76.776
907.29	76.522
907.46	76.530
907.64	76.369
907.81	76.170
907.98	75.995
908.15	75.893
908.33	75.821
908.50	75.705
908.67	75.516
908.84	75.421
909.01	75.286
909.19	75.198
909.36	75.069
909.53	74.878
909.70	74.650
909.88	74.590
910.05	74.300
910.22	74.223
910.39	74.098
910.57	74.069
910.74	73.855
910.91	73.772
911.08	73.440
911.25	73.257
911.43	73.109
911.60	73.038
911.77	72.848
911.94	72.530
912.11	72.328
912.29	72.083
912.46	71.800
912.63	71.574
912.80	71.332
912.97	71.151
913.15	71.025
913.32	70.977
913.49	70.776
913.66	70.787
913.83	70.598
914.00	70.479
914.18	70.326
914.35	70.213
914.52	69.997
914.69	69.865
914.86	69.695
915.03	69.572
915.21	69.493
915.38	69.384
915.55	69.349
915.72	69.314
915.89	69.334
916.06	69.337
916.24	69.303
916.41	69.294
916.58	69.180
916.75	69.064
916.92	68.816
917.09	68.607
917.26	68.301
917.44	68.070
917.61	67.836
917.78	67.627
917.95	67.522
918.12	67.359
918.29	67.297
918.46	67.083
918.64	66.890
918.81	66.671
918.98	66.498
919.15	66.289
919.32	66.086
919.49	65.852
919.66	65.690
919.83	65.527
920.00	65.273
920.18	65.160
920.35	65.133
920.52	65.123
920.69	65.147
920.86	65.153
921.03	65.189
921.20	65.212
921.37	65.079
921.54	64.756
921.71	64.723
921.89	64.560
922.06	64.604
922.23	64.570
922.40	64.525
922.57	64.483
922.74	64.488
922.91	64.467
923.08	64.455
923.25	64.347
923.42	64.289
923.59	64.332
923.76	64.200
923.93	63.984
924.11	63.962
924.28	63.850
924.45	63.907
924.62	63.966
924.79	63.774
924.96	63.736
925.13	63.820
925.30	63.758
925.47	63.646
925.64	63.505
925.81	63.454
925.98	63.451
926.15	63.370
926.32	63.287
926.49	63.233
926.66	63.097
926.83	63.084
927.00	63.066
927.17	63.017
927.34	63.151
927.51	63.198
927.69	63.168
927.86	63.161
928.03	62.999
928.20	62.943
928.37	62.976
928.54	63.018
928.71	63.047
928.88	63.033
929.05	63.110
929.22	63.178
929.39	63.326
929.56	63.298
929.73	63.313
929.90	63.413
930.07	63.430
930.24	63.533
930.41	63.513
930.58	63.590
930.75	63.642
930.92	63.698
931.09	63.673
931.26	63.689
931.43	63.761
931.60	63.854
931.77	63.926
931.94	64.008
932.11	63.983
932.27	64.193
932.44	64.389
932.61	64.479
932.78	64.551
932.95	64.605
933.12	64.617
933.29	64.732
933.46	64.646
933.63	64.636
933.80	64.792
933.97	64.924
934.14	64.995
934.31	65.047
934.48	64.914
934.65	65.012
934.82	65.112
934.99	65.194
935.16	65.157
935.33	65.185
935.50	65.370
935.67	65.513
935.84	65.471
936.00	65.337
936.17	65.501
936.34	65.629
936.51	65.685
936.68	65.722
936.85	65.742
937.02	65.931
937.19	65.932
937.36	66.046
937.53	66.052
937.70	66.183
937.87	66.241
938.03	66.524
938.20	66.524
938.37	66.554
938.54	66.603
938.71	66.770
938.88	66.802
939.05	66.778
939.22	66.764
939.39	66.805
939.56	67.020
939.72	67.030
939.89	66.986
940.06	66.971
940.23	67.096
940.40	67.252
940.57	67.475
940.74	67.536
940.91	67.504
941.08	67.640
941.24	67.715
941.41	67.868
941.58	67.914
941.75	68.219
941.92	68.476
942.09	68.599
942.26	68.682
942.42	68.641
942.59	68.777
942.76	69.045
942.93	69.284
943.10	69.301
943.27	69.473
943.44	69.716
943.60	69.876
943.77	69.877
943.94	69.915
944.11	69.947
944.28	70.121
944.45	70.290
944.61	70.416
944.78	70.336
944.95	70.290
945.12	70.492
945.29	70.509
945.46	70.281
945.62	70.272
945.79	70.425
945.96	70.789
946.13	71.046
946.30	71.065
946.46	71.041
946.63	71.095
946.80	71.167
946.97	71.302
947.14	71.361
947.31	71.873
947.47	72.004
947.64	71.876
947.81	72.010
947.98	72.001
948.15	71.999
948.31	72.269
948.48	72.396
948.65	72.182
948.82	72.229
948.98	72.357
949.15	72.663
949.32	72.711
949.49	72.757
949.66	72.626
949.82	72.677
949.99	72.744
950.16	72.865
950.33	72.712
950.49	72.728
950.66	72.526
950.83	72.229
951.00	72.232
951.16	72.247
951.33	72.336
951.50	72.359
951.67	72.228
951.83	72.158
952.00	71.998
952.17	72.194
952.34	72.201
952.50	72.179
952.67	72.109
952.84	71.762
953.01	71.628
953.17	71.636
953.34	71.653
953.51	71.522
953.68	71.426
953.84	71.368
954.01	71.152
954.18	71.173
954.34	71.082
954.51	70.934
954.68	70.854
954.85	70.870
955.01	70.951
955.18	71.252
955.35	70.970
955.51	70.919
955.68	70.866
955.85	70.922
956.02	70.804
956.18	70.461
956.35	70.658
956.52	70.666
956.68	70.533
956.85	70.429
957.02	70.601
957.18	70.673
957.35	70.840
957.52	71.005
957.69	70.920
957.85	71.043
958.02	70.866
958.19	70.808
958.35	70.635
958.52	70.293
958.69	69.910
958.85	70.212
959.02	70.467
959.19	70.259
959.35	70.240
959.52	70.509
959.69	70.639
959.85	70.746
960.02	70.563
960.19	70.721
960.35	70.633
960.52	70.424
960.68	70.366
960.85	70.058
961.02	69.487
961.18	69.292
961.35	68.968
961.52	69.117
961.68	68.727
961.85	68.336
962.02	68.228
962.18	68.297
962.35	68.020
962.51	67.646
962.68	67.648
962.85	67.313
963.01	66.864
963.18	66.886
963.35	66.480
963.51	66.355
963.68	66.170
963.84	65.915
964.01	65.976
964.18	65.539
964.34	65.348
964.51	65.604
964.67	65.878
964.84	65.833
965.01	65.544
965.17	65.604
965.34	65.750
965.50	65.918
965.67	65.857
965.84	65.653
966.00	65.725
966.17	65.557
966.33	65.299
966.50	65.250
966.66	64.909
966.83	64.891
967.00	64.848
967.16	64.790
967.33	64.763
967.49	64.589
967.66	64.920
967.82	64.745
967.99	64.824
968.16	64.545
968.32	64.368
968.49	64.148
968.65	64.491
968.82	64.403
968.98	64.076
969.15	63.562
969.31	63.303
969.48	63.269
969.64	63.197
969.81	63.560
969.98	63.566
970.14	63.122
970.31	62.911
970.47	62.809
970.64	62.164
970.80	61.928
970.97	61.532
971.13	61.165
971.30	60.874
971.46	60.258
971.63	60.218
971.79	60.636
971.96	60.990
972.12	60.529
972.29	60.061
972.45	59.948
972.62	60.354
972.78	60.282
972.95	59.650
973.11	59.488
973.28	59.011
973.44	58.741
973.61	59.165
973.77	58.920
973.94	58.733
974.10	59.004
974.27	59.633
974.43	59.991
974.60	59.920
974.76	60.787
974.93	61.048
975.09	60.708
975.26	60.034
975.42	59.705
975.59	59.756
975.75	59.985
975.92	60.016
976.08	59.581
976.24	59.571
976.41	59.621
976.57	59.900
976.74	60.184
976.90	59.947
977.07	59.860
977.23	60.049
977.40	59.583
977.56	59.081
977.73	58.405
977.89	57.874
978.05	57.644
978.22	56.760
978.38	56.557
978.55	56.077
978.71	56.369
978.88	56.627
979.04	56.472
979.20	56.842
979.37	57.007
979.53	56.638
979.70	56.761
979.86	56.776
980.03	56.518
980.19	55.826
980.35	56.130
980.52	55.944
980.68	55.877
980.85	55.588
981.01	55.438
981.17	55.397
981.34	55.454
981.50	55.215
981.67	55.642
981.83	55.305
981.99	55.618
982.16	54.946
982.32	54.288
982.49	54.727
982.65	54.203
982.81	53.764
982.98	53.674
983.14	53.335
983.30	53.570
983.47	52.994
983.63	53.387
983.80	53.318
983.96	53.105
984.12	53.832
984.29	54.825
984.45	54.832
984.61	54.308
984.78	54.301
984.94	54.308
985.10	54.764
985.27	54.333
985.43	54.139
985.59	54.409
985.76	54.085
985.92	53.447
986.08	54.348
986.25	54.443
986.41	55.570
986.57	55.018
986.74	54.540
986.90	54.750
987.06	54.312
987.23	53.562
987.39	53.949
987.55	52.627
987.72	52.055
987.88	51.887
988.04	52.683
988.21	53.129
988.37	52.848
988.53	51.438
988.70	52.977
988.86	53.288
989.02	52.830
989.19	53.322
989.35	53.741
989.51	52.519
989.67	51.747
989.84	51.527
990.00	51.878
990.16	52.345
990.33	52.010
990.49	51.873
990.65	52.631
990.82	52.641
990.98	53.159
991.14	53.365
991.30	53.599
991.47	52.462
991.63	53.203
991.79	54.592
991.95	55.366
992.12	54.420
992.28	55.262
992.44	56.515
992.61	56.342
992.77	55.791
992.93	56.329
993.09	56.784
993.26	56.587
993.42	56.670
993.58	55.877
993.74	56.662
993.91	57.514
994.07	56.626
994.23	56.219
994.39	55.807
994.55	56.980
994.72	57.374
994.88	58.034
995.04	56.291
995.20	55.394
995.37	55.198
995.53	56.694
995.69	56.553
995.85	55.201
996.02	54.724
996.18	55.720
996.34	55.842
996.50	56.160
996.66	57.360
996.83	56.595
996.99	57.749
997.15	56.640
997.31	55.269
997.47	56.289
997.64	56.227
997.80	56.913
997.96	55.946
998.12	56.130
998.28	56.618
998.45	57.390
998.61	58.318
998.77	58.390
998.93	56.729
999.09	56.521
999.25	57.509
999.42	59.136
999.58	59.019
999.74	57.732
999.90	56.995
1000.06	56.720
1000.22	57.953
1000.39	58.864
1000.55	59.990
1000.71	61.289
1000.87	61.407
1001.03	61.695
1001.19	62.806
1001.36	62.532
1001.52	62.397
1001.68	61.851
1001.84	62.185
1002.00	59.956
1002.16	57.930
1002.32	58.550
1002.49	57.254
1002.65	55.643
1002.81	54.796
1002.97	54.589
1003.13	54.758
1003.29	56.962
1003.45	55.200
1003.62	55.897
1003.78	53.422
1003.94	53.610
1004.10	54.374
1004.26	54.108
1004.42	53.587
1004.58	51.148
1004.74	51.996
1004.90	52.639
1005.07	52.979
1005.23	54.249
1005.39	57.265
1005.55	59.886
1005.71	59.033
1005.87	59.409
1006.03	59.569
1006.19	59.375
1006.35	59.707
1006.51	62.288
1006.67	62.398
1006.84	60.863
1007.00	61.184
1007.16	63.072
1007.32	61.763
1007.48	60.189
1007.64	60.959
1007.80	61.872
1007.96	60.405
1008.12	59.267
1008.28	57.098
1008.44	58.548
1008.60	56.851
1008.76	54.541
1008.92	52.975
1009.09	52.197
1009.25	53.625
1009.41	52.780
1009.57	53.858
1009.73	53.555
1009.89	54.363
1010.05	54.529
1010.21	56.913
1010.37	56.414
1010.53	59.943
1010.69	60.542
1010.85	60.731
1011.01	58.704
1011.17	58.245
1011.33	60.834
1011.49	62.666
1011.65	64.223
1011.81	63.776
1011.97	61.497
1012.13	63.318
1012.29	63.612
1012.45	68.042
1012.61	69.447
1012.77	71.870
1012.93	67.807
1013.09	67.874
1013.25	63.831
1013.41	60.912
1013.57	59.298
1013.73	60.045
1013.89	55.241
1014.05	60.469
1014.21	58.090
1014.37	56.353
1014.53	52.889
1014.69	56.099
1014.85	59.072
1015.01	59.778
1015.17	59.860
1015.33	63.491
1015.49	62.967
1015.65	62.972
1015.81	60.379
1015.97	57.283
1016.13	55.291
1016.29	62.116
1016.45	63.468
1016.61	62.571
1016.77	60.865
1016.93	64.651
1017.09	63.455
1017.25	66.419
1017.41	62.296
1017.56	66.576
1017.72	73.040
1017.88	74.656
1018.04	72.708
1018.20	65.066
1018.36	64.863
1018.52	63.367
1018.68	59.806
1018.84	56.838
1019.00	60.033
1019.16	59.958
1019.32	65.547
1019.48	69.796
1019.64	66.313
1019.79	61.142
1019.95	56.529
1020.11	62.339
1020.27	60.972
1020.43	63.000
1020.59	59.134
1020.75	50.191
1020.91	53.659
1021.07	51.991
1021.23	48.621
1021.39	49.945
1021.54	55.133
1021.70	53.142
1021.86	49.772
1022.02	55.281
1022.18	60.073
1022.34	61.148
1022.50	68.348
1022.66	63.142
1022.82	60.279
1022.97	57.404
1023.13	62.048
1023.29	69.804
1023.45	70.841
1023.61	69.634
1023.77	62.862
1023.93	63.664
1024.08	67.978
1024.24	63.526
1024.40	60.625
1024.56	68.029
1024.72	64.683
1024.88	52.509
1025.04	53.535
1025.19	56.893
1025.35	49.352
1025.51	50.000
1025.67	55.770
1025.83	33.984
1025.99	34.799
1026.14	34.309
1026.30	34.688
1026.46	32.595
1026.62	39.930
1026.78	36.202
1026.94	34.029
1027.09	35.410
1027.25	32.347
1027.41	32.613
1027.57	27.809
1027.73	27.330
1027.89	27.715
1028.04	34.128
1028.20	42.981
1028.36	40.273
1028.52	36.951
1028.68	34.606
1028.83	29.377
1028.99	25.238
1029.15	34.681
1029.31	31.253
1029.47	39.484
1029.62	38.846
1029.78	36.988
1029.94	30.312
1030.10	34.121
1030.25	37.073
1030.41	44.262
1030.57	44.675
1030.73	49.795
1030.89	48.104
1031.04	58.235
1031.20	55.209
1031.36	46.773
1031.52	41.461
1031.67	57.465
1031.83	59.100
1031.99	76.004
1032.15	79.159
1032.30	88.202
1032.46	89.587
1032.62	80.395
1032.78	53.199
1032.93	66.809
1033.09	65.470
1033.25	64.205
1033.41	47.590
1033.56	36.000
1033.72	79.412
1033.88	250.000
1034.04	15.190
1034.19	-94.545
1034.35	28.378
1034.51	-30.435
1034.66	63.121
1034.82	2500.000
1034.98	2500.000
1035.14	2500.000
