345.22	29.968
345.43	29.968
345.65	29.968
345.86	61.250
346.08	98.201
346.29	40.399
346.51	8.423
346.72	76.742
346.94	-102.372
347.15	-57.849
347.37	46.488
347.58	78.333
347.80	107.488
348.01	99.280
348.23	83.412
348.44	78.444
348.66	78.887
348.87	81.094
349.09	80.091
349.30	73.620
349.52	69.488
349.73	74.278
349.95	75.404
350.16	78.107
350.38	76.286
350.59	70.735
350.81	69.694
351.02	68.608
351.24	68.740
351.45	68.027
351.67	70.191
351.88	69.617
352.10	65.993
352.31	64.795
352.53	67.636
352.74	68.786
352.96	69.766
353.17	68.696
353.39	69.858
353.60	71.827
353.82	72.063
354.03	71.978
354.25	67.601
354.46	63.084
354.67	60.213
354.89	58.254
355.10	62.598
355.32	61.985
355.53	63.208
355.75	65.411
355.96	66.844
356.18	66.567
356.39	66.693
356.61	70.483
356.82	69.999
357.04	67.648
357.25	67.913
357.46	67.742
357.68	67.472
357.89	66.008
358.11	64.471
358.32	67.886
358.54	65.751
358.75	66.829
358.97	68.648
359.18	71.906
359.40	71.757
359.61	71.385
359.82	72.610
360.04	72.827
360.25	70.741
360.47	66.915
360.68	66.217
360.90	66.412
361.11	64.875
361.32	65.032
361.54	68.041
361.75	67.735
361.97	68.869
362.18	69.706
362.40	71.208
362.61	72.174
362.83	71.288
363.04	73.079
363.25	74.354
363.47	75.528
363.68	72.544
363.90	75.958
364.11	76.884
364.32	77.268
364.54	75.958
364.75	73.266
364.97	76.427
365.18	75.923
365.40	74.341
365.61	73.743
365.82	74.675
366.04	72.964
366.25	72.459
366.47	70.555
366.68	69.139
366.89	69.932
367.11	68.029
367.32	68.494
367.54	66.390
367.75	66.052
367.96	65.402
368.18	66.496
368.39	65.216
368.61	65.391
368.82	66.299
369.03	68.455
369.25	71.464
369.46	72.078
369.68	72.446
369.89	73.475
370.10	74.324
370.32	74.276
370.53	74.305
370.75	71.538
370.96	73.670
371.17	74.597
371.39	72.334
371.60	72.581
371.81	73.160
372.03	75.285
372.24	76.252
372.46	79.124
372.67	80.024
372.88	79.187
373.10	78.452
373.31	77.010
373.52	75.924
373.74	74.578
373.95	74.398
374.17	75.617
374.38	76.843
374.59	77.079
374.81	76.015
375.02	74.497
375.23	76.997
375.45	75.285
375.66	73.712
375.87	75.103
376.09	75.528
376.30	74.324
376.52	75.756
376.73	73.040
376.94	71.297
377.16	72.289
377.37	76.000
377.58	76.554
377.80	78.144
378.01	79.717
378.22	81.493
378.44	82.401
378.65	84.499
378.86	85.234
379.08	86.149
379.29	86.815
379.50	89.973
379.72	90.503
379.93	93.518
380.14	96.711
380.36	97.879
380.57	99.568
380.78	100.252
381.00	101.349
381.21	103.146
381.42	104.607
381.64	105.310
381.85	105.298
382.06	105.895
382.28	106.160
382.49	106.213
382.70	107.025
382.92	107.497
383.13	107.214
383.34	107.925
383.56	109.154
383.77	110.696
383.98	110.640
384.20	111.960
384.41	112.327
384.62	112.793
384.83	113.607
385.05	114.314
385.26	115.423
385.47	116.346
385.69	117.433
385.90	118.361
386.11	119.139
386.33	120.078
386.54	120.899
386.75	121.588
386.97	122.653
387.18	123.351
387.39	124.160
387.60	124.449
387.82	124.794
388.03	125.010
388.24	125.376
388.46	125.611
388.67	125.569
388.88	125.406
389.09	125.116
389.31	124.702
389.52	124.276
389.73	123.588
389.95	123.006
390.16	122.355
390.37	121.820
390.58	121.275
390.80	120.522
391.01	119.961
391.22	119.418
391.44	118.598
391.65	117.932
391.86	117.323
392.07	117.150
392.29	116.830
392.50	116.503
392.71	116.174
392.92	116.090
393.14	115.917
393.35	115.946
393.56	116.172
393.78	116.436
393.99	116.907
394.20	117.487
394.41	117.996
394.63	118.504
394.84	119.225
395.05	120.064
395.26	120.836
395.48	121.635
395.69	122.361
395.90	123.326
396.11	124.195
396.33	124.983
396.54	125.792
396.75	126.407
396.96	127.037
397.18	127.556
397.39	128.037
397.60	128.499
397.81	128.818
398.03	128.957
398.24	129.032
398.45	128.917
398.66	128.730
398.87	128.486
399.09	128.137
399.30	127.560
399.51	126.813
399.72	126.149
399.94	125.389
400.15	124.571
400.36	123.638
400.57	122.684
400.79	121.773
401.00	120.759
401.21	119.883
401.42	118.997
401.63	118.135
401.85	117.356
402.06	116.716
402.27	116.115
402.48	115.656
402.69	115.290
402.91	114.964
403.12	114.699
403.33	114.674
403.54	114.801
403.76	114.881
403.97	115.179
404.18	115.576
404.39	116.091
404.60	116.712
404.82	117.420
405.03	118.223
405.24	119.006
405.45	119.848
405.66	120.725
405.88	121.602
406.09	122.549
406.30	123.348
406.51	124.050
406.72	124.772
406.94	125.411
407.15	125.964
407.36	126.536
407.57	127.027
407.78	127.337
407.99	127.476
408.21	127.603
408.42	127.618
408.63	127.555
408.84	127.285
409.05	126.953
409.27	126.428
409.48	125.746
409.69	125.018
409.90	124.290
410.11	123.486
410.32	122.644
410.54	121.659
410.75	120.643
410.96	119.634
411.17	118.609
411.38	117.618
411.59	116.660
411.81	115.662
412.02	114.717
412.23	113.846
412.44	113.096
412.65	112.488
412.86	111.976
413.08	111.484
413.29	111.093
413.50	110.888
413.71	110.813
413.92	110.840
414.13	110.968
414.34	111.183
414.56	111.424
414.77	111.807
414.98	112.269
415.19	112.946
415.40	113.690
415.61	114.469
415.82	115.248
416.04	116.106
416.25	116.938
416.46	117.824
416.67	118.746
416.88	119.585
417.09	120.400
417.30	121.117
417.52	121.854
417.73	122.469
417.94	123.002
418.15	123.467
418.36	123.917
418.57	124.179
418.78	124.341
418.99	124.478
419.21	124.479
419.42	124.398
419.63	124.174
419.84	123.826
420.05	123.367
420.26	122.802
420.47	122.096
420.68	121.428
420.89	120.662
421.11	119.761
421.32	118.921
421.53	117.986
421.74	117.056
421.95	116.125
422.16	115.229
422.37	114.341
422.58	113.403
422.79	112.501
423.01	111.716
423.22	110.958
423.43	110.311
423.64	109.719
423.85	109.245
424.06	108.870
424.27	108.584
424.48	108.401
424.69	108.407
424.90	108.495
425.11	108.665
425.33	108.956
425.54	109.332
425.75	109.755
425.96	110.269
426.17	110.887
426.38	111.561
426.59	112.303
426.80	113.085
427.01	113.944
427.22	114.848
427.43	115.833
427.64	116.737
427.85	117.594
428.07	118.482
428.28	119.288
428.49	120.082
428.70	120.833
428.91	121.528
429.12	122.098
429.33	122.652
429.54	123.118
429.75	123.471
429.96	123.798
430.17	124.020
430.38	124.137
430.59	124.085
430.80	123.939
431.01	123.692
431.22	123.386
431.44	122.960
431.65	122.465
431.86	121.829
432.07	121.173
432.28	120.462
432.49	119.675
432.70	118.829
432.91	117.906
433.12	116.942
433.33	115.968
433.54	115.051
433.75	114.113
433.96	113.201
434.17	112.236
434.38	111.356
434.59	110.529
434.80	109.743
435.01	109.125
435.22	108.556
435.43	108.090
435.64	107.678
435.85	107.355
436.06	107.122
436.27	107.014
436.48	107.012
436.69	107.057
436.90	107.235
437.11	107.529
437.33	107.907
437.54	108.388
437.75	108.978
437.96	109.563
438.17	110.221
438.38	110.888
438.59	111.679
438.80	112.455
439.01	113.323
439.22	114.238
439.43	114.995
439.64	115.804
439.85	116.596
440.06	117.345
440.27	118.116
440.48	118.788
440.69	119.409
440.90	119.970
441.11	120.530
441.32	120.968
441.53	121.320
441.74	121.567
441.95	121.766
442.16	121.849
442.37	121.813
442.58	121.717
442.79	121.552
443.00	121.288
443.21	120.949
443.42	120.448
443.62	119.801
443.83	119.265
444.04	118.605
444.25	117.894
444.46	117.109
444.67	116.254
444.88	115.397
445.09	114.484
445.30	113.550
445.51	112.572
445.72	111.591
445.93	110.685
446.14	109.781
446.35	108.864
446.56	108.037
446.77	107.267
446.98	106.510
447.19	105.806
447.40	105.201
447.61	104.622
447.82	104.152
448.03	103.814
448.24	103.498
448.45	103.284
448.66	103.169
448.87	103.137
449.08	103.216
449.29	103.356
449.49	103.597
449.70	103.930
449.91	104.319
450.12	104.808
450.33	105.317
450.54	105.911
450.75	106.570
450.96	107.229
451.17	107.951
451.38	108.685
451.59	109.450
451.80	110.186
452.01	110.955
452.22	111.733
452.43	112.444
452.64	113.131
452.84	113.809
453.05	114.420
453.26	115.027
453.47	115.533
453.68	116.012
453.89	116.424
454.10	116.722
454.31	116.999
454.52	117.152
454.73	117.260
454.94	117.255
455.15	117.159
455.36	116.971
455.56	116.712
455.77	116.373
455.98	115.980
456.19	115.523
456.40	115.003
456.61	114.426
456.82	113.755
457.03	113.039
457.24	112.260
457.45	111.465
457.65	110.578
457.86	109.712
458.07	108.832
458.28	107.876
458.49	106.990
458.70	106.054
458.91	105.166
459.12	104.287
459.33	103.405
459.54	102.602
459.74	101.843
459.95	101.110
460.16	100.483
460.37	99.910
460.58	99.411
460.79	98.959
461.00	98.553
461.21	98.264
461.41	98.047
461.62	97.911
461.83	97.878
462.04	97.934
462.25	98.009
462.46	98.200
462.67	98.493
462.88	98.847
463.08	99.287
463.29	99.749
463.50	100.285
463.71	100.911
463.92	101.543
464.13	102.186
464.34	102.879
464.54	103.600
464.75	104.341
464.96	105.068
465.17	105.795
465.38	106.492
465.59	107.220
465.80	107.906
466.00	108.546
466.21	109.146
466.42	109.700
466.63	110.267
466.84	110.762
467.05	111.178
467.26	111.534
467.46	111.772
467.67	111.994
467.88	112.151
468.09	112.200
468.30	112.216
468.51	112.162
468.71	112.008
468.92	111.796
469.13	111.500
469.34	111.154
469.55	110.713
469.76	110.251
469.96	109.690
470.17	109.079
470.38	108.445
470.59	107.737
470.80	106.987
471.00	106.246
471.21	105.435
471.42	104.638
471.63	103.805
471.84	102.991
472.05	102.150
472.25	101.307
472.46	100.489
472.67	99.647
472.88	98.882
473.09	98.118
473.29	97.366
473.50	96.692
473.71	96.039
473.92	95.446
474.13	94.905
474.33	94.437
474.54	94.033
474.75	93.690
474.96	93.413
475.17	93.211
475.37	93.036
475.58	92.962
475.79	92.957
476.00	93.033
476.21	93.182
476.41	93.386
476.62	93.664
476.83	93.990
477.04	94.421
477.24	94.857
477.45	95.363
477.66	95.908
477.87	96.461
478.08	97.078
478.28	97.692
478.49	98.354
478.70	99.035
478.91	99.698
479.11	100.362
479.32	101.049
479.53	101.700
479.74	102.369
479.94	102.989
480.15	103.562
480.36	104.099
480.57	104.605
480.78	105.106
480.98	105.510
481.19	105.877
481.40	106.175
481.61	106.456
481.81	106.656
482.02	106.793
482.23	106.903
482.44	106.907
482.64	106.880
482.85	106.776
483.06	106.588
483.27	106.378
483.47	106.116
483.68	105.776
483.89	105.382
484.10	104.923
484.30	104.427
484.51	103.866
484.72	103.294
484.92	102.644
485.13	101.983
485.34	101.300
485.55	100.577
485.75	99.840
485.96	99.060
486.17	98.286
486.38	97.517
486.58	96.730
486.79	95.970
487.00	95.204
487.20	94.446
487.41	93.734
487.62	93.041
487.83	92.365
488.03	91.722
488.24	91.128
488.45	90.563
488.65	90.035
488.86	89.572
489.07	89.152
489.28	88.799
489.48	88.489
489.69	88.277
489.90	88.094
490.10	87.989
490.31	87.943
490.52	87.934
490.73	87.999
490.93	88.121
491.14	88.293
491.35	88.528
491.55	88.811
491.76	89.139
491.97	89.508
492.17	89.909
492.38	90.362
492.59	90.847
492.79	91.377
493.00	91.930
493.21	92.504
493.41	93.085
493.62	93.680
493.83	94.290
494.04	94.858
494.24	95.451
494.45	96.031
494.66	96.584
494.86	97.159
495.07	97.683
495.28	98.205
495.48	98.680
495.69	99.124
495.90	99.543
496.10	99.922
496.31	100.242
496.52	100.518
496.72	100.781
496.93	100.988
497.14	101.135
497.34	101.215
497.55	101.269
497.76	101.263
497.96	101.199
498.17	101.079
498.37	100.924
498.58	100.697
498.79	100.418
498.99	100.115
499.20	99.739
499.41	99.319
499.61	98.837
499.82	98.337
500.03	97.787
500.23	97.224
500.44	96.611
500.65	95.984
500.85	95.340
501.06	94.641
501.26	93.941
501.47	93.227
501.68	92.521
501.88	91.790
502.09	91.072
502.30	90.354
502.50	89.647
502.71	88.956
502.91	88.284
503.12	87.629
503.33	86.997
503.53	86.409
503.74	85.842
503.95	85.306
504.15	84.808
504.36	84.345
504.56	83.918
504.77	83.554
504.98	83.215
505.18	82.947
505.39	82.719
505.59	82.540
505.80	82.415
506.01	82.346
506.21	82.327
506.42	82.362
506.62	82.438
506.83	82.556
507.04	82.734
507.24	82.949
507.45	83.216
507.65	83.520
507.86	83.848
508.07	84.222
508.27	84.636
508.48	85.071
508.68	85.552
508.89	86.038
509.10	86.532
509.30	87.050
509.51	87.566
509.71	88.092
509.92	88.623
510.12	89.151
510.33	89.674
510.54	90.183
510.74	90.687
510.95	91.170
511.15	91.643
511.36	92.102
511.56	92.541
511.77	92.936
511.98	93.312
512.18	93.661
512.39	93.977
512.59	94.253
512.80	94.492
513.00	94.684
513.21	94.836
513.42	94.960
513.62	95.036
513.83	95.073
514.03	95.056
514.24	94.989
514.44	94.871
514.65	94.724
514.85	94.538
515.06	94.310
515.26	94.034
515.47	93.723
515.68	93.360
515.88	92.969
516.09	92.539
516.29	92.078
516.50	91.587
516.70	91.059
516.91	90.509
517.11	89.937
517.32	89.350
517.52	88.743
517.73	88.137
517.93	87.506
518.14	86.870
518.34	86.240
518.55	85.609
518.76	84.986
518.96	84.352
519.17	83.722
519.37	83.100
519.58	82.514
519.78	81.930
519.99	81.361
520.19	80.814
520.40	80.315
520.60	79.834
520.81	79.377
521.01	78.948
521.22	78.573
521.42	78.228
521.63	77.918
521.83	77.646
522.04	77.406
522.24	77.227
522.45	77.087
522.65	76.993
522.86	76.946
523.06	76.930
523.27	76.968
523.47	77.046
523.68	77.165
523.88	77.311
524.09	77.505
524.29	77.744
524.50	78.018
524.70	78.313
524.91	78.637
525.11	79.007
525.32	79.410
525.52	79.820
525.72	80.273
525.93	80.737
526.13	81.227
526.34	81.713
526.54	82.224
526.75	82.717
526.95	83.225
527.16	83.721
527.36	84.230
527.57	84.724
527.77	85.207
527.98	85.695
528.18	86.171
528.39	86.620
528.59	87.065
528.79	87.476
529.00	87.881
529.20	88.256
529.41	88.624
529.61	88.953
529.82	89.239
530.02	89.485
530.23	89.713
530.43	89.891
530.64	90.052
530.84	90.161
531.04	90.231
531.25	90.288
531.45	90.312
531.66	90.293
531.86	90.236
532.07	90.133
532.27	89.992
532.47	89.821
532.68	89.632
532.88	89.403
533.09	89.142
533.29	88.825
533.50	88.485
533.70	88.081
533.90	87.678
534.11	87.262
534.31	86.820
534.52	86.344
534.72	85.874
534.93	85.380
535.13	84.854
535.33	84.342
535.54	83.786
535.74	83.236
535.95	82.663
536.15	82.117
536.35	81.563
536.56	81.014
536.76	80.450
536.97	79.909
537.17	79.363
537.37	78.833
537.58	78.336
537.78	77.851
537.99	77.394
538.19	76.935
538.39	76.501
538.60	76.094
538.80	75.731
539.01	75.371
539.21	75.049
539.41	74.771
539.62	74.512
539.82	74.296
540.03	74.103
540.23	73.964
540.43	73.843
540.64	73.783
540.84	73.743
541.04	73.754
541.25	73.804
541.45	73.887
541.66	74.002
541.86	74.154
542.06	74.344
542.27	74.561
542.47	74.829
542.67	75.106
542.88	75.422
543.08	75.759
543.28	76.133
543.49	76.521
543.69	76.936
543.90	77.378
544.10	77.817
544.30	78.301
544.51	78.778
544.71	79.289
544.91	79.778
545.12	80.287
545.32	80.804
545.52	81.293
545.73	81.805
545.93	82.307
546.13	82.781
546.34	83.245
546.54	83.703
546.74	84.140
546.95	84.591
547.15	85.013
547.35	85.401
547.56	85.793
547.76	86.169
547.96	86.506
548.17	86.836
548.37	87.149
548.57	87.399
548.78	87.632
548.98	87.830
549.18	87.993
549.39	88.125
549.59	88.228
549.79	88.321
550.00	88.365
550.20	88.409
550.40	88.398
550.61	88.366
550.81	88.296
551.01	88.195
551.22	88.060
551.42	87.889
551.62	87.696
551.82	87.453
552.03	87.201
552.23	86.920
552.43	86.599
552.64	86.263
552.84	85.903
553.04	85.518
553.25	85.112
553.45	84.681
553.65	84.239
553.85	83.796
554.06	83.334
554.26	82.848
554.46	82.337
554.67	81.838
554.87	81.323
555.07	80.825
555.27	80.311
555.48	79.794
555.68	79.295
555.88	78.791
556.09	78.300
556.29	77.792
556.49	77.311
556.69	76.828
556.90	76.359
557.10	75.928
557.30	75.524
557.50	75.117
557.71	74.757
557.91	74.413
558.11	74.074
558.31	73.771
558.52	73.499
558.72	73.258
558.92	73.045
559.13	72.864
559.33	72.706
559.53	72.574
559.73	72.489
559.94	72.425
560.14	72.389
560.34	72.381
560.54	72.413
560.75	72.484
560.95	72.579
561.15	72.721
561.35	72.873
561.55	73.046
561.76	73.262
561.96	73.485
562.16	73.752
562.36	74.056
562.57	74.370
562.77	74.706
562.97	75.065
563.17	75.436
563.38	75.822
563.58	76.229
563.78	76.656
563.98	77.088
564.18	77.524
564.39	77.984
564.59	78.445
564.79	78.922
564.99	79.383
565.20	79.846
565.40	80.288
565.60	80.736
565.80	81.200
566.00	81.637
566.21	82.078
566.41	82.489
566.61	82.894
566.81	83.295
567.01	83.681
567.22	84.058
567.42	84.418
567.62	84.744
567.82	85.057
568.02	85.350
568.23	85.619
568.43	85.867
568.63	86.098
568.83	86.288
569.03	86.442
569.24	86.585
569.44	86.711
569.64	86.814
569.84	86.897
570.04	86.924
570.24	86.943
570.45	86.935
570.65	86.903
570.85	86.837
571.05	86.732
571.25	86.601
571.45	86.435
571.66	86.264
571.86	86.074
572.06	85.837
572.26	85.587
572.46	85.320
572.66	85.041
572.87	84.719
573.07	84.397
573.27	84.052
573.47	83.691
573.67	83.305
573.87	82.896
574.08	82.468
574.28	82.053
574.48	81.620
574.68	81.168
574.88	80.716
575.08	80.240
575.28	79.772
575.49	79.307
575.69	78.843
575.89	78.355
576.09	77.893
576.29	77.424
576.49	76.958
576.69	76.495
576.90	76.044
577.10	75.607
577.30	75.178
577.50	74.773
577.70	74.369
577.90	73.984
578.10	73.637
578.30	73.301
578.51	72.981
578.71	72.687
578.91	72.411
579.11	72.150
579.31	71.922
579.51	71.715
579.71	71.537
579.91	71.374
580.12	71.253
580.32	71.154
580.52	71.092
580.72	71.043
580.92	71.022
581.12	71.016
581.32	71.051
581.52	71.125
581.72	71.205
581.92	71.319
582.13	71.468
582.33	71.617
582.53	71.806
582.73	72.008
582.93	72.238
583.13	72.495
583.33	72.781
583.53	73.082
583.73	73.405
583.93	73.747
584.13	74.110
584.34	74.498
584.54	74.868
584.74	75.245
584.94	75.662
585.14	76.082
585.34	76.513
585.54	76.916
585.74	77.332
585.94	77.768
586.14	78.215
586.34	78.640
586.54	79.085
586.74	79.522
586.94	79.965
587.15	80.408
587.35	80.829
587.55	81.239
587.75	81.649
587.95	82.032
588.15	82.401
588.35	82.756
588.55	83.103
588.75	83.449
588.95	83.777
589.15	84.079
589.35	84.368
589.55	84.634
589.75	84.917
589.95	85.157
590.15	85.373
590.35	85.557
590.55	85.733
590.75	85.880
590.95	85.998
591.15	86.093
591.35	86.154
591.56	86.196
591.76	86.217
591.96	86.208
592.16	86.194
592.36	86.149
592.56	86.089
592.76	85.991
592.96	85.885
593.16	85.739
593.36	85.578
593.56	85.403
593.76	85.215
593.96	84.981
594.16	84.748
594.36	84.493
594.56	84.218
594.76	83.926
594.96	83.626
595.16	83.292
595.36	82.954
595.56	82.591
595.76	82.211
595.96	81.813
596.16	81.426
596.36	81.018
596.56	80.614
596.76	80.180
596.96	79.752
597.16	79.321
597.36	78.902
597.56	78.468
597.76	78.023
597.96	77.582
598.16	77.148
598.36	76.715
598.56	76.278
598.76	75.854
598.96	75.447
599.16	75.039
599.36	74.666
599.56	74.294
599.76	73.927
599.96	73.585
600.15	73.258
600.35	72.947
600.55	72.651
600.75	72.357
600.95	72.099
601.15	71.844
601.35	71.601
601.55	71.382
601.75	71.197
601.95	71.029
602.15	70.889
602.35	70.752
602.55	70.651
602.75	70.580
602.95	70.519
603.15	70.467
603.35	70.457
603.55	70.457
603.75	70.473
603.95	70.524
604.15	70.592
604.35	70.691
604.54	70.800
604.74	70.952
604.94	71.114
605.14	71.290
605.34	71.492
605.54	71.727
605.74	71.982
605.94	72.242
606.14	72.529
606.34	72.824
606.54	73.146
606.74	73.483
606.94	73.825
607.14	74.192
607.33	74.581
607.53	74.962
607.73	75.350
607.93	75.740
608.13	76.142
608.33	76.556
608.53	76.956
608.73	77.374
608.93	77.767
609.13	78.177
609.33	78.591
609.52	79.002
609.72	79.400
609.92	79.785
610.12	80.177
610.32	80.562
610.52	80.952
610.72	81.318
610.92	81.673
611.12	82.027
611.31	82.368
611.51	82.691
611.71	83.007
611.91	83.321
612.11	83.631
612.31	83.926
612.51	84.188
612.71	84.455
612.91	84.686
613.10	84.912
613.30	85.144
613.50	85.341
613.70	85.516
613.90	85.667
614.10	85.798
614.30	85.895
614.50	85.981
614.69	86.029
614.89	86.071
615.09	86.092
615.29	86.092
615.49	86.073
615.69	86.032
615.89	85.977
616.08	85.903
616.28	85.801
616.48	85.680
616.68	85.535
616.88	85.372
617.08	85.190
617.27	85.008
617.47	84.785
617.67	84.547
617.87	84.294
618.07	84.035
618.27	83.766
618.47	83.493
618.66	83.195
618.86	82.895
619.06	82.571
619.26	82.247
619.46	81.911
619.66	81.551
619.85	81.184
620.05	80.806
620.25	80.407
620.45	80.016
620.65	79.612
620.84	79.236
621.04	78.842
621.24	78.470
621.44	78.063
621.64	77.645
621.84	77.252
622.03	76.853
622.23	76.463
622.43	76.075
622.63	75.693
622.83	75.316
623.02	74.942
623.22	74.589
623.42	74.219
623.62	73.872
623.82	73.547
624.01	73.223
624.21	72.912
624.41	72.624
624.61	72.352
624.81	72.101
625.00	71.842
625.20	71.602
625.40	71.370
625.60	71.167
625.79	70.995
625.99	70.844
626.19	70.704
626.39	70.583
626.59	70.476
626.78	70.402
626.98	70.343
627.18	70.300
627.38	70.282
627.57	70.308
627.77	70.332
627.97	70.374
628.17	70.450
628.37	70.533
628.56	70.652
628.76	70.774
628.96	70.910
629.16	71.068
629.35	71.270
629.55	71.476
629.75	71.704
629.95	71.945
630.14	72.190
630.34	72.462
630.54	72.744
630.74	73.035
630.93	73.339
631.13	73.651
631.33	73.971
631.53	74.282
631.72	74.604
631.92	74.950
632.12	75.313
632.31	75.668
632.51	76.057
632.71	76.436
632.91	76.813
633.10	77.200
633.30	77.601
633.50	77.972
633.70	78.369
633.89	78.751
634.09	79.143
634.29	79.526
634.48	79.901
634.68	80.289
634.88	80.671
635.08	81.048
635.27	81.433
635.47	81.809
635.67	82.190
635.86	82.561
636.06	82.915
636.26	83.239
636.46	83.566
636.65	83.873
636.85	84.185
637.05	84.486
637.24	84.752
637.44	85.011
637.64	85.265
637.83	85.510
638.03	85.747
638.23	85.943
638.43	86.136
638.62	86.306
638.82	86.444
639.02	86.579
639.21	86.689
639.41	86.771
639.61	86.858
639.80	86.919
640.00	86.962
640.20	87.009
640.39	87.047
640.59	87.054
640.79	87.045
640.98	87.006
641.18	86.959
641.38	86.910
641.57	86.828
641.77	86.724
641.97	86.590
642.16	86.447
642.36	86.301
642.56	86.141
642.75	85.982
642.95	85.795
643.15	85.594
643.34	85.394
643.54	85.176
643.74	84.923
643.93	84.671
644.13	84.383
644.33	84.076
644.52	83.769
644.72	83.465
644.91	83.144
645.11	82.801
645.31	82.461
645.50	82.122
645.70	81.786
645.90	81.446
646.09	81.090
646.29	80.725
646.48	80.356
646.68	79.971
646.88	79.588
647.07	79.214
647.27	78.832
647.47	78.443
647.66	78.067
647.86	77.690
648.05	77.324
648.25	76.971
648.45	76.616
648.64	76.255
648.84	75.911
649.04	75.562
649.23	75.225
649.43	74.901
649.62	74.574
649.82	74.246
650.02	73.939
650.21	73.649
650.41	73.385
650.60	73.131
650.80	72.906
651.00	72.662
651.19	72.450
651.39	72.249
651.58	72.058
651.78	71.890
651.97	71.754
652.17	71.616
652.37	71.488
652.56	71.396
652.76	71.312
652.95	71.241
653.15	71.213
653.35	71.186
653.54	71.168
653.74	71.160
653.93	71.183
654.13	71.220
654.32	71.262
654.52	71.303
654.72	71.379
654.91	71.468
655.11	71.586
655.30	71.720
655.50	71.870
655.69	72.035
655.89	72.202
656.08	72.377
656.28	72.576
656.48	72.794
656.67	73.014
656.87	73.253
657.06	73.491
657.26	73.734
657.45	74.007
657.65	74.296
657.84	74.606
658.04	74.909
658.23	75.232
658.43	75.571
658.62	75.923
658.82	76.265
659.02	76.614
659.21	76.981
659.41	77.333
659.60	77.695
659.80	78.064
659.99	78.454
660.19	78.835
660.38	79.220
660.58	79.594
660.77	79.982
660.97	80.351
661.16	80.726
661.36	81.089
661.55	81.463
661.75	81.827
661.94	82.177
662.14	82.538
662.33	82.895
662.53	83.240
662.72	83.579
662.92	83.906
663.11	84.218
663.31	84.535
663.50	84.852
663.70	85.166
663.89	85.466
664.09	85.740
664.28	86.020
664.48	86.276
664.67	86.545
664.87	86.771
665.06	87.008
665.26	87.224
665.45	87.432
665.65	87.621
665.84	87.810
666.04	87.977
666.23	88.107
666.43	88.216
666.62	88.315
666.82	88.402
667.01	88.481
667.21	88.550
667.40	88.588
667.59	88.630
667.79	88.636
667.98	88.615
668.18	88.584
668.37	88.532
668.57	88.494
668.76	88.422
668.96	88.332
669.15	88.233
669.35	88.141
669.54	88.017
669.73	87.887
669.93	87.738
670.12	87.588
670.32	87.445
670.51	87.276
670.71	87.095
670.90	86.910
671.10	86.713
671.29	86.489
671.48	86.253
671.68	86.003
671.87	85.753
672.07	85.493
672.26	85.259
672.46	84.991
672.65	84.707
672.84	84.417
673.04	84.133
673.23	83.835
673.43	83.520
673.62	83.215
673.82	82.900
674.01	82.553
674.20	82.218
674.40	81.865
674.59	81.527
674.79	81.195
674.98	80.848
675.17	80.497
675.37	80.165
675.56	79.828
675.76	79.484
675.95	79.126
676.14	78.795
676.34	78.430
676.53	78.090
676.73	77.743
676.92	77.395
677.11	77.057
677.31	76.722
677.50	76.407
677.70	76.084
677.89	75.764
678.08	75.479
678.28	75.194
678.47	74.929
678.66	74.670
678.86	74.422
679.05	74.178
679.25	73.959
679.44	73.748
679.63	73.564
679.83	73.376
680.02	73.215
680.21	73.058
680.41	72.918
680.60	72.774
680.79	72.654
680.99	72.554
681.18	72.452
681.38	72.374
681.57	72.319
681.76	72.286
681.96	72.263
682.15	72.244
682.34	72.227
682.54	72.223
682.73	72.246
682.92	72.266
683.12	72.324
683.31	72.390
683.50	72.464
683.70	72.552
683.89	72.643
684.08	72.762
684.28	72.896
684.47	73.036
684.66	73.201
684.86	73.375
685.05	73.566
685.24	73.775
685.44	73.985
685.63	74.198
685.82	74.430
686.02	74.661
686.21	74.933
686.40	75.209
686.60	75.502
686.79	75.800
686.98	76.104
687.18	76.414
687.37	76.725
687.56	77.034
687.75	77.356
687.95	77.689
688.14	78.014
688.33	78.361
688.53	78.709
688.72	79.073
688.91	79.433
689.11	79.779
689.30	80.160
689.49	80.541
689.68	80.912
689.88	81.270
690.07	81.633
690.26	81.976
690.46	82.334
690.65	82.673
690.84	83.010
691.03	83.362
691.23	83.696
691.42	84.033
691.61	84.376
691.80	84.695
692.00	85.017
692.19	85.319
692.38	85.615
692.58	85.915
692.77	86.192
692.96	86.457
693.15	86.737
693.35	86.985
693.54	87.251
693.73	87.511
693.92	87.749
694.12	87.996
694.31	88.217
694.50	88.449
694.69	88.645
694.89	88.838
695.08	89.005
695.27	89.194
695.46	89.350
695.66	89.504
695.85	89.652
696.04	89.792
696.23	89.944
696.43	90.068
696.62	90.157
696.81	90.241
697.00	90.334
697.19	90.402
697.39	90.447
697.58	90.473
697.77	90.476
697.96	90.498
698.16	90.486
698.35	90.494
698.54	90.456
698.73	90.444
698.92	90.385
699.12	90.330
699.31	90.246
699.50	90.165
699.69	90.074
699.89	89.964
700.08	89.849
700.27	89.705
700.46	89.564
700.65	89.415
700.85	89.276
701.04	89.103
701.23	88.917
701.42	88.730
701.61	88.533
701.81	88.323
702.00	88.099
702.19	87.874
702.38	87.615
702.57	87.373
702.76	87.097
702.96	86.839
703.15	86.561
703.34	86.272
703.53	85.974
703.72	85.651
703.92	85.328
704.11	85.003
704.30	84.672
704.49	84.342
704.68	84.023
704.87	83.668
705.07	83.325
705.26	82.987
705.45	82.675
705.64	82.327
705.83	82.012
706.02	81.678
706.21	81.361
706.41	81.036
706.60	80.695
706.79	80.382
706.98	80.078
707.17	79.758
707.36	79.448
707.56	79.163
707.75	78.875
707.94	78.596
708.13	78.323
708.32	78.065
708.51	77.795
708.70	77.549
708.89	77.301
709.09	77.059
709.28	76.830
709.47	76.565
709.66	76.325
709.85	76.093
710.04	75.870
710.23	75.636
710.42	75.450
710.62	75.262
710.81	75.053
711.00	74.857
711.19	74.692
711.38	74.530
711.57	74.359
711.76	74.211
711.95	74.090
712.15	73.975
712.34	73.871
712.53	73.774
712.72	73.683
712.91	73.630
713.10	73.574
713.29	73.534
713.48	73.504
713.67	73.509
713.86	73.527
714.05	73.542
714.25	73.575
714.44	73.594
714.63	73.638
714.82	73.723
715.01	73.808
715.20	73.924
715.39	74.025
715.58	74.150
715.77	74.292
715.96	74.437
716.15	74.579
716.34	74.716
716.54	74.880
716.73	75.055
716.92	75.219
717.11	75.410
717.30	75.608
717.49	75.823
717.68	76.049
717.87	76.242
718.06	76.490
718.25	76.749
718.44	77.015
718.63	77.290
718.82	77.556
719.01	77.826
719.20	78.101
719.39	78.397
719.58	78.690
719.77	78.977
719.96	79.251
720.16	79.545
720.35	79.863
720.54	80.168
720.73	80.480
720.92	80.798
721.11	81.138
721.30	81.462
721.49	81.787
721.68	82.116
721.87	82.473
722.06	82.797
722.25	83.121
722.44	83.449
722.63	83.765
722.82	84.077
723.01	84.378
723.20	84.665
723.39	84.968
723.58	85.293
723.77	85.612
723.96	85.933
724.15	86.265
724.34	86.571
724.53	86.878
724.72	87.155
724.91	87.460
725.10	87.749
725.29	88.020
725.48	88.323
725.67	88.567
725.86	88.797
726.05	89.041
726.24	89.268
726.43	89.481
726.62	89.699
726.81	89.939
727.00	90.157
727.19	90.389
727.38	90.597
727.57	90.775
727.76	90.947
727.95	91.112
728.14	91.241
728.33	91.376
728.52	91.503
728.71	91.626
728.90	91.732
729.09	91.808
729.28	91.872
729.47	91.914
729.65	91.973
729.84	92.035
730.03	92.084
730.22	92.124
730.41	92.167
730.60	92.197
730.79	92.177
730.98	92.180
731.17	92.173
731.36	92.136
731.55	92.080
731.74	92.025
731.93	91.960
732.12	91.893
732.31	91.830
732.50	91.773
732.69	91.711
732.88	91.606
733.06	91.495
733.25	91.394
733.44	91.290
733.63	91.156
733.82	91.019
734.01	90.847
734.20	90.676
734.39	90.483
734.58	90.303
734.77	90.138
734.96	89.932
735.15	89.714
735.33	89.491
735.52	89.283
735.71	89.056
735.90	88.815
736.09	88.559
736.28	88.280
736.47	87.999
736.66	87.710
736.85	87.433
737.04	87.129
737.23	86.838
737.41	86.522
737.60	86.247
737.79	85.929
737.98	85.632
738.17	85.333
738.36	85.058
738.55	84.764
738.74	84.470
738.92	84.171
739.11	83.879
739.30	83.574
739.49	83.258
739.68	82.964
739.87	82.696
740.06	82.428
740.25	82.137
740.43	81.862
740.62	81.573
740.81	81.276
741.00	81.014
741.19	80.723
741.38	80.436
741.57	80.143
741.75	79.885
741.94	79.612
742.13	79.337
742.32	79.047
742.51	78.777
742.70	78.518
742.89	78.276
743.07	78.023
743.26	77.787
743.45	77.533
743.64	77.309
743.83	77.065
744.02	76.806
744.20	76.599
744.39	76.382
744.58	76.188
744.77	76.013
744.96	75.855
745.15	75.726
745.33	75.609
745.52	75.486
745.71	75.365
745.90	75.255
746.09	75.170
746.28	75.090
746.46	74.987
746.65	74.887
746.84	74.811
747.03	74.740
747.22	74.691
747.40	74.673
747.59	74.636
747.78	74.616
747.97	74.640
748.16	74.651
748.34	74.649
748.53	74.675
748.72	74.712
748.91	74.734
749.10	74.761
749.28	74.808
749.47	74.882
749.66	74.942
749.85	75.000
750.04	75.071
750.22	75.148
750.41	75.261
750.60	75.385
750.79	75.484
750.97	75.601
751.16	75.742
751.35	75.872
751.54	76.004
751.73	76.170
751.91	76.321
752.10	76.514
752.29	76.689
752.48	76.884
752.66	77.081
752.85	77.283
753.04	77.489
753.23	77.717
753.41	77.917
753.60	78.160
753.79	78.417
753.98	78.654
754.16	78.904
754.35	79.149
754.54	79.391
754.73	79.677
754.91	79.961
755.10	80.231
755.29	80.521
755.48	80.793
755.66	81.071
755.85	81.356
756.04	81.611
756.22	81.912
756.41	82.181
756.60	82.459
756.79	82.760
756.97	83.061
757.16	83.315
757.35	83.612
757.54	83.902
757.72	84.183
757.91	84.479
758.10	84.774
758.28	85.058
758.47	85.339
758.66	85.640
758.85	85.916
759.03	86.200
759.22	86.482
759.41	86.778
759.59	87.061
759.78	87.338
759.97	87.602
760.15	87.854
760.34	88.142
760.53	88.394
760.71	88.630
760.90	88.887
761.09	89.139
761.28	89.383
761.46	89.612
761.65	89.845
761.84	90.081
762.02	90.312
762.21	90.556
762.40	90.763
762.58	90.939
762.77	91.125
762.96	91.314
763.14	91.514
763.33	91.685
763.52	91.823
763.70	91.948
763.89	92.095
764.08	92.247
764.26	92.339
764.45	92.470
764.64	92.600
764.82	92.685
765.01	92.777
765.20	92.838
765.38	92.917
765.57	92.962
765.75	93.002
765.94	93.013
766.13	93.044
766.31	93.087
766.50	93.109
766.69	93.160
766.87	93.200
767.06	93.195
767.25	93.206
767.43	93.236
767.62	93.267
767.80	93.265
767.99	93.234
768.18	93.204
768.36	93.158
768.55	93.104
768.74	93.047
768.92	92.982
769.11	92.945
769.29	92.863
769.48	92.805
769.67	92.704
769.85	92.628
770.04	92.471
770.22	92.333
770.41	92.171
770.60	91.988
770.78	91.783
770.97	91.598
771.15	91.414
771.34	91.191
771.53	90.992
771.71	90.790
771.90	90.604
772.08	90.454
772.27	90.256
772.46	90.025
772.64	89.802
772.83	89.578
773.01	89.303
773.20	89.051
773.39	88.807
773.57	88.552
773.76	88.292
773.94	88.085
774.13	87.827
774.31	87.563
774.50	87.324
774.68	87.059
774.87	86.798
775.06	86.490
775.24	86.221
775.43	85.919
775.61	85.617
775.80	85.327
775.98	85.007
776.17	84.695
776.36	84.399
776.54	84.109
776.73	83.804
776.91	83.525
777.10	83.242
777.28	82.921
777.47	82.641
777.65	82.346
777.84	82.042
778.02	81.772
778.21	81.505
778.39	81.209
778.58	80.945
778.77	80.683
778.95	80.448
779.14	80.210
779.32	79.984
779.51	79.763
779.69	79.516
779.88	79.291
780.06	79.081
780.25	78.857
780.43	78.625
780.62	78.427
780.80	78.219
780.99	78.005
781.17	77.804
781.36	77.589
781.54	77.397
781.73	77.178
781.91	76.987
782.10	76.814
782.28	76.638
782.47	76.467
782.65	76.271
782.84	76.098
783.02	75.940
783.21	75.796
783.39	75.651
783.58	75.518
783.76	75.371
783.95	75.249
784.13	75.175
784.32	75.097
784.50	75.005
784.69	74.952
784.87	74.895
785.05	74.853
785.24	74.822
785.42	74.801
785.61	74.785
785.79	74.773
785.98	74.770
786.16	74.758
786.35	74.773
786.53	74.799
786.72	74.814
786.90	74.840
787.09	74.844
787.27	74.889
787.45	74.952
787.64	75.008
787.82	75.056
788.01	75.102
788.19	75.174
788.38	75.249
788.56	75.267
788.75	75.354
788.93	75.457
789.11	75.531
789.30	75.599
789.48	75.701
789.67	75.814
789.85	75.918
790.04	76.073
790.22	76.205
790.40	76.350
790.59	76.488
790.77	76.632
790.96	76.816
791.14	76.982
791.32	77.137
791.51	77.313
791.69	77.504
791.88	77.699
792.06	77.893
792.25	78.073
792.43	78.314
792.61	78.517
792.80	78.696
792.98	78.935
793.17	79.161
793.35	79.356
793.53	79.569
793.72	79.823
793.90	80.047
794.08	80.265
794.27	80.497
794.45	80.753
794.64	80.990
794.82	81.225
795.00	81.428
795.19	81.672
795.37	81.905
795.55	82.095
795.74	82.328
795.92	82.566
796.11	82.834
796.29	83.089
796.47	83.334
796.66	83.574
796.84	83.840
797.02	84.102
797.21	84.387
797.39	84.646
797.58	84.885
797.76	85.118
797.94	85.384
798.13	85.645
798.31	85.919
798.49	86.156
798.68	86.388
798.86	86.667
799.04	86.888
799.23	87.135
799.41	87.390
799.59	87.616
799.78	87.801
799.96	88.009
800.14	88.223
800.33	88.440
800.51	88.678
800.69	88.846
800.88	89.057
801.06	89.277
801.24	89.437
801.43	89.610
801.61	89.774
801.79	89.925
801.98	90.065
802.16	90.223
802.34	90.401
802.52	90.565
802.71	90.678
802.89	90.837
803.07	90.973
803.26	91.097
803.44	91.194
803.62	91.323
803.81	91.428
803.99	91.487
804.17	91.546
804.35	91.598
804.54	91.644
804.72	91.715
804.90	91.758
805.09	91.850
805.27	91.929
805.45	91.998
805.63	92.032
805.82	92.078
806.00	92.044
806.18	92.046
806.37	92.065
806.55	92.046
806.73	92.043
806.91	92.021
807.10	92.022
807.28	92.013
807.46	91.992
807.64	91.951
807.83	91.922
808.01	91.892
808.19	91.807
808.37	91.734
808.56	91.628
808.74	91.542
808.92	91.445
809.10	91.307
809.29	91.220
809.47	91.122
809.65	90.969
809.83	90.885
810.02	90.747
810.20	90.615
810.38	90.495
810.56	90.344
810.75	90.228
810.93	90.092
811.11	89.942
811.29	89.795
811.47	89.642
811.66	89.460
811.84	89.292
812.02	89.193
812.20	89.057
812.39	88.918
812.57	88.756
812.75	88.601
812.93	88.473
813.11	88.287
813.30	88.130
813.48	87.989
813.66	87.802
813.84	87.631
814.02	87.438
814.21	87.268
814.39	87.047
814.57	86.834
814.75	86.612
814.93	86.403
815.12	86.170
815.30	85.945
815.48	85.731
815.66	85.497
815.84	85.238
816.03	84.983
816.21	84.697
816.39	84.440
816.57	84.132
816.75	83.822
816.93	83.530
817.12	83.221
817.30	82.920
817.48	82.621
817.66	82.357
817.84	82.091
818.02	81.844
818.21	81.570
818.39	81.315
818.57	81.045
818.75	80.820
818.93	80.569
819.11	80.309
819.30	80.064
819.48	79.840
819.66	79.622
819.84	79.425
820.02	79.212
820.20	78.994
820.38	78.779
820.57	78.576
820.75	78.403
820.93	78.214
821.11	78.023
821.29	77.856
821.47	77.653
821.65	77.455
821.83	77.244
822.02	77.073
822.20	76.873
822.38	76.724
822.56	76.491
822.74	76.291
822.92	76.071
823.10	75.888
823.28	75.675
823.46	75.468
823.65	75.261
823.83	75.081
824.01	74.894
824.19	74.713
824.37	74.533
824.55	74.328
824.73	74.162
824.91	73.986
825.09	73.818
825.27	73.660
825.46	73.483
825.64	73.304
825.82	73.166
826.00	73.006
826.18	72.869
826.36	72.756
826.54	72.659
826.72	72.614
826.90	72.539
827.08	72.477
827.26	72.421
827.44	72.349
827.63	72.293
827.81	72.252
827.99	72.249
828.17	72.214
828.35	72.200
828.53	72.183
828.71	72.207
828.89	72.206
829.07	72.208
829.25	72.210
829.43	72.256
829.61	72.265
829.79	72.290
829.97	72.321
830.15	72.331
830.33	72.365
830.51	72.376
830.69	72.411
830.87	72.399
831.06	72.438
831.24	72.485
831.42	72.530
831.60	72.559
831.78	72.605
831.96	72.685
832.14	72.770
832.32	72.858
832.50	72.921
832.68	72.991
832.86	73.061
833.04	73.183
833.22	73.253
833.40	73.368
833.58	73.458
833.76	73.540
833.94	73.682
834.12	73.820
834.30	73.964
834.48	74.083
834.66	74.269
834.84	74.387
835.02	74.554
835.20	74.720
835.38	74.901
835.56	75.079
835.74	75.266
835.92	75.455
836.10	75.618
836.28	75.790
836.46	75.983
836.64	76.168
836.82	76.317
837.00	76.506
837.18	76.689
837.36	76.907
837.54	77.106
837.72	77.303
837.90	77.515
838.08	77.721
838.26	77.926
838.43	78.114
838.61	78.332
838.79	78.533
838.97	78.735
839.15	78.943
839.33	79.138
839.51	79.291
839.69	79.463
839.87	79.665
840.05	79.892
840.23	80.078
840.41	80.276
840.59	80.439
840.77	80.645
840.95	80.818
841.13	80.985
841.31	81.153
841.49	81.294
841.67	81.406
841.84	81.569
842.02	81.686
842.20	81.869
842.38	81.991
842.56	82.115
842.74	82.262
842.92	82.356
843.10	82.483
843.28	82.657
843.46	82.779
843.64	82.860
843.82	82.977
843.99	83.091
844.17	83.249
844.35	83.475
844.53	83.619
844.71	83.798
844.89	83.908
845.07	84.079
845.25	84.252
845.43	84.423
845.61	84.564
845.78	84.766
845.96	84.906
846.14	85.090
846.32	85.266
846.50	85.394
846.68	85.605
846.86	85.750
847.04	85.882
847.22	85.971
847.39	86.133
847.57	86.224
847.75	86.324
847.93	86.364
848.11	86.427
848.29	86.541
848.47	86.582
848.65	86.695
848.82	86.719
849.00	86.771
849.18	86.797
849.36	86.815
849.54	86.854
849.72	86.832
849.89	86.871
850.07	86.916
850.25	86.909
850.43	86.852
850.61	86.829
850.79	86.768
850.97	86.817
851.14	86.813
851.32	86.790
851.50	86.793
851.68	86.832
851.86	86.871
852.04	86.828
852.21	86.842
852.39	86.838
852.57	86.889
852.75	86.878
852.93	86.862
853.10	86.828
853.28	86.756
853.46	86.730
853.64	86.630
853.82	86.523
854.00	86.525
854.17	86.453
854.35	86.356
854.53	86.304
854.71	86.201
854.89	86.066
855.06	86.007
855.24	85.940
855.42	85.822
855.60	85.651
855.78	85.527
855.95	85.388
856.13	85.265
856.31	85.061
856.49	84.898
856.66	84.788
856.84	84.612
857.02	84.535
857.20	84.442
857.38	84.272
857.55	84.128
857.73	83.881
857.91	83.759
858.09	83.576
858.26	83.416
858.44	83.262
858.62	83.114
858.80	82.921
858.97	82.728
859.15	82.537
859.33	82.317
859.51	82.146
859.68	81.945
859.86	81.734
860.04	81.552
860.22	81.344
860.39	81.124
860.57	80.905
860.75	80.614
860.93	80.376
861.10	80.237
861.28	80.046
861.46	79.831
861.64	79.626
861.81	79.471
861.99	79.251
862.17	79.020
862.35	78.820
862.52	78.647
862.70	78.442
862.88	78.269
863.05	78.064
863.23	77.844
863.41	77.660
863.59	77.442
863.76	77.281
863.94	77.083
864.12	76.890
864.29	76.731
864.47	76.528
864.65	76.335
864.83	76.067
865.00	75.835
865.18	75.674
865.36	75.488
865.53	75.287
865.71	75.147
865.89	74.964
866.06	74.759
866.24	74.519
866.42	74.318
866.59	74.087
866.77	73.939
866.95	73.746
867.12	73.497
867.30	73.335
867.48	73.092
867.65	72.895
867.83	72.693
868.01	72.517
868.18	72.318
868.36	72.129
868.54	71.983
868.71	71.840
868.89	71.688
869.07	71.513
869.24	71.354
869.42	71.164
869.60	71.008
869.77	70.897
869.95	70.756
870.13	70.606
870.30	70.510
870.48	70.324
870.66	70.188
870.83	70.098
871.01	69.916
871.18	69.818
871.36	69.707
871.54	69.568
871.71	69.445
871.89	69.370
872.07	69.213
872.24	69.098
872.42	69.013
872.59	68.913
872.77	68.796
872.95	68.704
873.12	68.573
873.30	68.463
873.48	68.364
873.65	68.285
873.83	68.206
874.00	68.089
874.18	68.028
874.36	67.990
874.53	67.925
874.71	67.876
874.88	67.818
875.06	67.804
875.24	67.818
875.41	67.790
875.59	67.760
875.76	67.801
875.94	67.775
876.11	67.681
876.29	67.602
876.47	67.581
876.64	67.542
876.82	67.519
876.99	67.503
877.17	67.484
877.35	67.471
877.52	67.452
877.70	67.432
877.87	67.443
878.05	67.435
878.22	67.460
878.40	67.513
878.57	67.519
878.75	67.498
878.93	67.470
879.10	67.488
879.28	67.530
879.45	67.547
879.63	67.542
879.80	67.561
879.98	67.639
880.15	67.679
880.33	67.748
880.50	67.814
880.68	67.926
880.86	68.004
881.03	68.103
881.21	68.208
881.38	68.321
881.56	68.502
881.73	68.580
881.91	68.660
882.08	68.738
882.26	68.880
882.43	69.015
882.61	69.202
882.78	69.336
882.96	69.476
883.13	69.614
883.31	69.776
883.48	69.984
883.66	70.143
883.83	70.322
884.01	70.448
884.18	70.673
884.36	70.825
884.53	70.953
884.71	71.109
884.88	71.219
885.06	71.378
885.23	71.447
885.41	71.594
885.58	71.711
885.76	71.869
885.93	71.954
886.11	72.136
886.28	72.237
886.46	72.367
886.63	72.495
886.81	72.609
886.98	72.797
887.15	72.900
887.33	73.065
887.50	73.249
887.68	73.404
887.85	73.500
888.03	73.649
888.20	73.815
888.38	73.961
888.55	74.145
888.73	74.225
888.90	74.356
889.08	74.486
889.25	74.607
889.42	74.748
889.60	74.936
889.77	75.000
889.95	75.148
890.12	75.238
890.30	75.333
890.47	75.411
890.64	75.539
890.82	75.679
890.99	75.785
891.17	75.873
891.34	75.994
891.52	76.092
891.69	76.197
891.86	76.313
892.04	76.416
892.21	76.551
892.39	76.777
892.56	76.929
892.73	77.024
892.91	77.169
893.08	77.359
893.26	77.441
893.43	77.599
893.60	77.672
893.78	77.814
893.95	77.969
894.13	78.212
894.30	78.349
894.47	78.546
894.65	78.680
894.82	78.828
895.00	78.949
895.17	79.111
895.34	79.276
895.52	79.442
895.69	79.553
895.86	79.676
896.04	79.712
896.21	79.871
896.39	80.054
896.56	80.211
896.73	80.213
896.91	80.274
897.08	80.357
897.25	80.528
897.43	80.587
897.60	80.673
897.77	80.662
897.95	80.636
898.12	80.618
898.30	80.703
898.47	80.697
898.64	80.734
898.82	80.735
898.99	80.710
899.16	80.692
899.34	80.677
899.51	80.579
899.68	80.550
899.86	80.474
900.03	80.396
900.20	80.333
900.38	80.341
900.55	80.404
900.72	80.333
900.90	80.248
901.07	80.321
901.24	80.267
901.41	80.278
901.59	80.285
901.76	80.273
901.93	80.213
902.11	80.148
902.28	80.140
902.45	80.233
902.63	80.250
902.80	80.209
902.97	80.209
903.15	80.310
903.32	80.364
903.49	80.359
903.66	80.390
903.84	80.408
904.01	80.387
904.18	80.347
904.36	80.358
904.53	80.316
904.70	80.256
904.87	80.240
905.05	80.145
905.22	80.153
905.39	80.109
905.56	80.018
905.74	79.969
905.91	79.864
906.08	79.716
906.26	79.596
906.43	79.494
906.60	79.362
906.77	79.180
906.95	79.045
907.12	78.902
907.29	78.721
907.46	78.656
907.64	78.538
907.81	78.404
907.98	78.220
908.15	78.110
908.33	77.963
908.50	77.816
908.67	77.710
908.84	77.559
909.01	77.398
909.19	77.308
909.36	77.177
909.53	77.033
909.70	76.804
909.88	76.707
910.05	76.528
910.22	76.454
910.39	76.321
910.57	76.222
910.74	76.130
910.91	76.067
911.08	75.852
911.25	75.701
911.43	75.572
911.60	75.441
911.77	75.282
911.94	75.044
912.11	74.873
912.29	74.659
912.46	74.407
912.63	74.185
912.80	73.946
912.97	73.753
913.15	73.612
913.32	73.487
913.49	73.255
913.66	73.165
913.83	72.934
914.00	72.714
914.18	72.507
914.35	72.299
914.52	72.039
914.69	71.827
914.86	71.632
915.03	71.436
915.21	71.302
915.38	71.090
915.55	71.011
915.72	70.850
915.89	70.717
916.06	70.645
916.24	70.563
916.41	70.414
916.58	70.295
916.75	70.100
916.92	69.918
917.09	69.731
917.26	69.475
917.44	69.268
917.61	69.145
917.78	68.939
917.95	68.792
918.12	68.596
918.29	68.509
918.46	68.301
918.64	68.137
918.81	67.991
918.98	67.854
919.15	67.672
919.32	67.519
919.49	67.296
919.66	67.096
919.83	66.923
920.00	66.763
920.18	66.614
920.35	66.572
920.52	66.466
920.69	66.417
920.86	66.396
921.03	66.297
921.20	66.164
921.37	66.049
921.54	65.805
921.71	65.715
921.89	65.552
922.06	65.501
922.23	65.387
922.40	65.274
922.57	65.108
922.74	65.015
922.91	64.955
923.08	64.896
923.25	64.808
923.42	64.706
923.59	64.669
923.76	64.469
923.93	64.262
924.11	64.102
924.28	63.962
924.45	63.837
924.62	63.837
924.79	63.760
924.96	63.612
925.13	63.581
925.30	63.486
925.47	63.345
925.64	63.258
925.81	63.187
925.98	63.129
926.15	63.097
926.32	62.948
926.49	62.838
926.66	62.768
926.83	62.670
927.00	62.655
927.17	62.545
927.34	62.621
927.51	62.600
927.69	62.636
927.86	62.625
928.03	62.521
928.20	62.470
928.37	62.382
928.54	62.426
928.71	62.416
928.88	62.444
929.05	62.482
929.22	62.483
929.39	62.460
929.56	62.394
929.73	62.376
929.90	62.461
930.07	62.460
930.24	62.449
930.41	62.478
930.58	62.527
930.75	62.582
930.92	62.518
931.09	62.526
931.26	62.509
931.43	62.485
931.60	62.506
931.77	62.484
931.94	62.565
932.11	62.615
932.27	62.645
932.44	62.690
932.61	62.736
932.78	62.708
932.95	62.821
933.12	62.790
933.29	62.827
933.46	62.840
933.63	62.801
933.80	62.830
933.97	62.852
934.14	62.841
934.31	62.808
934.48	62.880
934.65	62.898
934.82	62.988
934.99	63.042
935.16	63.114
935.33	63.198
935.50	63.346
935.67	63.433
935.84	63.487
936.00	63.502
936.17	63.583
936.34	63.715
936.51	63.698
936.68	63.772
936.85	63.814
937.02	63.918
937.19	63.980
937.36	64.118
937.53	64.120
937.70	64.208
937.87	64.313
938.03	64.322
938.20	64.376
938.37	64.443
938.54	64.496
938.71	64.553
938.88	64.653
939.05	64.570
939.22	64.519
939.39	64.599
939.56	64.766
939.72	64.819
939.89	64.862
940.06	64.923
940.23	65.020
940.40	65.120
940.57	65.260
940.74	65.419
940.91	65.464
941.08	65.666
941.24	65.758
941.41	65.936
941.58	66.154
941.75	66.315
941.92	66.467
942.09	66.619
942.26	66.717
942.42	66.771
942.59	66.985
942.76	67.347
942.93	67.518
943.10	67.547
943.27	67.704
943.44	67.833
943.60	68.022
943.77	68.029
943.94	68.238
944.11	68.286
944.28	68.370
944.45	68.516
944.61	68.596
944.78	68.616
944.95	68.661
945.12	68.855
945.29	68.960
945.46	68.919
945.62	68.928
945.79	69.141
945.96	69.420
946.13	69.570
946.30	69.552
946.46	69.685
946.63	69.756
946.80	69.856
946.97	70.033
947.14	70.091
947.31	70.561
947.47	70.784
947.64	70.942
947.81	71.081
947.98	71.251
948.15	71.330
948.31	71.548
948.48	71.664
948.65	71.665
948.82	71.805
948.98	71.940
949.15	72.239
949.32	72.275
949.49	72.245
949.66	72.272
949.82	72.332
949.99	72.435
950.16	72.561
950.33	72.513
950.49	72.581
950.66	72.533
950.83	72.388
951.00	72.193
951.16	71.973
951.33	72.009
951.50	71.915
951.67	71.994
951.83	72.004
952.00	71.993
952.17	71.920
952.34	71.895
952.50	72.045
952.67	71.974
952.84	71.981
953.01	71.902
953.17	71.944
953.34	72.041
953.51	71.961
953.68	71.876
953.84	71.835
954.01	71.762
954.18	71.707
954.34	71.742
954.51	71.821
954.68	71.958
954.85	71.977
955.01	72.110
955.18	72.323
955.35	72.121
955.51	72.105
955.68	72.196
955.85	72.370
956.02	72.236
956.18	72.279
956.35	72.238
956.52	72.289
956.68	72.251
956.85	72.088
957.02	72.154
957.18	72.175
957.35	72.175
957.52	72.227
957.69	72.313
957.85	72.357
958.02	72.198
958.19	72.076
958.35	71.999
958.52	71.773
958.69	71.448
958.85	71.535
959.02	71.572
959.19	71.295
959.35	71.133
959.52	71.156
959.69	71.118
959.85	71.119
960.02	71.086
960.19	70.977
960.35	70.915
960.52	70.781
960.68	70.742
960.85	70.821
961.02	70.564
961.18	70.610
961.35	70.381
961.52	70.441
961.68	70.417
961.85	70.336
962.02	70.352
962.18	70.312
962.35	70.093
962.51	69.916
962.68	69.967
962.85	69.849
963.01	69.565
963.18	69.458
963.35	69.055
963.51	68.872
963.68	68.834
963.84	68.558
964.01	68.596
964.18	68.448
964.34	68.226
964.51	68.052
964.67	67.806
964.84	67.707
965.01	67.464
965.17	67.195
965.34	67.164
965.50	66.944
965.67	66.898
965.84	66.875
966.00	66.995
966.17	67.057
966.33	66.914
966.50	66.799
966.66	66.763
966.83	66.819
967.00	66.724
967.16	66.504
967.33	66.451
967.49	66.203
967.66	66.381
967.82	66.145
967.99	66.270
968.16	66.256
968.32	66.159
968.49	65.967
968.65	66.095
968.82	65.984
968.98	66.003
969.15	65.648
969.31	65.400
969.48	65.118
969.64	64.766
969.81	64.734
969.98	64.660
970.14	64.266
970.31	64.223
970.47	63.966
970.64	63.744
970.80	63.805
970.97	63.278
971.13	62.904
971.30	62.821
971.46	62.602
971.63	62.367
971.79	62.430
971.96	62.435
972.12	62.197
972.29	61.707
972.45	61.528
972.62	61.605
972.78	61.621
972.95	61.197
973.11	60.919
973.28	60.785
973.44	60.800
973.61	61.004
973.77	60.791
973.94	60.784
974.10	60.935
974.27	60.851
974.43	61.198
974.60	61.114
974.76	61.101
974.93	61.052
975.09	60.883
975.26	60.588
975.42	60.476
975.59	60.307
975.75	60.675
975.92	60.594
976.08	60.105
976.24	59.935
976.41	59.795
976.57	59.962
976.74	59.761
976.90	59.338
977.07	58.805
977.23	58.731
977.40	58.543
977.56	57.958
977.73	57.623
977.89	57.280
978.05	56.948
978.22	56.762
978.38	56.494
978.55	56.262
978.71	56.057
978.88	56.098
979.04	56.022
979.20	55.862
979.37	55.787
979.53	55.791
979.70	55.877
979.86	56.125
980.03	55.885
980.19	55.741
980.35	55.788
980.52	55.604
980.68	55.727
980.85	55.651
981.01	55.731
981.17	55.720
981.34	55.583
981.50	55.477
981.67	55.422
981.83	55.278
981.99	55.179
982.16	54.941
982.32	54.053
982.49	54.102
982.65	53.790
982.81	53.912
982.98	53.815
983.14	53.714
983.30	53.354
983.47	53.295
983.63	53.140
983.80	52.991
983.96	52.819
984.12	53.200
984.29	53.394
984.45	53.663
984.61	53.440
984.78	53.717
984.94	54.040
985.10	54.480
985.27	54.431
985.43	54.904
985.59	55.219
985.76	55.834
985.92	55.953
986.08	56.408
986.25	55.824
986.41	56.449
986.57	55.862
986.74	56.149
986.90	56.190
987.06	56.108
987.23	56.086
987.39	55.872
987.55	54.827
987.72	54.493
987.88	53.584
988.04	53.855
988.21	54.168
988.37	53.918
988.53	53.156
988.70	53.487
988.86	52.819
989.02	52.486
989.19	52.112
989.35	52.126
989.51	51.346
989.67	51.383
989.84	50.829
990.00	50.992
990.16	51.130
990.33	51.207
990.49	51.688
990.65	51.877
990.82	52.338
990.98	52.453
991.14	52.444
991.30	53.465
991.47	52.909
991.63	52.757
991.79	53.520
991.95	53.967
992.12	53.964
992.28	54.324
992.44	54.561
992.61	54.727
992.77	54.702
992.93	55.339
993.09	55.370
993.26	55.659
993.42	56.171
993.58	55.794
993.74	55.447
993.91	54.912
994.07	54.782
994.23	54.902
994.39	55.046
994.55	55.255
994.72	54.439
994.88	54.732
995.04	54.212
995.20	53.794
995.37	53.192
995.53	53.228
995.69	52.771
995.85	52.297
996.02	52.201
996.18	52.436
996.34	51.982
996.50	52.189
996.66	53.028
996.83	52.258
996.99	51.541
997.15	52.147
997.31	52.250
997.47	52.278
997.64	52.102
997.80	52.360
997.96	52.836
998.12	53.562
998.28	54.286
998.45	54.722
998.61	54.561
998.77	54.522
998.93	54.470
999.09	55.724
999.25	55.865
999.42	57.048
999.58	56.598
999.74	56.485
999.90	56.282
1000.06	55.217
1000.22	55.826
1000.39	56.554
1000.55	56.301
1000.71	56.996
1000.87	56.753
1001.03	56.801
1001.19	56.826
1001.36	56.408
1001.52	55.717
1001.68	55.040
1001.84	55.526
1002.00	54.577
1002.16	54.638
1002.32	54.067
1002.49	52.395
1002.65	52.411
1002.81	51.717
1002.97	51.627
1003.13	51.599
1003.29	52.316
1003.45	51.896
1003.62	52.380
1003.78	52.192
1003.94	52.510
1004.10	51.469
1004.26	51.839
1004.42	51.378
1004.58	51.109
1004.74	51.152
1004.90	52.698
1005.07	52.544
1005.23	51.348
1005.39	52.181
1005.55	52.746
1005.71	52.225
1005.87	53.574
1006.03	54.243
1006.19	54.205
1006.35	54.034
1006.51	54.842
1006.67	54.483
1006.84	54.393
1007.00	53.894
1007.16	55.037
1007.32	53.300
1007.48	53.919
1007.64	55.266
1007.80	55.058
1007.96	54.241
1008.12	54.928
1008.28	52.945
1008.44	54.292
1008.60	54.995
1008.76	53.801
1008.92	52.636
1009.09	52.713
1009.25	52.122
1009.41	51.470
1009.57	52.275
1009.73	52.705
1009.89	52.817
1010.05	53.591
1010.21	55.524
1010.37	55.253
1010.53	55.777
1010.69	57.908
1010.85	57.267
1011.01	55.414
1011.17	54.752
1011.33	56.813
1011.49	56.829
1011.65	56.924
1011.81	56.140
1011.97	56.620
1012.13	58.702
1012.29	59.893
1012.45	61.095
1012.61	63.905
1012.77	61.634
1012.93	60.725
1013.09	59.873
1013.25	59.930
1013.41	60.431
1013.57	57.496
1013.73	56.955
1013.89	54.184
1014.05	55.143
1014.21	53.520
1014.37	52.097
1014.53	50.696
1014.69	49.732
1014.85	49.716
1015.01	50.931
1015.17	52.984
1015.33	52.090
1015.49	50.895
1015.65	53.171
1015.81	54.336
1015.97	51.115
1016.13	54.422
1016.29	54.223
1016.45	54.668
1016.61	55.470
1016.77	52.808
1016.93	53.746
1017.09	52.766
1017.25	53.694
1017.41	52.998
1017.56	55.164
1017.72	59.908
1017.88	62.192
1018.04	63.224
1018.20	60.565
1018.36	61.648
1018.52	59.136
1018.68	60.530
1018.84	61.711
1019.00	58.981
1019.16	59.096
1019.32	62.742
1019.48	63.701
1019.64	64.886
1019.79	63.081
1019.95	58.680
1020.11	63.059
1020.27	61.829
1020.43	67.362
1020.59	68.886
1020.75	65.467
1020.91	68.754
1021.07	63.651
1021.23	63.158
1021.39	60.848
1021.54	66.176
1021.70	63.117
1021.86	60.660
1022.02	58.848
1022.18	55.240
1022.34	57.818
1022.50	57.394
1022.66	53.144
1022.82	52.028
1022.97	52.908
1023.13	56.232
1023.29	60.313
1023.45	57.955
1023.61	58.981
1023.77	55.244
1023.93	56.420
1024.08	57.966
1024.24	54.402
1024.40	52.705
1024.56	58.429
1024.72	56.665
1024.88	46.337
1025.04	48.364
1025.19	51.342
1025.35	48.436
1025.51	53.902
1025.67	55.896
1025.83	51.121
1025.99	53.196
1026.14	52.263
1026.30	53.188
1026.46	53.234
1026.62	51.689
1026.78	49.962
1026.94	49.040
1027.09	48.482
1027.25	44.668
1027.41	41.979
1027.57	42.683
1027.73	44.118
1027.89	40.755
1028.04	40.298
1028.20	40.084
1028.36	40.489
1028.52	39.080
1028.68	40.042
1028.83	39.177
1028.99	38.273
1029.15	40.658
1029.31	39.776
1029.47	39.951
1029.62	39.602
1029.78	38.008
1029.94	36.688
1030.10	36.663
1030.25	35.877
1030.41	39.178
1030.57	42.279
1030.73	45.933
1030.89	41.881
1031.04	45.302
1031.20	44.162
1031.36	50.155
1031.52	56.590
1031.67	59.378
1031.83	61.102
1031.99	66.844
1032.15	59.028
1032.30	62.308
1032.46	59.438
1032.62	55.952
1032.78	53.039
1032.93	57.835
1033.09	50.507
1033.25	39.577
1033.41	28.318
1033.56	22.226
1033.72	-82.206
1033.88	127.857
1034.04	8.291
1034.19	22.242
1034.35	58.300
1034.51	-0.815
1034.66	38.014
1034.82	3405.000
1034.98	3405.000
1035.14	3405.000
