345.22	36.965
345.43	36.965
345.65	36.965
345.86	51.442
346.08	114.015
346.29	13.587
346.51	20.375
346.72	52.045
346.94	-140.385
347.15	-57.133
347.37	88.907
347.58	117.242
347.80	143.396
348.01	129.417
348.23	98.683
348.44	92.142
348.66	86.688
348.87	88.504
349.09	85.797
349.30	78.263
349.52	74.247
349.73	78.393
349.95	79.602
350.16	80.936
350.38	78.392
350.59	72.710
350.81	71.679
351.02	70.748
351.24	70.736
351.45	70.156
351.67	72.242
351.88	71.254
352.10	68.388
352.31	67.965
352.53	70.722
352.74	71.619
352.96	72.641
353.17	71.782
353.39	72.694
353.60	74.217
353.82	74.646
354.03	74.218
354.25	70.020
354.46	65.284
354.67	62.849
354.89	61.165
355.10	65.409
355.32	64.416
355.53	65.979
355.75	67.823
355.96	68.902
356.18	68.691
356.39	68.744
356.61	71.875
356.82	70.838
357.04	68.124
357.25	68.820
357.46	68.688
357.68	68.531
357.89	67.213
358.11	65.565
358.32	68.206
358.54	66.196
358.75	67.256
358.97	69.243
359.18	72.441
359.40	72.390
359.61	72.274
359.82	73.411
360.04	73.453
360.25	71.593
360.47	67.415
360.68	67.149
360.90	67.524
361.11	65.481
361.32	65.952
361.54	68.700
361.75	68.170
361.97	69.000
362.18	69.715
362.40	71.190
362.61	72.739
362.83	72.341
363.04	73.842
363.25	75.051
363.47	76.234
363.68	73.575
363.90	76.690
364.11	77.484
364.32	77.749
364.54	76.424
364.75	73.664
364.97	77.653
365.18	76.281
365.40	74.811
365.61	74.892
365.82	75.152
366.04	74.128
366.25	73.702
366.47	71.936
366.68	70.660
366.89	71.188
367.11	69.652
367.32	70.438
367.54	68.141
367.75	67.779
367.96	66.881
368.18	67.874
368.39	66.792
368.61	66.990
368.82	68.319
369.03	70.538
369.25	74.149
369.46	74.751
369.68	75.542
369.89	76.253
370.10	76.812
370.32	76.715
370.53	76.583
370.75	73.218
370.96	75.229
371.17	75.582
371.39	73.588
371.60	73.254
371.81	73.654
372.03	75.760
372.24	76.885
372.46	79.518
372.67	80.263
372.88	79.196
373.10	79.068
373.31	77.216
373.52	76.856
373.74	75.221
373.95	74.636
374.17	75.678
374.38	77.420
374.59	77.903
374.81	76.891
375.02	75.381
375.23	78.617
375.45	76.443
375.66	74.991
375.87	76.219
376.09	76.611
376.30	75.407
376.52	77.156
376.73	74.531
376.94	73.107
377.16	74.351
377.37	78.388
377.58	78.367
377.80	80.224
378.01	81.302
378.22	83.092
378.44	83.607
378.65	85.585
378.86	86.165
379.08	86.887
379.29	87.618
379.50	90.635
379.72	90.904
379.93	94.067
380.14	97.360
380.36	98.507
380.57	100.160
380.78	100.692
381.00	101.640
381.21	103.516
381.42	104.981
381.64	105.548
381.85	105.500
382.06	106.117
382.28	106.509
382.49	106.427
382.70	107.355
382.92	108.164
383.13	107.950
383.34	108.818
383.56	110.214
383.77	111.886
383.98	111.971
384.20	113.425
384.41	113.974
384.62	114.522
384.83	115.380
385.05	116.109
385.26	117.266
385.47	118.237
385.69	119.284
385.90	120.155
386.11	120.882
386.33	121.751
386.54	122.514
386.75	123.022
386.97	123.985
387.18	124.501
387.39	125.111
387.60	125.273
387.82	125.426
388.03	125.444
388.24	125.626
388.46	125.678
388.67	125.474
388.88	125.074
389.09	124.633
389.31	124.092
389.52	123.559
389.73	122.774
389.95	122.079
390.16	121.381
390.37	120.821
390.58	120.302
390.80	119.556
391.01	119.017
391.22	118.555
391.44	117.808
391.65	117.251
391.86	116.762
392.07	116.707
392.29	116.516
392.50	116.355
392.71	116.195
392.92	116.295
393.14	116.297
393.35	116.536
393.56	116.927
393.78	117.364
393.99	118.011
394.20	118.743
394.41	119.387
394.63	119.988
394.84	120.780
395.05	121.673
395.26	122.476
395.48	123.275
395.69	123.977
395.90	124.914
396.11	125.708
396.33	126.407
396.54	127.105
396.75	127.604
396.96	128.094
397.18	128.447
397.39	128.750
397.60	129.026
397.81	129.165
398.03	129.101
398.24	128.966
398.45	128.653
398.66	128.278
398.87	127.862
399.09	127.348
399.30	126.623
399.51	125.754
399.72	124.989
399.94	124.160
400.15	123.302
400.36	122.348
400.57	121.400
400.79	120.515
401.00	119.561
401.21	118.745
401.42	117.965
401.63	117.225
401.85	116.573
402.06	116.104
402.27	115.653
402.48	115.385
402.69	115.208
402.91	115.073
403.12	115.013
403.33	115.178
403.54	115.495
403.76	115.766
403.97	116.220
404.18	116.782
404.39	117.427
404.60	118.154
404.82	118.958
405.03	119.831
405.24	120.651
405.45	121.504
405.66	122.385
405.88	123.218
406.09	124.106
406.30	124.838
406.51	125.419
406.72	126.025
406.94	126.538
407.15	126.949
407.36	127.357
407.57	127.656
407.78	127.783
407.99	127.736
408.21	127.669
408.42	127.498
408.63	127.239
408.84	126.785
409.05	126.282
409.27	125.589
409.48	124.777
409.69	123.936
409.90	123.111
410.11	122.220
410.32	121.312
410.54	120.299
410.75	119.278
410.96	118.284
411.17	117.290
411.38	116.351
411.59	115.474
411.81	114.587
412.02	113.787
412.23	113.056
412.44	112.449
412.65	112.007
412.86	111.676
413.08	111.367
413.29	111.167
413.50	111.161
413.71	111.296
413.92	111.494
414.13	111.805
414.34	112.187
414.56	112.584
414.77	113.120
414.98	113.697
415.19	114.463
415.40	115.287
415.61	116.129
415.82	116.954
416.04	117.826
416.25	118.635
416.46	119.476
416.67	120.347
416.88	121.112
417.09	121.833
417.30	122.434
417.52	123.037
417.73	123.514
417.94	123.882
418.15	124.161
418.36	124.440
418.57	124.520
418.78	124.489
418.99	124.447
419.21	124.261
419.42	124.010
419.63	123.614
419.84	123.111
420.05	122.499
420.26	121.792
420.47	120.971
420.68	120.206
420.89	119.364
421.11	118.402
421.32	117.521
421.53	116.564
421.74	115.631
421.95	114.721
422.16	113.870
422.37	113.049
422.58	112.207
422.79	111.405
423.01	110.738
423.22	110.122
423.43	109.625
423.64	109.195
423.85	108.884
424.06	108.689
424.27	108.578
424.48	108.586
424.69	108.773
424.90	109.039
425.11	109.388
425.33	109.841
425.54	110.363
425.75	110.918
425.96	111.563
426.17	112.297
426.38	113.066
426.59	113.876
426.80	114.717
427.01	115.608
427.22	116.527
427.43	117.496
427.64	118.379
427.85	119.185
428.07	119.998
428.28	120.719
428.49	121.409
428.70	122.043
428.91	122.604
429.12	123.025
429.33	123.421
429.54	123.714
429.75	123.898
429.96	124.055
430.17	124.108
430.38	124.049
430.59	123.822
430.80	123.499
431.01	123.095
431.22	122.639
431.44	122.068
431.65	121.441
431.86	120.688
432.07	119.929
432.28	119.135
432.49	118.286
432.70	117.390
432.91	116.436
433.12	115.466
433.33	114.503
433.54	113.625
433.75	112.738
433.96	111.903
434.17	111.024
434.38	110.251
434.59	109.547
434.80	108.896
435.01	108.421
435.22	108.022
435.43	107.716
435.64	107.464
435.85	107.312
436.06	107.254
436.27	107.326
436.48	107.499
436.69	107.722
436.90	108.061
437.11	108.510
437.33	109.035
437.54	109.646
437.75	110.355
437.96	111.035
438.17	111.769
438.38	112.500
438.59	113.337
438.80	114.136
439.01	115.009
439.22	115.915
439.43	116.647
439.64	117.407
439.85	118.144
440.06	118.819
440.27	119.496
440.48	120.051
440.69	120.549
440.90	120.961
441.11	121.360
441.32	121.647
441.53	121.840
441.74	121.924
441.95	121.962
442.16	121.874
442.37	121.673
442.58	121.422
442.79	121.097
443.00	120.678
443.21	120.199
443.42	119.566
443.62	118.800
443.83	118.155
444.04	117.385
444.25	116.589
444.46	115.731
444.67	114.824
444.88	113.936
445.09	112.999
445.30	112.064
445.51	111.114
445.72	110.167
445.93	109.316
446.14	108.481
446.35	107.634
446.56	106.903
446.77	106.241
446.98	105.602
447.19	105.032
447.40	104.567
447.61	104.132
447.82	103.815
448.03	103.633
448.24	103.474
448.45	103.430
448.66	103.470
448.87	103.598
449.08	103.829
449.29	104.117
449.49	104.504
449.70	104.969
449.91	105.475
450.12	106.067
450.33	106.665
450.54	107.336
450.75	108.065
450.96	108.776
451.17	109.530
451.38	110.277
451.59	111.039
451.80	111.762
452.01	112.500
452.22	113.237
452.43	113.891
452.64	114.503
452.84	115.091
453.05	115.606
453.26	116.105
453.47	116.488
453.68	116.839
453.89	117.112
454.10	117.264
454.31	117.391
454.52	117.395
454.73	117.355
454.94	117.198
455.15	116.953
455.36	116.616
455.56	116.209
455.77	115.737
455.98	115.220
456.19	114.638
456.40	114.007
456.61	113.322
456.82	112.555
457.03	111.764
457.24	110.925
457.45	110.079
457.65	109.159
457.86	108.276
458.07	107.385
458.28	106.439
458.49	105.578
458.70	104.680
458.91	103.842
459.12	103.020
459.33	102.223
459.54	101.514
459.74	100.851
459.95	100.241
460.16	99.735
460.37	99.295
460.58	98.939
460.79	98.627
461.00	98.374
461.21	98.239
461.41	98.173
461.62	98.190
461.83	98.303
462.04	98.500
462.25	98.711
462.46	99.037
462.67	99.453
462.88	99.919
463.08	100.467
463.29	101.030
463.50	101.649
463.71	102.346
463.92	103.036
464.13	103.726
464.34	104.441
464.54	105.176
464.75	105.916
464.96	106.625
465.17	107.329
465.38	107.984
465.59	108.655
465.80	109.269
466.00	109.826
466.21	110.339
466.42	110.792
466.63	111.249
466.84	111.627
467.05	111.923
467.26	112.149
467.46	112.253
467.67	112.333
467.88	112.353
468.09	112.260
468.30	112.134
468.51	111.938
468.71	111.652
468.92	111.305
469.13	110.887
469.34	110.421
469.55	109.870
469.76	109.304
469.96	108.651
470.17	107.957
470.38	107.246
470.59	106.471
470.80	105.672
471.00	104.892
471.21	104.053
471.42	103.235
471.63	102.403
471.84	101.596
472.05	100.777
472.25	99.967
472.46	99.193
472.67	98.408
472.88	97.710
473.09	97.028
473.29	96.369
473.50	95.792
473.71	95.246
473.92	94.765
474.13	94.346
474.33	93.999
474.54	93.726
474.75	93.520
474.96	93.380
475.17	93.310
475.37	93.263
475.58	93.326
475.79	93.457
476.00	93.655
476.21	93.924
476.41	94.246
476.62	94.632
476.83	95.057
477.04	95.576
477.24	96.098
477.45	96.671
477.66	97.275
477.87	97.875
478.08	98.532
478.28	99.170
478.49	99.839
478.70	100.524
478.91	101.177
479.11	101.814
479.32	102.468
479.53	103.077
479.74	103.697
479.94	104.250
480.15	104.744
480.36	105.198
480.57	105.616
480.78	106.014
480.98	106.312
481.19	106.570
481.40	106.756
481.61	106.916
481.81	106.999
482.02	107.015
482.23	107.001
482.44	106.881
482.64	106.731
482.85	106.507
483.06	106.200
483.27	105.875
483.47	105.505
483.68	105.055
483.89	104.564
484.10	104.012
484.30	103.430
484.51	102.791
484.72	102.149
484.92	101.436
485.13	100.725
485.34	100.002
485.55	99.248
485.75	98.493
485.96	97.708
486.17	96.936
486.38	96.179
486.58	95.413
486.79	94.684
487.00	93.960
487.20	93.258
487.41	92.605
487.62	91.982
487.83	91.385
488.03	90.830
488.24	90.327
488.45	89.860
488.65	89.436
488.86	89.083
489.07	88.778
489.28	88.542
489.48	88.355
489.69	88.262
489.90	88.203
490.10	88.212
490.31	88.282
490.52	88.387
490.73	88.561
490.93	88.792
491.14	89.069
491.35	89.403
491.55	89.777
491.76	90.186
491.97	90.625
492.17	91.092
492.38	91.600
492.59	92.135
492.79	92.705
493.00	93.291
493.21	93.885
493.41	94.475
493.62	95.070
493.83	95.668
494.04	96.217
494.24	96.781
494.45	97.328
494.66	97.838
494.86	98.362
495.07	98.824
495.28	99.277
495.48	99.673
495.69	100.034
495.90	100.364
496.10	100.653
496.31	100.880
496.52	101.062
496.72	101.224
496.93	101.327
497.14	101.368
497.34	101.340
497.55	101.286
497.76	101.177
497.96	101.012
498.17	100.792
498.37	100.539
498.58	100.211
498.79	99.834
498.99	99.435
499.20	98.971
499.41	98.473
499.61	97.919
499.82	97.354
500.03	96.741
500.23	96.126
500.44	95.465
500.65	94.798
500.85	94.120
501.06	93.397
501.26	92.683
501.47	91.963
501.68	91.260
501.88	90.540
502.09	89.838
502.30	89.144
502.50	88.471
502.71	87.824
502.91	87.205
503.12	86.614
503.33	86.050
503.53	85.538
503.74	85.050
503.95	84.598
504.15	84.189
504.36	83.824
504.56	83.496
504.77	83.236
504.98	83.004
505.18	82.839
505.39	82.720
505.59	82.647
505.80	82.626
506.01	82.659
506.21	82.745
506.42	82.878
506.62	83.052
506.83	83.263
507.04	83.523
507.24	83.820
507.45	84.160
507.65	84.535
507.86	84.925
508.07	85.356
508.27	85.819
508.48	86.296
508.68	86.810
508.89	87.320
509.10	87.834
509.30	88.361
509.51	88.882
509.71	89.403
509.92	89.921
510.12	90.433
510.33	90.932
510.54	91.405
510.74	91.869
510.95	92.304
511.15	92.721
511.36	93.126
511.56	93.500
511.77	93.827
511.98	94.128
512.18	94.401
512.39	94.635
512.59	94.827
512.80	94.974
513.00	95.076
513.21	95.135
513.42	95.166
513.62	95.147
513.83	95.092
514.03	94.979
514.24	94.821
514.44	94.611
514.65	94.374
514.85	94.100
515.06	93.788
515.26	93.430
515.47	93.043
515.68	92.608
515.88	92.146
516.09	91.654
516.29	91.138
516.50	90.589
516.70	90.015
516.91	89.422
517.11	88.818
517.32	88.204
517.52	87.575
517.73	86.954
517.93	86.315
518.14	85.677
518.34	85.052
518.55	84.432
518.76	83.827
518.96	83.218
519.17	82.624
519.37	82.043
519.58	81.503
519.78	80.976
519.99	80.464
520.19	79.984
520.40	79.551
520.60	79.144
520.81	78.769
521.01	78.423
521.22	78.129
521.42	77.872
521.63	77.650
521.83	77.471
522.04	77.321
522.24	77.237
522.45	77.189
522.65	77.188
522.86	77.233
523.06	77.307
523.27	77.431
523.47	77.597
523.68	77.794
523.88	78.020
524.09	78.282
524.29	78.591
524.50	78.926
524.70	79.280
524.91	79.657
525.11	80.072
525.32	80.515
525.52	80.963
525.72	81.448
525.93	81.938
526.13	82.448
526.34	82.947
526.54	83.462
526.75	83.951
526.95	84.452
527.16	84.934
527.36	85.423
527.57	85.891
527.77	86.340
527.98	86.793
528.18	87.225
528.39	87.629
528.59	88.020
528.79	88.379
529.00	88.723
529.20	89.033
529.41	89.334
529.61	89.591
529.82	89.805
530.02	89.970
530.23	90.122
530.43	90.220
530.64	90.301
530.84	90.330
531.04	90.319
531.25	90.294
531.45	90.237
531.66	90.137
531.86	90.001
532.07	89.821
532.27	89.603
532.47	89.358
532.68	89.095
532.88	88.799
533.09	88.468
533.29	88.087
533.50	87.687
533.70	87.230
533.90	86.772
534.11	86.312
534.31	85.829
534.52	85.316
534.72	84.816
534.93	84.294
535.13	83.747
535.33	83.217
535.54	82.651
535.74	82.095
535.95	81.525
536.15	80.983
536.35	80.445
536.56	79.914
536.76	79.375
536.97	78.865
537.17	78.353
537.37	77.865
537.58	77.416
537.78	76.984
537.99	76.582
538.19	76.185
538.39	75.811
538.60	75.472
538.80	75.179
539.01	74.892
539.21	74.646
539.41	74.443
539.62	74.262
539.82	74.128
540.03	74.019
540.23	73.963
540.43	73.925
540.64	73.941
540.84	73.980
541.04	74.069
541.25	74.197
541.45	74.354
541.66	74.541
541.86	74.760
542.06	75.016
542.27	75.298
542.47	75.627
542.67	75.965
542.88	76.333
543.08	76.720
543.28	77.137
543.49	77.564
543.69	78.010
543.90	78.479
544.10	78.941
544.30	79.440
544.51	79.927
544.71	80.447
544.91	80.941
545.12	81.448
545.32	81.961
545.52	82.435
545.73	82.931
545.93	83.411
546.13	83.857
546.34	84.287
546.54	84.710
546.74	85.110
546.95	85.511
547.15	85.886
547.35	86.220
547.56	86.554
547.76	86.875
547.96	87.155
548.17	87.420
548.37	87.668
548.57	87.853
548.78	88.020
548.98	88.148
549.18	88.238
549.39	88.298
549.59	88.326
549.79	88.350
550.00	88.323
550.20	88.291
550.40	88.207
550.61	88.105
550.81	87.963
551.01	87.789
551.22	87.589
551.42	87.356
551.62	87.101
551.82	86.805
552.03	86.491
552.23	86.156
552.43	85.788
552.64	85.405
552.84	85.003
553.04	84.579
553.25	84.139
553.45	83.678
553.65	83.207
553.85	82.740
554.06	82.257
554.26	81.759
554.46	81.241
554.67	80.741
554.87	80.226
555.07	79.732
555.27	79.229
555.48	78.727
555.68	78.243
555.88	77.760
556.09	77.294
556.29	76.822
556.49	76.378
556.69	75.934
556.90	75.511
557.10	75.127
557.30	74.773
557.50	74.422
557.71	74.120
557.91	73.839
558.11	73.565
558.31	73.329
558.52	73.126
558.72	72.956
558.92	72.815
559.13	72.708
559.33	72.628
559.53	72.569
559.73	72.560
559.94	72.570
560.14	72.607
560.34	72.672
560.54	72.771
560.75	72.909
560.95	73.074
561.15	73.277
561.35	73.491
561.55	73.723
561.76	73.994
561.96	74.270
562.16	74.588
562.36	74.939
562.57	75.294
562.77	75.670
562.97	76.061
563.17	76.462
563.38	76.872
563.58	77.301
563.78	77.748
563.98	78.192
564.18	78.637
564.39	79.101
564.59	79.561
564.79	80.036
564.99	80.489
565.20	80.938
565.40	81.369
565.60	81.795
565.80	82.232
566.00	82.640
566.21	83.049
566.41	83.420
566.61	83.789
566.81	84.148
567.01	84.486
567.22	84.815
567.42	85.123
567.62	85.394
567.82	85.651
568.02	85.886
568.23	86.097
568.43	86.285
568.63	86.456
568.83	86.585
569.03	86.679
569.24	86.759
569.44	86.820
569.64	86.857
569.84	86.878
570.04	86.845
570.24	86.800
570.45	86.730
570.65	86.641
570.85	86.513
571.05	86.351
571.25	86.161
571.45	85.938
571.66	85.714
571.86	85.471
572.06	85.182
572.26	84.883
572.46	84.569
572.66	84.246
572.87	83.884
573.07	83.521
573.27	83.140
573.47	82.744
573.67	82.329
573.87	81.897
574.08	81.447
574.28	81.012
574.48	80.567
574.68	80.106
574.88	79.644
575.08	79.165
575.28	78.699
575.49	78.240
575.69	77.784
575.89	77.310
576.09	76.866
576.29	76.418
576.49	75.975
576.69	75.538
576.90	75.119
577.10	74.719
577.30	74.331
577.50	73.966
577.70	73.607
577.90	73.270
578.10	72.970
578.30	72.685
578.51	72.420
578.71	72.181
578.91	71.963
579.11	71.764
579.31	71.596
579.51	71.451
579.71	71.338
579.91	71.239
580.12	71.181
580.32	71.146
580.52	71.148
580.72	71.164
580.92	71.205
581.12	71.263
581.32	71.358
581.52	71.490
581.72	71.630
581.92	71.800
582.13	72.008
582.33	72.210
582.53	72.450
582.73	72.701
582.93	72.978
583.13	73.278
583.33	73.605
583.53	73.945
583.73	74.303
583.93	74.676
584.13	75.068
584.34	75.485
584.54	75.878
584.74	76.275
584.94	76.709
585.14	77.143
585.34	77.578
585.54	77.984
585.74	78.395
585.94	78.826
586.14	79.267
586.34	79.680
586.54	80.113
586.74	80.535
586.94	80.959
587.15	81.377
587.35	81.772
587.55	82.152
587.75	82.526
587.95	82.875
588.15	83.208
588.35	83.522
588.55	83.826
588.75	84.126
588.95	84.409
589.15	84.663
589.35	84.902
589.55	85.119
589.75	85.353
589.95	85.540
590.15	85.703
590.35	85.834
590.55	85.956
590.75	86.041
590.95	86.101
591.15	86.136
591.35	86.139
591.56	86.126
591.76	86.089
591.96	86.026
592.16	85.954
592.36	85.852
592.56	85.739
592.76	85.588
592.96	85.428
593.16	85.229
593.36	85.016
593.56	84.793
593.76	84.559
593.96	84.281
594.16	84.007
594.36	83.712
594.56	83.398
594.76	83.065
594.96	82.730
595.16	82.365
595.36	81.999
595.56	81.611
595.76	81.206
595.96	80.788
596.16	80.384
596.36	79.963
596.56	79.550
596.76	79.110
596.96	78.678
597.16	78.252
597.36	77.835
597.56	77.409
597.76	76.973
597.96	76.545
598.16	76.127
598.36	75.712
598.56	75.299
598.76	74.901
598.96	74.528
599.16	74.159
599.36	73.822
599.56	73.487
599.76	73.162
599.96	72.863
600.15	72.580
600.35	72.315
600.55	72.068
600.75	71.822
600.95	71.614
601.15	71.408
601.35	71.216
601.55	71.052
601.75	70.925
601.95	70.812
602.15	70.726
602.35	70.647
602.55	70.604
602.75	70.590
602.95	70.590
603.15	70.593
603.35	70.638
603.55	70.695
603.75	70.768
603.95	70.872
604.15	70.994
604.35	71.147
604.54	71.307
604.74	71.506
604.94	71.718
605.14	71.939
605.34	72.188
605.54	72.465
605.74	72.761
605.94	73.056
606.14	73.379
606.34	73.710
606.54	74.063
606.74	74.426
606.94	74.789
607.14	75.175
607.33	75.583
607.53	75.979
607.73	76.377
607.93	76.775
608.13	77.182
608.33	77.596
608.53	77.994
608.73	78.413
608.93	78.803
609.13	79.202
609.33	79.605
609.52	80.001
609.72	80.381
609.92	80.743
610.12	81.112
610.32	81.471
610.52	81.833
610.72	82.169
610.92	82.492
611.12	82.812
611.31	83.117
611.51	83.403
611.71	83.678
611.91	83.949
612.11	84.218
612.31	84.468
612.51	84.687
612.71	84.906
612.91	85.085
613.10	85.260
613.30	85.445
613.50	85.593
613.70	85.717
613.90	85.814
614.10	85.895
614.30	85.940
614.50	85.975
614.69	85.971
614.89	85.962
615.09	85.929
615.29	85.882
615.49	85.810
615.69	85.719
615.89	85.617
616.08	85.495
616.28	85.345
616.48	85.176
616.68	84.983
616.88	84.778
617.08	84.554
617.27	84.329
617.47	84.064
617.67	83.786
617.87	83.493
618.07	83.204
618.27	82.902
618.47	82.601
618.66	82.274
618.86	81.949
619.06	81.601
619.26	81.255
619.46	80.899
619.66	80.524
619.85	80.140
620.05	79.751
620.25	79.344
620.45	78.949
620.65	78.546
620.84	78.173
621.04	77.784
621.24	77.420
621.44	77.023
621.64	76.621
621.84	76.242
622.03	75.860
622.23	75.486
622.43	75.116
622.63	74.755
622.83	74.403
623.02	74.059
623.22	73.733
623.42	73.399
623.62	73.085
623.82	72.799
624.01	72.516
624.21	72.243
624.41	71.997
624.61	71.768
624.81	71.559
625.00	71.344
625.20	71.152
625.40	70.967
625.60	70.814
625.79	70.691
625.99	70.593
626.19	70.504
626.39	70.437
626.59	70.387
626.78	70.366
626.98	70.358
627.18	70.365
627.38	70.401
627.57	70.480
627.77	70.560
627.97	70.651
628.17	70.778
628.37	70.916
628.56	71.083
628.76	71.253
628.96	71.436
629.16	71.636
629.35	71.877
629.55	72.124
629.75	72.386
629.95	72.664
630.14	72.942
630.34	73.250
630.54	73.564
630.74	73.883
630.93	74.213
631.13	74.551
631.33	74.891
631.53	75.221
631.72	75.558
631.92	75.918
632.12	76.290
632.31	76.653
632.51	77.045
632.71	77.429
632.91	77.805
633.10	78.191
633.30	78.592
633.50	78.959
633.70	79.347
633.89	79.721
634.09	80.102
634.29	80.471
634.48	80.829
634.68	81.195
634.88	81.556
635.08	81.911
635.27	82.269
635.47	82.619
635.67	82.973
635.86	83.316
636.06	83.637
636.26	83.933
636.46	84.229
636.65	84.504
636.85	84.779
637.05	85.044
637.24	85.274
637.44	85.495
637.64	85.706
637.83	85.908
638.03	86.103
638.23	86.252
638.43	86.402
638.62	86.527
638.82	86.621
639.02	86.712
639.21	86.778
639.41	86.817
639.61	86.858
639.80	86.874
640.00	86.871
640.20	86.870
640.39	86.861
640.59	86.820
640.79	86.764
640.98	86.679
641.18	86.587
641.38	86.494
641.57	86.366
641.77	86.223
641.97	86.050
642.16	85.870
642.36	85.687
642.56	85.486
642.75	85.292
642.95	85.068
643.15	84.833
643.34	84.597
643.54	84.348
643.74	84.066
643.93	83.783
644.13	83.470
644.33	83.144
644.52	82.816
644.72	82.490
644.91	82.152
645.11	81.794
645.31	81.442
645.50	81.092
645.70	80.745
645.90	80.397
646.09	80.035
646.29	79.668
646.48	79.298
646.68	78.919
646.88	78.541
647.07	78.173
647.27	77.801
647.47	77.426
647.66	77.065
647.86	76.702
648.05	76.351
648.25	76.015
648.45	75.677
648.64	75.339
648.84	75.022
649.04	74.698
649.23	74.388
649.43	74.093
649.62	73.800
649.82	73.507
650.02	73.237
650.21	72.984
650.41	72.761
650.60	72.547
650.80	72.363
651.00	72.159
651.19	71.991
651.39	71.833
651.58	71.685
651.78	71.560
651.97	71.471
652.17	71.384
652.37	71.304
652.56	71.260
652.76	71.224
652.95	71.200
653.15	71.218
653.35	71.242
653.54	71.272
653.74	71.307
653.93	71.374
654.13	71.457
654.32	71.547
654.52	71.631
654.72	71.751
654.91	71.882
655.11	72.043
655.30	72.219
655.50	72.407
655.69	72.614
655.89	72.817
656.08	73.028
656.28	73.262
656.48	73.515
656.67	73.770
656.87	74.039
657.06	74.303
657.26	74.573
657.45	74.867
657.65	75.177
657.84	75.510
658.04	75.834
658.23	76.176
658.43	76.528
658.62	76.894
658.82	77.251
659.02	77.610
659.21	77.987
659.41	78.346
659.60	78.712
659.80	79.083
659.99	79.473
660.19	79.850
660.38	80.234
660.58	80.600
660.77	80.976
660.97	81.333
661.16	81.695
661.36	82.044
661.55	82.406
661.75	82.754
661.94	83.086
662.14	83.428
662.33	83.764
662.53	84.086
662.72	84.399
662.92	84.698
663.11	84.982
663.31	85.269
663.50	85.555
663.70	85.838
663.89	86.104
664.09	86.344
664.28	86.592
664.48	86.808
664.67	87.038
664.87	87.226
665.06	87.424
665.26	87.602
665.45	87.774
665.65	87.919
665.84	88.064
666.04	88.190
666.23	88.273
666.43	88.333
666.62	88.388
666.82	88.426
667.01	88.458
667.21	88.479
667.40	88.470
667.59	88.468
667.79	88.429
667.98	88.362
668.18	88.291
668.37	88.196
668.57	88.117
668.76	88.008
668.96	87.880
669.15	87.745
669.35	87.612
669.54	87.449
669.73	87.287
669.93	87.101
670.12	86.913
670.32	86.738
670.51	86.537
670.71	86.327
670.90	86.113
671.10	85.888
671.29	85.640
671.48	85.381
671.68	85.105
671.87	84.832
672.07	84.553
672.26	84.299
672.46	84.017
672.65	83.718
672.84	83.414
673.04	83.118
673.23	82.810
673.43	82.486
673.62	82.176
673.82	81.855
674.01	81.507
674.20	81.171
674.40	80.820
674.59	80.481
674.79	80.149
674.98	79.808
675.17	79.464
675.37	79.138
675.56	78.809
675.76	78.478
675.95	78.134
676.14	77.815
676.34	77.465
676.53	77.140
676.73	76.810
676.92	76.482
677.11	76.168
677.31	75.856
677.50	75.567
677.70	75.270
677.89	74.977
678.08	74.719
678.28	74.466
678.47	74.235
678.66	74.016
678.86	73.807
679.05	73.604
679.25	73.424
679.44	73.256
679.63	73.115
679.83	72.971
680.02	72.856
680.21	72.744
680.41	72.647
680.60	72.548
680.79	72.473
680.99	72.417
681.18	72.357
681.38	72.327
681.57	72.319
681.76	72.329
681.96	72.349
682.15	72.375
682.34	72.398
682.54	72.436
682.73	72.496
682.92	72.559
683.12	72.656
683.31	72.760
683.50	72.872
683.70	72.997
683.89	73.118
684.08	73.270
684.28	73.434
684.47	73.607
684.66	73.805
684.86	74.011
685.05	74.230
685.24	74.469
685.44	74.705
685.63	74.944
685.82	75.203
686.02	75.462
686.21	75.758
686.40	76.054
686.60	76.370
686.79	76.687
686.98	77.005
687.18	77.330
687.37	77.657
687.56	77.976
687.75	78.307
687.95	78.653
688.14	78.990
688.33	79.347
688.53	79.702
688.72	80.068
688.91	80.427
689.11	80.775
689.30	81.155
689.49	81.534
689.68	81.899
689.88	82.253
690.07	82.604
690.26	82.936
690.46	83.287
690.65	83.612
690.84	83.940
691.03	84.277
691.23	84.597
691.42	84.915
691.61	85.243
691.80	85.542
692.00	85.841
692.19	86.118
692.38	86.388
692.58	86.662
692.77	86.916
692.96	87.157
693.15	87.406
693.35	87.624
693.54	87.858
693.73	88.088
693.92	88.291
694.12	88.508
694.31	88.696
694.50	88.896
694.69	89.062
694.89	89.219
695.08	89.350
695.27	89.501
695.46	89.621
695.66	89.736
695.85	89.848
696.04	89.949
696.23	90.062
696.43	90.146
696.62	90.199
696.81	90.242
697.00	90.290
697.19	90.324
697.39	90.330
697.58	90.322
697.77	90.290
697.96	90.276
698.16	90.232
698.35	90.202
698.54	90.127
698.73	90.079
698.92	89.986
699.12	89.896
699.31	89.782
699.50	89.663
699.69	89.539
699.89	89.396
700.08	89.251
700.27	89.078
700.46	88.910
700.65	88.730
700.85	88.563
701.04	88.369
701.23	88.157
701.42	87.944
701.61	87.720
701.81	87.487
702.00	87.241
702.19	86.994
702.38	86.719
702.57	86.458
702.76	86.166
702.96	85.894
703.15	85.606
703.34	85.300
703.53	84.996
703.72	84.664
703.92	84.337
704.11	84.006
704.30	83.670
704.49	83.341
704.68	83.020
704.87	82.667
705.07	82.327
705.26	81.995
705.45	81.688
705.64	81.347
705.83	81.039
706.02	80.714
706.21	80.407
706.41	80.093
706.60	79.766
706.79	79.465
706.98	79.175
707.17	78.869
707.36	78.581
707.56	78.309
707.75	78.044
707.94	77.783
708.13	77.532
708.32	77.296
708.51	77.047
708.70	76.826
708.89	76.603
709.09	76.388
709.28	76.184
709.47	75.947
709.66	75.738
709.85	75.537
710.04	75.343
710.23	75.139
710.42	74.982
710.62	74.825
710.81	74.649
711.00	74.485
711.19	74.357
711.38	74.228
711.57	74.100
711.76	73.986
711.95	73.902
712.15	73.821
712.34	73.750
712.53	73.690
712.72	73.633
712.91	73.616
713.10	73.598
713.29	73.592
713.48	73.596
713.67	73.639
713.86	73.692
714.05	73.747
714.25	73.818
714.44	73.874
714.63	73.954
714.82	74.075
715.01	74.196
715.20	74.342
715.39	74.480
715.58	74.636
715.77	74.811
715.96	74.985
716.15	75.160
716.34	75.329
716.54	75.523
716.73	75.728
716.92	75.923
717.11	76.135
717.30	76.362
717.49	76.606
717.68	76.852
717.87	77.065
718.06	77.331
718.25	77.605
718.44	77.889
718.63	78.178
718.82	78.461
719.01	78.748
719.20	79.038
719.39	79.343
719.58	79.652
719.77	79.949
719.96	80.237
720.16	80.542
720.35	80.869
720.54	81.184
720.73	81.503
720.92	81.824
721.11	82.165
721.30	82.488
721.49	82.813
721.68	83.143
721.87	83.500
722.06	83.828
722.25	84.150
722.44	84.474
722.63	84.786
722.82	85.088
723.01	85.377
723.20	85.651
723.39	85.939
723.58	86.246
723.77	86.550
723.96	86.851
724.15	87.158
724.34	87.440
724.53	87.722
724.72	87.976
724.91	88.249
725.10	88.520
725.29	88.770
725.48	89.045
725.67	89.258
725.86	89.459
726.05	89.669
726.24	89.863
726.43	90.046
726.62	90.230
726.81	90.440
727.00	90.625
727.19	90.828
727.38	91.006
727.57	91.148
727.76	91.287
727.95	91.418
728.14	91.515
728.33	91.618
728.52	91.712
728.71	91.799
728.90	91.879
729.09	91.917
729.28	91.940
729.47	91.949
729.65	91.975
729.84	92.000
730.03	92.014
730.22	92.023
730.41	92.032
730.60	92.032
730.79	91.975
730.98	91.948
731.17	91.908
731.36	91.839
731.55	91.756
731.74	91.670
731.93	91.576
732.12	91.479
732.31	91.391
732.50	91.305
732.69	91.219
732.88	91.085
733.06	90.947
733.25	90.821
733.44	90.690
733.63	90.534
733.82	90.373
734.01	90.176
734.20	89.984
734.39	89.769
734.58	89.566
734.77	89.381
734.96	89.158
735.15	88.917
735.33	88.675
735.52	88.449
735.71	88.209
735.90	87.957
736.09	87.689
736.28	87.397
736.47	87.107
736.66	86.810
736.85	86.522
737.04	86.213
737.23	85.916
737.41	85.597
737.60	85.317
737.79	84.996
737.98	84.707
738.17	84.406
738.36	84.128
738.55	83.834
738.74	83.542
738.92	83.244
739.11	82.959
739.30	82.657
739.49	82.344
739.68	82.054
739.87	81.787
740.06	81.529
740.25	81.245
740.43	80.974
740.62	80.692
740.81	80.406
741.00	80.153
741.19	79.876
741.38	79.601
741.57	79.322
741.75	79.080
741.94	78.817
742.13	78.565
742.32	78.294
742.51	78.049
742.70	77.810
742.89	77.591
743.07	77.362
743.26	77.155
743.45	76.927
743.64	76.733
743.83	76.518
744.02	76.286
744.20	76.107
744.39	75.926
744.58	75.764
744.77	75.621
744.96	75.495
745.15	75.398
745.33	75.312
745.52	75.226
745.71	75.134
745.90	75.052
746.09	74.991
746.28	74.943
746.46	74.868
746.65	74.804
746.84	74.761
747.03	74.719
747.22	74.696
747.40	74.706
747.59	74.698
747.78	74.710
747.97	74.771
748.16	74.816
748.34	74.845
748.53	74.905
748.72	74.971
748.91	75.022
749.10	75.081
749.28	75.165
749.47	75.265
749.66	75.358
749.85	75.449
750.04	75.551
750.22	75.655
750.41	75.795
750.60	75.944
750.79	76.070
750.97	76.218
751.16	76.387
751.35	76.547
751.54	76.704
751.73	76.890
751.91	77.060
752.10	77.279
752.29	77.472
752.48	77.686
752.66	77.907
752.85	78.129
753.04	78.353
753.23	78.595
753.41	78.810
753.60	79.068
753.79	79.337
753.98	79.589
754.16	79.853
754.35	80.109
754.54	80.363
754.73	80.653
754.91	80.941
755.10	81.216
755.29	81.514
755.48	81.793
755.66	82.074
755.85	82.361
756.04	82.612
756.22	82.911
756.41	83.177
756.60	83.446
756.79	83.741
756.97	84.034
757.16	84.285
757.35	84.575
757.54	84.858
757.72	85.136
757.91	85.429
758.10	85.712
758.28	85.989
758.47	86.259
758.66	86.550
758.85	86.817
759.03	87.092
759.22	87.353
759.41	87.628
759.59	87.896
759.78	88.159
759.97	88.405
760.15	88.640
760.34	88.909
760.53	89.150
760.71	89.360
760.90	89.603
761.09	89.835
761.28	90.060
761.46	90.266
761.65	90.471
761.84	90.681
762.02	90.890
762.21	91.110
762.40	91.290
762.58	91.441
762.77	91.595
762.96	91.759
763.14	91.936
763.33	92.084
763.52	92.197
763.70	92.290
763.89	92.411
764.08	92.539
764.26	92.607
764.45	92.708
764.64	92.819
764.82	92.875
765.01	92.936
765.20	92.970
765.38	93.018
765.57	93.036
765.75	93.050
765.94	93.037
766.13	93.040
766.31	93.061
766.50	93.056
766.69	93.085
766.87	93.093
767.06	93.061
767.25	93.045
767.43	93.048
767.62	93.050
767.80	93.020
767.99	92.960
768.18	92.897
768.36	92.829
768.55	92.754
768.74	92.666
768.92	92.580
769.11	92.515
769.29	92.407
769.48	92.327
769.67	92.202
769.85	92.098
770.04	91.916
770.22	91.753
770.41	91.571
770.60	91.360
770.78	91.135
770.97	90.930
771.15	90.728
771.34	90.484
771.53	90.269
771.71	90.047
771.90	89.841
772.08	89.678
772.27	89.465
772.46	89.217
772.64	88.985
772.83	88.749
773.01	88.469
773.20	88.212
773.39	87.958
773.57	87.690
773.76	87.419
773.94	87.206
774.13	86.944
774.31	86.672
774.50	86.434
774.68	86.172
774.87	85.908
775.06	85.596
775.24	85.327
775.43	85.024
775.61	84.726
775.80	84.437
775.98	84.117
776.17	83.801
776.36	83.508
776.54	83.216
776.73	82.914
776.91	82.636
777.10	82.357
777.28	82.044
777.47	81.771
777.65	81.493
777.84	81.197
778.02	80.932
778.21	80.677
778.39	80.393
778.58	80.137
778.77	79.886
778.95	79.673
779.14	79.455
779.32	79.247
779.51	79.040
779.69	78.815
779.88	78.611
780.06	78.420
780.25	78.215
780.43	78.010
780.62	77.831
780.80	77.643
780.99	77.450
781.17	77.272
781.36	77.084
781.54	76.915
781.73	76.716
781.91	76.551
782.10	76.400
782.28	76.252
782.47	76.104
782.65	75.935
782.84	75.785
783.02	75.652
783.21	75.533
783.39	75.419
783.58	75.314
783.76	75.193
783.95	75.098
784.13	75.049
784.32	74.995
784.50	74.928
784.69	74.902
784.87	74.880
785.05	74.868
785.24	74.866
785.42	74.871
785.61	74.884
785.79	74.905
785.98	74.931
786.16	74.942
786.35	74.992
786.53	75.047
786.72	75.089
786.90	75.135
787.09	75.174
787.27	75.245
787.45	75.332
787.64	75.415
787.82	75.490
788.01	75.562
788.19	75.662
788.38	75.762
788.56	75.806
788.75	75.915
788.93	76.038
789.11	76.129
789.30	76.216
789.48	76.343
789.67	76.475
789.85	76.598
790.04	76.773
790.22	76.917
790.40	77.090
790.59	77.245
790.77	77.409
790.96	77.601
791.14	77.782
791.32	77.951
791.51	78.137
791.69	78.341
791.88	78.547
792.06	78.750
792.25	78.946
792.43	79.200
792.61	79.408
792.80	79.596
792.98	79.842
793.17	80.079
793.35	80.282
793.53	80.498
793.72	80.761
793.90	80.991
794.08	81.225
794.27	81.450
794.45	81.709
794.64	81.952
794.82	82.195
795.00	82.403
795.19	82.651
795.37	82.892
795.55	83.083
795.74	83.321
795.92	83.557
796.11	83.818
796.29	84.069
796.47	84.311
796.66	84.544
796.84	84.807
797.02	85.067
797.21	85.342
797.39	85.595
797.58	85.822
797.76	86.043
797.94	86.289
798.13	86.540
798.31	86.802
798.49	87.029
798.68	87.248
798.86	87.510
799.04	87.711
799.23	87.938
799.41	88.177
799.59	88.385
799.78	88.553
799.96	88.739
800.14	88.932
800.33	89.132
800.51	89.353
800.69	89.500
800.88	89.686
801.06	89.885
801.24	90.026
801.43	90.189
801.61	90.336
801.79	90.474
801.98	90.598
802.16	90.735
802.34	90.888
802.52	91.031
802.71	91.126
802.89	91.269
803.07	91.382
803.26	91.482
803.44	91.559
803.62	91.665
803.81	91.754
803.99	91.793
804.17	91.825
804.35	91.854
804.54	91.882
804.72	91.929
804.90	91.948
805.09	92.012
805.27	92.060
805.45	92.109
805.63	92.116
805.82	92.133
806.00	92.077
806.18	92.053
806.37	92.044
806.55	92.001
806.73	91.970
806.91	91.926
807.10	91.899
807.28	91.862
807.46	91.821
807.64	91.756
807.83	91.706
808.01	91.659
808.19	91.554
808.37	91.460
808.56	91.335
808.74	91.230
808.92	91.113
809.10	90.958
809.29	90.841
809.47	90.726
809.65	90.553
809.83	90.455
810.02	90.304
810.20	90.155
810.38	90.014
810.56	89.847
810.75	89.719
810.93	89.573
811.11	89.414
811.29	89.249
811.47	89.081
811.66	88.882
811.84	88.691
812.02	88.575
812.20	88.422
812.39	88.270
812.57	88.095
812.75	87.930
812.93	87.793
813.11	87.597
813.30	87.426
813.48	87.279
813.66	87.072
813.84	86.882
814.02	86.674
814.21	86.500
814.39	86.266
814.57	86.037
814.75	85.813
814.93	85.588
815.12	85.356
815.30	85.128
815.48	84.912
815.66	84.678
815.84	84.420
816.03	84.166
816.21	83.881
816.39	83.627
816.57	83.322
816.75	83.009
816.93	82.724
817.12	82.418
817.30	82.118
817.48	81.825
817.66	81.570
817.84	81.315
818.02	81.070
818.21	80.807
818.39	80.564
818.57	80.298
818.75	80.086
818.93	79.843
819.11	79.597
819.30	79.358
819.48	79.139
819.66	78.929
819.84	78.745
820.02	78.541
820.20	78.328
820.38	78.124
820.57	77.931
820.75	77.771
820.93	77.595
821.11	77.419
821.29	77.264
821.47	77.072
821.65	76.887
821.83	76.690
822.02	76.531
822.20	76.346
822.38	76.212
822.56	75.995
822.74	75.806
822.92	75.596
823.10	75.435
823.28	75.242
823.46	75.046
823.65	74.848
823.83	74.687
824.01	74.521
824.19	74.359
824.37	74.201
824.55	74.012
824.73	73.866
824.91	73.718
825.09	73.574
825.27	73.438
825.46	73.287
825.64	73.133
825.82	73.018
826.00	72.878
826.18	72.757
826.36	72.668
826.54	72.593
826.72	72.566
826.90	72.503
827.08	72.465
827.26	72.443
827.44	72.401
827.63	72.367
827.81	72.357
827.99	72.378
828.17	72.375
828.35	72.392
828.53	72.405
828.71	72.447
828.89	72.464
829.07	72.493
829.25	72.515
829.43	72.579
829.61	72.618
829.79	72.664
829.97	72.717
830.15	72.745
830.33	72.797
830.51	72.835
830.69	72.892
830.87	72.903
831.06	72.963
831.24	73.029
831.42	73.093
831.60	73.136
831.78	73.202
831.96	73.295
832.14	73.395
832.32	73.492
832.50	73.571
832.68	73.659
832.86	73.734
833.04	73.872
833.22	73.965
833.40	74.090
833.58	74.201
833.76	74.306
833.94	74.461
834.12	74.617
834.30	74.774
834.48	74.909
834.66	75.107
834.84	75.233
835.02	75.410
835.20	75.586
835.38	75.775
835.56	75.958
835.74	76.153
835.92	76.345
836.10	76.516
836.28	76.698
836.46	76.905
836.64	77.105
836.82	77.265
837.00	77.453
837.18	77.642
837.36	77.866
837.54	78.059
837.72	78.262
837.90	78.469
838.08	78.674
838.26	78.878
838.43	79.062
838.61	79.279
838.79	79.479
838.97	79.679
839.15	79.881
839.33	80.076
839.51	80.226
839.69	80.394
839.87	80.591
840.05	80.806
840.23	80.987
840.41	81.178
840.59	81.337
840.77	81.537
840.95	81.703
841.13	81.853
841.31	82.016
841.49	82.147
841.67	82.257
841.84	82.415
842.02	82.529
842.20	82.703
842.38	82.813
842.56	82.933
842.74	83.067
842.92	83.152
843.10	83.265
843.28	83.431
843.46	83.544
843.64	83.614
843.82	83.726
843.99	83.822
844.17	83.965
844.35	84.172
844.53	84.307
844.71	84.470
844.89	84.570
845.07	84.720
845.25	84.886
845.43	85.039
845.61	85.159
845.78	85.338
845.96	85.465
846.14	85.625
846.32	85.776
846.50	85.891
846.68	86.076
846.86	86.198
847.04	86.296
847.22	86.363
847.39	86.508
847.57	86.579
847.75	86.660
847.93	86.676
848.11	86.715
848.29	86.804
848.47	86.818
848.65	86.903
848.82	86.911
849.00	86.935
849.18	86.943
849.36	86.938
849.54	86.953
849.72	86.909
849.89	86.928
850.07	86.959
850.25	86.930
850.43	86.865
850.61	86.840
850.79	86.781
850.97	86.811
851.14	86.792
851.32	86.748
851.50	86.734
851.68	86.757
851.86	86.778
852.04	86.713
852.21	86.709
852.39	86.690
852.57	86.720
852.75	86.696
852.93	86.655
853.10	86.611
853.28	86.533
853.46	86.494
853.64	86.381
853.82	86.254
854.00	86.237
854.17	86.147
854.35	86.025
854.53	85.955
854.71	85.833
854.89	85.677
855.06	85.607
855.24	85.514
855.42	85.391
855.60	85.212
855.78	85.081
855.95	84.928
856.13	84.798
856.31	84.585
856.49	84.409
856.66	84.289
856.84	84.105
857.02	84.011
857.20	83.906
857.38	83.724
857.55	83.568
857.73	83.318
857.91	83.184
858.09	82.996
858.26	82.817
858.44	82.659
858.62	82.513
858.80	82.309
858.97	82.119
859.15	81.914
859.33	81.686
859.51	81.508
859.68	81.314
859.86	81.097
860.04	80.905
860.22	80.686
860.39	80.462
860.57	80.229
860.75	79.940
860.93	79.695
861.10	79.558
861.28	79.362
861.46	79.143
861.64	78.936
861.81	78.786
861.99	78.562
862.17	78.327
862.35	78.117
862.52	77.951
862.70	77.741
862.88	77.568
863.05	77.368
863.23	77.157
863.41	76.969
863.59	76.764
863.76	76.618
863.94	76.430
864.12	76.253
864.29	76.105
864.47	75.902
864.65	75.722
864.83	75.461
865.00	75.237
865.18	75.087
865.36	74.904
865.53	74.702
865.71	74.574
865.89	74.388
866.06	74.191
866.24	73.957
866.42	73.769
866.59	73.552
866.77	73.402
866.95	73.210
867.12	72.975
867.30	72.814
867.48	72.586
867.65	72.400
867.83	72.202
868.01	72.033
868.18	71.853
868.36	71.668
868.54	71.537
868.71	71.412
868.89	71.272
869.07	71.109
869.24	70.962
869.42	70.785
869.60	70.645
869.77	70.556
869.95	70.427
870.13	70.295
870.30	70.211
870.48	70.055
870.66	69.933
870.83	69.856
871.01	69.695
871.18	69.599
871.36	69.504
871.54	69.383
871.71	69.284
871.89	69.219
872.07	69.076
872.24	68.969
872.42	68.907
872.59	68.823
872.77	68.728
872.95	68.659
873.12	68.546
873.30	68.461
873.48	68.384
873.65	68.319
873.83	68.254
874.00	68.154
874.18	68.110
874.36	68.083
874.53	68.030
874.71	67.992
874.88	67.956
875.06	67.953
875.24	67.979
875.41	67.959
875.59	67.959
875.76	68.019
875.94	68.010
876.11	67.932
876.29	67.868
876.47	67.867
876.64	67.845
876.82	67.837
876.99	67.826
877.17	67.811
877.35	67.818
877.52	67.810
877.70	67.816
877.87	67.833
878.05	67.851
878.22	67.893
878.40	67.961
878.57	67.976
878.75	67.964
878.93	67.954
879.10	67.995
879.28	68.036
879.45	68.066
879.63	68.080
879.80	68.106
879.98	68.184
880.15	68.240
880.33	68.314
880.50	68.389
880.68	68.525
880.86	68.613
881.03	68.728
881.21	68.856
881.38	68.967
881.56	69.163
881.73	69.258
881.91	69.357
882.08	69.452
882.26	69.608
882.43	69.758
882.61	69.956
882.78	70.089
882.96	70.243
883.13	70.381
883.31	70.538
883.48	70.751
883.66	70.924
883.83	71.096
884.01	71.221
884.18	71.450
884.36	71.598
884.53	71.732
884.71	71.878
884.88	71.986
885.06	72.150
885.23	72.209
885.41	72.349
885.58	72.463
885.76	72.622
885.93	72.699
886.11	72.877
886.28	72.970
886.46	73.098
886.63	73.231
886.81	73.356
886.98	73.543
887.15	73.650
887.33	73.824
887.50	74.017
887.68	74.190
887.85	74.281
888.03	74.436
888.20	74.614
888.38	74.773
888.55	74.960
888.73	75.046
888.90	75.183
889.08	75.320
889.25	75.433
889.42	75.561
889.60	75.753
889.77	75.823
889.95	75.958
890.12	76.039
890.30	76.121
890.47	76.198
890.64	76.323
890.82	76.455
890.99	76.538
891.17	76.617
891.34	76.714
891.52	76.805
891.69	76.900
891.86	76.986
892.04	77.057
892.21	77.175
892.39	77.378
892.56	77.520
892.73	77.589
892.91	77.724
893.08	77.903
893.26	77.968
893.43	78.112
893.60	78.187
893.78	78.320
893.95	78.457
894.13	78.686
894.30	78.818
894.47	78.997
894.65	79.111
894.82	79.251
895.00	79.365
895.17	79.531
895.34	79.686
895.52	79.845
895.69	79.949
895.86	80.058
896.04	80.078
896.21	80.220
896.39	80.397
896.56	80.544
896.73	80.541
896.91	80.581
897.08	80.661
897.25	80.823
897.43	80.870
897.60	80.941
897.77	80.918
897.95	80.876
898.12	80.847
898.30	80.936
898.47	80.917
898.64	80.947
898.82	80.933
898.99	80.896
899.16	80.864
899.34	80.834
899.51	80.720
899.68	80.684
899.86	80.602
900.03	80.509
900.20	80.435
900.38	80.439
900.55	80.501
900.72	80.415
900.90	80.319
901.07	80.393
901.24	80.331
901.41	80.323
901.59	80.314
901.76	80.281
901.93	80.202
902.11	80.114
902.28	80.083
902.45	80.157
902.63	80.176
902.80	80.131
902.97	80.119
903.15	80.205
903.32	80.253
903.49	80.235
903.66	80.237
903.84	80.226
904.01	80.161
904.18	80.109
904.36	80.098
904.53	80.033
904.70	79.948
904.87	79.916
905.05	79.803
905.22	79.797
905.39	79.745
905.56	79.644
905.74	79.577
905.91	79.456
906.08	79.292
906.26	79.162
906.43	79.036
906.60	78.898
906.77	78.716
906.95	78.565
907.12	78.408
907.29	78.231
907.46	78.173
907.64	78.053
907.81	77.912
907.98	77.713
908.15	77.599
908.33	77.452
908.50	77.303
908.67	77.182
908.84	77.038
909.01	76.877
909.19	76.779
909.36	76.651
909.53	76.504
909.70	76.265
909.88	76.141
910.05	75.961
910.22	75.873
910.39	75.737
910.57	75.628
910.74	75.539
910.91	75.465
911.08	75.246
911.25	75.088
911.43	74.949
911.60	74.827
911.77	74.662
911.94	74.429
912.11	74.252
912.29	74.061
912.46	73.809
912.63	73.583
912.80	73.344
912.97	73.136
913.15	72.993
913.32	72.871
913.49	72.657
913.66	72.577
913.83	72.351
914.00	72.133
914.18	71.934
914.35	71.729
914.52	71.464
914.69	71.258
914.86	71.072
915.03	70.877
915.21	70.737
915.38	70.526
915.55	70.440
915.72	70.286
915.89	70.149
916.06	70.076
916.24	70.004
916.41	69.876
916.58	69.763
916.75	69.571
916.92	69.397
917.09	69.200
917.26	68.931
917.44	68.734
917.61	68.604
917.78	68.392
917.95	68.235
918.12	68.055
918.29	67.957
918.46	67.759
918.64	67.612
918.81	67.469
918.98	67.342
919.15	67.177
919.32	67.024
919.49	66.807
919.66	66.615
919.83	66.426
920.00	66.246
920.18	66.121
920.35	66.083
920.52	65.977
920.69	65.941
920.86	65.939
921.03	65.851
921.20	65.735
921.37	65.647
921.54	65.418
921.71	65.340
921.89	65.187
922.06	65.158
922.23	65.051
922.40	64.947
922.57	64.773
922.74	64.684
922.91	64.627
923.08	64.585
923.25	64.516
923.42	64.442
923.59	64.430
923.76	64.240
923.93	64.052
924.11	63.914
924.28	63.790
924.45	63.683
924.62	63.701
924.79	63.635
924.96	63.496
925.13	63.487
925.30	63.410
925.47	63.284
925.64	63.209
925.81	63.162
925.98	63.116
926.15	63.125
926.32	62.997
926.49	62.919
926.66	62.873
926.83	62.791
927.00	62.783
927.17	62.683
927.34	62.775
927.51	62.783
927.69	62.857
927.86	62.853
928.03	62.757
928.20	62.727
928.37	62.653
928.54	62.718
928.71	62.709
928.88	62.752
929.05	62.824
929.22	62.843
929.39	62.818
929.56	62.769
929.73	62.738
929.90	62.812
930.07	62.820
930.24	62.788
930.41	62.813
930.58	62.881
930.75	62.961
930.92	62.910
931.09	62.887
931.26	62.847
931.43	62.835
931.60	62.865
931.77	62.830
931.94	62.922
932.11	62.967
932.27	63.018
932.44	63.065
932.61	63.117
932.78	63.106
932.95	63.255
933.12	63.256
933.29	63.317
933.46	63.341
933.63	63.316
933.80	63.384
933.97	63.422
934.14	63.416
934.31	63.396
934.48	63.464
934.65	63.534
934.82	63.634
934.99	63.696
935.16	63.760
935.33	63.852
935.50	64.001
935.67	64.114
935.84	64.180
936.00	64.191
936.17	64.266
936.34	64.369
936.51	64.335
936.68	64.412
936.85	64.457
937.02	64.570
937.19	64.639
937.36	64.782
937.53	64.777
937.70	64.871
937.87	64.957
938.03	64.968
938.20	65.046
938.37	65.112
938.54	65.184
938.71	65.274
938.88	65.405
939.05	65.338
939.22	65.274
939.39	65.343
939.56	65.529
939.72	65.581
939.89	65.637
940.06	65.704
940.23	65.775
940.40	65.874
940.57	66.010
940.74	66.167
940.91	66.204
941.08	66.419
941.24	66.498
941.41	66.691
941.58	66.932
941.75	67.065
941.92	67.212
942.09	67.345
942.26	67.438
942.42	67.471
942.59	67.676
942.76	68.023
942.93	68.194
943.10	68.201
943.27	68.369
943.44	68.500
943.60	68.663
943.77	68.662
943.94	68.873
944.11	68.900
944.28	68.984
944.45	69.130
944.61	69.217
944.78	69.238
944.95	69.243
945.12	69.412
945.29	69.511
945.46	69.472
945.62	69.488
945.79	69.650
945.96	69.945
946.13	70.095
946.30	70.081
946.46	70.228
946.63	70.323
946.80	70.414
946.97	70.577
947.14	70.646
947.31	71.147
947.47	71.327
947.64	71.506
947.81	71.655
947.98	71.813
948.15	71.872
948.31	72.095
948.48	72.233
948.65	72.213
948.82	72.331
948.98	72.459
949.15	72.750
949.32	72.790
949.49	72.736
949.66	72.764
949.82	72.809
949.99	72.897
950.16	73.008
950.33	72.982
950.49	73.043
950.66	72.990
950.83	72.832
951.00	72.662
951.16	72.434
951.33	72.445
951.50	72.345
951.67	72.406
951.83	72.401
952.00	72.386
952.17	72.311
952.34	72.296
952.50	72.432
952.67	72.340
952.84	72.393
953.01	72.315
953.17	72.299
953.34	72.360
953.51	72.271
953.68	72.176
953.84	72.097
954.01	72.009
954.18	71.941
954.34	71.946
954.51	72.030
954.68	72.171
954.85	72.166
955.01	72.283
955.18	72.489
955.35	72.257
955.51	72.224
955.68	72.338
955.85	72.488
956.02	72.305
956.18	72.328
956.35	72.245
956.52	72.264
956.68	72.255
956.85	72.149
957.02	72.151
957.18	72.144
957.35	72.142
957.52	72.204
957.69	72.305
957.85	72.314
958.02	72.132
958.19	71.969
958.35	71.885
958.52	71.611
958.69	71.243
958.85	71.365
959.02	71.384
959.19	71.061
959.35	70.884
959.52	70.950
959.69	70.952
959.85	70.952
960.02	70.932
960.19	70.758
960.35	70.648
960.52	70.538
960.68	70.488
960.85	70.513
961.02	70.236
961.18	70.192
961.35	69.986
961.52	70.027
961.68	70.011
961.85	69.917
962.02	69.932
962.18	69.941
962.35	69.707
962.51	69.514
962.68	69.559
962.85	69.423
963.01	69.112
963.18	68.971
963.35	68.541
963.51	68.341
963.68	68.378
963.84	68.132
964.01	68.147
964.18	67.966
964.34	67.758
964.51	67.570
964.67	67.380
964.84	67.272
965.01	67.034
965.17	66.790
965.34	66.801
965.50	66.542
965.67	66.493
965.84	66.477
966.00	66.607
966.17	66.709
966.33	66.595
966.50	66.494
966.66	66.428
966.83	66.519
967.00	66.423
967.16	66.195
967.33	66.087
967.49	65.896
967.66	66.133
967.82	65.916
967.99	66.047
968.16	66.034
968.32	65.945
968.49	65.723
968.65	65.870
968.82	65.690
968.98	65.754
969.15	65.372
969.31	65.043
969.48	64.751
969.64	64.397
969.81	64.380
969.98	64.332
970.14	63.903
970.31	63.813
970.47	63.520
970.64	63.277
970.80	63.365
970.97	62.788
971.13	62.358
971.30	62.290
971.46	62.091
971.63	61.820
971.79	61.872
971.96	61.919
972.12	61.665
972.29	61.248
972.45	61.145
972.62	61.177
972.78	61.297
972.95	60.917
973.11	60.698
973.28	60.518
973.44	60.542
973.61	60.831
973.77	60.678
973.94	60.686
974.10	60.824
974.27	60.804
974.43	61.200
974.60	61.141
974.76	61.062
974.93	61.069
975.09	60.917
975.26	60.620
975.42	60.533
975.59	60.302
975.75	60.635
975.92	60.492
976.08	60.020
976.24	59.795
976.41	59.600
976.57	59.649
976.74	59.520
976.90	59.085
977.07	58.507
977.23	58.509
977.40	58.354
977.56	57.782
977.73	57.417
977.89	57.071
978.05	56.719
978.22	56.607
978.38	56.231
978.55	55.995
978.71	55.794
978.88	55.846
979.04	55.818
979.20	55.662
979.37	55.530
979.53	55.514
979.70	55.610
979.86	55.905
980.03	55.726
980.19	55.559
980.35	55.645
980.52	55.536
980.68	55.518
980.85	55.420
981.01	55.499
981.17	55.450
981.34	55.243
981.50	55.134
981.67	55.067
981.83	55.050
981.99	55.009
982.16	54.826
982.32	53.901
982.49	53.960
982.65	53.714
982.81	53.917
982.98	53.972
983.14	53.925
983.30	53.592
983.47	53.560
983.63	53.440
983.80	53.159
983.96	53.048
984.12	53.443
984.29	53.684
984.45	53.976
984.61	53.776
984.78	54.139
984.94	54.485
985.10	54.923
985.27	54.763
985.43	55.232
985.59	55.585
985.76	56.157
985.92	56.280
986.08	56.674
986.25	56.150
986.41	56.661
986.57	56.086
986.74	56.312
986.90	56.267
987.06	56.090
987.23	56.190
987.39	55.832
987.55	54.915
987.72	54.657
987.88	53.884
988.04	54.207
988.21	54.584
988.37	54.306
988.53	53.659
988.70	54.040
988.86	53.403
989.02	53.165
989.19	52.734
989.35	52.657
989.51	51.939
989.67	51.971
989.84	51.438
990.00	51.499
990.16	51.801
990.33	51.832
990.49	52.265
990.65	52.361
990.82	52.866
990.98	52.874
991.14	52.720
991.30	53.585
991.47	52.921
991.63	52.747
991.79	53.646
991.95	53.893
992.12	54.038
992.28	54.292
992.44	54.444
992.61	54.820
992.77	54.893
992.93	55.460
993.09	55.666
993.26	55.973
993.42	56.560
993.58	56.085
993.74	55.929
993.91	55.457
994.07	55.272
994.23	55.537
994.39	55.616
994.55	55.880
994.72	55.264
994.88	55.510
995.04	55.046
995.20	54.672
995.37	54.232
995.53	54.021
995.69	53.858
995.85	53.315
996.02	53.339
996.18	53.683
996.34	53.215
996.50	53.186
996.66	53.795
996.83	53.206
996.99	52.488
997.15	53.183
997.31	53.352
997.47	53.660
997.64	53.637
997.80	54.026
997.96	54.614
998.12	54.911
998.28	55.931
998.45	56.467
998.61	56.185
998.77	56.091
998.93	56.209
999.09	57.366
999.25	57.652
999.42	58.884
999.58	58.513
999.74	58.297
999.90	58.125
1000.06	57.533
1000.22	58.004
1000.39	58.782
1000.55	58.414
1000.71	59.024
1000.87	58.730
1001.03	58.437
1001.19	58.369
1001.36	57.639
1001.52	57.383
1001.68	56.733
1001.84	57.067
1002.00	56.281
1002.16	56.411
1002.32	55.853
1002.49	54.148
1002.65	54.069
1002.81	53.063
1002.97	52.948
1003.13	53.046
1003.29	53.800
1003.45	53.431
1003.62	53.888
1003.78	53.573
1003.94	53.873
1004.10	52.902
1004.26	53.094
1004.42	52.711
1004.58	52.720
1004.74	53.061
1004.90	54.232
1005.07	54.038
1005.23	52.934
1005.39	53.797
1005.55	54.340
1005.71	53.727
1005.87	54.934
1006.03	55.949
1006.19	56.086
1006.35	55.936
1006.51	56.687
1006.67	56.518
1006.84	56.052
1007.00	55.582
1007.16	56.685
1007.32	55.184
1007.48	55.925
1007.64	57.078
1007.80	57.173
1007.96	55.886
1008.12	56.263
1008.28	54.614
1008.44	55.839
1008.60	56.299
1008.76	55.069
1008.92	54.094
1009.09	54.369
1009.25	54.046
1009.41	52.920
1009.57	53.779
1009.73	54.217
1009.89	54.598
1010.05	55.263
1010.21	57.324
1010.37	57.231
1010.53	58.110
1010.69	60.010
1010.85	59.527
1011.01	58.372
1011.17	56.969
1011.33	59.017
1011.49	59.364
1011.65	59.602
1011.81	58.848
1011.97	59.431
1012.13	61.930
1012.29	63.216
1012.45	63.959
1012.61	66.759
1012.77	64.547
1012.93	63.449
1013.09	62.273
1013.25	62.433
1013.41	62.243
1013.57	59.135
1013.73	58.831
1013.89	55.586
1014.05	56.772
1014.21	54.777
1014.37	53.022
1014.53	52.389
1014.69	52.038
1014.85	51.981
1015.01	53.255
1015.17	55.681
1015.33	55.264
1015.49	53.604
1015.65	55.769
1015.81	56.993
1015.97	53.626
1016.13	57.145
1016.29	56.934
1016.45	57.336
1016.61	58.240
1016.77	56.366
1016.93	57.558
1017.09	56.244
1017.25	56.794
1017.41	55.855
1017.56	58.128
1017.72	63.720
1017.88	65.993
1018.04	66.924
1018.20	64.324
1018.36	64.451
1018.52	61.293
1018.68	62.984
1018.84	64.003
1019.00	60.839
1019.16	61.455
1019.32	65.165
1019.48	65.608
1019.64	67.158
1019.79	65.553
1019.95	61.287
1020.11	64.825
1020.27	63.838
1020.43	69.087
1020.59	71.431
1020.75	68.592
1020.91	72.428
1021.07	66.830
1021.23	65.337
1021.39	62.881
1021.54	67.910
1021.70	65.005
1021.86	63.083
1022.02	60.262
1022.18	56.848
1022.34	59.919
1022.50	58.230
1022.66	54.121
1022.82	52.635
1022.97	52.932
1023.13	56.538
1023.29	59.949
1023.45	58.327
1023.61	59.482
1023.77	55.849
1023.93	56.684
1024.08	57.727
1024.24	53.644
1024.40	51.693
1024.56	58.544
1024.72	56.410
1024.88	47.447
1025.04	49.909
1025.19	53.766
1025.35	50.522
1025.51	56.291
1025.67	58.428
1025.83	55.031
1025.99	57.202
1026.14	56.884
1026.30	59.623
1026.46	59.268
1026.62	56.860
1026.78	54.429
1026.94	52.624
1027.09	51.481
1027.25	48.698
1027.41	46.976
1027.57	47.772
1027.73	48.246
1027.89	44.501
1028.04	45.552
1028.20	44.594
1028.36	45.009
1028.52	43.192
1028.68	44.640
1028.83	43.414
1028.99	42.151
1029.15	44.669
1029.31	43.784
1029.47	44.566
1029.62	43.725
1029.78	41.497
1029.94	39.621
1030.10	40.684
1030.25	40.111
1030.41	43.995
1030.57	45.386
1030.73	48.036
1030.89	44.542
1031.04	48.535
1031.20	48.570
1031.36	52.698
1031.52	60.858
1031.67	62.114
1031.83	62.453
1031.99	69.128
1032.15	62.097
1032.30	66.619
1032.46	66.682
1032.62	60.559
1032.78	56.062
1032.93	59.027
1033.09	54.367
1033.25	47.591
1033.41	36.955
1033.56	33.249
1033.72	-62.402
1033.88	217.381
1034.04	26.835
1034.19	5.394
1034.35	57.038
1034.51	9.565
1034.66	43.061
1034.82	2860.000
1034.98	2860.000
1035.14	2860.000
