345.22	34.638
345.43	34.638
345.65	34.638
345.86	53.342
346.08	101.799
346.29	12.826
346.51	18.739
346.72	75.657
346.94	-143.974
347.15	-51.147
347.37	69.660
347.58	97.762
347.80	124.095
348.01	110.265
348.23	88.573
348.44	83.089
348.66	79.565
348.87	81.653
349.09	79.492
349.30	72.030
349.52	68.608
349.73	72.896
349.95	73.885
350.16	76.130
350.38	74.471
350.59	69.410
350.81	68.148
351.02	67.424
351.24	67.531
351.45	66.762
351.67	68.915
351.88	68.775
352.10	65.671
352.31	64.752
352.53	68.025
352.74	69.005
352.96	69.905
353.17	69.329
353.39	70.200
353.60	72.472
353.82	72.862
354.03	72.564
354.25	68.397
354.46	64.039
354.67	61.214
354.89	59.278
355.10	63.598
355.32	62.946
355.53	64.426
355.75	66.285
355.96	67.675
356.18	67.249
356.39	66.801
356.61	70.432
356.82	69.889
357.04	66.872
357.25	67.253
357.46	66.708
357.68	66.505
357.89	65.000
358.11	63.713
358.32	66.765
358.54	64.841
358.75	66.032
358.97	68.187
359.18	71.628
359.40	70.983
359.61	70.721
359.82	71.957
360.04	71.995
360.25	70.200
360.47	66.143
360.68	65.708
360.90	66.160
361.11	63.849
361.32	64.082
361.54	66.689
361.75	66.518
361.97	68.162
362.18	68.804
362.40	70.557
362.61	71.663
362.83	71.182
363.04	72.704
363.25	73.805
363.47	74.591
363.68	72.453
363.90	76.270
364.11	76.242
364.32	76.358
364.54	74.805
364.75	72.204
364.97	75.628
365.18	74.613
365.40	72.817
365.61	73.017
365.82	73.829
366.04	73.185
366.25	72.286
366.47	70.271
366.68	69.138
366.89	69.755
367.11	68.024
367.32	68.648
367.54	66.539
367.75	65.985
367.96	65.157
368.18	65.485
368.39	64.492
368.61	64.882
368.82	66.113
369.03	68.452
369.25	71.586
369.46	72.198
369.68	73.056
369.89	73.807
370.10	73.859
370.32	73.802
370.53	73.465
370.75	70.575
370.96	72.498
371.17	73.004
371.39	70.983
371.60	71.309
371.81	71.724
372.03	73.679
372.24	75.366
372.46	78.351
372.67	79.282
372.88	78.131
373.10	77.914
373.31	76.296
373.52	76.020
373.74	74.670
373.95	74.583
374.17	75.565
374.38	77.474
374.59	78.659
374.81	76.960
375.02	75.347
375.23	78.082
375.45	75.981
375.66	74.173
375.87	75.372
376.09	75.230
376.30	73.859
376.52	75.338
376.73	72.271
376.94	70.849
377.16	71.796
377.37	75.596
377.58	75.840
377.80	77.715
378.01	78.962
378.22	80.823
378.44	81.818
378.65	83.742
378.86	84.082
379.08	84.892
379.29	86.033
379.50	89.072
379.72	89.668
379.93	92.941
380.14	96.131
380.36	97.225
380.57	99.023
380.78	99.866
381.00	100.931
381.21	102.892
381.42	104.316
381.64	104.898
381.85	104.891
382.06	105.485
382.28	105.877
382.49	105.797
382.70	106.770
382.92	107.382
383.13	107.075
383.34	107.905
383.56	109.184
383.77	110.771
383.98	110.726
384.20	112.173
384.41	112.629
384.62	113.171
384.83	113.944
385.05	114.569
385.26	115.759
385.47	116.741
385.69	117.786
385.90	118.710
386.11	119.540
386.33	120.561
386.54	121.367
386.75	121.980
386.97	123.067
387.18	123.673
387.39	124.435
387.60	124.730
387.82	125.066
388.03	125.236
388.24	125.509
388.46	125.725
388.67	125.605
388.88	125.348
389.09	125.011
389.31	124.600
389.52	124.206
389.73	123.461
389.95	122.839
390.16	122.197
390.37	121.631
390.58	121.083
390.80	120.291
391.01	119.750
391.22	119.221
391.44	118.387
391.65	117.745
391.86	117.142
392.07	117.008
392.29	116.717
392.50	116.414
392.71	116.160
392.92	116.144
393.14	116.046
393.35	116.159
393.56	116.416
393.78	116.733
393.99	117.246
394.20	117.884
394.41	118.436
394.63	118.984
394.84	119.743
395.05	120.607
395.26	121.401
395.48	122.198
395.69	122.930
395.90	123.912
396.11	124.764
396.33	125.545
396.54	126.319
396.75	126.896
396.96	127.499
397.18	127.967
397.39	128.387
397.60	128.791
397.81	129.049
398.03	129.138
398.24	129.154
398.45	128.990
398.66	128.731
398.87	128.422
399.09	127.997
399.30	127.363
399.51	126.583
399.72	125.873
399.94	125.083
400.15	124.256
400.36	123.307
400.57	122.359
400.79	121.446
401.00	120.446
401.21	119.587
401.42	118.721
401.63	117.898
401.85	117.147
402.06	116.549
402.27	115.984
402.48	115.587
402.69	115.265
402.91	114.984
403.12	114.799
403.33	114.839
403.54	115.023
403.76	115.169
403.97	115.510
404.18	115.972
404.39	116.522
404.60	117.174
404.82	117.915
405.03	118.740
405.24	119.531
405.45	120.380
405.66	121.265
405.88	122.137
406.09	123.067
406.30	123.865
406.51	124.527
406.72	125.228
406.94	125.835
407.15	126.352
407.36	126.881
407.57	127.309
407.78	127.570
407.99	127.661
408.21	127.735
408.42	127.692
408.63	127.559
408.84	127.236
409.05	126.845
409.27	126.274
409.48	125.553
409.69	124.789
409.90	124.032
410.11	123.196
410.32	122.329
410.54	121.333
410.75	120.311
410.96	119.304
411.17	118.274
411.38	117.288
411.59	116.349
411.81	115.377
412.02	114.467
412.23	113.637
412.44	112.930
412.65	112.374
412.86	111.910
413.08	111.474
413.29	111.142
413.50	110.998
413.71	110.983
413.92	111.058
414.13	111.245
414.34	111.514
414.56	111.795
414.77	112.219
414.98	112.717
415.19	113.413
415.40	114.197
415.61	115.012
415.82	115.818
416.04	116.687
416.25	117.522
416.46	118.402
416.67	119.312
416.88	120.127
417.09	120.907
417.30	121.592
417.52	122.294
417.73	122.878
417.94	123.354
418.15	123.763
418.36	124.166
418.57	124.375
418.78	124.477
418.99	124.569
419.21	124.519
419.42	124.391
419.63	124.119
419.84	123.717
420.05	123.208
420.26	122.591
420.47	121.850
420.68	121.139
420.89	120.350
421.11	119.425
421.32	118.569
421.53	117.621
421.74	116.690
421.95	115.757
422.16	114.865
422.37	113.994
422.58	113.080
422.79	112.190
423.01	111.431
423.22	110.714
423.43	110.108
423.64	109.572
423.85	109.138
424.06	108.817
424.27	108.579
424.48	108.457
424.69	108.517
424.90	108.661
425.11	108.891
425.33	109.234
425.54	109.646
425.75	110.113
425.96	110.681
426.17	111.341
426.38	112.050
426.59	112.817
426.80	113.624
427.01	114.492
427.22	115.423
427.43	116.414
427.64	117.324
427.85	118.171
428.07	119.040
428.28	119.826
428.49	120.588
428.70	121.312
428.91	121.966
429.12	122.497
429.33	122.998
429.54	123.410
429.75	123.712
429.96	123.996
430.17	124.170
430.38	124.227
430.59	124.123
430.80	123.911
431.01	123.617
431.22	123.263
431.44	122.801
431.65	122.255
431.86	121.575
432.07	120.878
432.28	120.134
432.49	119.315
432.70	118.455
432.91	117.521
433.12	116.553
433.33	115.574
433.54	114.665
433.75	113.743
433.96	112.855
434.17	111.908
434.38	111.058
434.59	110.255
434.80	109.505
435.01	108.917
435.22	108.405
435.43	107.981
435.64	107.618
435.85	107.350
436.06	107.167
436.27	107.116
436.48	107.164
436.69	107.264
436.90	107.488
437.11	107.827
437.33	108.245
437.54	108.763
437.75	109.402
437.96	110.015
438.17	110.694
438.38	111.391
438.59	112.197
438.80	112.983
439.01	113.864
439.22	114.781
439.43	115.544
439.64	116.337
439.85	117.121
440.06	117.852
440.27	118.587
440.48	119.225
440.69	119.817
440.90	120.338
441.11	120.855
441.32	121.251
441.53	121.555
441.74	121.760
441.95	121.906
442.16	121.935
442.37	121.854
442.58	121.714
442.79	121.490
443.00	121.179
443.21	120.795
443.42	120.249
443.62	119.567
443.83	118.992
444.04	118.304
444.25	117.561
444.46	116.752
444.67	115.877
444.88	115.010
445.09	114.085
445.30	113.150
445.51	112.177
445.72	111.207
445.93	110.318
446.14	109.422
446.35	108.528
446.56	107.724
446.77	106.978
446.98	106.257
447.19	105.597
447.40	105.038
447.61	104.504
447.82	104.084
448.03	103.788
448.24	103.520
448.45	103.349
448.66	103.283
448.87	103.299
449.08	103.428
449.29	103.624
449.49	103.911
449.70	104.283
449.91	104.708
450.12	105.231
450.33	105.763
450.54	106.390
450.75	107.076
450.96	107.756
451.17	108.488
451.38	109.225
451.59	109.990
451.80	110.725
452.01	111.484
452.22	112.245
452.43	112.941
452.64	113.607
452.84	114.269
453.05	114.850
453.26	115.429
453.47	115.897
453.68	116.335
453.89	116.704
454.10	116.960
454.31	117.195
454.52	117.306
454.73	117.375
454.94	117.321
455.15	117.173
455.36	116.938
455.56	116.634
455.77	116.257
455.98	115.824
456.19	115.325
456.40	114.773
456.61	114.162
456.82	113.461
457.03	112.718
457.24	111.915
457.45	111.107
457.65	110.205
457.86	109.336
458.07	108.444
458.28	107.486
458.49	106.606
458.70	105.677
458.91	104.798
459.12	103.928
459.33	103.076
459.54	102.303
459.74	101.570
459.95	100.873
460.16	100.281
460.37	99.751
460.58	99.298
460.79	98.884
461.00	98.524
461.21	98.281
461.41	98.116
461.62	98.030
461.83	98.037
462.04	98.143
462.25	98.258
462.46	98.491
462.67	98.824
462.88	99.211
463.08	99.686
463.29	100.182
463.50	100.753
463.71	101.398
463.92	102.047
464.13	102.707
464.34	103.408
464.54	104.133
464.75	104.870
464.96	105.589
465.17	106.310
465.38	107.000
465.59	107.714
465.80	108.377
466.00	108.993
466.21	109.568
466.42	110.088
466.63	110.623
466.84	111.081
467.05	111.464
467.26	111.781
467.46	111.976
467.67	112.157
467.88	112.269
468.09	112.277
468.30	112.252
468.51	112.158
468.71	111.967
468.92	111.712
469.13	111.381
469.34	110.999
469.55	110.528
469.76	110.032
469.96	109.441
470.17	108.805
470.38	108.143
470.59	107.415
470.80	106.648
471.00	105.890
471.21	105.073
471.42	104.265
471.63	103.439
471.84	102.625
472.05	101.787
472.25	100.953
472.46	100.145
472.67	99.316
472.88	98.565
473.09	97.821
473.29	97.101
473.50	96.455
473.71	95.829
473.92	95.266
474.13	94.757
474.33	94.327
474.54	93.960
474.75	93.663
474.96	93.425
475.17	93.263
475.37	93.126
475.58	93.094
475.79	93.134
476.00	93.235
476.21	93.422
476.41	93.665
476.62	93.976
476.83	94.333
477.04	94.795
477.24	95.263
477.45	95.791
477.66	96.353
477.87	96.921
478.08	97.554
478.28	98.180
478.49	98.845
478.70	99.527
478.91	100.190
479.11	100.846
479.32	101.528
479.53	102.163
479.74	102.824
479.94	103.426
480.15	103.977
480.36	104.496
480.57	104.980
480.78	105.452
480.98	105.824
481.19	106.156
481.40	106.418
481.61	106.661
481.81	106.831
482.02	106.933
482.23	107.008
482.44	106.976
482.64	106.914
482.85	106.774
483.06	106.553
483.27	106.306
483.47	106.009
483.68	105.636
483.89	105.212
484.10	104.722
484.30	104.194
484.51	103.604
484.72	103.007
484.92	102.334
485.13	101.653
485.34	100.956
485.55	100.224
485.75	99.482
485.96	98.701
486.17	97.925
486.38	97.158
486.58	96.371
486.79	95.616
487.00	94.860
487.20	94.118
487.41	93.422
487.62	92.751
487.83	92.096
488.03	91.475
488.24	90.908
488.45	90.373
488.65	89.875
488.86	89.445
489.07	89.060
489.28	88.743
489.48	88.469
489.69	88.294
489.90	88.151
490.10	88.079
490.31	88.064
490.52	88.089
490.73	88.187
490.93	88.344
491.14	88.552
491.35	88.819
491.55	89.128
491.76	89.479
491.97	89.868
492.17	90.293
492.38	90.764
492.59	91.266
492.79	91.811
493.00	92.379
493.21	92.962
493.41	93.550
493.62	94.145
493.83	94.753
494.04	95.318
494.24	95.903
494.45	96.476
494.66	97.019
494.86	97.581
495.07	98.085
495.28	98.591
495.48	99.043
495.69	99.465
495.90	99.858
496.10	100.213
496.31	100.508
496.52	100.754
496.72	100.991
496.93	101.166
497.14	101.279
497.34	101.324
497.55	101.348
497.76	101.310
497.96	101.220
498.17	101.070
498.37	100.885
498.58	100.627
498.79	100.313
498.99	99.980
499.20	99.576
499.41	99.132
499.61	98.625
499.82	98.103
500.03	97.529
500.23	96.951
500.44	96.321
500.65	95.678
500.85	95.024
501.06	94.316
501.26	93.612
501.47	92.895
501.68	92.191
501.88	91.458
502.09	90.744
502.30	90.027
502.50	89.328
502.71	88.648
502.91	87.991
503.12	87.356
503.33	86.742
503.53	86.175
503.74	85.631
503.95	85.118
504.15	84.645
504.36	84.213
504.56	83.815
504.77	83.482
504.98	83.175
505.18	82.937
505.39	82.738
505.59	82.589
505.80	82.498
506.01	82.459
506.21	82.475
506.42	82.536
506.62	82.645
506.83	82.793
507.04	82.999
507.24	83.239
507.45	83.530
507.65	83.859
507.86	84.205
508.07	84.596
508.27	85.027
508.48	85.476
508.68	85.966
508.89	86.461
509.10	86.964
509.30	87.487
509.51	88.005
509.71	88.535
509.92	89.067
510.12	89.590
510.33	90.104
510.54	90.602
510.74	91.097
510.95	91.568
511.15	92.025
511.36	92.467
511.56	92.887
511.77	93.265
511.98	93.618
512.18	93.950
512.39	94.243
512.59	94.495
512.80	94.707
513.00	94.873
513.21	94.998
513.42	95.094
513.62	95.141
513.83	95.154
514.03	95.107
514.24	95.010
514.44	94.864
514.65	94.694
514.85	94.482
515.06	94.230
515.26	93.926
515.47	93.591
515.68	93.206
515.88	92.791
516.09	92.340
516.29	91.861
516.50	91.347
516.70	90.802
516.91	90.237
517.11	89.657
517.32	89.063
517.52	88.447
517.73	87.834
517.93	87.197
518.14	86.558
518.34	85.927
518.55	85.297
518.76	84.680
518.96	84.049
519.17	83.427
519.37	82.814
519.58	82.239
519.78	81.670
519.99	81.116
520.19	80.590
520.40	80.107
520.60	79.647
520.81	79.215
521.01	78.811
521.22	78.458
521.42	78.137
521.63	77.853
521.83	77.610
522.04	77.397
522.24	77.246
522.45	77.133
522.65	77.067
522.86	77.047
523.06	77.060
523.27	77.125
523.47	77.232
523.68	77.376
523.88	77.551
524.09	77.768
524.29	78.031
524.50	78.324
524.70	78.640
524.91	78.981
525.11	79.363
525.32	79.778
525.52	80.203
525.72	80.668
525.93	81.138
526.13	81.633
526.34	82.122
526.54	82.638
526.75	83.132
526.95	83.638
527.16	84.132
527.36	84.633
527.57	85.125
527.77	85.601
527.98	86.080
528.18	86.544
528.39	86.979
528.59	87.406
528.79	87.803
529.00	88.193
529.20	88.550
529.41	88.898
529.61	89.208
529.82	89.475
530.02	89.699
530.23	89.906
530.43	90.062
530.64	90.199
530.84	90.284
531.04	90.331
531.25	90.366
531.45	90.368
531.66	90.325
531.86	90.242
532.07	90.114
532.27	89.950
532.47	89.755
532.68	89.543
532.88	89.290
533.09	89.006
533.29	88.668
533.50	88.309
533.70	87.890
533.90	87.467
534.11	87.035
534.31	86.576
534.52	86.087
534.72	85.607
534.93	85.105
535.13	84.569
535.33	84.049
535.54	83.490
535.74	82.934
535.95	82.359
536.15	81.810
536.35	81.262
536.56	80.715
536.76	80.156
536.97	79.620
537.17	79.085
537.37	78.567
537.58	78.083
537.78	77.615
537.99	77.171
538.19	76.732
538.39	76.313
538.60	75.927
538.80	75.584
539.01	75.245
539.21	74.943
539.41	74.688
539.62	74.451
539.82	74.256
540.03	74.088
540.23	73.976
540.43	73.880
540.64	73.840
540.84	73.823
541.04	73.859
541.25	73.938
541.45	74.046
541.66	74.182
541.86	74.354
542.06	74.561
542.27	74.801
542.47	75.089
542.67	75.389
542.88	75.722
543.08	76.077
543.28	76.467
543.49	76.868
543.69	77.292
543.90	77.745
544.10	78.193
544.30	78.686
544.51	79.168
544.71	79.684
544.91	80.178
545.12	80.689
545.32	81.205
545.52	81.690
545.73	82.197
545.93	82.695
546.13	83.162
546.34	83.619
546.54	84.067
546.74	84.494
546.95	84.930
547.15	85.339
547.35	85.711
547.56	86.085
547.76	86.449
547.96	86.774
548.17	87.087
548.37	87.381
548.57	87.612
548.78	87.825
548.98	88.004
549.18	88.143
549.39	88.255
549.59	88.333
549.79	88.405
550.00	88.430
550.20	88.449
550.40	88.416
550.61	88.363
550.81	88.272
551.01	88.150
551.22	87.994
551.42	87.804
551.62	87.590
551.82	87.330
552.03	87.056
552.23	86.753
552.43	86.417
552.64	86.064
552.84	85.688
553.04	85.288
553.25	84.869
553.45	84.427
553.65	83.975
553.85	83.526
554.06	83.054
554.26	82.561
554.46	82.045
554.67	81.545
554.87	81.026
555.07	80.525
555.27	80.010
555.48	79.498
555.68	79.003
555.88	78.507
556.09	78.023
556.29	77.526
556.49	77.057
556.69	76.583
556.90	76.131
557.10	75.713
557.30	75.327
557.50	74.937
557.71	74.591
557.91	74.266
558.11	73.945
558.31	73.665
558.52	73.415
558.72	73.195
558.92	73.006
559.13	72.848
559.33	72.715
559.53	72.605
559.73	72.540
559.94	72.499
560.14	72.484
560.34	72.497
560.54	72.547
560.75	72.639
560.95	72.755
561.15	72.914
561.35	73.088
561.55	73.275
561.76	73.508
561.96	73.750
562.16	74.032
562.36	74.351
562.57	74.675
562.77	75.026
562.97	75.398
563.17	75.780
563.38	76.173
563.58	76.592
563.78	77.024
563.98	77.464
564.18	77.902
564.39	78.365
564.59	78.829
564.79	79.309
564.99	79.769
565.20	80.230
565.40	80.670
565.60	81.110
565.80	81.570
566.00	82.002
566.21	82.437
566.41	82.839
566.61	83.235
566.81	83.626
567.01	83.996
567.22	84.358
567.42	84.702
567.62	85.012
567.82	85.305
568.02	85.582
568.23	85.830
568.43	86.061
568.63	86.274
568.83	86.444
569.03	86.582
569.24	86.705
569.44	86.810
569.64	86.893
569.84	86.959
570.04	86.965
570.24	86.963
570.45	86.934
570.65	86.883
570.85	86.798
571.05	86.676
571.25	86.528
571.45	86.343
571.66	86.154
571.86	85.946
572.06	85.694
572.26	85.430
572.46	85.152
572.66	84.859
572.87	84.526
573.07	84.193
573.27	83.833
573.47	83.462
573.67	83.066
573.87	82.651
574.08	82.216
574.28	81.794
574.48	81.355
574.68	80.899
574.88	80.443
575.08	79.964
575.28	79.496
575.49	79.031
575.69	78.570
575.89	78.087
576.09	77.630
576.29	77.166
576.49	76.705
576.69	76.249
576.90	75.805
577.10	75.378
577.30	74.959
577.50	74.565
577.70	74.170
577.90	73.799
578.10	73.465
578.30	73.140
578.51	72.835
578.71	72.558
578.91	72.297
579.11	72.054
579.31	71.844
579.51	71.654
579.71	71.494
579.91	71.350
580.12	71.247
580.32	71.168
580.52	71.126
580.72	71.095
580.92	71.093
581.12	71.107
581.32	71.158
581.52	71.249
581.72	71.349
581.92	71.481
582.13	71.647
582.33	71.814
582.53	72.019
582.73	72.236
582.93	72.480
583.13	72.751
583.33	73.049
583.53	73.361
583.73	73.697
583.93	74.049
584.13	74.424
584.34	74.822
584.54	75.200
584.74	75.584
584.94	76.006
585.14	76.430
585.34	76.863
585.54	77.269
585.74	77.686
585.94	78.120
586.14	78.567
586.34	78.993
586.54	79.436
586.74	79.872
586.94	80.311
587.15	80.750
587.35	81.165
587.55	81.570
587.75	81.968
587.95	82.344
588.15	82.704
588.35	83.047
588.55	83.381
588.75	83.716
588.95	84.032
589.15	84.320
589.35	84.594
589.55	84.846
589.75	85.115
589.95	85.337
590.15	85.537
590.35	85.705
590.55	85.864
590.75	85.991
590.95	86.093
591.15	86.173
591.35	86.217
591.56	86.244
591.76	86.245
591.96	86.223
592.16	86.189
592.36	86.128
592.56	86.052
592.76	85.938
592.96	85.814
593.16	85.651
593.36	85.475
593.56	85.284
593.76	85.084
593.96	84.837
594.16	84.591
594.36	84.329
594.56	84.041
594.76	83.737
594.96	83.425
595.16	83.078
595.36	82.727
595.56	82.355
595.76	81.967
595.96	81.564
596.16	81.170
596.36	80.756
596.56	80.348
596.76	79.911
596.96	79.480
597.16	79.050
597.36	78.628
597.56	78.194
597.76	77.752
597.96	77.310
598.16	76.880
598.36	76.450
598.56	76.015
598.76	75.597
598.96	75.195
599.16	74.797
599.36	74.435
599.56	74.076
599.76	73.722
599.96	73.390
600.15	73.072
600.35	72.774
600.55	72.493
600.75	72.210
600.95	71.966
601.15	71.724
601.35	71.497
601.55	71.297
601.75	71.131
601.95	70.979
602.15	70.858
602.35	70.740
602.55	70.659
602.75	70.605
602.95	70.565
603.15	70.532
603.35	70.539
603.55	70.556
603.75	70.588
603.95	70.654
604.15	70.742
604.35	70.858
604.54	70.984
604.74	71.151
604.94	71.331
605.14	71.521
605.34	71.741
605.54	71.990
605.74	72.258
605.94	72.532
606.14	72.829
606.34	73.137
606.54	73.468
606.74	73.813
606.94	74.164
607.14	74.537
607.33	74.931
607.53	75.318
607.73	75.711
607.93	76.107
608.13	76.511
608.33	76.925
608.53	77.326
608.73	77.742
608.93	78.137
609.13	78.540
609.33	78.953
609.52	79.359
609.72	79.752
609.92	80.131
610.12	80.515
610.32	80.892
610.52	81.276
610.72	81.632
610.92	81.979
611.12	82.322
611.31	82.650
611.51	82.963
611.71	83.264
611.91	83.565
612.11	83.860
612.31	84.142
612.51	84.392
612.71	84.646
612.91	84.862
613.10	85.074
613.30	85.297
613.50	85.479
613.70	85.641
613.90	85.777
614.10	85.892
614.30	85.973
614.50	86.044
614.69	86.074
614.89	86.102
615.09	86.107
615.29	86.094
615.49	86.059
615.69	86.003
615.89	85.935
616.08	85.845
616.28	85.727
616.48	85.590
616.68	85.427
616.88	85.248
617.08	85.052
617.27	84.854
617.47	84.616
617.67	84.364
617.87	84.096
618.07	83.828
618.27	83.548
618.47	83.265
618.66	82.958
618.86	82.650
619.06	82.318
619.26	81.986
619.46	81.642
619.66	81.275
619.85	80.901
620.05	80.520
620.25	80.118
620.45	79.726
620.65	79.323
620.84	78.947
621.04	78.556
621.24	78.187
621.44	77.781
621.64	77.365
621.84	76.975
622.03	76.580
622.23	76.191
622.43	75.809
622.63	75.432
622.83	75.062
623.02	74.696
623.22	74.350
623.42	73.993
623.62	73.657
623.82	73.346
624.01	73.034
624.21	72.735
624.41	72.460
624.61	72.202
624.81	71.964
625.00	71.718
625.20	71.492
625.40	71.272
625.60	71.086
625.79	70.931
625.99	70.797
626.19	70.673
626.39	70.569
626.59	70.479
626.78	70.421
626.98	70.378
627.18	70.350
627.38	70.349
627.57	70.389
627.77	70.432
627.97	70.487
628.17	70.577
628.37	70.678
628.56	70.810
628.76	70.948
628.96	71.100
629.16	71.272
629.35	71.489
629.55	71.712
629.75	71.949
629.95	72.203
630.14	72.457
630.34	72.741
630.54	73.032
630.74	73.334
630.93	73.645
631.13	73.966
631.33	74.294
631.53	74.610
631.72	74.937
631.92	75.288
632.12	75.655
632.31	76.016
632.51	76.404
632.71	76.787
632.91	77.163
633.10	77.551
633.30	77.956
633.50	78.325
633.70	78.718
633.89	79.099
634.09	79.488
634.29	79.871
634.48	80.244
634.68	80.631
634.88	81.007
635.08	81.381
635.27	81.758
635.47	82.127
635.67	82.501
635.86	82.866
636.06	83.208
636.26	83.526
636.46	83.843
636.65	84.140
636.85	84.440
637.05	84.728
637.24	84.982
637.44	85.229
637.64	85.469
637.83	85.702
638.03	85.928
638.23	86.107
638.43	86.286
638.62	86.440
638.82	86.561
639.02	86.680
639.21	86.774
639.41	86.841
639.61	86.914
639.80	86.961
640.00	86.988
640.20	87.023
640.39	87.048
640.59	87.044
640.79	87.023
640.98	86.972
641.18	86.912
641.38	86.848
641.57	86.750
641.77	86.637
641.97	86.491
642.16	86.338
642.36	86.185
642.56	86.010
642.75	85.837
642.95	85.639
643.15	85.432
643.34	85.222
643.54	84.997
643.74	84.736
643.93	84.469
644.13	84.174
644.33	83.856
644.52	83.540
644.72	83.226
644.91	82.898
645.11	82.548
645.31	82.203
645.50	81.861
645.70	81.519
645.90	81.177
646.09	80.817
646.29	80.446
646.48	80.074
646.68	79.691
646.88	79.312
647.07	78.938
647.27	78.557
647.47	78.171
647.66	77.798
647.86	77.424
648.05	77.066
648.25	76.716
648.45	76.368
648.64	76.012
648.84	75.675
649.04	75.332
649.23	75.004
649.43	74.688
649.62	74.370
649.82	74.052
650.02	73.754
650.21	73.472
650.41	73.220
650.60	72.975
650.80	72.764
651.00	72.533
651.19	72.330
651.39	72.142
651.58	71.965
651.78	71.810
651.97	71.686
652.17	71.563
652.37	71.450
652.56	71.374
652.76	71.305
652.95	71.249
653.15	71.235
653.35	71.223
653.54	71.222
653.74	71.226
653.93	71.262
654.13	71.313
654.32	71.371
654.52	71.426
654.72	71.517
654.91	71.618
655.11	71.748
655.30	71.896
655.50	72.061
655.69	72.238
655.89	72.416
656.08	72.602
656.28	72.810
656.48	73.041
656.67	73.273
656.87	73.522
657.06	73.768
657.26	74.018
657.45	74.300
657.65	74.596
657.84	74.915
658.04	75.226
658.23	75.555
658.43	75.898
658.62	76.254
658.82	76.602
659.02	76.954
659.21	77.323
659.41	77.683
659.60	78.044
659.80	78.413
659.99	78.805
660.19	79.186
660.38	79.573
660.58	79.942
660.77	80.327
660.97	80.693
661.16	81.065
661.36	81.427
661.55	81.798
661.75	82.158
661.94	82.501
662.14	82.856
662.33	83.206
662.53	83.546
662.72	83.879
662.92	84.200
663.11	84.500
663.31	84.810
663.50	85.112
663.70	85.414
663.89	85.703
664.09	85.968
664.28	86.240
664.48	86.486
664.67	86.747
664.87	86.963
665.06	87.188
665.26	87.393
665.45	87.590
665.65	87.766
665.84	87.943
666.04	88.101
666.23	88.219
666.43	88.317
666.62	88.406
666.82	88.479
667.01	88.543
667.21	88.600
667.40	88.626
667.59	88.659
667.79	88.654
667.98	88.619
668.18	88.574
668.37	88.507
668.57	88.457
668.76	88.372
668.96	88.269
669.15	88.157
669.35	88.053
669.54	87.917
669.73	87.776
669.93	87.612
670.12	87.449
670.32	87.298
670.51	87.114
670.71	86.922
670.90	86.726
671.10	86.517
671.29	86.288
671.48	86.041
671.68	85.785
671.87	85.529
672.07	85.263
672.26	85.024
672.46	84.751
672.65	84.457
672.84	84.160
673.04	83.870
673.23	83.570
673.43	83.249
673.62	82.944
673.82	82.625
674.01	82.278
674.20	81.940
674.40	81.583
674.59	81.245
674.79	80.911
674.98	80.564
675.17	80.217
675.37	79.881
675.56	79.549
675.76	79.208
675.95	78.854
676.14	78.525
676.34	78.163
676.53	77.828
676.73	77.490
676.92	77.148
677.11	76.820
677.31	76.495
677.50	76.185
677.70	75.870
677.89	75.559
678.08	75.284
678.28	75.007
678.47	74.755
678.66	74.510
678.86	74.274
679.05	74.043
679.25	73.834
679.44	73.637
679.63	73.463
679.83	73.286
680.02	73.137
680.21	72.993
680.41	72.863
680.60	72.732
680.79	72.624
680.99	72.534
681.18	72.440
681.38	72.374
681.57	72.332
681.76	72.310
681.96	72.301
682.15	72.293
682.34	72.290
682.54	72.298
682.73	72.330
682.92	72.363
683.12	72.431
683.31	72.508
683.50	72.595
683.70	72.692
683.89	72.792
684.08	72.922
684.28	73.064
684.47	73.216
684.66	73.390
684.86	73.572
685.05	73.775
685.24	73.992
685.44	74.209
685.63	74.431
685.82	74.670
686.02	74.904
686.21	75.184
686.40	75.464
686.60	75.764
686.79	76.069
686.98	76.377
687.18	76.694
687.37	77.010
687.56	77.321
687.75	77.649
687.95	77.988
688.14	78.318
688.33	78.669
688.53	79.016
688.72	79.385
688.91	79.743
689.11	80.091
689.30	80.473
689.49	80.853
689.68	81.225
689.88	81.582
690.07	81.947
690.26	82.288
690.46	82.647
690.65	82.983
690.84	83.321
691.03	83.672
691.23	84.006
691.42	84.339
691.61	84.680
691.80	84.994
692.00	85.309
692.19	85.606
692.38	85.896
692.58	86.192
692.77	86.464
692.96	86.725
693.15	86.996
693.35	87.238
693.54	87.496
693.73	87.748
693.92	87.978
694.12	88.215
694.31	88.423
694.50	88.646
694.69	88.835
694.89	89.013
695.08	89.169
695.27	89.341
695.46	89.484
695.66	89.624
695.85	89.762
696.04	89.890
696.23	90.028
696.43	90.140
696.62	90.217
696.81	90.291
697.00	90.367
697.19	90.426
697.39	90.460
697.58	90.478
697.77	90.471
697.96	90.480
698.16	90.459
698.35	90.457
698.54	90.410
698.73	90.386
698.92	90.317
699.12	90.250
699.31	90.157
699.50	90.068
699.69	89.969
699.89	89.849
700.08	89.722
700.27	89.568
700.46	89.417
700.65	89.257
700.85	89.107
701.04	88.929
701.23	88.733
701.42	88.534
701.61	88.326
701.81	88.108
702.00	87.875
702.19	87.641
702.38	87.376
702.57	87.125
702.76	86.843
702.96	86.578
703.15	86.299
703.34	86.005
703.53	85.706
703.72	85.381
703.92	85.054
704.11	84.731
704.30	84.398
704.49	84.072
704.68	83.750
704.87	83.394
705.07	83.052
705.26	82.718
705.45	82.406
705.64	82.061
705.83	81.746
706.02	81.419
706.21	81.107
706.41	80.786
706.60	80.450
706.79	80.140
706.98	79.839
707.17	79.518
707.36	79.211
707.56	78.925
707.75	78.641
707.94	78.366
708.13	78.098
708.32	77.847
708.51	77.581
708.70	77.341
708.89	77.099
709.09	76.863
709.28	76.640
709.47	76.383
709.66	76.151
709.85	75.931
710.04	75.713
710.23	75.487
710.42	75.310
710.62	75.129
710.81	74.931
711.00	74.748
711.19	74.595
711.38	74.446
711.57	74.285
711.76	74.150
711.95	74.041
712.15	73.939
712.34	73.842
712.53	73.755
712.72	73.676
712.91	73.635
713.10	73.592
713.29	73.561
713.48	73.545
713.67	73.563
713.86	73.586
714.05	73.617
714.25	73.660
714.44	73.688
714.63	73.745
714.82	73.843
715.01	73.938
715.20	74.063
715.39	74.176
715.58	74.311
715.77	74.463
715.96	74.615
716.15	74.765
716.34	74.911
716.54	75.084
716.73	75.270
716.92	75.443
717.11	75.641
717.30	75.848
717.49	76.074
717.68	76.303
717.87	76.504
718.06	76.752
718.25	77.020
718.44	77.292
718.63	77.573
718.82	77.843
719.01	78.121
719.20	78.404
719.39	78.701
719.58	79.002
719.77	79.290
719.96	79.566
720.16	79.862
720.35	80.183
720.54	80.494
720.73	80.810
720.92	81.130
721.11	81.471
721.30	81.798
721.49	82.121
721.68	82.452
721.87	82.811
722.06	83.140
722.25	83.462
722.44	83.790
722.63	84.102
722.82	84.409
723.01	84.702
723.20	84.981
723.39	85.282
723.58	85.604
723.77	85.921
723.96	86.239
724.15	86.564
724.34	86.863
724.53	87.160
724.72	87.428
724.91	87.725
725.10	88.009
725.29	88.273
725.48	88.564
725.67	88.800
725.86	89.022
726.05	89.254
726.24	89.474
726.43	89.678
726.62	89.888
726.81	90.121
727.00	90.334
727.19	90.560
727.38	90.760
727.57	90.925
727.76	91.089
727.95	91.246
728.14	91.370
728.33	91.502
728.52	91.621
728.71	91.734
728.90	91.832
729.09	91.898
729.28	91.955
729.47	91.989
729.65	92.039
729.84	92.090
730.03	92.131
730.22	92.161
730.41	92.192
730.60	92.213
730.79	92.184
730.98	92.177
731.17	92.161
731.36	92.115
731.55	92.049
731.74	91.983
731.93	91.910
732.12	91.832
732.31	91.757
732.50	91.688
732.69	91.617
732.88	91.501
733.06	91.380
733.25	91.267
733.44	91.154
733.63	91.012
733.82	90.863
734.01	90.683
734.20	90.504
734.39	90.302
734.58	90.114
734.77	89.936
734.96	89.721
735.15	89.494
735.33	89.264
735.52	89.050
735.71	88.815
735.90	88.567
736.09	88.306
736.28	88.023
736.47	87.737
736.66	87.444
736.85	87.161
737.04	86.853
737.23	86.561
737.41	86.245
737.60	85.965
737.79	85.649
737.98	85.354
738.17	85.052
738.36	84.778
738.55	84.481
738.74	84.189
738.92	83.891
739.11	83.604
739.30	83.301
739.49	82.989
739.68	82.700
739.87	82.429
740.06	82.162
740.25	81.873
740.43	81.600
740.62	81.317
740.81	81.025
741.00	80.766
741.19	80.479
741.38	80.198
741.57	79.912
741.75	79.658
741.94	79.382
742.13	79.113
742.32	78.828
742.51	78.568
742.70	78.313
742.89	78.079
743.07	77.830
743.26	77.599
743.45	77.351
743.64	77.136
743.83	76.901
744.02	76.650
744.20	76.448
744.39	76.245
744.58	76.060
744.77	75.895
744.96	75.748
745.15	75.628
745.33	75.517
745.52	75.403
745.71	75.290
745.90	75.195
746.09	75.120
746.28	75.048
746.46	74.958
746.65	74.870
746.84	74.805
747.03	74.747
747.22	74.704
747.40	74.698
747.59	74.669
747.78	74.660
747.97	74.694
748.16	74.718
748.34	74.725
748.53	74.763
748.72	74.808
748.91	74.834
749.10	74.869
749.28	74.927
749.47	75.005
749.66	75.077
749.85	75.140
750.04	75.218
750.22	75.304
750.41	75.416
750.60	75.548
750.79	75.654
750.97	75.777
751.16	75.927
751.35	76.064
751.54	76.203
751.73	76.373
751.91	76.532
752.10	76.732
752.29	76.909
752.48	77.108
752.66	77.311
752.85	77.522
753.04	77.739
753.23	77.974
753.41	78.181
753.60	78.432
753.79	78.694
753.98	78.935
754.16	79.189
754.35	79.443
754.54	79.690
754.73	79.975
754.91	80.261
755.10	80.532
755.29	80.828
755.48	81.105
755.66	81.387
755.85	81.670
756.04	81.926
756.22	82.227
756.41	82.496
756.60	82.772
756.79	83.069
756.97	83.363
757.16	83.614
757.35	83.908
757.54	84.195
757.72	84.478
757.91	84.776
758.10	85.065
758.28	85.348
758.47	85.627
758.66	85.929
758.85	86.208
759.03	86.495
759.22	86.770
759.41	87.061
759.59	87.341
759.78	87.619
759.97	87.877
760.15	88.127
760.34	88.411
760.53	88.660
760.71	88.890
760.90	89.148
761.09	89.394
761.28	89.633
761.46	89.854
761.65	90.079
761.84	90.308
762.02	90.533
762.21	90.771
762.40	90.968
762.58	91.136
762.77	91.310
762.96	91.488
763.14	91.678
763.33	91.838
763.52	91.968
763.70	92.081
763.89	92.224
764.08	92.368
764.26	92.452
764.45	92.573
764.64	92.699
764.82	92.773
765.01	92.851
765.20	92.906
765.38	92.976
765.57	93.008
765.75	93.040
765.94	93.048
766.13	93.068
766.31	93.105
766.50	93.117
766.69	93.159
766.87	93.187
767.06	93.172
767.25	93.176
767.43	93.197
767.62	93.222
767.80	93.212
767.99	93.174
768.18	93.132
768.36	93.078
768.55	93.015
768.74	92.949
768.92	92.884
769.11	92.839
769.29	92.752
769.48	92.689
769.67	92.582
769.85	92.497
770.04	92.336
770.22	92.192
770.41	92.025
770.60	91.832
770.78	91.622
770.97	91.434
771.15	91.248
771.34	91.017
771.53	90.810
771.71	90.598
771.90	90.404
772.08	90.259
772.27	90.057
772.46	89.826
772.64	89.599
772.83	89.370
773.01	89.090
773.20	88.834
773.39	88.585
773.57	88.328
773.76	88.065
773.94	87.856
774.13	87.593
774.31	87.323
774.50	87.086
774.68	86.821
774.87	86.554
775.06	86.243
775.24	85.975
775.43	85.674
775.61	85.378
775.80	85.084
775.98	84.758
776.17	84.445
776.36	84.146
776.54	83.853
776.73	83.547
776.91	83.267
777.10	82.986
777.28	82.673
777.47	82.392
777.65	82.097
777.84	81.793
778.02	81.525
778.21	81.261
778.39	80.965
778.58	80.703
778.77	80.442
778.95	80.213
779.14	79.979
779.32	79.754
779.51	79.533
779.69	79.290
779.88	79.074
780.06	78.866
780.25	78.652
780.43	78.430
780.62	78.240
780.80	78.040
780.99	77.833
781.17	77.633
781.36	77.430
781.54	77.246
781.73	77.031
781.91	76.849
782.10	76.686
782.28	76.519
782.47	76.352
782.65	76.175
782.84	76.005
783.02	75.858
783.21	75.726
783.39	75.593
783.58	75.471
783.76	75.331
783.95	75.218
784.13	75.145
784.32	75.071
784.50	74.984
784.69	74.934
784.87	74.884
785.05	74.855
785.24	74.827
785.42	74.812
785.61	74.803
785.79	74.797
785.98	74.803
786.16	74.801
786.35	74.833
786.53	74.861
786.72	74.884
786.90	74.914
787.09	74.927
787.27	74.974
787.45	75.041
787.64	75.105
787.82	75.159
788.01	75.217
788.19	75.297
788.38	75.380
788.56	75.409
788.75	75.506
788.93	75.618
789.11	75.698
789.30	75.775
789.48	75.891
789.67	76.008
789.85	76.112
790.04	76.264
790.22	76.396
790.40	76.554
790.59	76.700
790.77	76.850
790.96	77.037
791.14	77.216
791.32	77.376
791.51	77.557
791.69	77.752
791.88	77.949
792.06	78.146
792.25	78.335
792.43	78.580
792.61	78.783
792.80	78.967
792.98	79.211
793.17	79.436
793.35	79.632
793.53	79.848
793.72	80.110
793.90	80.340
794.08	80.564
794.27	80.790
794.45	81.051
794.64	81.287
794.82	81.524
795.00	81.723
795.19	81.967
795.37	82.203
795.55	82.393
795.74	82.631
795.92	82.872
796.11	83.136
796.29	83.388
796.47	83.630
796.66	83.860
796.84	84.123
797.02	84.386
797.21	84.664
797.39	84.924
797.58	85.163
797.76	85.395
797.94	85.658
798.13	85.915
798.31	86.186
798.49	86.426
798.68	86.655
798.86	86.938
799.04	87.154
799.23	87.398
799.41	87.656
799.59	87.876
799.78	88.055
799.96	88.259
800.14	88.470
800.33	88.687
800.51	88.923
800.69	89.086
800.88	89.293
801.06	89.507
801.24	89.658
801.43	89.828
801.61	89.984
801.79	90.131
801.98	90.274
802.16	90.422
802.34	90.592
802.52	90.749
802.71	90.851
802.89	91.007
803.07	91.130
803.26	91.235
803.44	91.324
803.62	91.447
803.81	91.537
803.99	91.591
804.17	91.639
804.35	91.683
804.54	91.723
804.72	91.785
804.90	91.820
805.09	91.907
805.27	91.973
805.45	92.040
805.63	92.065
805.82	92.095
806.00	92.056
806.18	92.047
806.37	92.052
806.55	92.028
806.73	92.014
806.91	91.989
807.10	91.988
807.28	91.970
807.46	91.945
807.64	91.901
807.83	91.868
808.01	91.834
808.19	91.739
808.37	91.658
808.56	91.552
808.74	91.465
808.92	91.362
809.10	91.221
809.29	91.122
809.47	91.015
809.65	90.857
809.83	90.767
810.02	90.626
810.20	90.491
810.38	90.366
810.56	90.209
810.75	90.085
810.93	89.944
811.11	89.789
811.29	89.639
811.47	89.484
811.66	89.299
811.84	89.122
812.02	89.021
812.20	88.882
812.39	88.733
812.57	88.570
812.75	88.414
812.93	88.280
813.11	88.096
813.30	87.937
813.48	87.802
813.66	87.611
813.84	87.435
814.02	87.237
814.21	87.065
814.39	86.843
814.57	86.631
814.75	86.416
814.93	86.204
815.12	85.970
815.30	85.745
815.48	85.529
815.66	85.293
815.84	85.028
816.03	84.772
816.21	84.489
816.39	84.234
816.57	83.925
816.75	83.616
816.93	83.327
817.12	83.015
817.30	82.702
817.48	82.398
817.66	82.133
817.84	81.867
818.02	81.616
818.21	81.343
818.39	81.089
818.57	80.811
818.75	80.590
818.93	80.336
819.11	80.076
819.30	79.832
819.48	79.610
819.66	79.397
819.84	79.207
820.02	78.995
820.20	78.769
820.38	78.556
820.57	78.357
820.75	78.184
820.93	78.004
821.11	77.821
821.29	77.660
821.47	77.462
821.65	77.274
821.83	77.069
822.02	76.903
822.20	76.707
822.38	76.566
822.56	76.344
822.74	76.151
822.92	75.937
823.10	75.760
823.28	75.549
823.46	75.348
823.65	75.140
823.83	74.966
824.01	74.791
824.19	74.615
824.37	74.435
824.55	74.229
824.73	74.072
824.91	73.904
825.09	73.742
825.27	73.589
825.46	73.413
825.64	73.240
825.82	73.112
826.00	72.963
826.18	72.827
826.36	72.713
826.54	72.623
826.72	72.579
826.90	72.508
827.08	72.456
827.26	72.410
827.44	72.351
827.63	72.299
827.81	72.270
827.99	72.273
828.17	72.261
828.35	72.257
828.53	72.244
828.71	72.277
828.89	72.282
829.07	72.299
829.25	72.313
829.43	72.371
829.61	72.384
829.79	72.416
829.97	72.456
830.15	72.469
830.33	72.508
830.51	72.531
830.69	72.572
830.87	72.572
831.06	72.624
831.24	72.675
831.42	72.727
831.60	72.753
831.78	72.812
831.96	72.892
832.14	72.981
832.32	73.074
832.50	73.142
832.68	73.218
832.86	73.285
833.04	73.412
833.22	73.488
833.40	73.608
833.58	73.703
833.76	73.794
833.94	73.941
834.12	74.088
834.30	74.232
834.48	74.356
834.66	74.545
834.84	74.665
835.02	74.840
835.20	75.010
835.38	75.198
835.56	75.369
835.74	75.551
835.92	75.740
836.10	75.906
836.28	76.081
836.46	76.281
836.64	76.471
836.82	76.626
837.00	76.813
837.18	76.994
837.36	77.206
837.54	77.401
837.72	77.604
837.90	77.803
838.08	78.006
838.26	78.211
838.43	78.400
838.61	78.609
838.79	78.805
838.97	79.008
839.15	79.208
839.33	79.411
839.51	79.560
839.69	79.736
839.87	79.934
840.05	80.154
840.23	80.345
840.41	80.541
840.59	80.702
840.77	80.907
840.95	81.081
841.13	81.242
841.31	81.405
841.49	81.546
841.67	81.669
841.84	81.834
842.02	81.951
842.20	82.126
842.38	82.246
842.56	82.375
842.74	82.510
842.92	82.599
843.10	82.718
843.28	82.902
843.46	83.024
843.64	83.100
843.82	83.218
843.99	83.329
844.17	83.484
844.35	83.706
844.53	83.847
844.71	84.018
844.89	84.131
845.07	84.294
845.25	84.460
845.43	84.617
845.61	84.749
845.78	84.946
845.96	85.084
846.14	85.254
846.32	85.417
846.50	85.546
846.68	85.751
846.86	85.892
847.04	86.006
847.22	86.081
847.39	86.239
847.57	86.328
847.75	86.416
847.93	86.447
848.11	86.506
848.29	86.609
848.47	86.644
848.65	86.753
848.82	86.778
849.00	86.829
849.18	86.849
849.36	86.863
849.54	86.897
849.72	86.871
849.89	86.906
850.07	86.948
850.25	86.935
850.43	86.882
850.61	86.856
850.79	86.800
850.97	86.844
851.14	86.838
851.32	86.801
851.50	86.800
851.68	86.831
851.86	86.858
852.04	86.812
852.21	86.822
852.39	86.810
852.57	86.857
852.75	86.839
852.93	86.821
853.10	86.781
853.28	86.704
853.46	86.682
853.64	86.581
853.82	86.472
854.00	86.471
854.17	86.392
854.35	86.282
854.53	86.222
854.71	86.111
854.89	85.976
855.06	85.919
855.24	85.838
855.42	85.730
855.60	85.566
855.78	85.443
855.95	85.296
856.13	85.167
856.31	84.958
856.49	84.790
856.66	84.672
856.84	84.499
857.02	84.411
857.20	84.311
857.38	84.135
857.55	83.977
857.73	83.730
857.91	83.607
858.09	83.434
858.26	83.269
858.44	83.112
858.62	82.961
858.80	82.764
858.97	82.569
859.15	82.369
859.33	82.131
859.51	81.953
859.68	81.764
859.86	81.553
860.04	81.367
860.22	81.155
860.39	80.939
860.57	80.719
860.75	80.431
860.93	80.187
861.10	80.050
861.28	79.869
861.46	79.653
861.64	79.444
861.81	79.286
861.99	79.072
862.17	78.844
862.35	78.639
862.52	78.477
862.70	78.276
862.88	78.102
863.05	77.904
863.23	77.689
863.41	77.495
863.59	77.286
863.76	77.122
863.94	76.928
864.12	76.740
864.29	76.580
864.47	76.371
864.65	76.174
864.83	75.910
865.00	75.675
865.18	75.507
865.36	75.318
865.53	75.113
865.71	74.966
865.89	74.767
866.06	74.557
866.24	74.313
866.42	74.106
866.59	73.879
866.77	73.728
866.95	73.534
867.12	73.292
867.30	73.124
867.48	72.893
867.65	72.700
867.83	72.495
868.01	72.314
868.18	72.129
868.36	71.946
868.54	71.804
868.71	71.655
868.89	71.513
869.07	71.339
869.24	71.185
869.42	70.998
869.60	70.862
869.77	70.765
869.95	70.628
870.13	70.494
870.30	70.394
870.48	70.216
870.66	70.080
870.83	69.989
871.01	69.817
871.18	69.714
871.36	69.614
871.54	69.492
871.71	69.394
871.89	69.322
872.07	69.164
872.24	69.049
872.42	68.979
872.59	68.879
872.77	68.773
872.95	68.685
873.12	68.562
873.30	68.453
873.48	68.366
873.65	68.286
873.83	68.205
874.00	68.101
874.18	68.046
874.36	68.006
874.53	67.943
874.71	67.893
874.88	67.846
875.06	67.823
875.24	67.831
875.41	67.794
875.59	67.778
875.76	67.824
875.94	67.812
876.11	67.729
876.29	67.666
876.47	67.649
876.64	67.616
876.82	67.599
876.99	67.582
877.17	67.564
877.35	67.561
877.52	67.547
877.70	67.536
877.87	67.544
878.05	67.559
878.22	67.597
878.40	67.654
878.57	67.663
878.75	67.650
878.93	67.630
879.10	67.655
879.28	67.699
879.45	67.732
879.63	67.734
879.80	67.748
879.98	67.818
880.15	67.864
880.33	67.937
880.50	68.008
880.68	68.130
880.86	68.213
881.03	68.313
881.21	68.429
881.38	68.541
881.56	68.731
881.73	68.807
881.91	68.878
882.08	68.969
882.26	69.112
882.43	69.244
882.61	69.426
882.78	69.555
882.96	69.690
883.13	69.816
883.31	69.976
883.48	70.186
883.66	70.347
883.83	70.522
884.01	70.644
884.18	70.872
884.36	71.037
884.53	71.169
884.71	71.318
884.88	71.426
885.06	71.586
885.23	71.655
885.41	71.801
885.58	71.928
885.76	72.092
885.93	72.184
886.11	72.355
886.28	72.461
886.46	72.596
886.63	72.735
886.81	72.860
886.98	73.046
887.15	73.148
887.33	73.320
887.50	73.505
887.68	73.666
887.85	73.759
888.03	73.893
888.20	74.057
888.38	74.213
888.55	74.389
888.73	74.459
888.90	74.597
889.08	74.729
889.25	74.841
889.42	74.968
889.60	75.156
889.77	75.236
889.95	75.377
890.12	75.453
890.30	75.521
890.47	75.599
890.64	75.718
890.82	75.855
890.99	75.958
891.17	76.050
891.34	76.162
891.52	76.256
891.69	76.364
891.86	76.474
892.04	76.567
892.21	76.701
892.39	76.930
892.56	77.078
892.73	77.163
892.91	77.316
893.08	77.505
893.26	77.579
893.43	77.738
893.60	77.816
893.78	77.973
893.95	78.131
894.13	78.362
894.30	78.505
894.47	78.691
894.65	78.804
894.82	78.946
895.00	79.067
895.17	79.227
895.34	79.394
895.52	79.561
895.69	79.669
895.86	79.793
896.04	79.818
896.21	79.951
896.39	80.137
896.56	80.295
896.73	80.289
896.91	80.344
897.08	80.422
897.25	80.594
897.43	80.643
897.60	80.721
897.77	80.714
897.95	80.684
898.12	80.679
898.30	80.778
898.47	80.778
898.64	80.824
898.82	80.834
898.99	80.811
899.16	80.788
899.34	80.764
899.51	80.665
899.68	80.638
899.86	80.587
900.03	80.500
900.20	80.416
900.38	80.429
900.55	80.493
900.72	80.428
900.90	80.330
901.07	80.407
901.24	80.370
901.41	80.377
901.59	80.386
901.76	80.365
901.93	80.301
902.11	80.222
902.28	80.200
902.45	80.279
902.63	80.287
902.80	80.246
902.97	80.237
903.15	80.322
903.32	80.387
903.49	80.359
903.66	80.382
903.84	80.401
904.01	80.357
904.18	80.307
904.36	80.313
904.53	80.273
904.70	80.197
904.87	80.163
905.05	80.061
905.22	80.060
905.39	80.009
905.56	79.919
905.74	79.860
905.91	79.753
906.08	79.613
906.26	79.502
906.43	79.386
906.60	79.270
906.77	79.095
906.95	78.948
907.12	78.821
907.29	78.645
907.46	78.585
907.64	78.490
907.81	78.368
907.98	78.171
908.15	78.043
908.33	77.897
908.50	77.752
908.67	77.640
908.84	77.497
909.01	77.317
909.19	77.222
909.36	77.092
909.53	76.941
909.70	76.705
909.88	76.592
910.05	76.405
910.22	76.312
910.39	76.178
910.57	76.076
910.74	75.976
910.91	75.919
911.08	75.687
911.25	75.516
911.43	75.372
911.60	75.243
911.77	75.091
911.94	74.847
912.11	74.675
912.29	74.456
912.46	74.200
912.63	74.001
912.80	73.755
912.97	73.556
913.15	73.404
913.32	73.261
913.49	73.035
913.66	72.952
913.83	72.731
914.00	72.514
914.18	72.301
914.35	72.086
914.52	71.798
914.69	71.595
914.86	71.391
915.03	71.190
915.21	71.043
915.38	70.833
915.55	70.775
915.72	70.601
915.89	70.489
916.06	70.424
916.24	70.342
916.41	70.203
916.58	70.103
916.75	69.906
916.92	69.743
917.09	69.552
917.26	69.277
917.44	69.078
917.61	68.956
917.78	68.746
917.95	68.604
918.12	68.432
918.29	68.348
918.46	68.156
918.64	67.997
918.81	67.867
918.98	67.743
919.15	67.549
919.32	67.419
919.49	67.193
919.66	66.977
919.83	66.781
920.00	66.605
920.18	66.452
920.35	66.414
920.52	66.308
920.69	66.246
920.86	66.252
921.03	66.154
921.20	66.027
921.37	65.930
921.54	65.697
921.71	65.598
921.89	65.429
922.06	65.396
922.23	65.284
922.40	65.174
922.57	64.994
922.74	64.904
922.91	64.830
923.08	64.775
923.25	64.692
923.42	64.609
923.59	64.585
923.76	64.397
923.93	64.193
924.11	64.016
924.28	63.903
924.45	63.781
924.62	63.789
924.79	63.695
924.96	63.548
925.13	63.515
925.30	63.434
925.47	63.297
925.64	63.209
925.81	63.170
925.98	63.100
926.15	63.082
926.32	62.950
926.49	62.846
926.66	62.775
926.83	62.683
927.00	62.669
927.17	62.566
927.34	62.623
927.51	62.617
927.69	62.696
927.86	62.673
928.03	62.565
928.20	62.510
928.37	62.440
928.54	62.482
928.71	62.472
928.88	62.506
929.05	62.552
929.22	62.557
929.39	62.523
929.56	62.467
929.73	62.436
929.90	62.492
930.07	62.510
930.24	62.492
930.41	62.514
930.58	62.572
930.75	62.646
930.92	62.605
931.09	62.601
931.26	62.563
931.43	62.540
931.60	62.582
931.77	62.541
931.94	62.622
932.11	62.669
932.27	62.694
932.44	62.739
932.61	62.795
932.78	62.766
932.95	62.876
933.12	62.858
933.29	62.917
933.46	62.949
933.63	62.897
933.80	62.935
933.97	62.974
934.14	62.962
934.31	62.924
934.48	62.986
934.65	63.034
934.82	63.127
934.99	63.186
935.16	63.247
935.33	63.339
935.50	63.479
935.67	63.584
935.84	63.649
936.00	63.658
936.17	63.726
936.34	63.868
936.51	63.862
936.68	63.923
936.85	63.944
937.02	64.052
937.19	64.127
937.36	64.281
937.53	64.283
937.70	64.383
937.87	64.480
938.03	64.511
938.20	64.567
938.37	64.624
938.54	64.709
938.71	64.767
938.88	64.888
939.05	64.803
939.22	64.752
939.39	64.831
939.56	65.010
939.72	65.048
939.89	65.075
940.06	65.122
940.23	65.214
940.40	65.322
940.57	65.465
940.74	65.628
940.91	65.662
941.08	65.862
941.24	65.942
941.41	66.117
941.58	66.340
941.75	66.510
941.92	66.670
942.09	66.793
942.26	66.887
942.42	66.940
942.59	67.184
942.76	67.544
942.93	67.694
943.10	67.709
943.27	67.886
943.44	68.026
943.60	68.217
943.77	68.227
943.94	68.428
944.11	68.462
944.28	68.534
944.45	68.672
944.61	68.773
944.78	68.791
944.95	68.824
945.12	68.992
945.29	69.053
945.46	69.030
945.62	69.042
945.79	69.243
945.96	69.523
946.13	69.625
946.30	69.593
946.46	69.743
946.63	69.841
946.80	69.951
946.97	70.112
947.14	70.183
947.31	70.688
947.47	70.904
947.64	71.066
947.81	71.214
947.98	71.369
948.15	71.432
948.31	71.650
948.48	71.766
948.65	71.753
948.82	71.893
948.98	72.000
949.15	72.284
949.32	72.305
949.49	72.281
949.66	72.342
949.82	72.396
949.99	72.480
950.16	72.594
950.33	72.555
950.49	72.616
950.66	72.575
950.83	72.404
951.00	72.238
951.16	72.004
951.33	72.019
951.50	71.952
951.67	72.008
951.83	72.017
952.00	72.016
952.17	71.950
952.34	71.948
952.50	72.117
952.67	72.054
952.84	72.096
953.01	72.013
953.17	72.045
953.34	72.131
953.51	72.058
953.68	71.965
953.84	71.935
954.01	71.868
954.18	71.779
954.34	71.811
954.51	71.886
954.68	72.039
954.85	72.045
955.01	72.155
955.18	72.413
955.35	72.166
955.51	72.112
955.68	72.202
955.85	72.373
956.02	72.229
956.18	72.234
956.35	72.167
956.52	72.207
956.68	72.164
956.85	72.027
957.02	72.090
957.18	72.107
957.35	72.072
957.52	72.100
957.69	72.203
957.85	72.218
958.02	72.059
958.19	71.954
958.35	71.923
958.52	71.671
958.69	71.314
958.85	71.477
959.02	71.558
959.19	71.285
959.35	71.121
959.52	71.112
959.69	71.122
959.85	71.127
960.02	71.104
960.19	70.950
960.35	70.867
960.52	70.707
960.68	70.648
960.85	70.712
961.02	70.491
961.18	70.456
961.35	70.209
961.52	70.252
961.68	70.241
961.85	70.116
962.02	70.175
962.18	70.143
962.35	69.862
962.51	69.642
962.68	69.670
962.85	69.527
963.01	69.246
963.18	69.128
963.35	68.755
963.51	68.578
963.68	68.626
963.84	68.374
964.01	68.394
964.18	68.245
964.34	67.981
964.51	67.794
964.67	67.580
964.84	67.516
965.01	67.241
965.17	66.954
965.34	66.955
965.50	66.696
965.67	66.601
965.84	66.625
966.00	66.751
966.17	66.805
966.33	66.728
966.50	66.590
966.66	66.479
966.83	66.548
967.00	66.343
967.16	66.102
967.33	66.033
967.49	65.842
967.66	65.999
967.82	65.849
967.99	65.998
968.16	66.007
968.32	65.874
968.49	65.691
968.65	65.826
968.82	65.655
968.98	65.704
969.15	65.387
969.31	65.069
969.48	64.810
969.64	64.486
969.81	64.388
969.98	64.348
970.14	63.994
970.31	63.931
970.47	63.741
970.64	63.488
970.80	63.527
970.97	62.991
971.13	62.611
971.30	62.479
971.46	62.230
971.63	61.999
971.79	62.092
971.96	62.151
972.12	61.897
972.29	61.478
972.45	61.321
972.62	61.336
972.78	61.359
972.95	60.945
973.11	60.704
973.28	60.525
973.44	60.568
973.61	60.797
973.77	60.571
973.94	60.605
974.10	60.735
974.27	60.688
974.43	61.034
974.60	60.978
974.76	60.987
974.93	60.948
975.09	60.783
975.26	60.486
975.42	60.395
975.59	60.168
975.75	60.511
975.92	60.336
976.08	59.881
976.24	59.740
976.41	59.558
976.57	59.631
976.74	59.550
976.90	59.080
977.07	58.597
977.23	58.556
977.40	58.371
977.56	57.751
977.73	57.412
977.89	57.091
978.05	56.710
978.22	56.492
978.38	56.201
978.55	55.912
978.71	55.761
978.88	55.715
979.04	55.707
979.20	55.488
979.37	55.515
979.53	55.509
979.70	55.572
979.86	55.796
980.03	55.598
980.19	55.487
980.35	55.571
980.52	55.430
980.68	55.521
980.85	55.455
981.01	55.580
981.17	55.492
981.34	55.330
981.50	55.309
981.67	55.319
981.83	55.208
981.99	55.227
982.16	54.940
982.32	54.120
982.49	54.143
982.65	53.941
982.81	53.980
982.98	54.027
983.14	53.945
983.30	53.599
983.47	53.574
983.63	53.364
983.80	53.107
983.96	52.790
984.12	53.161
984.29	53.184
984.45	53.506
984.61	53.354
984.78	53.559
984.94	53.816
985.10	54.272
985.27	54.140
985.43	54.562
985.59	55.001
985.76	55.487
985.92	55.681
986.08	56.021
986.25	55.516
986.41	56.015
986.57	55.499
986.74	55.815
986.90	55.685
987.06	55.469
987.23	55.522
987.39	55.486
987.55	54.395
987.72	54.171
987.88	53.298
988.04	53.616
988.21	54.020
988.37	53.730
988.53	53.020
988.70	53.467
988.86	52.821
989.02	52.477
989.19	52.166
989.35	51.922
989.51	51.233
989.67	51.221
989.84	50.706
990.00	50.866
990.16	51.065
990.33	51.276
990.49	51.811
990.65	51.995
990.82	52.269
990.98	52.443
991.14	52.369
991.30	53.239
991.47	52.570
991.63	52.464
991.79	53.346
991.95	53.484
992.12	53.447
992.28	53.694
992.44	53.796
992.61	53.918
992.77	53.965
992.93	54.550
993.09	54.762
993.26	55.037
993.42	55.395
993.58	55.100
993.74	54.854
993.91	54.283
994.07	54.098
994.23	54.498
994.39	54.466
994.55	54.631
994.72	54.059
994.88	54.307
995.04	53.845
995.20	53.385
995.37	53.087
995.53	52.988
995.69	52.723
995.85	52.339
996.02	52.392
996.18	52.621
996.34	52.116
996.50	52.170
996.66	52.899
996.83	52.423
996.99	51.591
997.15	52.249
997.31	52.223
997.47	52.450
997.64	52.120
997.80	52.469
997.96	53.282
998.12	53.650
998.28	54.405
998.45	54.944
998.61	54.581
998.77	54.527
998.93	54.650
999.09	55.930
999.25	56.095
999.42	57.251
999.58	57.142
999.74	56.977
999.90	56.496
1000.06	55.607
1000.22	55.699
1000.39	56.547
1000.55	56.064
1000.71	56.770
1000.87	56.590
1001.03	56.384
1001.19	56.516
1001.36	55.725
1001.52	55.188
1001.68	54.581
1001.84	54.963
1002.00	54.234
1002.16	54.183
1002.32	53.484
1002.49	51.698
1002.65	51.327
1002.81	50.584
1002.97	50.299
1003.13	50.180
1003.29	51.320
1003.45	50.972
1003.62	52.020
1003.78	51.600
1003.94	51.932
1004.10	51.114
1004.26	51.252
1004.42	50.852
1004.58	50.387
1004.74	50.797
1004.90	52.308
1005.07	52.350
1005.23	50.970
1005.39	51.912
1005.55	52.477
1005.71	52.099
1005.87	53.412
1006.03	54.639
1006.19	54.707
1006.35	54.741
1006.51	55.635
1006.67	55.048
1006.84	54.936
1007.00	54.392
1007.16	55.397
1007.32	53.904
1007.48	54.257
1007.64	55.482
1007.80	55.186
1007.96	54.325
1008.12	54.551
1008.28	52.792
1008.44	53.834
1008.60	54.783
1008.76	53.608
1008.92	52.470
1009.09	52.585
1009.25	51.963
1009.41	50.826
1009.57	51.227
1009.73	51.479
1009.89	52.241
1010.05	53.263
1010.21	55.198
1010.37	54.713
1010.53	55.555
1010.69	57.463
1010.85	57.129
1011.01	55.380
1011.17	54.675
1011.33	56.550
1011.49	56.566
1011.65	56.613
1011.81	55.948
1011.97	56.000
1012.13	58.341
1012.29	59.536
1012.45	61.034
1012.61	64.197
1012.77	62.052
1012.93	61.709
1013.09	60.499
1013.25	60.517
1013.41	60.262
1013.57	57.139
1013.73	57.049
1013.89	53.873
1014.05	55.631
1014.21	53.783
1014.37	52.671
1014.53	51.889
1014.69	51.384
1014.85	51.835
1015.01	53.169
1015.17	55.888
1015.33	55.301
1015.49	53.495
1015.65	55.758
1015.81	56.049
1015.97	52.137
1016.13	55.282
1016.29	55.104
1016.45	55.398
1016.61	55.183
1016.77	52.867
1016.93	53.814
1017.09	52.333
1017.25	53.196
1017.41	51.794
1017.56	54.230
1017.72	58.719
1017.88	60.916
1018.04	62.090
1018.20	58.327
1018.36	59.933
1018.52	56.221
1018.68	58.124
1018.84	59.478
1019.00	56.391
1019.16	57.290
1019.32	61.603
1019.48	62.789
1019.64	63.678
1019.79	62.193
1019.95	58.130
1020.11	62.854
1020.27	62.201
1020.43	68.260
1020.59	70.721
1020.75	67.607
1020.91	71.079
1021.07	65.675
1021.23	64.713
1021.39	61.906
1021.54	68.092
1021.70	63.456
1021.86	61.009
1022.02	58.646
1022.18	55.706
1022.34	58.172
1022.50	56.542
1022.66	52.640
1022.82	51.341
1022.97	51.784
1023.13	55.294
1023.29	59.152
1023.45	56.349
1023.61	56.321
1023.77	52.579
1023.93	53.035
1024.08	54.734
1024.24	50.000
1024.40	46.801
1024.56	52.229
1024.72	49.351
1024.88	38.277
1025.04	43.122
1025.19	47.755
1025.35	45.677
1025.51	49.628
1025.67	51.576
1025.83	47.703
1025.99	50.630
1026.14	49.403
1026.30	50.912
1026.46	52.037
1026.62	49.829
1026.78	49.072
1026.94	48.337
1027.09	47.339
1027.25	43.888
1027.41	40.964
1027.57	41.687
1027.73	43.335
1027.89	40.085
1028.04	40.942
1028.20	40.824
1028.36	40.691
1028.52	38.840
1028.68	38.928
1028.83	37.730
1028.99	37.205
1029.15	39.667
1029.31	37.126
1029.47	37.688
1029.62	37.449
1029.78	34.805
1029.94	33.718
1030.10	34.277
1030.25	32.503
1030.41	35.179
1030.57	36.997
1030.73	39.700
1030.89	36.149
1031.04	40.923
1031.20	40.464
1031.36	43.268
1031.52	50.694
1031.67	53.698
1031.83	54.625
1031.99	60.496
1032.15	55.285
1032.30	58.173
1032.46	57.338
1032.62	55.263
1032.78	52.733
1032.93	57.939
1033.09	51.130
1033.25	40.659
1033.41	25.906
1033.56	21.033
1033.72	-54.853
1033.88	158.929
1034.04	31.962
1034.19	11.242
1034.35	59.223
1034.51	-11.395
1034.66	35.106
1034.82	3670.833
1034.98	3670.833
1035.14	3670.833
