345.22	32.254
345.43	32.254
345.65	32.254
345.86	59.425
346.08	121.629
346.29	16.691
346.51	3.048
346.72	53.308
346.94	-192.692
347.15	-68.763
347.37	83.773
347.58	111.916
347.80	138.820
348.01	125.725
348.23	97.281
348.44	89.923
348.66	85.707
348.87	88.832
349.09	85.414
349.30	77.293
349.52	71.790
349.73	75.991
349.95	77.088
350.16	78.861
350.38	76.603
350.59	70.621
350.81	69.494
351.02	68.313
351.24	68.811
351.45	68.212
351.67	69.947
351.88	69.251
352.10	66.283
352.31	65.236
352.53	68.248
352.74	69.531
352.96	70.592
353.17	69.374
353.39	70.446
353.60	72.381
353.82	72.684
354.03	73.110
354.25	68.747
354.46	63.990
354.67	61.560
354.89	59.734
355.10	63.739
355.32	63.009
355.53	64.474
355.75	66.318
355.96	67.771
356.18	67.546
356.39	67.322
356.61	70.768
356.82	70.804
357.04	67.542
357.25	68.007
357.46	67.473
357.68	67.813
357.89	66.128
358.11	64.520
358.32	67.529
358.54	65.848
358.75	67.457
358.97	69.434
359.18	72.351
359.40	72.311
359.61	72.433
359.82	73.643
360.04	73.475
360.25	71.244
360.47	67.388
360.68	66.819
360.90	67.326
361.11	65.489
361.32	65.350
361.54	68.291
361.75	67.512
361.97	68.762
362.18	69.521
362.40	71.161
362.61	72.451
362.83	71.534
363.04	72.493
363.25	73.486
363.47	74.833
363.68	72.497
363.90	75.783
364.11	76.237
364.32	77.066
364.54	75.812
364.75	73.127
364.97	76.174
365.18	75.116
365.40	73.708
365.61	73.757
365.82	74.627
366.04	73.838
366.25	73.381
366.47	71.621
366.68	70.177
366.89	70.950
367.11	69.007
367.32	70.357
367.54	68.601
367.75	68.035
367.96	67.170
368.18	67.915
368.39	67.074
368.61	67.172
368.82	67.667
369.03	69.775
369.25	73.436
369.46	74.382
369.68	75.566
369.89	76.150
370.10	76.463
370.32	76.171
370.53	75.829
370.75	72.918
370.96	74.747
371.17	75.038
371.39	72.509
371.60	73.231
371.81	73.116
372.03	74.805
372.24	76.086
372.46	78.776
372.67	79.915
372.88	78.405
373.10	78.253
373.31	76.973
373.52	76.761
373.74	75.272
373.95	74.635
374.17	75.443
374.38	77.341
374.59	77.812
374.81	77.207
375.02	75.540
375.23	78.366
375.45	76.584
375.66	75.018
375.87	76.424
376.09	76.440
376.30	75.333
376.52	77.150
376.73	74.265
376.94	72.820
377.16	73.864
377.37	77.773
377.58	77.939
377.80	79.678
378.01	80.764
378.22	82.484
378.44	83.249
378.65	85.234
378.86	85.507
379.08	86.371
379.29	87.088
379.50	90.166
379.72	90.724
379.93	93.872
380.14	97.028
380.36	98.257
380.57	100.018
380.78	100.606
381.00	101.691
381.21	103.738
381.42	105.132
381.64	105.703
381.85	105.686
382.06	106.259
382.28	106.667
382.49	106.665
382.70	107.548
382.92	108.226
383.13	107.863
383.34	108.677
383.56	109.887
383.77	111.398
383.98	111.369
384.20	112.640
384.41	113.064
384.62	113.562
384.83	114.311
385.05	114.946
385.26	116.044
385.47	116.971
385.69	117.955
385.90	118.838
386.11	119.611
386.33	120.621
386.54	121.416
386.75	122.025
386.97	123.078
387.18	123.742
387.39	124.494
387.60	124.783
387.82	125.105
388.03	125.321
388.24	125.665
388.46	125.893
388.67	125.826
388.88	125.582
389.09	125.271
389.31	124.873
389.52	124.445
389.73	123.757
389.95	123.150
390.16	122.501
390.37	121.964
390.58	121.423
390.80	120.633
391.01	120.076
391.22	119.532
391.44	118.707
391.65	118.043
391.86	117.436
392.07	117.268
392.29	116.967
392.50	116.633
392.71	116.318
392.92	116.262
393.14	116.133
393.35	116.214
393.56	116.457
393.78	116.755
393.99	117.246
394.20	117.858
394.41	118.363
394.63	118.874
394.84	119.616
395.05	120.474
395.26	121.246
395.48	122.052
395.69	122.769
395.90	123.746
396.11	124.612
396.33	125.381
396.54	126.175
396.75	126.772
396.96	127.411
397.18	127.897
397.39	128.344
397.60	128.772
397.81	129.063
398.03	129.178
398.24	129.213
398.45	129.068
398.66	128.846
398.87	128.587
399.09	128.223
399.30	127.622
399.51	126.853
399.72	126.169
399.94	125.396
400.15	124.578
400.36	123.627
400.57	122.662
400.79	121.746
401.00	120.737
401.21	119.860
401.42	118.970
401.63	118.136
401.85	117.375
402.06	116.757
402.27	116.167
402.48	115.726
402.69	115.387
402.91	115.089
403.12	114.862
403.33	114.853
403.54	114.997
403.76	115.107
403.97	115.437
404.18	115.874
404.39	116.414
404.60	117.055
404.82	117.797
405.03	118.619
405.24	119.425
405.45	120.272
405.66	121.146
405.88	122.017
406.09	122.961
406.30	123.753
406.51	124.444
406.72	125.167
406.94	125.810
407.15	126.355
407.36	126.899
407.57	127.350
407.78	127.640
407.99	127.768
408.21	127.872
408.42	127.844
408.63	127.746
408.84	127.441
409.05	127.084
409.27	126.528
409.48	125.821
409.69	125.068
409.90	124.328
410.11	123.513
410.32	122.654
410.54	121.660
410.75	120.643
410.96	119.636
411.17	118.601
411.38	117.601
411.59	116.644
411.81	115.661
412.02	114.749
412.23	113.905
412.44	113.167
412.65	112.584
412.86	112.100
413.08	111.625
413.29	111.261
413.50	111.072
413.71	111.033
413.92	111.080
414.13	111.239
414.34	111.478
414.56	111.745
414.77	112.162
414.98	112.651
415.19	113.335
415.40	114.090
415.61	114.883
415.82	115.672
416.04	116.532
416.25	117.369
416.46	118.252
416.67	119.173
416.88	120.005
417.09	120.801
417.30	121.499
417.52	122.227
417.73	122.825
417.94	123.343
418.15	123.775
418.36	124.210
418.57	124.447
418.78	124.576
418.99	124.689
419.21	124.656
419.42	124.536
419.63	124.283
419.84	123.910
420.05	123.428
420.26	122.843
420.47	122.123
420.68	121.426
420.89	120.638
421.11	119.725
421.32	118.874
421.53	117.924
421.74	117.000
421.95	116.064
422.16	115.173
422.37	114.290
422.58	113.360
422.79	112.462
423.01	111.691
423.22	110.959
423.43	110.324
423.64	109.759
423.85	109.314
424.06	108.975
424.27	108.708
424.48	108.558
424.69	108.592
424.90	108.703
425.11	108.904
425.33	109.225
425.54	109.620
425.75	110.064
425.96	110.606
426.17	111.239
426.38	111.934
426.59	112.684
426.80	113.485
427.01	114.355
427.22	115.272
427.43	116.252
427.64	117.158
427.85	118.015
428.07	118.897
428.28	119.692
428.49	120.469
428.70	121.208
428.91	121.881
429.12	122.425
429.33	122.953
429.54	123.393
429.75	123.714
429.96	124.016
430.17	124.212
430.38	124.298
430.59	124.221
430.80	124.042
431.01	123.774
431.22	123.439
431.44	122.990
431.65	122.463
431.86	121.812
432.07	121.139
432.28	120.410
432.49	119.599
432.70	118.742
432.91	117.802
433.12	116.840
433.33	115.856
433.54	114.940
433.75	114.012
433.96	113.115
434.17	112.160
434.38	111.294
434.59	110.478
434.80	109.712
435.01	109.104
435.22	108.564
435.43	108.115
435.64	107.727
435.85	107.431
436.06	107.227
436.27	107.144
436.48	107.169
436.69	107.250
436.90	107.457
437.11	107.780
437.33	108.189
437.54	108.679
437.75	109.298
437.96	109.901
438.17	110.569
438.38	111.246
438.59	112.045
438.80	112.827
439.01	113.708
439.22	114.625
439.43	115.389
439.64	116.195
439.85	116.990
440.06	117.731
440.27	118.485
440.48	119.138
440.69	119.745
440.90	120.281
441.11	120.806
441.32	121.223
441.53	121.547
441.74	121.768
441.95	121.947
442.16	122.004
442.37	121.941
442.58	121.821
442.79	121.627
443.00	121.339
443.21	120.973
443.42	120.443
443.62	119.777
443.83	119.218
444.04	118.532
444.25	117.795
444.46	116.992
444.67	116.127
444.88	115.263
445.09	114.340
445.30	113.403
445.51	112.433
445.72	111.451
445.93	110.549
446.14	109.651
446.35	108.742
446.56	107.928
446.77	107.173
446.98	106.437
447.19	105.757
447.40	105.168
447.61	104.610
447.82	104.165
448.03	103.849
448.24	103.556
448.45	103.367
448.66	103.282
448.87	103.281
449.08	103.383
449.29	103.558
449.49	103.823
449.70	104.176
449.91	104.583
450.12	105.094
450.33	105.619
450.54	106.231
450.75	106.905
450.96	107.576
451.17	108.306
451.38	109.046
451.59	109.810
451.80	110.555
452.01	111.327
452.22	112.102
452.43	112.807
452.64	113.488
452.84	114.157
453.05	114.752
453.26	115.341
453.47	115.830
453.68	116.289
453.89	116.684
454.10	116.965
454.31	117.223
454.52	117.357
454.73	117.444
454.94	117.415
455.15	117.292
455.36	117.075
455.56	116.791
455.77	116.418
455.98	116.006
456.19	115.526
456.40	114.982
456.61	114.383
456.82	113.693
457.03	112.964
457.24	112.172
457.45	111.370
457.65	110.470
457.86	109.603
458.07	108.711
458.28	107.750
458.49	106.860
458.70	105.922
458.91	105.032
459.12	104.154
459.33	103.286
459.54	102.497
459.74	101.748
459.95	101.031
460.16	100.424
460.37	99.868
460.58	99.391
460.79	98.958
461.00	98.578
461.21	98.318
461.41	98.125
461.62	98.016
461.83	98.001
462.04	98.090
462.25	98.188
462.46	98.407
462.67	98.720
462.88	99.090
463.08	99.553
463.29	100.037
463.50	100.589
463.71	101.224
463.92	101.867
464.13	102.523
464.34	103.222
464.54	103.951
464.75	104.690
464.96	105.413
465.17	106.143
465.38	106.836
465.59	107.554
465.80	108.225
466.00	108.852
466.21	109.442
466.42	109.974
466.63	110.520
466.84	110.995
467.05	111.394
467.26	111.731
467.46	111.941
467.67	112.137
467.88	112.273
468.09	112.297
468.30	112.291
468.51	112.218
468.71	112.041
468.92	111.807
469.13	111.494
469.34	111.126
469.55	110.664
469.76	110.182
469.96	109.603
470.17	108.984
470.38	108.337
470.59	107.617
470.80	106.857
471.00	106.108
471.21	105.291
471.42	104.488
471.63	103.659
471.84	102.845
472.05	102.004
472.25	101.168
472.46	100.358
472.67	99.522
472.88	98.760
473.09	98.008
473.29	97.270
473.50	96.611
473.71	95.977
473.92	95.399
474.13	94.875
474.33	94.428
474.54	94.045
474.75	93.721
474.96	93.466
475.17	93.285
475.37	93.127
475.58	93.077
475.79	93.098
476.00	93.191
476.21	93.363
476.41	93.591
476.62	93.891
476.83	94.231
477.04	94.676
477.24	95.131
477.45	95.648
477.66	96.203
477.87	96.766
478.08	97.391
478.28	98.013
478.49	98.673
478.70	99.354
478.91	100.012
479.11	100.673
479.32	101.355
479.53	102.000
479.74	102.667
479.94	103.278
480.15	103.837
480.36	104.362
480.57	104.857
480.78	105.340
480.98	105.724
481.19	106.072
481.40	106.352
481.61	106.613
481.81	106.801
482.02	106.920
482.23	107.011
482.44	106.996
482.64	106.952
482.85	106.832
483.06	106.624
483.27	106.395
483.47	106.116
483.68	105.757
483.89	105.347
484.10	104.870
484.30	104.356
484.51	103.778
484.72	103.192
484.92	102.526
485.13	101.854
485.34	101.163
485.55	100.435
485.75	99.696
485.96	98.915
486.17	98.136
486.38	97.365
486.58	96.575
486.79	95.816
487.00	95.054
487.20	94.304
487.41	93.600
487.62	92.919
487.83	92.252
488.03	91.625
488.24	91.043
488.45	90.492
488.65	89.982
488.86	89.539
489.07	89.138
489.28	88.807
489.48	88.517
489.69	88.323
489.90	88.164
490.10	88.077
490.31	88.046
490.52	88.055
490.73	88.139
490.93	88.284
491.14	88.479
491.35	88.730
491.55	89.029
491.76	89.372
491.97	89.753
492.17	90.164
492.38	90.629
492.59	91.124
492.79	91.662
493.00	92.223
493.21	92.800
493.41	93.384
493.62	93.981
493.83	94.590
494.04	95.156
494.24	95.745
494.45	96.321
494.66	96.872
494.86	97.441
495.07	97.953
495.28	98.465
495.48	98.926
495.69	99.360
495.90	99.763
496.10	100.129
496.31	100.434
496.52	100.697
496.72	100.942
496.93	101.133
497.14	101.263
497.34	101.324
497.55	101.359
497.76	101.336
497.96	101.256
498.17	101.120
498.37	100.948
498.58	100.700
498.79	100.402
498.99	100.080
499.20	99.689
499.41	99.256
499.61	98.762
499.82	98.249
500.03	97.683
500.23	97.110
500.44	96.486
500.65	95.851
500.85	95.202
501.06	94.498
501.26	93.792
501.47	93.075
501.68	92.369
501.88	91.636
502.09	90.918
502.30	90.204
502.50	89.498
502.71	88.814
502.91	88.152
503.12	87.506
503.33	86.886
503.53	86.311
503.74	85.755
503.95	85.229
504.15	84.745
504.36	84.301
504.56	83.893
504.77	83.546
504.98	83.225
505.18	82.972
505.39	82.761
505.59	82.600
505.80	82.494
506.01	82.443
506.21	82.446
506.42	82.496
506.62	82.588
506.83	82.723
507.04	82.914
507.24	83.144
507.45	83.424
507.65	83.740
507.86	84.077
508.07	84.462
508.27	84.884
508.48	85.325
508.68	85.810
508.89	86.301
509.10	86.802
509.30	87.321
509.51	87.840
509.71	88.367
509.92	88.899
510.12	89.423
510.33	89.942
510.54	90.443
510.74	90.943
510.95	91.418
511.15	91.882
511.36	92.332
511.56	92.758
511.77	93.144
511.98	93.505
512.18	93.847
512.39	94.149
512.59	94.412
512.80	94.634
513.00	94.814
513.21	94.948
513.42	95.054
513.62	95.113
513.83	95.136
514.03	95.104
514.24	95.022
514.44	94.892
514.65	94.730
514.85	94.532
515.06	94.289
515.26	93.997
515.47	93.674
515.68	93.301
515.88	92.895
516.09	92.454
516.29	91.987
516.50	91.480
516.70	90.941
516.91	90.381
517.11	89.805
517.32	89.212
517.52	88.600
517.73	87.990
517.93	87.357
518.14	86.718
518.34	86.088
518.55	85.456
518.76	84.831
518.96	84.199
519.17	83.571
519.37	82.955
519.58	82.376
519.78	81.802
519.99	81.239
520.19	80.706
520.40	80.216
520.60	79.745
520.81	79.305
521.01	78.890
521.22	78.529
521.42	78.198
521.63	77.902
521.83	77.648
522.04	77.423
522.24	77.260
522.45	77.134
522.65	77.053
522.86	77.020
523.06	77.025
523.27	77.079
523.47	77.173
523.68	77.303
523.88	77.465
524.09	77.670
524.29	77.926
524.50	78.211
524.70	78.518
524.91	78.853
525.11	79.229
525.32	79.639
525.52	80.057
525.72	80.517
525.93	80.983
526.13	81.476
526.34	81.965
526.54	82.477
526.75	82.972
526.95	83.479
527.16	83.976
527.36	84.482
527.57	84.976
527.77	85.455
527.98	85.940
528.18	86.409
528.39	86.853
528.59	87.286
528.79	87.689
529.00	88.083
529.20	88.447
529.41	88.806
529.61	89.125
529.82	89.399
530.02	89.634
530.23	89.853
530.43	90.019
530.64	90.167
530.84	90.264
531.04	90.323
531.25	90.366
531.45	90.374
531.66	90.339
531.86	90.265
532.07	90.148
532.27	89.991
532.47	89.805
532.68	89.602
532.88	89.362
533.09	89.087
533.29	88.759
533.50	88.409
533.70	87.996
533.90	87.578
534.11	87.155
534.31	86.703
534.52	86.223
534.72	85.749
534.93	85.249
535.13	84.718
535.33	84.198
535.54	83.641
535.74	83.088
535.95	82.517
536.15	81.969
536.35	81.419
536.56	80.874
536.76	80.313
536.97	79.774
537.17	79.231
537.37	78.709
537.58	78.219
537.78	77.744
537.99	77.294
538.19	76.848
538.39	76.421
538.60	76.024
538.80	75.669
539.01	75.319
539.21	75.007
539.41	74.741
539.62	74.497
539.82	74.292
540.03	74.114
540.23	73.988
540.43	73.881
540.64	73.831
540.84	73.805
541.04	73.830
541.25	73.895
541.45	73.989
541.66	74.114
541.86	74.274
542.06	74.473
542.27	74.704
542.47	74.983
542.67	75.273
542.88	75.600
543.08	75.946
543.28	76.331
543.49	76.726
543.69	77.148
543.90	77.593
544.10	78.037
544.30	78.524
544.51	79.003
544.71	79.516
544.91	80.007
545.12	80.517
545.32	81.033
545.52	81.518
545.73	82.029
545.93	82.533
546.13	83.003
546.34	83.463
546.54	83.915
546.74	84.347
546.95	84.785
547.15	85.202
547.35	85.580
547.56	85.961
547.76	86.330
547.96	86.659
548.17	86.981
548.37	87.284
548.57	87.525
548.78	87.750
548.98	87.939
549.18	88.089
549.39	88.208
549.59	88.297
549.79	88.381
550.00	88.415
550.20	88.440
550.40	88.418
550.61	88.374
550.81	88.292
551.01	88.178
551.22	88.033
551.42	87.852
551.62	87.647
551.82	87.396
552.03	87.134
552.23	86.841
552.43	86.514
552.64	86.169
552.84	85.800
553.04	85.408
553.25	84.995
553.45	84.558
553.65	84.111
553.85	83.664
554.06	83.194
554.26	82.708
554.46	82.198
554.67	81.698
554.87	81.181
555.07	80.682
555.27	80.167
555.48	79.653
555.68	79.156
555.88	78.655
556.09	78.166
556.29	77.660
556.49	77.186
556.69	76.708
556.90	76.246
557.10	75.823
557.30	75.427
557.50	75.027
557.71	74.673
557.91	74.341
558.11	74.013
558.31	73.722
558.52	73.460
558.72	73.230
558.92	73.030
559.13	72.862
559.33	72.718
559.53	72.599
559.73	72.526
559.94	72.471
560.14	72.449
560.34	72.454
560.54	72.499
560.75	72.578
560.95	72.685
561.15	72.836
561.35	73.000
561.55	73.180
561.76	73.404
561.96	73.635
562.16	73.911
562.36	74.223
562.57	74.543
562.77	74.888
562.97	75.255
563.17	75.630
563.38	76.019
563.58	76.433
563.78	76.866
563.98	77.302
564.18	77.741
564.39	78.203
564.59	78.664
564.79	79.144
564.99	79.609
565.20	80.071
565.40	80.514
565.60	80.957
565.80	81.417
566.00	81.853
566.21	82.292
566.41	82.697
566.61	83.097
566.81	83.493
567.01	83.870
567.22	84.239
567.42	84.591
567.62	84.909
567.82	85.211
568.02	85.493
568.23	85.751
568.43	85.988
568.63	86.209
568.83	86.390
569.03	86.531
569.24	86.662
569.44	86.775
569.64	86.867
569.84	86.942
570.04	86.961
570.24	86.968
570.45	86.948
570.65	86.906
570.85	86.831
571.05	86.718
571.25	86.578
571.45	86.402
571.66	86.222
571.86	86.022
572.06	85.777
572.26	85.521
572.46	85.247
572.66	84.961
572.87	84.632
573.07	84.304
573.27	83.951
573.47	83.585
573.67	83.194
573.87	82.781
574.08	82.349
574.28	81.927
574.48	81.492
574.68	81.039
574.88	80.586
575.08	80.109
575.28	79.640
575.49	79.176
575.69	78.713
575.89	78.230
576.09	77.770
576.29	77.300
576.49	76.837
576.69	76.379
576.90	75.934
577.10	75.503
577.30	75.080
577.50	74.683
577.70	74.283
577.90	73.907
578.10	73.566
578.30	73.236
578.51	72.925
578.71	72.641
578.91	72.373
579.11	72.122
579.31	71.901
579.51	71.705
579.71	71.536
579.91	71.384
580.12	71.270
580.32	71.182
580.52	71.132
580.72	71.092
580.92	71.080
581.12	71.080
581.32	71.124
581.52	71.207
581.72	71.298
581.92	71.422
582.13	71.578
582.33	71.737
582.53	71.934
582.73	72.143
582.93	72.381
583.13	72.646
583.33	72.939
583.53	73.247
583.73	73.577
583.93	73.925
584.13	74.294
584.34	74.689
584.54	75.064
584.74	75.447
584.94	75.867
585.14	76.290
585.34	76.723
585.54	77.129
585.74	77.543
585.94	77.978
586.14	78.426
586.34	78.854
586.54	79.299
586.74	79.735
586.94	80.179
587.15	80.619
587.35	81.037
587.55	81.443
587.75	81.849
587.95	82.226
588.15	82.590
588.35	82.937
588.55	83.277
588.75	83.617
588.95	83.938
589.15	84.233
589.35	84.513
589.55	84.772
589.75	85.048
589.95	85.279
590.15	85.487
590.35	85.662
590.55	85.828
590.75	85.962
590.95	86.072
591.15	86.158
591.35	86.210
591.56	86.244
591.76	86.255
591.96	86.239
592.16	86.214
592.36	86.159
592.56	86.090
592.76	85.985
592.96	85.868
593.16	85.712
593.36	85.544
593.56	85.361
593.76	85.168
593.96	84.926
594.16	84.686
594.36	84.428
594.56	84.148
594.76	83.846
594.96	83.538
595.16	83.199
595.36	82.855
595.56	82.488
595.76	82.102
595.96	81.701
596.16	81.310
596.36	80.900
596.56	80.493
596.76	80.061
596.96	79.627
597.16	79.197
597.36	78.778
597.56	78.341
597.76	77.898
597.96	77.454
598.16	77.021
598.36	76.590
598.56	76.152
598.76	75.731
598.96	75.328
599.16	74.927
599.36	74.559
599.56	74.193
599.76	73.833
599.96	73.494
600.15	73.173
600.35	72.870
600.55	72.582
600.75	72.295
600.95	72.043
601.15	71.797
601.35	71.564
601.55	71.353
601.75	71.180
601.95	71.019
602.15	70.890
602.35	70.766
602.55	70.674
602.75	70.610
602.95	70.559
603.15	70.517
603.35	70.515
603.55	70.525
603.75	70.551
603.95	70.609
604.15	70.690
604.35	70.799
604.54	70.917
604.74	71.079
604.94	71.251
605.14	71.434
605.34	71.648
605.54	71.888
605.74	72.152
605.94	72.419
606.14	72.713
606.34	73.016
606.54	73.343
606.74	73.686
606.94	74.034
607.14	74.404
607.33	74.799
607.53	75.184
607.73	75.573
607.93	75.965
608.13	76.370
608.33	76.782
608.53	77.180
608.73	77.597
608.93	77.991
609.13	78.397
609.33	78.809
609.52	79.216
609.72	79.612
609.92	79.992
610.12	80.382
610.32	80.763
610.52	81.150
610.72	81.510
610.92	81.862
611.12	82.209
611.31	82.544
611.51	82.863
611.71	83.170
611.91	83.478
612.11	83.781
612.31	84.068
612.51	84.324
612.71	84.584
612.91	84.805
613.10	85.025
613.30	85.252
613.50	85.444
613.70	85.611
613.90	85.752
614.10	85.877
614.30	85.965
614.50	86.044
614.69	86.080
614.89	86.117
615.09	86.129
615.29	86.124
615.49	86.096
615.69	86.045
615.89	85.984
616.08	85.901
616.28	85.791
616.48	85.659
616.68	85.506
616.88	85.335
617.08	85.143
617.27	84.951
617.47	84.720
617.67	84.474
617.87	84.213
618.07	83.952
618.27	83.676
618.47	83.398
618.66	83.095
618.86	82.791
619.06	82.462
619.26	82.132
619.46	81.791
619.66	81.429
619.85	81.057
620.05	80.680
620.25	80.278
620.45	79.886
620.65	79.484
620.84	79.110
621.04	78.716
621.24	78.347
621.44	77.940
621.64	77.525
621.84	77.133
622.03	76.737
622.23	76.349
622.43	75.962
622.63	75.583
622.83	75.208
623.02	74.841
623.22	74.489
623.42	74.126
623.62	73.783
623.82	73.465
624.01	73.147
624.21	72.841
624.41	72.562
624.61	72.295
624.81	72.050
625.00	71.796
625.20	71.566
625.40	71.340
625.60	71.148
625.79	70.984
625.99	70.841
626.19	70.707
626.39	70.592
626.59	70.497
626.78	70.432
626.98	70.380
627.18	70.341
627.38	70.333
627.57	70.368
627.77	70.404
627.97	70.453
628.17	70.539
628.37	70.632
628.56	70.759
628.76	70.889
628.96	71.036
629.16	71.202
629.35	71.410
629.55	71.625
629.75	71.857
629.95	72.105
630.14	72.356
630.34	72.637
630.54	72.926
630.74	73.222
630.93	73.530
631.13	73.847
631.33	74.172
631.53	74.484
631.72	74.807
631.92	75.154
632.12	75.520
632.31	75.875
632.51	76.264
632.71	76.643
632.91	77.022
633.10	77.408
633.30	77.812
633.50	78.181
633.70	78.576
633.89	78.959
634.09	79.349
634.29	79.731
634.48	80.105
634.68	80.493
634.88	80.872
635.08	81.248
635.27	81.632
635.47	82.007
635.67	82.387
635.86	82.757
636.06	83.109
636.26	83.430
636.46	83.754
636.65	84.058
636.85	84.366
637.05	84.658
637.24	84.920
637.44	85.172
637.64	85.422
637.83	85.659
638.03	85.889
638.23	86.075
638.43	86.260
638.62	86.423
638.82	86.551
639.02	86.679
639.21	86.780
639.41	86.853
639.61	86.931
639.80	86.985
640.00	87.018
640.20	87.058
640.39	87.087
640.59	87.085
640.79	87.069
640.98	87.023
641.18	86.970
641.38	86.912
641.57	86.821
641.77	86.709
641.97	86.574
642.16	86.428
642.36	86.276
642.56	86.107
642.75	85.944
642.95	85.751
643.15	85.544
643.34	85.336
643.54	85.114
643.74	84.860
643.93	84.600
644.13	84.306
644.33	83.993
644.52	83.680
644.72	83.371
644.91	83.044
645.11	82.697
645.31	82.356
645.50	82.018
645.70	81.678
645.90	81.338
646.09	80.978
646.29	80.610
646.48	80.240
646.68	79.858
646.88	79.473
647.07	79.099
647.27	78.720
647.47	78.335
647.66	77.964
647.86	77.585
648.05	77.222
648.25	76.871
648.45	76.518
648.64	76.160
648.84	75.820
649.04	75.475
649.23	75.143
649.43	74.821
649.62	74.496
649.82	74.173
650.02	73.869
650.21	73.583
650.41	73.325
650.60	73.076
650.80	72.858
651.00	72.622
651.19	72.415
651.39	72.217
651.58	72.030
651.78	71.865
651.97	71.737
652.17	71.607
652.37	71.489
652.56	71.407
652.76	71.331
652.95	71.267
653.15	71.244
653.35	71.226
653.54	71.217
653.74	71.214
653.93	71.246
654.13	71.291
654.32	71.339
654.52	71.390
654.72	71.472
654.91	71.566
655.11	71.690
655.30	71.834
655.50	71.993
655.69	72.169
655.89	72.342
656.08	72.525
656.28	72.730
656.48	72.954
656.67	73.181
656.87	73.426
657.06	73.671
657.26	73.920
657.45	74.196
657.65	74.488
657.84	74.805
658.04	75.112
658.23	75.438
658.43	75.779
658.62	76.133
658.82	76.482
659.02	76.834
659.21	77.202
659.41	77.557
659.60	77.919
659.80	78.288
659.99	78.680
660.19	79.057
660.38	79.445
660.58	79.814
660.77	80.198
660.97	80.564
661.16	80.937
661.36	81.298
661.55	81.671
661.75	82.035
661.94	82.384
662.14	82.741
662.33	83.098
662.53	83.441
662.72	83.779
662.92	84.103
663.11	84.408
663.31	84.721
663.50	85.030
663.70	85.338
663.89	85.630
664.09	85.898
664.28	86.176
664.48	86.426
664.67	86.691
664.87	86.915
665.06	87.147
665.26	87.358
665.45	87.561
665.65	87.743
665.84	87.926
666.04	88.087
666.23	88.211
666.43	88.310
666.62	88.405
666.82	88.481
667.01	88.550
667.21	88.614
667.40	88.644
667.59	88.679
667.79	88.676
667.98	88.647
668.18	88.607
668.37	88.547
668.57	88.502
668.76	88.426
668.96	88.329
669.15	88.221
669.35	88.120
669.54	87.989
669.73	87.852
669.93	87.694
670.12	87.536
670.32	87.383
670.51	87.208
670.71	87.020
670.90	86.829
671.10	86.626
671.29	86.400
671.48	86.160
671.68	85.906
671.87	85.654
672.07	85.391
672.26	85.154
672.46	84.885
672.65	84.597
672.84	84.301
673.04	84.014
673.23	83.714
673.43	83.399
673.62	83.093
673.82	82.777
674.01	82.431
674.20	82.094
674.40	81.746
674.59	81.406
674.79	81.073
674.98	80.727
675.17	80.378
675.37	80.043
675.56	79.709
675.76	79.366
675.95	79.008
676.14	78.677
676.34	78.315
676.53	77.979
676.73	77.633
676.92	77.290
677.11	76.956
677.31	76.626
677.50	76.313
677.70	75.995
677.89	75.678
678.08	75.399
678.28	75.117
678.47	74.856
678.66	74.607
678.86	74.367
679.05	74.130
679.25	73.914
679.44	73.713
679.63	73.534
679.83	73.354
680.02	73.205
680.21	73.055
680.41	72.918
680.60	72.782
680.79	72.669
680.99	72.572
681.18	72.474
681.38	72.403
681.57	72.355
681.76	72.327
681.96	72.315
682.15	72.300
682.34	72.290
682.54	72.293
682.73	72.321
682.92	72.349
683.12	72.412
683.31	72.486
683.50	72.564
683.70	72.658
683.89	72.754
684.08	72.878
684.28	73.016
684.47	73.166
684.66	73.337
684.86	73.515
685.05	73.710
685.24	73.926
685.44	74.141
685.63	74.359
685.82	74.594
686.02	74.827
686.21	75.102
686.40	75.383
686.60	75.680
686.79	75.979
686.98	76.284
687.18	76.595
687.37	76.907
687.56	77.220
687.75	77.543
687.95	77.876
688.14	78.206
688.33	78.554
688.53	78.901
688.72	79.264
688.91	79.621
689.11	79.972
689.30	80.353
689.49	80.736
689.68	81.107
689.88	81.465
690.07	81.826
690.26	82.168
690.46	82.526
690.65	82.863
690.84	83.204
691.03	83.554
691.23	83.891
691.42	84.226
691.61	84.567
691.80	84.882
692.00	85.203
692.19	85.502
692.38	85.796
692.58	86.094
692.77	86.371
692.96	86.639
693.15	86.912
693.35	87.157
693.54	87.415
693.73	87.673
693.92	87.906
694.12	88.149
694.31	88.365
694.50	88.593
694.69	88.785
694.89	88.969
695.08	89.132
695.27	89.312
695.46	89.464
695.66	89.613
695.85	89.761
696.04	89.894
696.23	90.039
696.43	90.153
696.62	90.237
696.81	90.312
697.00	90.394
697.19	90.456
697.39	90.494
697.58	90.515
697.77	90.514
697.96	90.530
698.16	90.517
698.35	90.522
698.54	90.476
698.73	90.459
698.92	90.394
699.12	90.330
699.31	90.243
699.50	90.152
699.69	90.050
699.89	89.930
700.08	89.807
700.27	89.656
700.46	89.511
700.65	89.354
700.85	89.209
701.04	89.035
701.23	88.845
701.42	88.651
701.61	88.449
701.81	88.231
702.00	88.003
702.19	87.772
702.38	87.506
702.57	87.262
702.76	86.980
702.96	86.725
703.15	86.449
703.34	86.157
703.53	85.859
703.72	85.539
703.92	85.217
704.11	84.894
704.30	84.561
704.49	84.234
704.68	83.914
704.87	83.557
705.07	83.214
705.26	82.881
705.45	82.571
705.64	82.227
705.83	81.916
706.02	81.585
706.21	81.269
706.41	80.947
706.60	80.611
706.79	80.300
706.98	79.992
707.17	79.670
707.36	79.363
707.56	79.077
707.75	78.789
707.94	78.510
708.13	78.238
708.32	77.984
708.51	77.715
708.70	77.473
708.89	77.233
709.09	76.992
709.28	76.766
709.47	76.504
709.66	76.268
709.85	76.041
710.04	75.820
710.23	75.592
710.42	75.408
710.62	75.221
710.81	75.017
711.00	74.828
711.19	74.671
711.38	74.513
711.57	74.350
711.76	74.211
711.95	74.099
712.15	73.994
712.34	73.894
712.53	73.805
712.72	73.717
712.91	73.667
713.10	73.623
713.29	73.584
713.48	73.563
713.67	73.572
713.86	73.592
714.05	73.616
714.25	73.654
714.44	73.678
714.63	73.730
714.82	73.822
715.01	73.912
715.20	74.032
715.39	74.141
715.58	74.271
715.77	74.418
715.96	74.566
716.15	74.712
716.34	74.856
716.54	75.024
716.73	75.207
716.92	75.378
717.11	75.567
717.30	75.770
717.49	75.989
717.68	76.219
717.87	76.418
718.06	76.668
718.25	76.929
718.44	77.201
718.63	77.478
718.82	77.749
719.01	78.023
719.20	78.301
719.39	78.597
719.58	78.899
719.77	79.185
719.96	79.463
720.16	79.758
720.35	80.078
720.54	80.386
720.73	80.701
720.92	81.022
721.11	81.365
721.30	81.692
721.49	82.016
721.68	82.346
721.87	82.699
722.06	83.025
722.25	83.349
722.44	83.678
722.63	83.995
722.82	84.301
723.01	84.601
723.20	84.887
723.39	85.186
723.58	85.504
723.77	85.824
723.96	86.144
724.15	86.470
724.34	86.772
724.53	87.073
724.72	87.345
724.91	87.643
725.10	87.930
725.29	88.198
725.48	88.498
725.67	88.740
725.86	88.968
726.05	89.206
726.24	89.429
726.43	89.639
726.62	89.850
726.81	90.091
727.00	90.305
727.19	90.534
727.38	90.743
727.57	90.916
727.76	91.080
727.95	91.235
728.14	91.361
728.33	91.496
728.52	91.617
728.71	91.734
728.90	91.835
729.09	91.906
729.28	91.963
729.47	91.999
729.65	92.052
729.84	92.108
730.03	92.151
730.22	92.190
730.41	92.225
730.60	92.252
730.79	92.222
730.98	92.217
731.17	92.206
731.36	92.164
731.55	92.102
731.74	92.043
731.93	91.977
732.12	91.906
732.31	91.834
732.50	91.772
732.69	91.706
732.88	91.597
733.06	91.480
733.25	91.374
733.44	91.266
733.63	91.126
733.82	90.979
734.01	90.802
734.20	90.620
734.39	90.421
734.58	90.235
734.77	90.062
734.96	89.855
735.15	89.627
735.33	89.398
735.52	89.190
735.71	88.961
735.90	88.717
736.09	88.459
736.28	88.178
736.47	87.895
736.66	87.603
736.85	87.323
737.04	87.016
737.23	86.727
737.41	86.411
737.60	86.134
737.79	85.818
737.98	85.525
738.17	85.227
738.36	84.951
738.55	84.654
738.74	84.365
738.92	84.064
739.11	83.774
739.30	83.467
739.49	83.149
739.68	82.854
739.87	82.583
740.06	82.313
740.25	82.023
740.43	81.749
740.62	81.462
740.81	81.167
741.00	80.907
741.19	80.617
741.38	80.329
741.57	80.036
741.75	79.779
741.94	79.506
742.13	79.235
742.32	78.949
742.51	78.685
742.70	78.425
742.89	78.189
743.07	77.938
743.26	77.707
743.45	77.456
743.64	77.239
743.83	77.000
744.02	76.745
744.20	76.541
744.39	76.333
744.58	76.143
744.77	75.974
744.96	75.821
745.15	75.696
745.33	75.580
745.52	75.464
745.71	75.349
745.90	75.245
746.09	75.163
746.28	75.092
746.46	74.995
746.65	74.903
746.84	74.834
747.03	74.769
747.22	74.726
747.40	74.713
747.59	74.681
747.78	74.667
747.97	74.701
748.16	74.720
748.34	74.721
748.53	74.751
748.72	74.791
748.91	74.815
749.10	74.846
749.28	74.907
749.47	74.984
749.66	75.051
749.85	75.114
750.04	75.192
750.22	75.267
750.41	75.378
750.60	75.505
750.79	75.604
750.97	75.725
751.16	75.869
751.35	76.003
751.54	76.139
751.73	76.307
751.91	76.457
752.10	76.653
752.29	76.832
752.48	77.035
752.66	77.237
752.85	77.444
753.04	77.656
753.23	77.884
753.41	78.088
753.60	78.334
753.79	78.591
753.98	78.830
754.16	79.085
754.35	79.337
754.54	79.581
754.73	79.869
754.91	80.153
755.10	80.424
755.29	80.719
755.48	80.992
755.66	81.266
755.85	81.552
756.04	81.811
756.22	82.110
756.41	82.375
756.60	82.652
756.79	82.954
756.97	83.253
757.16	83.506
757.35	83.802
757.54	84.089
757.72	84.370
757.91	84.665
758.10	84.958
758.28	85.238
758.47	85.517
758.66	85.817
758.85	86.095
759.03	86.383
759.22	86.661
759.41	86.956
759.59	87.242
759.78	87.520
759.97	87.778
760.15	88.028
760.34	88.315
760.53	88.567
760.71	88.794
760.90	89.051
761.09	89.301
761.28	89.543
761.46	89.768
761.65	89.998
761.84	90.228
762.02	90.449
762.21	90.691
762.40	90.890
762.58	91.061
762.77	91.239
762.96	91.424
763.14	91.616
763.33	91.783
763.52	91.914
763.70	92.034
763.89	92.179
764.08	92.324
764.26	92.414
764.45	92.541
764.64	92.667
764.82	92.745
765.01	92.832
765.20	92.887
765.38	92.962
765.57	93.001
765.75	93.039
765.94	93.055
766.13	93.086
766.31	93.130
766.50	93.152
766.69	93.197
766.87	93.232
767.06	93.226
767.25	93.235
767.43	93.264
767.62	93.290
767.80	93.285
767.99	93.254
768.18	93.215
768.36	93.166
768.55	93.112
768.74	93.050
768.92	92.988
769.11	92.947
769.29	92.862
769.48	92.804
769.67	92.702
769.85	92.624
770.04	92.463
770.22	92.323
770.41	92.154
770.60	91.970
770.78	91.759
770.97	91.573
771.15	91.383
771.34	91.153
771.53	90.948
771.71	90.733
771.90	90.540
772.08	90.391
772.27	90.193
772.46	89.959
772.64	89.735
772.83	89.503
773.01	89.227
773.20	88.974
773.39	88.723
773.57	88.467
773.76	88.205
773.94	87.996
774.13	87.735
774.31	87.468
774.50	87.231
774.68	86.968
774.87	86.703
775.06	86.394
775.24	86.125
775.43	85.824
775.61	85.532
775.80	85.245
775.98	84.924
776.17	84.606
776.36	84.312
776.54	84.021
776.73	83.721
776.91	83.440
777.10	83.156
777.28	82.836
777.47	82.553
777.65	82.256
777.84	81.951
778.02	81.683
778.21	81.422
778.39	81.124
778.58	80.855
778.77	80.591
778.95	80.360
779.14	80.123
779.32	79.899
779.51	79.676
779.69	79.427
779.88	79.205
780.06	78.994
780.25	78.773
780.43	78.548
780.62	78.350
780.80	78.147
780.99	77.937
781.17	77.740
781.36	77.532
781.54	77.348
781.73	77.129
781.91	76.937
782.10	76.765
782.28	76.595
782.47	76.429
782.65	76.246
782.84	76.073
783.02	75.924
783.21	75.788
783.39	75.651
783.58	75.527
783.76	75.382
783.95	75.269
784.13	75.195
784.32	75.113
784.50	75.022
784.69	74.968
784.87	74.917
785.05	74.881
785.24	74.854
785.42	74.836
785.61	74.825
785.79	74.821
785.98	74.827
786.16	74.815
786.35	74.841
786.53	74.868
786.72	74.890
786.90	74.913
787.09	74.921
787.27	74.968
787.45	75.033
787.64	75.095
787.82	75.146
788.01	75.199
788.19	75.279
788.38	75.359
788.56	75.390
788.75	75.480
788.93	75.587
789.11	75.662
789.30	75.735
789.48	75.844
789.67	75.958
789.85	76.058
790.04	76.213
790.22	76.348
790.40	76.503
790.59	76.641
790.77	76.790
790.96	76.976
791.14	77.145
791.32	77.297
791.51	77.477
791.69	77.671
791.88	77.864
792.06	78.057
792.25	78.240
792.43	78.480
792.61	78.688
792.80	78.874
792.98	79.115
793.17	79.337
793.35	79.532
793.53	79.747
793.72	80.003
793.90	80.234
794.08	80.453
794.27	80.676
794.45	80.939
794.64	81.175
794.82	81.406
795.00	81.613
795.19	81.859
795.37	82.092
795.55	82.283
795.74	82.523
795.92	82.767
796.11	83.035
796.29	83.284
796.47	83.524
796.66	83.751
796.84	84.014
797.02	84.280
797.21	84.560
797.39	84.819
797.58	85.064
797.76	85.288
797.94	85.552
798.13	85.812
798.31	86.082
798.49	86.326
798.68	86.562
798.86	86.840
799.04	87.066
799.23	87.312
799.41	87.566
799.59	87.786
799.78	87.966
799.96	88.171
800.14	88.387
800.33	88.607
800.51	88.847
800.69	89.013
800.88	89.219
801.06	89.438
801.24	89.592
801.43	89.766
801.61	89.929
801.79	90.075
801.98	90.219
802.16	90.375
802.34	90.550
802.52	90.710
802.71	90.814
802.89	90.965
803.07	91.094
803.26	91.207
803.44	91.301
803.62	91.422
803.81	91.522
803.99	91.579
804.17	91.630
804.35	91.680
804.54	91.726
804.72	91.791
804.90	91.825
805.09	91.919
805.27	91.987
805.45	92.053
805.63	92.084
805.82	92.118
806.00	92.078
806.18	92.073
806.37	92.085
806.55	92.063
806.73	92.053
806.91	92.032
807.10	92.031
807.28	92.017
807.46	91.998
807.64	91.957
807.83	91.927
808.01	91.892
808.19	91.797
808.37	91.719
808.56	91.615
808.74	91.530
808.92	91.425
809.10	91.284
809.29	91.191
809.47	91.091
809.65	90.938
809.83	90.850
810.02	90.709
810.20	90.572
810.38	90.451
810.56	90.296
810.75	90.177
810.93	90.041
811.11	89.892
811.29	89.744
811.47	89.583
811.66	89.394
811.84	89.221
812.02	89.121
812.20	88.977
812.39	88.835
812.57	88.675
812.75	88.519
812.93	88.394
813.11	88.208
813.30	88.049
813.48	87.913
813.66	87.725
813.84	87.549
814.02	87.352
814.21	87.184
814.39	86.958
814.57	86.742
814.75	86.522
814.93	86.310
815.12	86.075
815.30	85.851
815.48	85.641
815.66	85.410
815.84	85.148
816.03	84.897
816.21	84.617
816.39	84.363
816.57	84.055
816.75	83.742
816.93	83.452
817.12	83.136
817.30	82.826
817.48	82.525
817.66	82.262
817.84	82.000
818.02	81.751
818.21	81.485
818.39	81.232
818.57	80.960
818.75	80.738
818.93	80.483
819.11	80.229
819.30	79.983
819.48	79.761
819.66	79.544
819.84	79.356
820.02	79.141
820.20	78.917
820.38	78.706
820.57	78.507
820.75	78.339
820.93	78.159
821.11	77.973
821.29	77.810
821.47	77.609
821.65	77.416
821.83	77.202
822.02	77.036
822.20	76.842
822.38	76.693
822.56	76.465
822.74	76.272
822.92	76.052
823.10	75.870
823.28	75.654
823.46	75.450
823.65	75.236
823.83	75.060
824.01	74.880
824.19	74.705
824.37	74.525
824.55	74.313
824.73	74.148
824.91	73.980
825.09	73.814
825.27	73.656
825.46	73.481
825.64	73.306
825.82	73.169
826.00	73.007
826.18	72.872
826.36	72.760
826.54	72.663
826.72	72.614
826.90	72.535
827.08	72.485
827.26	72.438
827.44	72.376
827.63	72.317
827.81	72.287
827.99	72.277
828.17	72.255
828.35	72.252
828.53	72.241
828.71	72.264
828.89	72.266
829.07	72.278
829.25	72.285
829.43	72.337
829.61	72.351
829.79	72.383
829.97	72.419
830.15	72.425
830.33	72.467
830.51	72.489
830.69	72.536
830.87	72.528
831.06	72.570
831.24	72.615
831.42	72.668
831.60	72.685
831.78	72.740
831.96	72.821
832.14	72.907
832.32	72.998
832.50	73.067
832.68	73.145
832.86	73.214
833.04	73.340
833.22	73.415
833.40	73.537
833.58	73.633
833.76	73.723
833.94	73.875
834.12	74.016
834.30	74.159
834.48	74.284
834.66	74.471
834.84	74.589
835.02	74.762
835.20	74.924
835.38	75.114
835.56	75.294
835.74	75.479
835.92	75.670
836.10	75.832
836.28	76.006
836.46	76.199
836.64	76.383
836.82	76.539
837.00	76.728
837.18	76.904
837.36	77.122
837.54	77.313
837.72	77.513
837.90	77.719
838.08	77.921
838.26	78.121
838.43	78.308
838.61	78.524
838.79	78.728
838.97	78.932
839.15	79.131
839.33	79.324
839.51	79.475
839.69	79.648
839.87	79.846
840.05	80.069
840.23	80.256
840.41	80.459
840.59	80.621
840.77	80.826
840.95	81.002
841.13	81.155
841.31	81.319
841.49	81.459
841.67	81.570
841.84	81.733
842.02	81.853
842.20	82.034
842.38	82.159
842.56	82.280
842.74	82.423
842.92	82.520
843.10	82.643
843.28	82.816
843.46	82.936
843.64	83.018
843.82	83.138
843.99	83.245
844.17	83.397
844.35	83.618
844.53	83.759
844.71	83.933
844.89	84.049
845.07	84.224
845.25	84.395
845.43	84.569
845.61	84.707
845.78	84.904
845.96	85.047
846.14	85.222
846.32	85.390
846.50	85.517
846.68	85.719
846.86	85.867
847.04	85.998
847.22	86.075
847.39	86.229
847.57	86.316
847.75	86.415
847.93	86.451
848.11	86.510
848.29	86.623
848.47	86.659
848.65	86.766
848.82	86.789
849.00	86.841
849.18	86.867
849.36	86.877
849.54	86.910
849.72	86.883
849.89	86.915
850.07	86.966
850.25	86.961
850.43	86.908
850.61	86.887
850.79	86.828
850.97	86.883
851.14	86.881
851.32	86.853
851.50	86.848
851.68	86.885
851.86	86.915
852.04	86.867
852.21	86.878
852.39	86.873
852.57	86.918
852.75	86.899
852.93	86.875
853.10	86.847
853.28	86.778
853.46	86.747
853.64	86.649
853.82	86.538
854.00	86.530
854.17	86.451
854.35	86.349
854.53	86.287
854.71	86.179
854.89	86.046
855.06	85.985
855.24	85.918
855.42	85.807
855.60	85.651
855.78	85.526
855.95	85.386
856.13	85.259
856.31	85.051
856.49	84.883
856.66	84.771
856.84	84.585
857.02	84.503
857.20	84.411
857.38	84.233
857.55	84.079
857.73	83.838
857.91	83.714
858.09	83.526
858.26	83.361
858.44	83.196
858.62	83.044
858.80	82.854
858.97	82.662
859.15	82.462
859.33	82.230
859.51	82.059
859.68	81.860
859.86	81.654
860.04	81.467
860.22	81.263
860.39	81.036
860.57	80.817
860.75	80.533
860.93	80.293
861.10	80.159
861.28	79.979
861.46	79.765
861.64	79.562
861.81	79.409
861.99	79.184
862.17	78.961
862.35	78.762
862.52	78.587
862.70	78.376
862.88	78.205
863.05	78.002
863.23	77.781
863.41	77.596
863.59	77.382
863.76	77.226
863.94	77.034
864.12	76.850
864.29	76.695
864.47	76.484
864.65	76.292
864.83	76.033
865.00	75.797
865.18	75.630
865.36	75.447
865.53	75.248
865.71	75.115
865.89	74.926
866.06	74.724
866.24	74.483
866.42	74.284
866.59	74.053
866.77	73.900
866.95	73.700
867.12	73.461
867.30	73.294
867.48	73.057
867.65	72.860
867.83	72.655
868.01	72.480
868.18	72.286
868.36	72.102
868.54	71.949
868.71	71.808
868.89	71.664
869.07	71.488
869.24	71.330
869.42	71.137
869.60	70.976
869.77	70.868
869.95	70.728
870.13	70.590
870.30	70.490
870.48	70.316
870.66	70.198
870.83	70.099
871.01	69.924
871.18	69.819
871.36	69.707
871.54	69.570
871.71	69.457
871.89	69.380
872.07	69.219
872.24	69.112
872.42	69.032
872.59	68.925
872.77	68.814
872.95	68.724
873.12	68.600
873.30	68.490
873.48	68.397
873.65	68.322
873.83	68.233
874.00	68.124
874.18	68.061
874.36	68.007
874.53	67.948
874.71	67.899
874.88	67.850
875.06	67.836
875.24	67.856
875.41	67.820
875.59	67.804
875.76	67.847
875.94	67.819
876.11	67.725
876.29	67.653
876.47	67.649
876.64	67.621
876.82	67.603
876.99	67.598
877.17	67.575
877.35	67.581
877.52	67.563
877.70	67.556
877.87	67.565
878.05	67.573
878.22	67.597
878.40	67.657
878.57	67.667
878.75	67.650
878.93	67.625
879.10	67.653
879.28	67.677
879.45	67.695
879.63	67.695
879.80	67.720
879.98	67.791
880.15	67.826
880.33	67.897
880.50	67.960
880.68	68.089
880.86	68.167
881.03	68.250
881.21	68.367
881.38	68.472
881.56	68.661
881.73	68.743
881.91	68.817
882.08	68.891
882.26	69.036
882.43	69.172
882.61	69.360
882.78	69.488
882.96	69.644
883.13	69.787
883.31	69.947
883.48	70.159
883.66	70.327
883.83	70.489
884.01	70.600
884.18	70.824
884.36	70.976
884.53	71.112
884.71	71.263
884.88	71.372
885.06	71.527
885.23	71.590
885.41	71.731
885.58	71.855
885.76	72.021
885.93	72.110
886.11	72.291
886.28	72.396
886.46	72.525
886.63	72.660
886.81	72.773
886.98	72.970
887.15	73.067
887.33	73.237
887.50	73.436
887.68	73.605
887.85	73.704
888.03	73.851
888.20	74.023
888.38	74.177
888.55	74.351
888.73	74.436
888.90	74.556
889.08	74.697
889.25	74.817
889.42	74.950
889.60	75.139
889.77	75.209
889.95	75.350
890.12	75.440
890.30	75.526
890.47	75.608
890.64	75.720
890.82	75.871
890.99	75.970
891.17	76.057
891.34	76.173
891.52	76.278
891.69	76.395
891.86	76.497
892.04	76.590
892.21	76.739
892.39	76.970
892.56	77.149
892.73	77.231
892.91	77.370
893.08	77.549
893.26	77.628
893.43	77.780
893.60	77.866
893.78	78.026
893.95	78.176
894.13	78.411
894.30	78.567
894.47	78.744
894.65	78.875
894.82	79.017
895.00	79.151
895.17	79.304
895.34	79.451
895.52	79.618
895.69	79.727
895.86	79.841
896.04	79.874
896.21	80.015
896.39	80.194
896.56	80.357
896.73	80.353
896.91	80.391
897.08	80.485
897.25	80.646
897.43	80.674
897.60	80.757
897.77	80.747
897.95	80.717
898.12	80.705
898.30	80.796
898.47	80.797
898.64	80.827
898.82	80.833
898.99	80.801
899.16	80.784
899.34	80.770
899.51	80.683
899.68	80.644
899.86	80.574
900.03	80.494
900.20	80.428
900.38	80.453
900.55	80.532
900.72	80.446
900.90	80.368
901.07	80.458
901.24	80.413
901.41	80.414
901.59	80.412
901.76	80.402
901.93	80.340
902.11	80.254
902.28	80.237
902.45	80.325
902.63	80.343
902.80	80.287
902.97	80.272
903.15	80.349
903.32	80.400
903.49	80.385
903.66	80.402
903.84	80.412
904.01	80.374
904.18	80.314
904.36	80.331
904.53	80.271
904.70	80.198
904.87	80.166
905.05	80.069
905.22	80.075
905.39	80.022
905.56	79.924
905.74	79.874
905.91	79.761
906.08	79.610
906.26	79.505
906.43	79.406
906.60	79.301
906.77	79.121
906.95	78.996
907.12	78.847
907.29	78.678
907.46	78.632
907.64	78.516
907.81	78.402
907.98	78.207
908.15	78.105
908.33	77.964
908.50	77.820
908.67	77.713
908.84	77.571
909.01	77.404
909.19	77.317
909.36	77.194
909.53	77.063
909.70	76.830
909.88	76.715
910.05	76.537
910.22	76.437
910.39	76.307
910.57	76.203
910.74	76.129
910.91	76.067
911.08	75.842
911.25	75.693
911.43	75.562
911.60	75.420
911.77	75.253
911.94	75.006
912.11	74.842
912.29	74.621
912.46	74.364
912.63	74.147
912.80	73.910
912.97	73.714
913.15	73.564
913.32	73.437
913.49	73.213
913.66	73.131
913.83	72.904
914.00	72.687
914.18	72.459
914.35	72.247
914.52	71.970
914.69	71.760
914.86	71.550
915.03	71.338
915.21	71.212
915.38	71.008
915.55	70.944
915.72	70.770
915.89	70.648
916.06	70.567
916.24	70.496
916.41	70.339
916.58	70.217
916.75	70.020
916.92	69.846
917.09	69.644
917.26	69.374
917.44	69.173
917.61	69.054
917.78	68.855
917.95	68.693
918.12	68.517
918.29	68.421
918.46	68.246
918.64	68.087
918.81	67.948
918.98	67.822
919.15	67.634
919.32	67.489
919.49	67.276
919.66	67.072
919.83	66.878
920.00	66.699
920.18	66.560
920.35	66.512
920.52	66.408
920.69	66.370
920.86	66.354
921.03	66.266
921.20	66.139
921.37	66.042
921.54	65.810
921.71	65.721
921.89	65.558
922.06	65.483
922.23	65.373
922.40	65.261
922.57	65.065
922.74	64.977
922.91	64.918
923.08	64.866
923.25	64.777
923.42	64.684
923.59	64.670
923.76	64.469
923.93	64.281
924.11	64.123
924.28	63.981
924.45	63.865
924.62	63.862
924.79	63.764
924.96	63.617
925.13	63.590
925.30	63.487
925.47	63.339
925.64	63.272
925.81	63.226
925.98	63.173
926.15	63.165
926.32	63.013
926.49	62.909
926.66	62.832
926.83	62.749
927.00	62.734
927.17	62.640
927.34	62.712
927.51	62.687
927.69	62.724
927.86	62.714
928.03	62.614
928.20	62.567
928.37	62.497
928.54	62.535
928.71	62.514
928.88	62.558
929.05	62.598
929.22	62.592
929.39	62.542
929.56	62.469
929.73	62.454
929.90	62.524
930.07	62.536
930.24	62.510
930.41	62.542
930.58	62.617
930.75	62.676
930.92	62.624
931.09	62.605
931.26	62.589
931.43	62.572
931.60	62.604
931.77	62.567
931.94	62.652
932.11	62.702
932.27	62.759
932.44	62.792
932.61	62.856
932.78	62.848
932.95	62.972
933.12	62.948
933.29	62.983
933.46	63.002
933.63	62.952
933.80	63.004
933.97	63.033
934.14	63.000
934.31	62.957
934.48	63.004
934.65	63.066
934.82	63.128
934.99	63.175
935.16	63.226
935.33	63.299
935.50	63.426
935.67	63.517
935.84	63.550
936.00	63.573
936.17	63.650
936.34	63.775
936.51	63.768
936.68	63.840
936.85	63.879
937.02	63.992
937.19	64.056
937.36	64.189
937.53	64.190
937.70	64.281
937.87	64.377
938.03	64.420
938.20	64.489
938.37	64.579
938.54	64.658
938.71	64.740
938.88	64.867
939.05	64.784
939.22	64.733
939.39	64.834
939.56	65.011
939.72	65.046
939.89	65.094
940.06	65.152
940.23	65.226
940.40	65.336
940.57	65.492
940.74	65.657
940.91	65.719
941.08	65.906
941.24	65.989
941.41	66.175
941.58	66.399
941.75	66.537
941.92	66.681
942.09	66.808
942.26	66.900
942.42	66.948
942.59	67.185
942.76	67.532
942.93	67.691
943.10	67.702
943.27	67.879
943.44	68.015
943.60	68.192
943.77	68.221
943.94	68.422
944.11	68.426
944.28	68.490
944.45	68.606
944.61	68.707
944.78	68.714
944.95	68.745
945.12	68.917
945.29	69.012
945.46	68.995
945.62	69.024
945.79	69.214
945.96	69.509
946.13	69.655
946.30	69.653
946.46	69.763
946.63	69.862
946.80	69.981
946.97	70.144
947.14	70.208
947.31	70.686
947.47	70.886
947.64	71.067
947.81	71.237
947.98	71.399
948.15	71.479
948.31	71.727
948.48	71.855
948.65	71.838
948.82	71.969
948.98	72.103
949.15	72.387
949.32	72.413
949.49	72.381
949.66	72.434
949.82	72.483
949.99	72.603
950.16	72.717
950.33	72.664
950.49	72.722
950.66	72.686
950.83	72.528
951.00	72.389
951.16	72.194
951.33	72.175
951.50	72.096
951.67	72.164
951.83	72.183
952.00	72.164
952.17	72.085
952.34	72.087
952.50	72.230
952.67	72.171
952.84	72.224
953.01	72.144
953.17	72.137
953.34	72.219
953.51	72.127
953.68	72.026
953.84	71.981
954.01	71.898
954.18	71.837
954.34	71.868
954.51	71.879
954.68	72.000
954.85	72.053
955.01	72.167
955.18	72.385
955.35	72.155
955.51	72.120
955.68	72.252
955.85	72.395
956.02	72.242
956.18	72.274
956.35	72.194
956.52	72.232
956.68	72.213
956.85	72.088
957.02	72.152
957.18	72.184
957.35	72.189
957.52	72.276
957.69	72.354
957.85	72.378
958.02	72.256
958.19	72.143
958.35	72.106
958.52	71.885
958.69	71.516
958.85	71.644
959.02	71.715
959.19	71.434
959.35	71.266
959.52	71.307
959.69	71.276
959.85	71.303
960.02	71.290
960.19	71.145
960.35	71.061
960.52	70.902
960.68	70.868
960.85	70.920
961.02	70.632
961.18	70.658
961.35	70.407
961.52	70.421
961.68	70.418
961.85	70.272
962.02	70.312
962.18	70.313
962.35	70.094
962.51	69.890
962.68	69.901
962.85	69.784
963.01	69.495
963.18	69.392
963.35	69.002
963.51	68.842
963.68	68.826
963.84	68.545
964.01	68.592
964.18	68.410
964.34	68.122
964.51	67.966
964.67	67.690
964.84	67.673
965.01	67.457
965.17	67.160
965.34	67.180
965.50	66.919
965.67	66.877
965.84	66.873
966.00	66.966
966.17	67.058
966.33	66.913
966.50	66.805
966.66	66.702
966.83	66.795
967.00	66.632
967.16	66.466
967.33	66.399
967.49	66.160
967.66	66.353
967.82	66.233
967.99	66.378
968.16	66.382
968.32	66.231
968.49	66.045
968.65	66.252
968.82	66.071
968.98	66.106
969.15	65.740
969.31	65.408
969.48	65.148
969.64	64.808
969.81	64.799
969.98	64.725
970.14	64.370
970.31	64.294
970.47	64.037
970.64	63.811
970.80	63.897
970.97	63.399
971.13	63.058
971.30	62.945
971.46	62.684
971.63	62.452
971.79	62.543
971.96	62.505
972.12	62.175
972.29	61.747
972.45	61.638
972.62	61.687
972.78	61.709
972.95	61.322
973.11	61.118
973.28	60.938
973.44	60.942
973.61	61.204
973.77	60.939
973.94	60.930
974.10	61.030
974.27	60.990
974.43	61.288
974.60	61.203
974.76	61.192
974.93	61.122
975.09	60.937
975.26	60.616
975.42	60.631
975.59	60.428
975.75	60.817
975.92	60.683
976.08	60.160
976.24	60.055
976.41	59.865
976.57	59.913
976.74	59.820
976.90	59.450
977.07	58.942
977.23	58.972
977.40	58.789
977.56	58.223
977.73	57.870
977.89	57.582
978.05	57.169
978.22	56.940
978.38	56.697
978.55	56.501
978.71	56.338
978.88	56.329
979.04	56.319
979.20	56.090
979.37	55.963
979.53	56.021
979.70	56.042
979.86	56.331
980.03	56.167
980.19	56.020
980.35	56.083
980.52	55.798
980.68	55.788
980.85	55.740
981.01	55.889
981.17	55.773
981.34	55.619
981.50	55.589
981.67	55.588
981.83	55.469
981.99	55.416
982.16	55.214
982.32	54.312
982.49	54.263
982.65	54.071
982.81	54.269
982.98	54.272
983.14	54.191
983.30	53.899
983.47	53.859
983.63	53.674
983.80	53.461
983.96	53.324
984.12	53.704
984.29	53.820
984.45	53.956
984.61	53.749
984.78	54.002
984.94	54.294
985.10	54.719
985.27	54.613
985.43	55.016
985.59	55.415
985.76	55.989
985.92	56.160
986.08	56.482
986.25	55.987
986.41	56.513
986.57	55.989
986.74	56.117
986.90	56.006
987.06	55.887
987.23	55.820
987.39	55.682
987.55	54.653
987.72	54.416
987.88	53.600
988.04	54.024
988.21	54.370
988.37	54.160
988.53	53.406
988.70	53.731
988.86	53.176
989.02	52.837
989.19	52.395
989.35	52.402
989.51	51.659
989.67	51.645
989.84	51.140
990.00	51.195
990.16	51.382
990.33	51.488
990.49	51.963
990.65	52.012
990.82	52.360
990.98	52.481
991.14	52.425
991.30	53.376
991.47	52.742
991.63	52.628
991.79	53.372
991.95	53.652
992.12	53.750
992.28	54.038
992.44	54.219
992.61	54.501
992.77	54.540
992.93	55.092
993.09	55.067
993.26	55.227
993.42	55.814
993.58	55.661
993.74	55.438
993.91	54.967
994.07	54.836
994.23	55.159
994.39	55.153
994.55	55.372
994.72	54.763
994.88	54.933
995.04	54.483
995.20	54.161
995.37	53.814
995.53	53.695
995.69	53.385
995.85	52.831
996.02	52.780
996.18	53.086
996.34	52.683
996.50	52.891
996.66	53.688
996.83	53.007
996.99	52.075
997.15	52.702
997.31	52.685
997.47	53.138
997.64	52.783
997.80	53.238
997.96	53.767
998.12	54.093
998.28	54.943
998.45	55.436
998.61	55.312
998.77	55.356
998.93	55.341
999.09	56.553
999.25	56.827
999.42	57.989
999.58	57.464
999.74	57.164
999.90	56.817
1000.06	55.966
1000.22	56.479
1000.39	57.369
1000.55	57.131
1000.71	57.522
1000.87	57.242
1001.03	57.261
1001.19	57.382
1001.36	56.467
1001.52	56.010
1001.68	55.325
1001.84	55.781
1002.00	54.731
1002.16	54.619
1002.32	54.119
1002.49	52.520
1002.65	52.223
1002.81	51.501
1002.97	51.509
1003.13	51.660
1003.29	52.535
1003.45	52.126
1003.62	52.617
1003.78	52.134
1003.94	52.268
1004.10	51.602
1004.26	51.767
1004.42	51.404
1004.58	51.120
1004.74	52.057
1004.90	53.516
1005.07	53.545
1005.23	52.188
1005.39	53.259
1005.55	53.572
1005.71	53.150
1005.87	54.144
1006.03	55.196
1006.19	55.132
1006.35	54.730
1006.51	55.484
1006.67	54.924
1006.84	54.866
1007.00	54.533
1007.16	56.079
1007.32	54.618
1007.48	55.522
1007.64	56.540
1007.80	56.394
1007.96	55.506
1008.12	55.731
1008.28	54.101
1008.44	55.208
1008.60	55.752
1008.76	54.243
1008.92	53.256
1009.09	53.130
1009.25	52.783
1009.41	51.667
1009.57	52.207
1009.73	52.955
1009.89	53.504
1010.05	54.868
1010.21	56.543
1010.37	56.186
1010.53	56.880
1010.69	58.563
1010.85	58.015
1011.01	56.601
1011.17	55.624
1011.33	57.224
1011.49	57.086
1011.65	56.948
1011.81	56.073
1011.97	57.012
1012.13	59.470
1012.29	60.919
1012.45	62.477
1012.61	65.218
1012.77	63.546
1012.93	63.246
1013.09	61.881
1013.25	61.640
1013.41	61.384
1013.57	58.305
1013.73	57.335
1013.89	54.103
1014.05	55.408
1014.21	53.121
1014.37	51.759
1014.53	50.597
1014.69	50.159
1014.85	50.821
1015.01	52.397
1015.17	55.065
1015.33	54.128
1015.49	52.451
1015.65	54.625
1015.81	55.398
1015.97	52.123
1016.13	54.756
1016.29	54.668
1016.45	55.108
1016.61	56.003
1016.77	53.940
1016.93	55.236
1017.09	54.839
1017.25	55.755
1017.41	55.227
1017.56	57.961
1017.72	63.597
1017.88	65.549
1018.04	66.941
1018.20	63.283
1018.36	63.881
1018.52	60.324
1018.68	61.763
1018.84	62.863
1019.00	59.903
1019.16	60.945
1019.32	64.831
1019.48	66.193
1019.64	67.192
1019.79	65.094
1019.95	60.548
1020.11	64.028
1020.27	63.507
1020.43	68.556
1020.59	70.295
1020.75	67.325
1020.91	70.429
1021.07	65.100
1021.23	64.391
1021.39	62.130
1021.54	67.991
1021.70	64.527
1021.86	62.718
1022.02	60.467
1022.18	57.178
1022.34	59.624
1022.50	58.384
1022.66	54.108
1022.82	52.306
1022.97	52.594
1023.13	56.403
1023.29	60.203
1023.45	58.282
1023.61	58.422
1023.77	55.176
1023.93	55.481
1024.08	56.296
1024.24	52.085
1024.40	49.132
1024.56	55.310
1024.72	50.933
1024.88	40.885
1025.04	43.986
1025.19	47.365
1025.35	46.238
1025.51	51.365
1025.67	55.608
1025.83	51.660
1025.99	54.534
1026.14	52.907
1026.30	54.048
1026.46	53.830
1026.62	52.366
1026.78	51.381
1026.94	49.701
1027.09	48.760
1027.25	45.997
1027.41	43.307
1027.57	44.798
1027.73	45.029
1027.89	41.243
1028.04	42.655
1028.20	42.737
1028.36	43.108
1028.52	41.881
1028.68	42.441
1028.83	41.618
1028.99	38.944
1029.15	41.130
1029.31	39.172
1029.47	40.553
1029.62	41.199
1029.78	39.943
1029.94	38.456
1030.10	39.694
1030.25	40.173
1030.41	43.573
1030.57	45.443
1030.73	48.247
1030.89	43.286
1031.04	47.454
1031.20	47.811
1031.36	52.417
1031.52	59.133
1031.67	60.987
1031.83	63.524
1031.99	68.572
1032.15	59.484
1032.30	64.962
1032.46	62.560
1032.62	61.526
1032.78	56.746
1032.93	58.922
1033.09	51.603
1033.25	41.383
1033.41	24.656
1033.56	15.872
1033.72	-113.578
1033.88	212.857
1034.04	10.675
1034.19	39.545
1034.35	56.385
1034.51	11.214
1034.66	39.846
1034.82	3895.833
1034.98	3895.833
1035.14	3895.833
