345.22	36.852
345.43	36.852
345.65	36.852
345.86	54.067
346.08	111.061
346.29	29.698
346.51	5.090
346.72	57.273
346.94	-159.423
347.15	-54.552
347.37	82.436
347.58	109.830
347.80	136.747
348.01	123.703
348.23	96.135
348.44	90.434
348.66	86.987
348.87	89.338
349.09	86.436
349.30	77.648
349.52	73.746
349.73	77.531
349.95	78.447
350.16	80.576
350.38	78.301
350.59	72.641
350.81	71.353
351.02	70.418
351.24	70.186
351.45	69.236
351.67	71.465
351.88	70.996
352.10	67.938
352.31	66.700
352.53	69.295
352.74	70.155
352.96	70.612
353.17	69.924
353.39	71.195
353.60	73.103
353.82	73.856
354.03	73.442
354.25	69.848
354.46	65.442
354.67	63.008
354.89	61.108
355.10	65.093
355.32	64.498
355.53	65.804
355.75	67.157
355.96	68.207
356.18	67.793
356.39	67.930
356.61	71.306
356.82	71.063
357.04	68.121
357.25	68.548
357.46	68.216
357.68	68.130
357.89	66.401
358.11	64.798
358.32	67.942
358.54	66.374
358.75	67.492
358.97	69.546
359.18	72.622
359.40	72.467
359.61	72.526
359.82	73.670
360.04	73.773
360.25	72.150
360.47	68.611
360.68	68.084
360.90	68.257
361.11	66.369
361.32	66.481
361.54	69.655
361.75	69.072
361.97	70.754
362.18	71.245
362.40	72.443
362.61	73.875
362.83	73.067
363.04	74.235
363.25	75.516
363.47	75.961
363.68	73.565
363.90	76.850
364.11	77.333
364.32	77.787
364.54	76.190
364.75	73.119
364.97	76.483
365.18	75.540
365.40	74.068
365.61	73.518
365.82	74.356
366.04	73.389
366.25	73.291
366.47	71.219
366.68	70.092
366.89	71.294
367.11	69.254
367.32	70.090
367.54	67.713
367.75	67.555
367.96	67.263
368.18	68.205
368.39	67.144
368.61	67.345
368.82	67.988
369.03	70.290
369.25	74.067
369.46	74.757
369.68	75.669
369.89	76.429
370.10	77.337
370.32	76.954
370.53	76.491
370.75	73.287
370.96	75.069
371.17	75.586
371.39	73.602
371.60	73.997
371.81	74.122
372.03	76.174
372.24	77.147
372.46	79.904
372.67	80.682
372.88	79.641
373.10	78.981
373.31	77.530
373.52	76.754
373.74	75.139
373.95	74.856
374.17	75.612
374.38	77.064
374.59	77.653
374.81	76.942
375.02	75.674
375.23	78.569
375.45	76.903
375.66	75.121
375.87	76.018
376.09	76.210
376.30	75.386
376.52	76.882
376.73	73.874
376.94	72.467
377.16	73.400
377.37	77.248
377.58	77.672
377.80	79.684
378.01	81.227
378.22	83.145
378.44	83.749
378.65	85.797
378.86	86.302
379.08	86.932
379.29	87.499
379.50	90.450
379.72	90.888
379.93	94.088
380.14	97.257
380.36	98.634
380.57	100.354
380.78	101.005
381.00	102.085
381.21	104.176
381.42	105.481
381.64	106.247
381.85	106.115
382.06	106.775
382.28	106.999
382.49	106.881
382.70	107.696
382.92	108.214
383.13	107.874
383.34	108.631
383.56	109.880
383.77	111.395
383.98	111.283
384.20	112.572
384.41	112.960
384.62	113.488
384.83	114.229
385.05	114.793
385.26	115.881
385.47	116.872
385.69	117.861
385.90	118.793
386.11	119.548
386.33	120.501
386.54	121.322
386.75	121.978
386.97	123.018
387.18	123.663
387.39	124.458
387.60	124.796
387.82	125.108
388.03	125.328
388.24	125.685
388.46	125.921
388.67	125.887
388.88	125.659
389.09	125.350
389.31	124.950
389.52	124.573
389.73	123.874
389.95	123.235
390.16	122.589
390.37	122.031
390.58	121.465
390.80	120.686
391.01	120.125
391.22	119.576
391.44	118.742
391.65	118.063
391.86	117.435
392.07	117.219
392.29	116.888
392.50	116.545
392.71	116.225
392.92	116.154
393.14	115.962
393.35	116.019
393.56	116.237
393.78	116.496
393.99	116.967
394.20	117.542
394.41	118.068
394.63	118.554
394.84	119.262
395.05	120.103
395.26	120.868
395.48	121.658
395.69	122.370
395.90	123.343
396.11	124.211
396.33	125.010
396.54	125.821
396.75	126.452
396.96	127.082
397.18	127.583
397.39	128.045
397.60	128.534
397.81	128.836
398.03	128.976
398.24	129.060
398.45	128.936
398.66	128.752
398.87	128.508
399.09	128.160
399.30	127.590
399.51	126.847
399.72	126.196
399.94	125.435
400.15	124.636
400.36	123.712
400.57	122.768
400.79	121.833
401.00	120.821
401.21	119.927
401.42	119.034
401.63	118.181
401.85	117.396
402.06	116.751
402.27	116.148
402.48	115.684
402.69	115.303
402.91	114.976
403.12	114.709
403.33	114.680
403.54	114.807
403.76	114.884
403.97	115.171
404.18	115.585
404.39	116.082
404.60	116.689
404.82	117.391
405.03	118.193
405.24	118.978
405.45	119.825
405.66	120.701
405.88	121.580
406.09	122.513
406.30	123.335
406.51	124.023
406.72	124.749
406.94	125.408
407.15	125.973
407.36	126.548
407.57	127.037
407.78	127.344
407.99	127.494
408.21	127.634
408.42	127.657
408.63	127.587
408.84	127.325
409.05	127.012
409.27	126.495
409.48	125.822
409.69	125.106
409.90	124.389
410.11	123.585
410.32	122.737
410.54	121.771
410.75	120.752
410.96	119.746
411.17	118.720
411.38	117.711
411.59	116.747
411.81	115.741
412.02	114.798
412.23	113.931
412.44	113.170
412.65	112.555
412.86	112.036
413.08	111.532
413.29	111.130
413.50	110.913
413.71	110.837
413.92	110.847
414.13	110.977
414.34	111.174
414.56	111.408
414.77	111.797
414.98	112.250
415.19	112.916
415.40	113.669
415.61	114.448
415.82	115.242
416.04	116.107
416.25	116.939
416.46	117.822
416.67	118.749
416.88	119.590
417.09	120.402
417.30	121.120
417.52	121.867
417.73	122.489
417.94	123.017
418.15	123.472
418.36	123.930
418.57	124.187
418.78	124.360
418.99	124.512
419.21	124.517
419.42	124.442
419.63	124.221
419.84	123.865
420.05	123.411
420.26	122.837
420.47	122.134
420.68	121.473
420.89	120.716
421.11	119.810
421.32	118.969
421.53	118.034
421.74	117.109
421.95	116.171
422.16	115.277
422.37	114.391
422.58	113.458
422.79	112.548
423.01	111.760
423.22	110.996
423.43	110.346
423.64	109.756
423.85	109.271
424.06	108.885
424.27	108.587
424.48	108.404
424.69	108.404
424.90	108.483
425.11	108.650
425.33	108.931
425.54	109.293
425.75	109.712
425.96	110.230
426.17	110.840
426.38	111.518
426.59	112.260
426.80	113.039
427.01	113.896
427.22	114.811
427.43	115.797
427.64	116.707
427.85	117.558
428.07	118.449
428.28	119.261
428.49	120.068
428.70	120.827
428.91	121.518
429.12	122.097
429.33	122.645
429.54	123.112
429.75	123.471
429.96	123.819
430.17	124.045
430.38	124.162
430.59	124.120
430.80	123.962
431.01	123.719
431.22	123.418
431.44	123.000
431.65	122.503
431.86	121.864
432.07	121.210
432.28	120.507
432.49	119.710
432.70	118.864
432.91	117.936
433.12	116.983
433.33	116.009
433.54	115.087
433.75	114.158
433.96	113.249
434.17	112.273
434.38	111.381
434.59	110.551
434.80	109.764
435.01	109.136
435.22	108.575
435.43	108.102
435.64	107.680
435.85	107.352
436.06	107.109
436.27	106.997
436.48	106.990
436.69	107.036
436.90	107.214
437.11	107.504
437.33	107.883
437.54	108.353
437.75	108.946
437.96	109.524
438.17	110.178
438.38	110.841
438.59	111.634
438.80	112.415
439.01	113.279
439.22	114.193
439.43	114.950
439.64	115.759
439.85	116.561
440.06	117.309
440.27	118.083
440.48	118.759
440.69	119.391
440.90	119.949
441.11	120.506
441.32	120.945
441.53	121.300
441.74	121.552
441.95	121.753
442.16	121.837
442.37	121.807
442.58	121.716
442.79	121.551
443.00	121.292
443.21	120.957
443.42	120.462
443.62	119.821
443.83	119.288
444.04	118.630
444.25	117.917
444.46	117.137
444.67	116.281
444.88	115.427
445.09	114.512
445.30	113.580
445.51	112.600
445.72	111.618
445.93	110.717
446.14	109.802
446.35	108.886
446.56	108.053
446.77	107.284
446.98	106.527
447.19	105.816
447.40	105.207
447.61	104.624
447.82	104.150
448.03	103.801
448.24	103.481
448.45	103.261
448.66	103.142
448.87	103.106
449.08	103.180
449.29	103.319
449.49	103.557
449.70	103.895
449.91	104.285
450.12	104.780
450.33	105.282
450.54	105.872
450.75	106.535
450.96	107.201
451.17	107.918
451.38	108.647
451.59	109.422
451.80	110.162
452.01	110.935
452.22	111.717
452.43	112.437
452.64	113.129
452.84	113.815
453.05	114.426
453.26	115.035
453.47	115.547
453.68	116.034
453.89	116.450
454.10	116.746
454.31	117.024
454.52	117.180
454.73	117.293
454.94	117.296
455.15	117.197
455.36	117.007
455.56	116.754
455.77	116.415
455.98	116.024
456.19	115.561
456.40	115.038
456.61	114.462
456.82	113.790
457.03	113.077
457.24	112.293
457.45	111.501
457.65	110.616
457.86	109.745
458.07	108.857
458.28	107.898
458.49	107.013
458.70	106.076
458.91	105.184
459.12	104.305
459.33	103.425
459.54	102.624
459.74	101.859
459.95	101.124
460.16	100.494
460.37	99.922
460.58	99.425
460.79	98.970
461.00	98.559
461.21	98.267
461.41	98.047
461.62	97.916
461.83	97.879
462.04	97.932
462.25	98.014
462.46	98.209
462.67	98.499
462.88	98.850
463.08	99.293
463.29	99.754
463.50	100.291
463.71	100.914
463.92	101.542
464.13	102.188
464.34	102.877
464.54	103.603
464.75	104.337
464.96	105.059
465.17	105.793
465.38	106.495
465.59	107.222
465.80	107.906
466.00	108.541
466.21	109.142
466.42	109.696
466.63	110.250
466.84	110.740
467.05	111.163
467.26	111.519
467.46	111.753
467.67	111.978
467.88	112.133
468.09	112.182
468.30	112.199
468.51	112.143
468.71	111.992
468.92	111.779
469.13	111.487
469.34	111.143
469.55	110.703
469.76	110.242
469.96	109.685
470.17	109.081
470.38	108.447
470.59	107.743
470.80	106.999
471.00	106.265
471.21	105.458
471.42	104.657
471.63	103.832
471.84	103.019
472.05	102.172
472.25	101.332
472.46	100.516
472.67	99.671
472.88	98.905
473.09	98.144
473.29	97.392
473.50	96.718
473.71	96.068
473.92	95.472
474.13	94.929
474.33	94.459
474.54	94.049
474.75	93.706
474.96	93.426
475.17	93.222
475.37	93.039
475.58	92.963
475.79	92.963
476.00	93.029
476.21	93.176
476.41	93.385
476.62	93.664
476.83	93.987
477.04	94.415
477.24	94.854
477.45	95.357
477.66	95.897
477.87	96.451
478.08	97.068
478.28	97.677
478.49	98.338
478.70	99.019
478.91	99.685
479.11	100.346
479.32	101.036
479.53	101.685
479.74	102.363
479.94	102.981
480.15	103.548
480.36	104.094
480.57	104.604
480.78	105.104
480.98	105.506
481.19	105.872
481.40	106.174
481.61	106.451
481.81	106.656
482.02	106.797
482.23	106.909
482.44	106.913
482.64	106.891
482.85	106.789
483.06	106.600
483.27	106.391
483.47	106.136
483.68	105.798
483.89	105.406
484.10	104.944
484.30	104.450
484.51	103.889
484.72	103.314
484.92	102.663
485.13	102.001
485.34	101.318
485.55	100.598
485.75	99.864
485.96	99.088
486.17	98.315
486.38	97.549
486.58	96.759
486.79	95.999
487.00	95.235
487.20	94.478
487.41	93.766
487.62	93.071
487.83	92.391
488.03	91.744
488.24	91.149
488.45	90.585
488.65	90.058
488.86	89.596
489.07	89.174
489.28	88.822
489.48	88.509
489.69	88.294
489.90	88.113
490.10	88.000
490.31	87.951
490.52	87.941
490.73	88.000
490.93	88.122
491.14	88.294
491.35	88.528
491.55	88.809
491.76	89.136
491.97	89.499
492.17	89.899
492.38	90.350
492.59	90.833
492.79	91.363
493.00	91.916
493.21	92.489
493.41	93.070
493.62	93.661
493.83	94.271
494.04	94.839
494.24	95.430
494.45	96.014
494.66	96.569
494.86	97.145
495.07	97.667
495.28	98.190
495.48	98.665
495.69	99.108
495.90	99.528
496.10	99.909
496.31	100.235
496.52	100.516
496.72	100.780
496.93	100.990
497.14	101.136
497.34	101.220
497.55	101.274
497.76	101.271
497.96	101.214
498.17	101.097
498.37	100.946
498.58	100.717
498.79	100.439
498.99	100.139
499.20	99.764
499.41	99.349
499.61	98.870
499.82	98.370
500.03	97.823
500.23	97.264
500.44	96.651
500.65	96.022
500.85	95.378
501.06	94.682
501.26	93.984
501.47	93.270
501.68	92.562
501.88	91.831
502.09	91.113
502.30	90.393
502.50	89.685
502.71	88.993
502.91	88.326
503.12	87.671
503.33	87.034
503.53	86.446
503.74	85.875
503.95	85.336
504.15	84.837
504.36	84.372
504.56	83.945
504.77	83.579
504.98	83.243
505.18	82.970
505.39	82.738
505.59	82.556
505.80	82.431
506.01	82.359
506.21	82.340
506.42	82.371
506.62	82.444
506.83	82.563
507.04	82.737
507.24	82.947
507.45	83.213
507.65	83.519
507.86	83.841
508.07	84.218
508.27	84.629
508.48	85.063
508.68	85.543
508.89	86.027
509.10	86.522
509.30	87.037
509.51	87.553
509.71	88.081
509.92	88.613
510.12	89.139
510.33	89.663
510.54	90.172
510.74	90.677
510.95	91.162
511.15	91.634
511.36	92.096
511.56	92.535
511.77	92.931
511.98	93.307
512.18	93.664
512.39	93.978
512.59	94.256
512.80	94.495
513.00	94.689
513.21	94.841
513.42	94.965
513.62	95.041
513.83	95.080
514.03	95.066
514.24	95.002
514.44	94.889
514.65	94.743
514.85	94.560
515.06	94.335
515.26	94.059
515.47	93.751
515.68	93.391
515.88	93.000
516.09	92.572
516.29	92.114
516.50	91.620
516.70	91.090
516.91	90.540
517.11	89.969
517.32	89.382
517.52	88.777
517.73	88.172
517.93	87.541
518.14	86.908
518.34	86.277
518.55	85.644
518.76	85.020
518.96	84.385
519.17	83.756
519.37	83.131
519.58	82.544
519.78	81.959
519.99	81.388
520.19	80.841
520.40	80.340
520.60	79.854
520.81	79.399
521.01	78.972
521.22	78.595
521.42	78.251
521.63	77.939
521.83	77.666
522.04	77.423
522.24	77.245
522.45	77.103
522.65	77.005
522.86	76.956
523.06	76.940
523.27	76.975
523.47	77.051
523.68	77.167
523.88	77.314
524.09	77.508
524.29	77.748
524.50	78.020
524.70	78.315
524.91	78.639
525.11	79.008
525.32	79.411
525.52	79.821
525.72	80.272
525.93	80.735
526.13	81.223
526.34	81.709
526.54	82.221
526.75	82.715
526.95	83.222
527.16	83.717
527.36	84.225
527.57	84.722
527.77	85.208
527.98	85.700
528.18	86.175
528.39	86.624
528.59	87.067
528.79	87.481
529.00	87.886
529.20	88.262
529.41	88.630
529.61	88.955
529.82	89.242
530.02	89.491
530.23	89.722
530.43	89.904
530.64	90.066
530.84	90.173
531.04	90.243
531.25	90.302
531.45	90.330
531.66	90.312
531.86	90.251
532.07	90.147
532.27	90.003
532.47	89.834
532.68	89.646
532.88	89.419
533.09	89.156
533.29	88.841
533.50	88.503
533.70	88.101
533.90	87.700
534.11	87.288
534.31	86.843
534.52	86.367
534.72	85.898
534.93	85.406
535.13	84.882
535.33	84.369
535.54	83.815
535.74	83.263
535.95	82.692
536.15	82.150
536.35	81.597
536.56	81.051
536.76	80.486
536.97	79.944
537.17	79.395
537.37	78.867
537.58	78.370
537.78	77.886
537.99	77.427
538.19	76.968
538.39	76.529
538.60	76.123
538.80	75.758
539.01	75.397
539.21	75.069
539.41	74.788
539.62	74.529
539.82	74.310
540.03	74.117
540.23	73.978
540.43	73.854
540.64	73.789
540.84	73.747
541.04	73.756
541.25	73.805
541.45	73.888
541.66	73.999
541.86	74.148
542.06	74.335
542.27	74.553
542.47	74.820
542.67	75.096
542.88	75.409
543.08	75.747
543.28	76.119
543.49	76.508
543.69	76.922
543.90	77.361
544.10	77.799
544.30	78.282
544.51	78.756
544.71	79.270
544.91	79.761
545.12	80.270
545.32	80.787
545.52	81.276
545.73	81.790
545.93	82.292
546.13	82.765
546.34	83.228
546.54	83.687
546.74	84.127
546.95	84.577
547.15	85.002
547.35	85.392
547.56	85.785
547.76	86.162
547.96	86.503
548.17	86.833
548.37	87.149
548.57	87.400
548.78	87.638
548.98	87.834
549.18	87.997
549.39	88.130
549.59	88.234
549.79	88.329
550.00	88.374
550.20	88.418
550.40	88.408
550.61	88.377
550.81	88.309
551.01	88.209
551.22	88.078
551.42	87.910
551.62	87.718
551.82	87.478
552.03	87.226
552.23	86.944
552.43	86.628
552.64	86.291
552.84	85.934
553.04	85.549
553.25	85.145
553.45	84.715
553.65	84.273
553.85	83.834
554.06	83.370
554.26	82.886
554.46	82.376
554.67	81.880
554.87	81.366
555.07	80.864
555.27	80.348
555.48	79.829
555.68	79.328
555.88	78.825
556.09	78.331
556.29	77.825
556.49	77.345
556.69	76.861
556.90	76.395
557.10	75.963
557.30	75.559
557.50	75.149
557.71	74.788
557.91	74.446
558.11	74.103
558.31	73.799
558.52	73.526
558.72	73.285
558.92	73.071
559.13	72.888
559.33	72.731
559.53	72.601
559.73	72.516
559.94	72.450
560.14	72.410
560.34	72.400
560.54	72.426
560.75	72.495
560.95	72.588
561.15	72.726
561.35	72.876
561.55	73.045
561.76	73.262
561.96	73.484
562.16	73.749
562.36	74.051
562.57	74.362
562.77	74.699
562.97	75.057
563.17	75.427
563.38	75.810
563.58	76.219
563.78	76.643
563.98	77.076
564.18	77.514
564.39	77.975
564.59	78.437
564.79	78.917
564.99	79.378
565.20	79.840
565.40	80.287
565.60	80.734
565.80	81.199
566.00	81.636
566.21	82.080
566.41	82.491
566.61	82.899
566.81	83.305
567.01	83.689
567.22	84.066
567.42	84.426
567.62	84.753
567.82	85.064
568.02	85.356
568.23	85.624
568.43	85.869
568.63	86.101
568.83	86.290
569.03	86.447
569.24	86.589
569.44	86.715
569.64	86.816
569.84	86.899
570.04	86.930
570.24	86.949
570.45	86.939
570.65	86.911
570.85	86.844
571.05	86.741
571.25	86.609
571.45	86.445
571.66	86.276
571.86	86.087
572.06	85.854
572.26	85.607
572.46	85.344
572.66	85.065
572.87	84.746
573.07	84.425
573.27	84.079
573.47	83.721
573.67	83.337
573.87	82.929
574.08	82.503
574.28	82.086
574.48	81.653
574.68	81.203
574.88	80.750
575.08	80.275
575.28	79.807
575.49	79.343
575.69	78.879
575.89	78.392
576.09	77.930
576.29	77.460
576.49	76.995
576.69	76.530
576.90	76.079
577.10	75.644
577.30	75.217
577.50	74.810
577.70	74.404
577.90	74.018
578.10	73.670
578.30	73.333
578.51	73.010
578.71	72.716
578.91	72.439
579.11	72.177
579.31	71.947
579.51	71.739
579.71	71.562
579.91	71.399
580.12	71.275
580.32	71.174
580.52	71.109
580.72	71.055
580.92	71.034
581.12	71.026
581.32	71.058
581.52	71.129
581.72	71.210
581.92	71.321
582.13	71.469
582.33	71.618
582.53	71.804
582.73	72.004
582.93	72.233
583.13	72.487
583.33	72.773
583.53	73.073
583.73	73.396
583.93	73.736
584.13	74.098
584.34	74.485
584.54	74.855
584.74	75.234
584.94	75.651
585.14	76.070
585.34	76.499
585.54	76.901
585.74	77.315
585.94	77.751
586.14	78.197
586.34	78.622
586.54	79.066
586.74	79.507
586.94	79.954
587.15	80.395
587.35	80.818
587.55	81.228
587.75	81.636
587.95	82.019
588.15	82.389
588.35	82.745
588.55	83.092
588.75	83.438
588.95	83.769
589.15	84.072
589.35	84.362
589.55	84.629
589.75	84.914
589.95	85.154
590.15	85.371
590.35	85.557
590.55	85.736
590.75	85.881
590.95	86.001
591.15	86.097
591.35	86.160
591.56	86.203
591.76	86.224
591.96	86.221
592.16	86.207
592.36	86.163
592.56	86.105
592.76	86.008
592.96	85.903
593.16	85.759
593.36	85.598
593.56	85.425
593.76	85.243
593.96	85.012
594.16	84.782
594.36	84.531
594.56	84.259
594.76	83.968
594.96	83.671
595.16	83.337
595.36	82.997
595.56	82.636
595.76	82.257
595.96	81.859
596.16	81.471
596.36	81.063
596.56	80.661
596.76	80.228
596.96	79.799
597.16	79.368
597.36	78.946
597.56	78.511
597.76	78.065
597.96	77.620
598.16	77.185
598.36	76.750
598.56	76.309
598.76	75.885
598.96	75.476
599.16	75.067
599.36	74.694
599.56	74.323
599.76	73.957
599.96	73.612
600.15	73.283
600.35	72.971
600.55	72.675
600.75	72.378
600.95	72.117
601.15	71.861
601.35	71.620
601.55	71.401
601.75	71.217
601.95	71.048
602.15	70.908
602.35	70.770
602.55	70.668
602.75	70.596
602.95	70.535
603.15	70.483
603.35	70.471
603.55	70.470
603.75	70.484
603.95	70.531
604.15	70.599
604.35	70.698
604.54	70.808
604.74	70.959
604.94	71.122
605.14	71.297
605.34	71.502
605.54	71.735
605.74	71.989
605.94	72.247
606.14	72.534
606.34	72.829
606.54	73.152
606.74	73.488
606.94	73.832
607.14	74.199
607.33	74.586
607.53	74.969
607.73	75.353
607.93	75.745
608.13	76.149
608.33	76.563
608.53	76.962
608.73	77.380
608.93	77.774
609.13	78.182
609.33	78.595
609.52	79.003
609.72	79.403
609.92	79.789
610.12	80.182
610.32	80.563
610.52	80.954
610.72	81.318
610.92	81.675
611.12	82.025
611.31	82.362
611.51	82.687
611.71	83.002
611.91	83.318
612.11	83.628
612.31	83.920
612.51	84.185
612.71	84.453
612.91	84.682
613.10	84.912
613.30	85.147
613.50	85.349
613.70	85.526
613.90	85.676
614.10	85.807
614.30	85.905
614.50	85.995
614.69	86.043
614.89	86.089
615.09	86.111
615.29	86.118
615.49	86.100
615.69	86.061
615.89	86.010
616.08	85.938
616.28	85.836
616.48	85.716
616.68	85.571
616.88	85.408
617.08	85.227
617.27	85.042
617.47	84.818
617.67	84.579
617.87	84.324
618.07	84.067
618.27	83.797
618.47	83.525
618.66	83.228
618.86	82.929
619.06	82.606
619.26	82.282
619.46	81.941
619.66	81.583
619.85	81.213
620.05	80.836
620.25	80.437
620.45	80.045
620.65	79.641
620.84	79.263
621.04	78.869
621.24	78.498
621.44	78.091
621.64	77.672
621.84	77.278
622.03	76.880
622.23	76.488
622.43	76.102
622.63	75.720
622.83	75.340
623.02	74.968
623.22	74.613
623.42	74.242
623.62	73.895
623.82	73.570
624.01	73.248
624.21	72.934
624.41	72.646
624.61	72.375
624.81	72.125
625.00	71.863
625.20	71.625
625.40	71.391
625.60	71.188
625.79	71.018
625.99	70.867
626.19	70.724
626.39	70.602
626.59	70.494
626.78	70.420
626.98	70.361
627.18	70.316
627.38	70.297
627.57	70.321
627.77	70.346
627.97	70.388
628.17	70.463
628.37	70.547
628.56	70.666
628.76	70.785
628.96	70.923
629.16	71.078
629.35	71.279
629.55	71.486
629.75	71.711
629.95	71.950
630.14	72.194
630.34	72.468
630.54	72.751
630.74	73.041
630.93	73.344
631.13	73.652
631.33	73.969
631.53	74.280
631.72	74.602
631.92	74.947
632.12	75.308
632.31	75.663
632.51	76.050
632.71	76.428
632.91	76.804
633.10	77.188
633.30	77.595
633.50	77.964
633.70	78.360
633.89	78.741
634.09	79.134
634.29	79.520
634.48	79.896
634.68	80.284
634.88	80.668
635.08	81.047
635.27	81.434
635.47	81.810
635.67	82.193
635.86	82.565
636.06	82.920
636.26	83.246
636.46	83.574
636.65	83.882
636.85	84.194
637.05	84.494
637.24	84.763
637.44	85.022
637.64	85.277
637.83	85.524
638.03	85.764
638.23	85.959
638.43	86.151
638.62	86.322
638.82	86.460
639.02	86.594
639.21	86.703
639.41	86.784
639.61	86.872
639.80	86.934
640.00	86.977
640.20	87.021
640.39	87.061
640.59	87.067
640.79	87.060
640.98	87.023
641.18	86.978
641.38	86.929
641.57	86.844
641.77	86.743
641.97	86.610
642.16	86.471
642.36	86.328
642.56	86.166
642.75	86.008
642.95	85.820
643.15	85.621
643.34	85.421
643.54	85.206
643.74	84.957
643.93	84.702
644.13	84.415
644.33	84.113
644.52	83.809
644.72	83.504
644.91	83.184
645.11	82.842
645.31	82.502
645.50	82.164
645.70	81.826
645.90	81.490
646.09	81.135
646.29	80.767
646.48	80.395
646.68	80.013
646.88	79.631
647.07	79.257
647.27	78.876
647.47	78.489
647.66	78.115
647.86	77.736
648.05	77.370
648.25	77.013
648.45	76.655
648.64	76.289
648.84	75.945
649.04	75.595
649.23	75.255
649.43	74.931
649.62	74.603
649.82	74.279
650.02	73.967
650.21	73.674
650.41	73.410
650.60	73.154
650.80	72.927
651.00	72.682
651.19	72.468
651.39	72.264
651.58	72.071
651.78	71.899
651.97	71.761
652.17	71.624
652.37	71.498
652.56	71.407
652.76	71.325
652.95	71.253
653.15	71.222
653.35	71.197
653.54	71.181
653.74	71.171
653.93	71.190
654.13	71.226
654.32	71.267
654.52	71.309
654.72	71.386
654.91	71.473
655.11	71.587
655.30	71.722
655.50	71.873
655.69	72.039
655.89	72.206
656.08	72.379
656.28	72.580
656.48	72.798
656.67	73.018
656.87	73.255
657.06	73.493
657.26	73.736
657.45	74.008
657.65	74.294
657.84	74.603
658.04	74.905
658.23	75.227
658.43	75.563
658.62	75.914
658.82	76.257
659.02	76.609
659.21	76.976
659.41	77.329
659.60	77.690
659.80	78.057
659.99	78.447
660.19	78.829
660.38	79.213
660.58	79.585
660.77	79.969
660.97	80.340
661.16	80.713
661.36	81.077
661.55	81.452
661.75	81.815
661.94	82.165
662.14	82.527
662.33	82.885
662.53	83.233
662.72	83.575
662.92	83.903
663.11	84.213
663.31	84.533
663.50	84.849
663.70	85.161
663.89	85.461
664.09	85.735
664.28	86.019
664.48	86.276
664.67	86.545
664.87	86.777
665.06	87.013
665.26	87.231
665.45	87.441
665.65	87.629
665.84	87.824
666.04	87.996
666.23	88.129
666.43	88.238
666.62	88.340
666.82	88.425
667.01	88.504
667.21	88.572
667.40	88.610
667.59	88.656
667.79	88.665
667.98	88.642
668.18	88.613
668.37	88.559
668.57	88.520
668.76	88.450
668.96	88.359
669.15	88.263
669.35	88.172
669.54	88.047
669.73	87.916
669.93	87.763
670.12	87.610
670.32	87.466
670.51	87.294
670.71	87.113
670.90	86.927
671.10	86.728
671.29	86.508
671.48	86.273
671.68	86.022
671.87	85.774
672.07	85.516
672.26	85.281
672.46	85.014
672.65	84.731
672.84	84.439
673.04	84.156
673.23	83.856
673.43	83.538
673.62	83.236
673.82	82.925
674.01	82.579
674.20	82.245
674.40	81.892
674.59	81.551
674.79	81.219
674.98	80.872
675.17	80.524
675.37	80.187
675.56	79.851
675.76	79.508
675.95	79.147
676.14	78.815
676.34	78.450
676.53	78.111
676.73	77.762
676.92	77.414
677.11	77.076
677.31	76.744
677.50	76.427
677.70	76.106
677.89	75.782
678.08	75.495
678.28	75.212
678.47	74.947
678.66	74.693
678.86	74.445
679.05	74.202
679.25	73.982
679.44	73.771
679.63	73.584
679.83	73.394
680.02	73.237
680.21	73.083
680.41	72.942
680.60	72.799
680.79	72.679
680.99	72.578
681.18	72.471
681.38	72.390
681.57	72.337
681.76	72.300
681.96	72.278
682.15	72.257
682.34	72.236
682.54	72.234
682.73	72.255
682.92	72.277
683.12	72.332
683.31	72.398
683.50	72.474
683.70	72.562
683.89	72.651
684.08	72.766
684.28	72.893
684.47	73.033
684.66	73.199
684.86	73.369
685.05	73.557
685.24	73.769
685.44	73.976
685.63	74.187
685.82	74.420
686.02	74.651
686.21	74.922
686.40	75.197
686.60	75.488
686.79	75.783
686.98	76.083
687.18	76.393
687.37	76.699
687.56	77.005
687.75	77.325
687.95	77.659
688.14	77.985
688.33	78.332
688.53	78.678
688.72	79.039
688.91	79.401
689.11	79.751
689.30	80.132
689.49	80.516
689.68	80.887
689.88	81.244
690.07	81.607
690.26	81.951
690.46	82.311
690.65	82.649
690.84	82.991
691.03	83.343
691.23	83.682
691.42	84.023
691.61	84.370
691.80	84.690
692.00	85.013
692.19	85.318
692.38	85.616
692.58	85.917
692.77	86.199
692.96	86.469
693.15	86.747
693.35	86.994
693.54	87.260
693.73	87.523
693.92	87.759
694.12	88.007
694.31	88.226
694.50	88.459
694.69	88.655
694.89	88.847
695.08	89.016
695.27	89.202
695.46	89.357
695.66	89.509
695.85	89.661
696.04	89.802
696.23	89.954
696.43	90.079
696.62	90.170
696.81	90.253
697.00	90.339
697.19	90.412
697.39	90.461
697.58	90.489
697.77	90.494
697.96	90.521
698.16	90.513
698.35	90.526
698.54	90.487
698.73	90.480
698.92	90.422
699.12	90.366
699.31	90.283
699.50	90.201
699.69	90.110
699.89	89.998
700.08	89.881
700.27	89.736
700.46	89.594
700.65	89.443
700.85	89.305
701.04	89.135
701.23	88.945
701.42	88.752
701.61	88.554
701.81	88.343
702.00	88.118
702.19	87.890
702.38	87.634
702.57	87.393
702.76	87.113
702.96	86.856
703.15	86.580
703.34	86.290
703.53	85.995
703.72	85.673
703.92	85.353
704.11	85.031
704.30	84.701
704.49	84.374
704.68	84.055
704.87	83.695
705.07	83.354
705.26	83.020
705.45	82.710
705.64	82.364
705.83	82.050
706.02	81.718
706.21	81.402
706.41	81.071
706.60	80.730
706.79	80.418
706.98	80.112
707.17	79.789
707.36	79.480
707.56	79.192
707.75	78.906
707.94	78.622
708.13	78.347
708.32	78.091
708.51	77.818
708.70	77.575
708.89	77.327
709.09	77.083
709.28	76.853
709.47	76.586
709.66	76.346
709.85	76.111
710.04	75.884
710.23	75.648
710.42	75.462
710.62	75.271
710.81	75.062
711.00	74.866
711.19	74.701
711.38	74.538
711.57	74.367
711.76	74.214
711.95	74.096
712.15	73.980
712.34	73.871
712.53	73.775
712.72	73.677
712.91	73.626
713.10	73.571
713.29	73.528
713.48	73.498
713.67	73.502
713.86	73.520
714.05	73.538
714.25	73.571
714.44	73.589
714.63	73.635
714.82	73.721
715.01	73.806
715.20	73.921
715.39	74.025
715.58	74.149
715.77	74.294
715.96	74.438
716.15	74.580
716.34	74.717
716.54	74.881
716.73	75.059
716.92	75.222
717.11	75.412
717.30	75.611
717.49	75.826
717.68	76.053
717.87	76.245
718.06	76.493
718.25	76.748
718.44	77.013
718.63	77.289
718.82	77.557
719.01	77.828
719.20	78.103
719.39	78.397
719.58	78.696
719.77	78.980
719.96	79.251
720.16	79.546
720.35	79.859
720.54	80.166
720.73	80.478
720.92	80.798
721.11	81.134
721.30	81.455
721.49	81.779
721.68	82.106
721.87	82.460
722.06	82.785
722.25	83.113
722.44	83.442
722.63	83.756
722.82	84.066
723.01	84.365
723.20	84.651
723.39	84.951
723.58	85.275
723.77	85.594
723.96	85.922
724.15	86.252
724.34	86.562
724.53	86.869
724.72	87.144
724.91	87.446
725.10	87.740
725.29	88.017
725.48	88.319
725.67	88.562
725.86	88.795
726.05	89.035
726.24	89.261
726.43	89.478
726.62	89.693
726.81	89.936
727.00	90.157
727.19	90.393
727.38	90.604
727.57	90.780
727.76	90.954
727.95	91.117
728.14	91.250
728.33	91.385
728.52	91.513
728.71	91.635
728.90	91.747
729.09	91.823
729.28	91.886
729.47	91.930
729.65	91.991
729.84	92.054
730.03	92.105
730.22	92.147
730.41	92.189
730.60	92.224
730.79	92.204
730.98	92.207
731.17	92.204
731.36	92.169
731.55	92.115
731.74	92.061
731.93	91.998
732.12	91.930
732.31	91.868
732.50	91.810
732.69	91.752
732.88	91.645
733.06	91.532
733.25	91.432
733.44	91.327
733.63	91.193
733.82	91.055
734.01	90.885
734.20	90.716
734.39	90.521
734.58	90.337
734.77	90.167
734.96	89.960
735.15	89.737
735.33	89.513
735.52	89.304
735.71	89.077
735.90	88.837
736.09	88.582
736.28	88.304
736.47	88.019
736.66	87.729
736.85	87.449
737.04	87.143
737.23	86.854
737.41	86.540
737.60	86.266
737.79	85.947
737.98	85.652
738.17	85.353
738.36	85.076
738.55	84.780
738.74	84.490
738.92	84.193
739.11	83.903
739.30	83.594
739.49	83.279
739.68	82.981
739.87	82.709
740.06	82.442
740.25	82.153
740.43	81.882
740.62	81.592
740.81	81.295
741.00	81.031
741.19	80.738
741.38	80.453
741.57	80.160
741.75	79.900
741.94	79.626
742.13	79.350
742.32	79.059
742.51	78.791
742.70	78.529
742.89	78.284
743.07	78.029
743.26	77.794
743.45	77.540
743.64	77.324
743.83	77.080
744.02	76.821
744.20	76.609
744.39	76.392
744.58	76.200
744.77	76.027
744.96	75.872
745.15	75.744
745.33	75.622
745.52	75.498
745.71	75.381
745.90	75.269
746.09	75.181
746.28	75.106
746.46	75.005
746.65	74.904
746.84	74.826
747.03	74.756
747.22	74.704
747.40	74.682
747.59	74.640
747.78	74.618
747.97	74.643
748.16	74.655
748.34	74.654
748.53	74.680
748.72	74.715
748.91	74.733
749.10	74.757
749.28	74.806
749.47	74.878
749.66	74.935
749.85	74.996
750.04	75.067
750.22	75.142
750.41	75.249
750.60	75.374
750.79	75.477
750.97	75.594
751.16	75.735
751.35	75.864
751.54	75.999
751.73	76.163
751.91	76.311
752.10	76.507
752.29	76.679
752.48	76.871
752.66	77.067
752.85	77.273
753.04	77.482
753.23	77.711
753.41	77.912
753.60	78.158
753.79	78.411
753.98	78.647
754.16	78.897
754.35	79.143
754.54	79.387
754.73	79.667
754.91	79.950
755.10	80.218
755.29	80.511
755.48	80.784
755.66	81.062
755.85	81.342
756.04	81.596
756.22	81.895
756.41	82.167
756.60	82.446
756.79	82.747
756.97	83.044
757.16	83.300
757.35	83.595
757.54	83.883
757.72	84.168
757.91	84.463
758.10	84.755
758.28	85.038
758.47	85.319
758.66	85.624
758.85	85.906
759.03	86.196
759.22	86.474
759.41	86.769
759.59	87.055
759.78	87.339
759.97	87.600
760.15	87.852
760.34	88.139
760.53	88.395
760.71	88.627
760.90	88.890
761.09	89.138
761.28	89.385
761.46	89.612
761.65	89.843
761.84	90.081
762.02	90.310
762.21	90.560
762.40	90.766
762.58	90.941
762.77	91.122
762.96	91.310
763.14	91.508
763.33	91.677
763.52	91.814
763.70	91.938
763.89	92.087
764.08	92.242
764.26	92.335
764.45	92.462
764.64	92.594
764.82	92.679
765.01	92.772
765.20	92.830
765.38	92.907
765.57	92.952
765.75	92.995
765.94	93.014
766.13	93.047
766.31	93.091
766.50	93.114
766.69	93.163
766.87	93.201
767.06	93.205
767.25	93.219
767.43	93.249
767.62	93.278
767.80	93.279
767.99	93.249
768.18	93.217
768.36	93.176
768.55	93.125
768.74	93.061
768.92	93.000
769.11	92.965
769.29	92.885
769.48	92.828
769.67	92.727
769.85	92.649
770.04	92.492
770.22	92.354
770.41	92.193
770.60	92.010
770.78	91.809
770.97	91.623
771.15	91.438
771.34	91.216
771.53	91.022
771.71	90.813
771.90	90.625
772.08	90.483
772.27	90.282
772.46	90.053
772.64	89.835
772.83	89.610
773.01	89.335
773.20	89.083
773.39	88.838
773.57	88.586
773.76	88.328
773.94	88.118
774.13	87.860
774.31	87.592
774.50	87.359
774.68	87.095
774.87	86.832
775.06	86.519
775.24	86.249
775.43	85.942
775.61	85.647
775.80	85.358
775.98	85.033
776.17	84.721
776.36	84.429
776.54	84.132
776.73	83.833
776.91	83.553
777.10	83.269
777.28	82.951
777.47	82.666
777.65	82.368
777.84	82.064
778.02	81.793
778.21	81.533
778.39	81.234
778.58	80.966
778.77	80.702
778.95	80.473
779.14	80.237
779.32	80.013
779.51	79.789
779.69	79.538
779.88	79.309
780.06	79.092
780.25	78.863
780.43	78.636
780.62	78.432
780.80	78.225
780.99	78.013
781.17	77.809
781.36	77.599
781.54	77.409
781.73	77.188
781.91	76.998
782.10	76.825
782.28	76.648
782.47	76.473
782.65	76.280
782.84	76.107
783.02	75.949
783.21	75.801
783.39	75.655
783.58	75.528
783.76	75.386
783.95	75.265
784.13	75.189
784.32	75.108
784.50	75.016
784.69	74.959
784.87	74.906
785.05	74.865
785.24	74.831
785.42	74.810
785.61	74.794
785.79	74.778
785.98	74.772
786.16	74.757
786.35	74.781
786.53	74.808
786.72	74.822
786.90	74.841
787.09	74.849
787.27	74.894
787.45	74.948
787.64	75.002
787.82	75.051
788.01	75.100
788.19	75.172
788.38	75.244
788.56	75.264
788.75	75.348
788.93	75.448
789.11	75.520
789.30	75.587
789.48	75.689
789.67	75.800
789.85	75.900
790.04	76.051
790.22	76.177
790.40	76.324
790.59	76.458
790.77	76.608
790.96	76.793
791.14	76.961
791.32	77.117
791.51	77.290
791.69	77.479
791.88	77.672
792.06	77.866
792.25	78.050
792.43	78.294
792.61	78.499
792.80	78.681
792.98	78.919
793.17	79.143
793.35	79.339
793.53	79.554
793.72	79.809
793.90	80.033
794.08	80.254
794.27	80.479
794.45	80.735
794.64	80.971
794.82	81.201
795.00	81.402
795.19	81.650
795.37	81.890
795.55	82.080
795.74	82.317
795.92	82.558
796.11	82.827
796.29	83.080
796.47	83.320
796.66	83.556
796.84	83.821
797.02	84.085
797.21	84.366
797.39	84.625
797.58	84.869
797.76	85.103
797.94	85.367
798.13	85.625
798.31	85.898
798.49	86.135
798.68	86.371
798.86	86.652
799.04	86.876
799.23	87.120
799.41	87.378
799.59	87.603
799.78	87.789
799.96	87.997
800.14	88.212
800.33	88.437
800.51	88.678
800.69	88.851
800.88	89.063
801.06	89.290
801.24	89.450
801.43	89.624
801.61	89.784
801.79	89.938
801.98	90.087
802.16	90.249
802.34	90.428
802.52	90.594
802.71	90.704
802.89	90.861
803.07	90.994
803.26	91.117
803.44	91.212
803.62	91.337
803.81	91.439
803.99	91.498
804.17	91.553
804.35	91.606
804.54	91.650
804.72	91.716
804.90	91.758
805.09	91.853
805.27	91.929
805.45	92.010
805.63	92.047
805.82	92.091
806.00	92.056
806.18	92.060
806.37	92.077
806.55	92.059
806.73	92.056
806.91	92.041
807.10	92.044
807.28	92.033
807.46	92.012
807.64	91.973
807.83	91.946
808.01	91.917
808.19	91.828
808.37	91.762
808.56	91.664
808.74	91.573
808.92	91.479
809.10	91.340
809.29	91.246
809.47	91.142
809.65	90.990
809.83	90.906
810.02	90.768
810.20	90.633
810.38	90.517
810.56	90.363
810.75	90.246
810.93	90.113
811.11	89.966
811.29	89.823
811.47	89.672
811.66	89.491
811.84	89.319
812.02	89.221
812.20	89.076
812.39	88.930
812.57	88.774
812.75	88.618
812.93	88.495
813.11	88.313
813.30	88.156
813.48	88.025
813.66	87.840
813.84	87.666
814.02	87.470
814.21	87.303
814.39	87.086
814.57	86.872
814.75	86.652
814.93	86.441
815.12	86.210
815.30	85.982
815.48	85.769
815.66	85.533
815.84	85.271
816.03	85.020
816.21	84.740
816.39	84.486
816.57	84.175
816.75	83.863
816.93	83.572
817.12	83.263
817.30	82.948
817.48	82.645
817.66	82.379
817.84	82.120
818.02	81.865
818.21	81.590
818.39	81.333
818.57	81.058
818.75	80.837
818.93	80.580
819.11	80.324
819.30	80.079
819.48	79.857
819.66	79.646
819.84	79.452
820.02	79.234
820.20	79.014
820.38	78.803
820.57	78.602
820.75	78.425
820.93	78.239
821.11	78.061
821.29	77.897
821.47	77.696
821.65	77.495
821.83	77.287
822.02	77.115
822.20	76.917
822.38	76.767
822.56	76.533
822.74	76.337
822.92	76.111
823.10	75.926
823.28	75.710
823.46	75.499
823.65	75.286
823.83	75.108
824.01	74.915
824.19	74.732
824.37	74.551
824.55	74.349
824.73	74.181
824.91	74.003
825.09	73.832
825.27	73.670
825.46	73.494
825.64	73.311
825.82	73.176
826.00	73.020
826.18	72.878
826.36	72.765
826.54	72.665
826.72	72.618
826.90	72.539
827.08	72.484
827.26	72.432
827.44	72.362
827.63	72.303
827.81	72.275
827.99	72.261
828.17	72.233
828.35	72.219
828.53	72.205
828.71	72.224
828.89	72.220
829.07	72.229
829.25	72.234
829.43	72.283
829.61	72.288
829.79	72.310
829.97	72.347
830.15	72.353
830.33	72.392
830.51	72.407
830.69	72.447
830.87	72.431
831.06	72.472
831.24	72.515
831.42	72.565
831.60	72.579
831.78	72.634
831.96	72.712
832.14	72.799
832.32	72.884
832.50	72.948
832.68	73.019
832.86	73.075
833.04	73.192
833.22	73.266
833.40	73.389
833.58	73.481
833.76	73.566
833.94	73.709
834.12	73.843
834.30	73.983
834.48	74.099
834.66	74.289
834.84	74.399
835.02	74.566
835.20	74.726
835.38	74.911
835.56	75.087
835.74	75.263
835.92	75.444
836.10	75.604
836.28	75.775
836.46	75.972
836.64	76.168
836.82	76.323
837.00	76.505
837.18	76.681
837.36	76.898
837.54	77.090
837.72	77.295
837.90	77.497
838.08	77.701
838.26	77.907
838.43	78.093
838.61	78.312
838.79	78.518
838.97	78.721
839.15	78.926
839.33	79.124
839.51	79.280
839.69	79.460
839.87	79.664
840.05	79.888
840.23	80.078
840.41	80.273
840.59	80.436
840.77	80.648
840.95	80.821
841.13	80.973
841.31	81.145
841.49	81.279
841.67	81.401
841.84	81.562
842.02	81.677
842.20	81.860
842.38	81.982
842.56	82.114
842.74	82.263
842.92	82.358
843.10	82.483
843.28	82.661
843.46	82.778
843.64	82.860
843.82	82.981
843.99	83.093
844.17	83.252
844.35	83.473
844.53	83.616
844.71	83.798
844.89	83.918
845.07	84.084
845.25	84.261
845.43	84.430
845.61	84.572
845.78	84.766
845.96	84.906
846.14	85.091
846.32	85.262
846.50	85.393
846.68	85.601
846.86	85.751
847.04	85.885
847.22	85.969
847.39	86.135
847.57	86.230
847.75	86.329
847.93	86.360
848.11	86.428
848.29	86.539
848.47	86.575
848.65	86.694
848.82	86.724
849.00	86.777
849.18	86.804
849.36	86.820
849.54	86.873
849.72	86.851
849.89	86.883
850.07	86.931
850.25	86.919
850.43	86.867
850.61	86.847
850.79	86.788
850.97	86.844
851.14	86.840
851.32	86.814
851.50	86.813
851.68	86.860
851.86	86.897
852.04	86.857
852.21	86.878
852.39	86.870
852.57	86.918
852.75	86.912
852.93	86.899
853.10	86.865
853.28	86.790
853.46	86.769
853.64	86.672
853.82	86.563
854.00	86.561
854.17	86.489
854.35	86.392
854.53	86.331
854.71	86.227
854.89	86.089
855.06	86.033
855.24	85.962
855.42	85.846
855.60	85.676
855.78	85.558
855.95	85.417
856.13	85.290
856.31	85.088
856.49	84.918
856.66	84.797
856.84	84.630
857.02	84.550
857.20	84.454
857.38	84.281
857.55	84.122
857.73	83.881
857.91	83.756
858.09	83.578
858.26	83.419
858.44	83.265
858.62	83.123
858.80	82.924
858.97	82.730
859.15	82.541
859.33	82.320
859.51	82.151
859.68	81.955
859.86	81.755
860.04	81.564
860.22	81.355
860.39	81.138
860.57	80.919
860.75	80.635
860.93	80.397
861.10	80.266
861.28	80.090
861.46	79.875
861.64	79.675
861.81	79.512
861.99	79.291
862.17	79.055
862.35	78.854
862.52	78.693
862.70	78.493
862.88	78.315
863.05	78.113
863.23	77.888
863.41	77.695
863.59	77.483
863.76	77.326
863.94	77.137
864.12	76.953
864.29	76.790
864.47	76.579
864.65	76.387
864.83	76.125
865.00	75.895
865.18	75.735
865.36	75.543
865.53	75.343
865.71	75.205
865.89	75.016
866.06	74.809
866.24	74.566
866.42	74.366
866.59	74.149
866.77	73.991
866.95	73.790
867.12	73.547
867.30	73.376
867.48	73.145
867.65	72.952
867.83	72.739
868.01	72.563
868.18	72.372
868.36	72.183
868.54	72.033
868.71	71.885
868.89	71.735
869.07	71.563
869.24	71.410
869.42	71.221
869.60	71.081
869.77	70.968
869.95	70.826
870.13	70.686
870.30	70.576
870.48	70.401
870.66	70.271
870.83	70.177
871.01	69.999
871.18	69.884
871.36	69.764
871.54	69.634
871.71	69.511
871.89	69.430
872.07	69.268
872.24	69.151
872.42	69.070
872.59	68.954
872.77	68.841
872.95	68.748
873.12	68.616
873.30	68.493
873.48	68.400
873.65	68.314
873.83	68.222
874.00	68.106
874.18	68.037
874.36	67.994
874.53	67.924
874.71	67.866
874.88	67.816
875.06	67.789
875.24	67.803
875.41	67.780
875.59	67.764
875.76	67.811
875.94	67.782
876.11	67.688
876.29	67.622
876.47	67.605
876.64	67.569
876.82	67.543
876.99	67.523
877.17	67.506
877.35	67.506
877.52	67.493
877.70	67.483
877.87	67.496
878.05	67.503
878.22	67.526
878.40	67.584
878.57	67.584
878.75	67.572
878.93	67.533
879.10	67.544
879.28	67.570
879.45	67.579
879.63	67.576
879.80	67.599
879.98	67.669
880.15	67.701
880.33	67.771
880.50	67.837
880.68	67.953
880.86	68.025
881.03	68.115
881.21	68.220
881.38	68.326
881.56	68.510
881.73	68.578
881.91	68.659
882.08	68.742
882.26	68.895
882.43	69.028
882.61	69.221
882.78	69.352
882.96	69.495
883.13	69.632
883.31	69.788
883.48	69.984
883.66	70.150
883.83	70.317
884.01	70.430
884.18	70.654
884.36	70.816
884.53	70.947
884.71	71.090
884.88	71.203
885.06	71.355
885.23	71.422
885.41	71.564
885.58	71.685
885.76	71.844
885.93	71.923
886.11	72.094
886.28	72.192
886.46	72.329
886.63	72.466
886.81	72.578
886.98	72.771
887.15	72.880
887.33	73.052
887.50	73.250
887.68	73.417
887.85	73.512
888.03	73.652
888.20	73.818
888.38	73.974
888.55	74.153
888.73	74.243
888.90	74.381
889.08	74.516
889.25	74.643
889.42	74.777
889.60	74.976
889.77	75.051
889.95	75.200
890.12	75.286
890.30	75.371
890.47	75.458
890.64	75.574
890.82	75.715
890.99	75.819
891.17	75.905
891.34	76.028
891.52	76.136
891.69	76.240
891.86	76.359
892.04	76.460
892.21	76.594
892.39	76.816
892.56	76.962
892.73	77.049
892.91	77.193
893.08	77.387
893.26	77.453
893.43	77.621
893.60	77.711
893.78	77.862
893.95	78.007
894.13	78.245
894.30	78.402
894.47	78.595
894.65	78.722
894.82	78.868
895.00	78.982
895.17	79.143
895.34	79.312
895.52	79.482
895.69	79.587
895.86	79.707
896.04	79.737
896.21	79.893
896.39	80.087
896.56	80.254
896.73	80.261
896.91	80.324
897.08	80.406
897.25	80.570
897.43	80.626
897.60	80.719
897.77	80.717
897.95	80.698
898.12	80.679
898.30	80.772
898.47	80.778
898.64	80.831
898.82	80.839
898.99	80.818
899.16	80.801
899.34	80.782
899.51	80.695
899.68	80.659
899.86	80.588
900.03	80.494
900.20	80.406
900.38	80.410
900.55	80.477
900.72	80.403
900.90	80.308
901.07	80.386
901.24	80.341
901.41	80.345
901.59	80.346
901.76	80.337
901.93	80.269
902.11	80.186
902.28	80.165
902.45	80.240
902.63	80.253
902.80	80.204
902.97	80.208
903.15	80.303
903.32	80.370
903.49	80.374
903.66	80.405
903.84	80.428
904.01	80.400
904.18	80.349
904.36	80.349
904.53	80.317
904.70	80.236
904.87	80.211
905.05	80.122
905.22	80.130
905.39	80.075
905.56	79.989
905.74	79.944
905.91	79.831
906.08	79.695
906.26	79.590
906.43	79.484
906.60	79.361
906.77	79.178
906.95	79.046
907.12	78.906
907.29	78.729
907.46	78.682
907.64	78.562
907.81	78.442
907.98	78.264
908.15	78.149
908.33	78.018
908.50	77.877
908.67	77.761
908.84	77.618
909.01	77.460
909.19	77.372
909.36	77.247
909.53	77.115
909.70	76.886
909.88	76.767
910.05	76.593
910.22	76.515
910.39	76.392
910.57	76.292
910.74	76.185
910.91	76.124
911.08	75.900
911.25	75.760
911.43	75.640
911.60	75.506
911.77	75.343
911.94	75.118
912.11	74.948
912.29	74.745
912.46	74.498
912.63	74.281
912.80	74.048
912.97	73.853
913.15	73.703
913.32	73.565
913.49	73.353
913.66	73.266
913.83	73.029
914.00	72.812
914.18	72.605
914.35	72.400
914.52	72.141
914.69	71.930
914.86	71.720
915.03	71.510
915.21	71.379
915.38	71.179
915.55	71.082
915.72	70.916
915.89	70.790
916.06	70.704
916.24	70.633
916.41	70.476
916.58	70.366
916.75	70.168
916.92	69.998
917.09	69.794
917.26	69.533
917.44	69.339
917.61	69.212
917.78	68.990
917.95	68.839
918.12	68.659
918.29	68.570
918.46	68.380
918.64	68.214
918.81	68.075
918.98	67.948
919.15	67.780
919.32	67.635
919.49	67.413
919.66	67.212
919.83	67.022
920.00	66.859
920.18	66.705
920.35	66.659
920.52	66.556
920.69	66.520
920.86	66.498
921.03	66.409
921.20	66.281
921.37	66.181
921.54	65.945
921.71	65.837
921.89	65.671
922.06	65.619
922.23	65.509
922.40	65.380
922.57	65.179
922.74	65.083
922.91	65.012
923.08	64.951
923.25	64.853
923.42	64.762
923.59	64.727
923.76	64.533
923.93	64.343
924.11	64.170
924.28	64.037
924.45	63.921
924.62	63.892
924.79	63.798
924.96	63.642
925.13	63.616
925.30	63.525
925.47	63.380
925.64	63.298
925.81	63.244
925.98	63.194
926.15	63.181
926.32	63.032
926.49	62.928
926.66	62.851
926.83	62.777
927.00	62.747
927.17	62.628
927.34	62.688
927.51	62.653
927.69	62.700
927.86	62.665
928.03	62.547
928.20	62.526
928.37	62.449
928.54	62.495
928.71	62.475
928.88	62.499
929.05	62.535
929.22	62.525
929.39	62.492
929.56	62.444
929.73	62.414
929.90	62.468
930.07	62.469
930.24	62.442
930.41	62.450
930.58	62.513
930.75	62.591
930.92	62.537
931.09	62.536
931.26	62.516
931.43	62.495
931.60	62.515
931.77	62.467
931.94	62.542
932.11	62.584
932.27	62.635
932.44	62.683
932.61	62.749
932.78	62.735
932.95	62.845
933.12	62.808
933.29	62.862
933.46	62.887
933.63	62.848
933.80	62.900
933.97	62.934
934.14	62.926
934.31	62.891
934.48	62.945
934.65	62.986
934.82	63.072
934.99	63.131
935.16	63.209
935.33	63.292
935.50	63.429
935.67	63.524
935.84	63.568
936.00	63.593
936.17	63.644
936.34	63.778
936.51	63.760
936.68	63.829
936.85	63.876
937.02	63.985
937.19	64.057
937.36	64.207
937.53	64.206
937.70	64.306
937.87	64.390
938.03	64.411
938.20	64.463
938.37	64.527
938.54	64.605
938.71	64.676
938.88	64.790
939.05	64.729
939.22	64.699
939.39	64.773
939.56	64.939
939.72	64.993
939.89	65.021
940.06	65.077
940.23	65.164
940.40	65.249
940.57	65.404
940.74	65.556
940.91	65.575
941.08	65.770
941.24	65.839
941.41	66.021
941.58	66.292
941.75	66.449
941.92	66.599
942.09	66.724
942.26	66.810
942.42	66.870
942.59	67.095
942.76	67.435
942.93	67.588
943.10	67.596
943.27	67.768
943.44	67.902
943.60	68.072
943.77	68.070
943.94	68.284
944.11	68.307
944.28	68.387
944.45	68.544
944.61	68.638
944.78	68.661
944.95	68.700
945.12	68.845
945.29	68.940
945.46	68.915
945.62	68.930
945.79	69.131
945.96	69.418
946.13	69.546
946.30	69.541
946.46	69.703
946.63	69.810
946.80	69.936
946.97	70.104
947.14	70.209
947.31	70.704
947.47	70.909
947.64	71.087
947.81	71.262
947.98	71.447
948.15	71.524
948.31	71.755
948.48	71.890
948.65	71.882
948.82	72.021
948.98	72.167
949.15	72.471
949.32	72.490
949.49	72.458
949.66	72.513
949.82	72.543
949.99	72.646
950.16	72.758
950.33	72.710
950.49	72.763
950.66	72.702
950.83	72.557
951.00	72.391
951.16	72.182
951.33	72.183
951.50	72.080
951.67	72.155
951.83	72.163
952.00	72.152
952.17	72.067
952.34	72.075
952.50	72.202
952.67	72.139
952.84	72.193
953.01	72.098
953.17	72.112
953.34	72.221
953.51	72.143
953.68	72.052
953.84	72.008
954.01	71.944
954.18	71.898
954.34	71.939
954.51	72.004
954.68	72.139
954.85	72.156
955.01	72.254
955.18	72.475
955.35	72.238
955.51	72.216
955.68	72.381
955.85	72.530
956.02	72.406
956.18	72.441
956.35	72.381
956.52	72.460
956.68	72.429
956.85	72.275
957.02	72.303
957.18	72.341
957.35	72.314
957.52	72.385
957.69	72.455
957.85	72.500
958.02	72.358
958.19	72.242
958.35	72.170
958.52	71.931
958.69	71.555
958.85	71.701
959.02	71.731
959.19	71.387
959.35	71.247
959.52	71.306
959.69	71.276
959.85	71.312
960.02	71.276
960.19	71.130
960.35	71.067
960.52	70.948
960.68	70.903
960.85	71.004
961.02	70.738
961.18	70.738
961.35	70.477
961.52	70.536
961.68	70.547
961.85	70.488
962.02	70.530
962.18	70.570
962.35	70.295
962.51	70.148
962.68	70.222
962.85	70.085
963.01	69.732
963.18	69.652
963.35	69.247
963.51	69.040
963.68	69.064
963.84	68.822
964.01	68.837
964.18	68.691
964.34	68.418
964.51	68.246
964.67	68.033
964.84	67.964
965.01	67.691
965.17	67.368
965.34	67.332
965.50	67.074
965.67	67.003
965.84	67.017
966.00	67.131
966.17	67.220
966.33	67.084
966.50	67.007
966.66	66.876
966.83	66.964
967.00	66.900
967.16	66.659
967.33	66.610
967.49	66.391
967.66	66.551
967.82	66.349
967.99	66.488
968.16	66.501
968.32	66.397
968.49	66.194
968.65	66.401
968.82	66.215
968.98	66.276
969.15	65.962
969.31	65.678
969.48	65.393
969.64	65.034
969.81	64.996
969.98	64.947
970.14	64.617
970.31	64.560
970.47	64.311
970.64	64.075
970.80	64.085
970.97	63.567
971.13	63.199
971.30	63.130
971.46	62.878
971.63	62.610
971.79	62.639
971.96	62.690
972.12	62.343
972.29	61.946
972.45	61.826
972.62	61.851
972.78	61.906
972.95	61.473
973.11	61.278
973.28	61.121
973.44	61.124
973.61	61.336
973.77	61.078
973.94	61.040
974.10	61.222
974.27	61.201
974.43	61.496
974.60	61.464
974.76	61.467
974.93	61.552
975.09	61.411
975.26	61.160
975.42	61.053
975.59	60.883
975.75	61.223
975.92	61.109
976.08	60.577
976.24	60.387
976.41	60.210
976.57	60.227
976.74	60.075
976.90	59.687
977.07	59.191
977.23	59.158
977.40	58.977
977.56	58.343
977.73	57.967
977.89	57.728
978.05	57.367
978.22	57.152
978.38	56.775
978.55	56.537
978.71	56.361
978.88	56.441
979.04	56.429
979.20	56.254
979.37	56.133
979.53	56.128
979.70	56.207
979.86	56.482
980.03	56.259
980.19	56.170
980.35	56.216
980.52	56.034
980.68	56.101
980.85	56.061
981.01	56.178
981.17	56.078
981.34	55.830
981.50	55.717
981.67	55.684
981.83	55.570
981.99	55.457
982.16	55.213
982.32	54.298
982.49	54.248
982.65	54.075
982.81	54.225
982.98	54.219
983.14	54.165
983.30	53.807
983.47	53.865
983.63	53.643
983.80	53.424
983.96	53.234
984.12	53.587
984.29	53.772
984.45	53.955
984.61	53.792
984.78	54.097
984.94	54.360
985.10	54.875
985.27	54.705
985.43	55.185
985.59	55.559
985.76	56.158
985.92	56.384
986.08	56.704
986.25	56.136
986.41	56.722
986.57	56.173
986.74	56.396
986.90	56.261
987.06	56.190
987.23	56.174
987.39	56.037
987.55	55.175
987.72	54.795
987.88	54.002
988.04	54.390
988.21	54.732
988.37	54.505
988.53	53.690
988.70	54.078
988.86	53.546
989.02	53.243
989.19	52.762
989.35	52.642
989.51	51.811
989.67	51.880
989.84	51.258
990.00	51.334
990.16	51.468
990.33	51.610
990.49	52.010
990.65	52.134
990.82	52.489
990.98	52.420
991.14	52.422
991.30	53.435
991.47	52.781
991.63	52.680
991.79	53.537
991.95	53.718
992.12	53.743
992.28	54.043
992.44	54.166
992.61	54.501
992.77	54.604
992.93	55.250
993.09	55.363
993.26	55.676
993.42	56.207
993.58	56.005
993.74	55.768
993.91	55.327
994.07	55.185
994.23	55.359
994.39	55.414
994.55	55.551
994.72	54.965
994.88	55.156
995.04	54.565
995.20	53.991
995.37	53.727
995.53	53.800
995.69	53.461
995.85	52.960
996.02	52.919
996.18	53.135
996.34	52.731
996.50	52.875
996.66	53.774
996.83	53.196
996.99	52.490
997.15	53.151
997.31	53.147
997.47	53.459
997.64	53.254
997.80	53.666
997.96	54.276
998.12	54.566
998.28	55.359
998.45	55.953
998.61	55.977
998.77	55.615
998.93	55.640
999.09	56.748
999.25	57.010
999.42	58.072
999.58	57.838
999.74	57.682
999.90	57.408
1000.06	56.601
1000.22	56.903
1000.39	57.793
1000.55	57.332
1000.71	57.751
1000.87	57.424
1001.03	57.186
1001.19	57.263
1001.36	56.506
1001.52	56.178
1001.68	55.780
1001.84	56.454
1002.00	55.471
1002.16	55.781
1002.32	55.224
1002.49	53.546
1002.65	53.457
1002.81	52.739
1002.97	52.692
1003.13	52.765
1003.29	53.457
1003.45	52.951
1003.62	53.723
1003.78	53.323
1003.94	53.668
1004.10	53.060
1004.26	53.362
1004.42	53.246
1004.58	52.952
1004.74	53.489
1004.90	54.661
1005.07	54.558
1005.23	53.276
1005.39	54.620
1005.55	55.341
1005.71	54.653
1005.87	55.848
1006.03	56.898
1006.19	56.967
1006.35	56.597
1006.51	57.494
1006.67	57.302
1006.84	57.194
1007.00	56.742
1007.16	57.848
1007.32	56.272
1007.48	56.874
1007.64	57.880
1007.80	57.865
1007.96	56.694
1008.12	57.065
1008.28	55.378
1008.44	56.332
1008.60	56.964
1008.76	55.289
1008.92	54.089
1009.09	54.357
1009.25	53.840
1009.41	52.721
1009.57	53.284
1009.73	53.808
1009.89	53.903
1010.05	54.703
1010.21	56.678
1010.37	56.232
1010.53	57.002
1010.69	59.017
1010.85	58.454
1011.01	57.222
1011.17	56.149
1011.33	58.520
1011.49	58.519
1011.65	58.708
1011.81	58.271
1011.97	58.459
1012.13	60.853
1012.29	62.243
1012.45	63.502
1012.61	66.351
1012.77	64.149
1012.93	63.340
1013.09	61.736
1013.25	61.955
1013.41	61.751
1013.57	58.264
1013.73	57.759
1013.89	54.705
1014.05	55.913
1014.21	54.220
1014.37	52.737
1014.53	51.460
1014.69	50.574
1014.85	50.950
1015.01	51.642
1015.17	54.434
1015.33	53.849
1015.49	52.040
1015.65	54.089
1015.81	54.614
1015.97	51.402
1016.13	54.777
1016.29	55.023
1016.45	55.697
1016.61	56.576
1016.77	54.950
1016.93	55.642
1017.09	54.604
1017.25	55.415
1017.41	54.090
1017.56	56.420
1017.72	61.338
1017.88	64.117
1018.04	65.617
1018.20	62.547
1018.36	63.993
1018.52	60.401
1018.68	61.928
1018.84	63.460
1019.00	60.731
1019.16	61.806
1019.32	65.695
1019.48	66.646
1019.64	68.302
1019.79	66.999
1019.95	62.016
1020.11	65.606
1020.27	65.089
1020.43	70.734
1020.59	72.354
1020.75	70.301
1020.91	73.758
1021.07	68.642
1021.23	68.032
1021.39	65.632
1021.54	71.093
1021.70	67.765
1021.86	66.312
1022.02	64.069
1022.18	60.933
1022.34	63.562
1022.50	62.874
1022.66	59.025
1022.82	58.018
1022.97	56.785
1023.13	59.519
1023.29	64.108
1023.45	62.683
1023.61	63.528
1023.77	60.909
1023.93	61.982
1024.08	62.234
1024.24	57.846
1024.40	56.528
1024.56	63.129
1024.72	59.040
1024.88	49.596
1025.04	53.660
1025.19	55.169
1025.35	54.068
1025.51	58.585
1025.67	60.536
1025.83	56.647
1025.99	60.031
1026.14	57.820
1026.30	62.972
1026.46	63.729
1026.62	60.518
1026.78	56.978
1026.94	55.478
1027.09	54.001
1027.25	50.902
1027.41	49.633
1027.57	51.594
1027.73	51.599
1027.89	47.476
1028.04	48.606
1028.20	47.665
1028.36	47.427
1028.52	46.741
1028.68	46.065
1028.83	45.399
1028.99	44.389
1029.15	46.396
1029.31	45.438
1029.47	46.605
1029.62	45.917
1029.78	45.177
1029.94	45.206
1030.10	46.168
1030.25	47.708
1030.41	50.938
1030.57	52.185
1030.73	55.763
1030.89	52.626
1031.04	55.977
1031.20	57.200
1031.36	62.621
1031.52	69.907
1031.67	72.840
1031.83	74.033
1031.99	82.371
1032.15	73.663
1032.30	78.788
1032.46	81.417
1032.62	73.122
1032.78	68.616
1032.93	74.490
1033.09	65.769
1033.25	53.048
1033.41	42.186
1033.56	32.138
1033.72	-46.275
1033.88	100.952
1034.04	32.363
1034.19	20.515
1034.35	66.318
1034.51	-2.790
1034.66	51.300
1034.82	3776.667
1034.98	3776.667
1035.14	3776.667
