345.22	34.678
345.43	34.678
345.65	34.678
345.86	54.517
346.08	95.152
346.29	24.795
346.51	12.928
346.72	57.449
346.94	-162.372
347.15	-57.527
347.37	75.430
347.58	104.425
347.80	133.337
348.01	116.166
348.23	91.971
348.44	86.788
348.66	83.604
348.87	87.631
349.09	84.090
349.30	76.328
349.52	71.501
349.73	75.480
349.95	76.476
350.16	78.531
350.38	76.529
350.59	71.534
350.81	70.610
351.02	69.779
351.24	70.079
351.45	69.499
351.67	71.412
351.88	70.680
352.10	67.454
352.31	66.207
352.53	69.528
352.74	70.814
352.96	71.742
353.17	70.703
353.39	71.096
353.60	73.351
353.82	73.594
354.03	74.199
354.25	69.995
354.46	65.294
354.67	62.778
354.89	60.872
355.10	64.517
355.32	64.052
355.53	65.235
355.75	66.538
355.96	67.482
356.18	67.531
356.39	67.100
356.61	70.561
356.82	70.376
357.04	67.539
357.25	67.412
357.46	67.029
357.68	67.268
357.89	65.694
358.11	64.271
358.32	67.178
358.54	65.089
358.75	66.537
358.97	68.429
359.18	71.200
359.40	71.031
359.61	70.714
359.82	71.780
360.04	71.859
360.25	69.967
360.47	66.608
360.68	65.895
360.90	66.388
361.11	64.536
361.32	64.827
361.54	67.638
361.75	67.508
361.97	68.660
362.18	69.234
362.40	70.953
362.61	72.044
362.83	71.554
363.04	72.616
363.25	73.621
363.47	74.782
363.68	72.559
363.90	75.659
364.11	76.107
364.32	76.062
364.54	74.548
364.75	72.167
364.97	75.079
365.18	74.342
365.40	73.284
365.61	72.985
365.82	73.575
366.04	72.772
366.25	72.234
366.47	70.777
366.68	69.632
366.89	69.937
367.11	68.303
367.32	69.043
367.54	66.895
367.75	66.822
367.96	65.991
368.18	66.750
368.39	66.001
368.61	66.368
368.82	67.668
369.03	70.041
369.25	73.298
369.46	74.204
369.68	74.841
369.89	75.376
370.10	76.242
370.32	76.320
370.53	75.885
370.75	72.654
370.96	74.477
371.17	74.910
371.39	73.191
371.60	73.493
371.81	73.944
372.03	75.907
372.24	76.840
372.46	79.926
372.67	80.479
372.88	78.973
373.10	78.428
373.31	76.745
373.52	76.022
373.74	74.498
373.95	73.815
374.17	74.685
374.38	76.336
374.59	76.884
374.81	75.256
375.02	74.015
375.23	77.070
375.45	75.356
375.66	73.586
375.87	74.627
376.09	74.788
376.30	73.964
376.52	75.906
376.73	73.202
376.94	71.655
377.16	73.064
377.37	77.158
377.58	77.646
377.80	79.642
378.01	81.029
378.22	82.897
378.44	83.560
378.65	85.482
378.86	85.802
379.08	86.670
379.29	87.748
379.50	90.724
379.72	90.995
379.93	94.078
380.14	97.322
380.36	98.467
380.57	100.106
380.78	100.458
381.00	101.393
381.21	103.264
381.42	104.585
381.64	105.250
381.85	105.289
382.06	105.732
382.28	106.121
382.49	105.964
382.70	106.886
382.92	107.652
383.13	107.285
383.34	108.108
383.56	109.322
383.77	110.818
383.98	110.776
384.20	112.199
384.41	112.610
384.62	113.075
384.83	113.830
385.05	114.455
385.26	115.594
385.47	116.559
385.69	117.612
385.90	118.535
386.11	119.306
386.33	120.267
386.54	121.141
386.75	121.771
386.97	122.915
387.18	123.589
387.39	124.377
387.60	124.759
387.82	125.124
388.03	125.331
388.24	125.666
388.46	125.925
388.67	125.881
388.88	125.697
389.09	125.428
389.31	125.031
389.52	124.629
389.73	123.935
389.95	123.343
390.16	122.693
390.37	122.172
390.58	121.624
390.80	120.839
391.01	120.274
391.22	119.730
391.44	118.881
391.65	118.208
391.86	117.548
392.07	117.328
392.29	116.973
392.50	116.628
392.71	116.285
392.92	116.174
393.14	115.984
393.35	116.008
393.56	116.206
393.78	116.474
393.99	116.952
394.20	117.528
394.41	118.029
394.63	118.501
394.84	119.214
395.05	120.061
395.26	120.815
395.48	121.600
395.69	122.310
395.90	123.291
396.11	124.154
396.33	124.973
396.54	125.784
396.75	126.416
396.96	127.064
397.18	127.601
397.39	128.083
397.60	128.560
397.81	128.895
398.03	129.038
398.24	129.114
398.45	129.010
398.66	128.828
398.87	128.600
399.09	128.272
399.30	127.698
399.51	126.953
399.72	126.307
399.94	125.556
400.15	124.755
400.36	123.812
400.57	122.862
400.79	121.939
401.00	120.924
401.21	120.032
401.42	119.135
401.63	118.263
401.85	117.479
402.06	116.834
402.27	116.204
402.48	115.746
402.69	115.371
402.91	115.024
403.12	114.751
403.33	114.705
403.54	114.819
403.76	114.890
403.97	115.176
404.18	115.573
404.39	116.074
404.60	116.695
404.82	117.403
405.03	118.203
405.24	118.977
405.45	119.825
405.66	120.717
405.88	121.592
406.09	122.531
406.30	123.337
406.51	124.041
406.72	124.783
406.94	125.452
407.15	126.019
407.36	126.601
407.57	127.105
407.78	127.428
407.99	127.583
408.21	127.733
408.42	127.760
408.63	127.710
408.84	127.460
409.05	127.137
409.27	126.628
409.48	125.957
409.69	125.251
409.90	124.530
410.11	123.726
410.32	122.884
410.54	121.919
410.75	120.911
410.96	119.900
411.17	118.869
411.38	117.860
411.59	116.894
411.81	115.884
412.02	114.936
412.23	114.062
412.44	113.298
412.65	112.674
412.86	112.147
413.08	111.633
413.29	111.220
413.50	110.995
413.71	110.907
413.92	110.909
414.13	111.013
414.34	111.207
414.56	111.435
414.77	111.810
414.98	112.260
415.19	112.909
415.40	113.645
415.61	114.418
415.82	115.202
416.04	116.063
416.25	116.895
416.46	117.769
416.67	118.693
416.88	119.540
417.09	120.357
417.30	121.077
417.52	121.826
417.73	122.460
417.94	122.989
418.15	123.464
418.36	123.934
418.57	124.205
418.78	124.375
418.99	124.536
419.21	124.552
419.42	124.482
419.63	124.290
419.84	123.965
420.05	123.521
420.26	122.963
420.47	122.266
420.68	121.609
420.89	120.863
421.11	119.963
421.32	119.125
421.53	118.186
421.74	117.268
421.95	116.339
422.16	115.435
422.37	114.558
422.58	113.613
422.79	112.694
423.01	111.904
423.22	111.147
423.43	110.469
423.64	109.872
423.85	109.383
424.06	108.988
424.27	108.672
424.48	108.482
424.69	108.464
424.90	108.539
425.11	108.696
425.33	108.970
425.54	109.327
425.75	109.733
425.96	110.239
426.17	110.842
426.38	111.510
426.59	112.243
426.80	113.018
427.01	113.868
427.22	114.788
427.43	115.769
427.64	116.679
427.85	117.543
428.07	118.431
428.28	119.247
428.49	120.048
428.70	120.816
428.91	121.509
429.12	122.094
429.33	122.659
429.54	123.136
429.75	123.497
429.96	123.842
430.17	124.084
430.38	124.215
430.59	124.175
430.80	124.029
431.01	123.801
431.22	123.508
431.44	123.102
431.65	122.601
431.86	121.978
432.07	121.326
432.28	120.627
432.49	119.843
432.70	119.001
432.91	118.084
433.12	117.123
433.33	116.149
433.54	115.229
433.75	114.285
433.96	113.371
434.17	112.395
434.38	111.507
434.59	110.667
434.80	109.870
435.01	109.240
435.22	108.671
435.43	108.189
435.64	107.758
435.85	107.417
436.06	107.173
436.27	107.055
436.48	107.043
436.69	107.078
436.90	107.241
437.11	107.523
437.33	107.885
437.54	108.349
437.75	108.937
437.96	109.517
438.17	110.163
438.38	110.824
438.59	111.614
438.80	112.392
439.01	113.264
439.22	114.185
439.43	114.944
439.64	115.750
439.85	116.553
440.06	117.309
440.27	118.084
440.48	118.764
440.69	119.392
440.90	119.958
441.11	120.520
441.32	120.969
441.53	121.331
441.74	121.595
441.95	121.805
442.16	121.896
442.37	121.872
442.58	121.793
442.79	121.638
443.00	121.387
443.21	121.058
443.42	120.561
443.62	119.923
443.83	119.397
444.04	118.743
444.25	118.029
444.46	117.249
444.67	116.399
444.88	115.553
445.09	114.646
445.30	113.715
445.51	112.746
445.72	111.761
445.93	110.854
446.14	109.937
446.35	109.016
446.56	108.185
446.77	107.406
446.98	106.644
447.19	105.925
447.40	105.312
447.61	104.725
447.82	104.242
448.03	103.885
448.24	103.554
448.45	103.329
448.66	103.201
448.87	103.159
449.08	103.223
449.29	103.353
449.49	103.580
449.70	103.901
449.91	104.280
450.12	104.769
450.33	105.265
450.54	105.852
450.75	106.510
450.96	107.172
451.17	107.889
451.38	108.618
451.59	109.391
451.80	110.121
452.01	110.891
452.22	111.678
452.43	112.396
452.64	113.089
452.84	113.774
453.05	114.399
453.26	115.019
453.47	115.539
453.68	116.029
453.89	116.454
454.10	116.762
454.31	117.046
454.52	117.209
454.73	117.333
454.94	117.343
455.15	117.254
455.36	117.067
455.56	116.818
455.77	116.485
455.98	116.099
456.19	115.653
456.40	115.142
456.61	114.569
456.82	113.901
457.03	113.196
457.24	112.423
457.45	111.629
457.65	110.740
457.86	109.876
458.07	108.988
458.28	108.033
458.49	107.141
458.70	106.202
458.91	105.306
459.12	104.417
459.33	103.529
459.54	102.720
459.74	101.954
459.95	101.215
460.16	100.579
460.37	100.001
460.58	99.495
460.79	99.028
461.00	98.615
461.21	98.315
461.41	98.088
461.62	97.943
461.83	97.897
462.04	97.944
462.25	98.012
462.46	98.197
462.67	98.475
462.88	98.823
463.08	99.259
463.29	99.722
463.50	100.256
463.71	100.876
463.92	101.501
464.13	102.141
464.34	102.826
464.54	103.546
464.75	104.281
464.96	105.004
465.17	105.738
465.38	106.437
465.59	107.171
465.80	107.858
466.00	108.500
466.21	109.109
466.42	109.667
466.63	110.238
466.84	110.737
467.05	111.170
467.26	111.535
467.46	111.776
467.67	112.002
467.88	112.163
468.09	112.221
468.30	112.247
468.51	112.205
468.71	112.063
468.92	111.862
469.13	111.578
469.34	111.244
469.55	110.811
469.76	110.355
469.96	109.801
470.17	109.200
470.38	108.569
470.59	107.864
470.80	107.119
471.00	106.379
471.21	105.575
471.42	104.771
471.63	103.946
471.84	103.134
472.05	102.291
472.25	101.450
472.46	100.628
472.67	99.781
472.88	99.005
473.09	98.232
473.29	97.477
473.50	96.799
473.71	96.136
473.92	95.533
474.13	94.981
474.33	94.510
474.54	94.097
474.75	93.749
474.96	93.462
475.17	93.250
475.37	93.065
475.58	92.978
475.79	92.967
476.00	93.026
476.21	93.164
476.41	93.366
476.62	93.636
476.83	93.955
477.04	94.374
477.24	94.812
477.45	95.312
477.66	95.851
477.87	96.395
478.08	97.013
478.28	97.627
478.49	98.284
478.70	98.961
478.91	99.625
479.11	100.285
479.32	100.975
479.53	101.627
479.74	102.303
479.94	102.930
480.15	103.507
480.36	104.053
480.57	104.570
480.78	105.071
480.98	105.481
481.19	105.853
481.40	106.160
481.61	106.444
481.81	106.660
482.02	106.804
482.23	106.926
482.44	106.938
482.64	106.918
482.85	106.824
483.06	106.641
483.27	106.434
483.47	106.183
483.68	105.852
483.89	105.467
484.10	105.014
484.30	104.524
484.51	103.963
484.72	103.394
484.92	102.745
485.13	102.088
485.34	101.409
485.55	100.691
485.75	99.961
485.96	99.184
486.17	98.410
486.38	97.642
486.58	96.853
486.79	96.090
487.00	95.321
487.20	94.563
487.41	93.847
487.62	93.153
487.83	92.470
488.03	91.820
488.24	91.219
488.45	90.646
488.65	90.109
488.86	89.644
489.07	89.219
489.28	88.859
489.48	88.541
489.69	88.318
489.90	88.129
490.10	88.014
490.31	87.960
490.52	87.942
490.73	87.995
490.93	88.111
491.14	88.277
491.35	88.507
491.55	88.781
491.76	89.102
491.97	89.464
492.17	89.860
492.38	90.306
492.59	90.788
492.79	91.316
493.00	91.867
493.21	92.437
493.41	93.017
493.62	93.610
493.83	94.220
494.04	94.789
494.24	95.384
494.45	95.969
494.66	96.526
494.86	97.104
495.07	97.631
495.28	98.158
495.48	98.639
495.69	99.088
495.90	99.515
496.10	99.903
496.31	100.231
496.52	100.516
496.72	100.788
496.93	100.998
497.14	101.150
497.34	101.239
497.55	101.301
497.76	101.301
497.96	101.248
498.17	101.137
498.37	100.991
498.58	100.767
498.79	100.492
498.99	100.195
499.20	99.825
499.41	99.413
499.61	98.937
499.82	98.442
500.03	97.894
500.23	97.335
500.44	96.725
500.65	96.099
500.85	95.455
501.06	94.760
501.26	94.065
501.47	93.353
501.68	92.649
501.88	91.918
502.09	91.201
502.30	90.481
502.50	89.771
502.71	89.079
502.91	88.405
503.12	87.748
503.33	87.111
503.53	86.519
503.74	85.944
503.95	85.399
504.15	84.893
504.36	84.427
504.56	83.994
504.77	83.623
504.98	83.280
505.18	83.004
505.39	82.769
505.59	82.584
505.80	82.453
506.01	82.375
506.21	82.351
506.42	82.376
506.62	82.446
506.83	82.560
507.04	82.728
507.24	82.937
507.45	83.200
507.65	83.501
507.86	83.821
508.07	84.191
508.27	84.602
508.48	85.034
508.68	85.509
508.89	85.994
509.10	86.490
509.30	87.007
509.51	87.522
509.71	88.046
509.92	88.575
510.12	89.103
510.33	89.626
510.54	90.135
510.74	90.642
510.95	91.127
511.15	91.600
511.36	92.061
511.56	92.504
511.77	92.902
511.98	93.280
512.18	93.639
512.39	93.958
512.59	94.240
512.80	94.483
513.00	94.681
513.21	94.837
513.42	94.965
513.62	95.046
513.83	95.090
514.03	95.078
514.24	95.019
514.44	94.909
514.65	94.769
514.85	94.591
515.06	94.370
515.26	94.099
515.47	93.796
515.68	93.443
515.88	93.055
516.09	92.630
516.29	92.177
516.50	91.684
516.70	91.161
516.91	90.614
517.11	90.048
517.32	89.464
517.52	88.858
517.73	88.254
517.93	87.625
518.14	86.992
518.34	86.364
518.55	85.732
518.76	85.107
518.96	84.471
519.17	83.837
519.37	83.212
519.58	82.623
519.78	82.035
519.99	81.459
520.19	80.912
520.40	80.407
520.60	79.917
520.81	79.458
521.01	79.024
521.22	78.641
521.42	78.290
521.63	77.972
521.83	77.697
522.04	77.451
522.24	77.267
522.45	77.118
522.65	77.015
522.86	76.960
523.06	76.941
523.27	76.972
523.47	77.046
523.68	77.156
523.88	77.299
524.09	77.488
524.29	77.727
524.50	77.995
524.70	78.287
524.91	78.610
525.11	78.976
525.32	79.374
525.52	79.783
525.72	80.233
525.93	80.695
526.13	81.180
526.34	81.664
526.54	82.174
526.75	82.670
526.95	83.177
527.16	83.675
527.36	84.184
527.57	84.680
527.77	85.168
527.98	85.661
528.18	86.136
528.39	86.590
528.59	87.033
528.79	87.449
529.00	87.857
529.20	88.235
529.41	88.608
529.61	88.942
529.82	89.236
530.02	89.488
530.23	89.724
530.43	89.909
530.64	90.074
530.84	90.185
531.04	90.260
531.25	90.324
531.45	90.356
531.66	90.340
531.86	90.287
532.07	90.187
532.27	90.050
532.47	89.885
532.68	89.702
532.88	89.477
533.09	89.217
533.29	88.905
533.50	88.572
533.70	88.171
533.90	87.770
534.11	87.357
534.31	86.917
534.52	86.442
534.72	85.977
534.93	85.489
535.13	84.968
535.33	84.454
535.54	83.900
535.74	83.349
535.95	82.778
536.15	82.233
536.35	81.680
536.56	81.129
536.76	80.564
536.97	80.019
537.17	79.471
537.37	78.938
537.58	78.441
537.78	77.954
537.99	77.493
538.19	77.033
538.39	76.593
538.60	76.182
538.80	75.813
539.01	75.446
539.21	75.115
539.41	74.831
539.62	74.566
539.82	74.345
540.03	74.146
540.23	74.003
540.43	73.872
540.64	73.803
540.84	73.756
541.04	73.761
541.25	73.809
541.45	73.886
541.66	73.995
541.86	74.137
542.06	74.319
542.27	74.531
542.47	74.794
542.67	75.067
542.88	75.379
543.08	75.712
543.28	76.083
543.49	76.468
543.69	76.880
543.90	77.321
544.10	77.757
544.30	78.239
544.51	78.713
544.71	79.228
544.91	79.719
545.12	80.230
545.32	80.748
545.52	81.234
545.73	81.749
545.93	82.253
546.13	82.729
546.34	83.195
546.54	83.656
546.74	84.098
546.95	84.551
547.15	84.979
547.35	85.370
547.56	85.765
547.76	86.146
547.96	86.491
548.17	86.824
548.37	87.142
548.57	87.399
548.78	87.638
548.98	87.839
549.18	88.005
549.39	88.143
549.59	88.247
549.79	88.346
550.00	88.395
550.20	88.441
550.40	88.433
550.61	88.408
550.81	88.343
551.01	88.245
551.22	88.115
551.42	87.951
551.62	87.764
551.82	87.529
552.03	87.281
552.23	87.002
552.43	86.688
552.64	86.353
552.84	85.996
553.04	85.613
553.25	85.210
553.45	84.782
553.65	84.340
553.85	83.901
554.06	83.439
554.26	82.957
554.46	82.450
554.67	81.954
554.87	81.439
555.07	80.937
555.27	80.422
555.48	79.904
555.68	79.403
555.88	78.896
556.09	78.401
556.29	77.890
556.49	77.406
556.69	76.920
556.90	76.452
557.10	76.018
557.30	75.612
557.50	75.202
557.71	74.840
557.91	74.495
558.11	74.150
558.31	73.843
558.52	73.567
558.72	73.319
558.92	73.101
559.13	72.916
559.33	72.754
559.53	72.617
559.73	72.528
559.94	72.457
560.14	72.415
560.34	72.403
560.54	72.430
560.75	72.495
560.95	72.586
561.15	72.721
561.35	72.865
561.55	73.030
561.76	73.240
561.96	73.456
562.16	73.719
562.36	74.018
562.57	74.326
562.77	74.661
562.97	75.020
563.17	75.388
563.38	75.769
563.58	76.177
563.78	76.603
563.98	77.033
564.18	77.469
564.39	77.929
564.59	78.387
564.79	78.864
564.99	79.326
565.20	79.789
565.40	80.234
565.60	80.685
565.80	81.152
566.00	81.594
566.21	82.040
566.41	82.451
566.61	82.861
566.81	83.269
567.01	83.653
567.22	84.030
567.42	84.392
567.62	84.722
567.82	85.037
568.02	85.333
568.23	85.605
568.43	85.854
568.63	86.088
568.83	86.282
569.03	86.441
569.24	86.586
569.44	86.715
569.64	86.821
569.84	86.909
570.04	86.940
570.24	86.961
570.45	86.957
570.65	86.931
570.85	86.870
571.05	86.770
571.25	86.644
571.45	86.482
571.66	86.317
571.86	86.129
572.06	85.896
572.26	85.651
572.46	85.388
572.66	85.113
572.87	84.796
573.07	84.479
573.27	84.136
573.47	83.779
573.67	83.395
573.87	82.990
574.08	82.564
574.28	82.149
574.48	81.717
574.68	81.266
574.88	80.813
575.08	80.336
575.28	79.870
575.49	79.408
575.69	78.945
575.89	78.458
576.09	77.997
576.29	77.528
576.49	77.061
576.69	76.596
576.90	76.143
577.10	75.705
577.30	75.273
577.50	74.863
577.70	74.456
577.90	74.070
578.10	73.717
578.30	73.376
578.51	73.051
578.71	72.754
578.91	72.473
579.11	72.206
579.31	71.972
579.51	71.760
579.71	71.577
579.91	71.409
580.12	71.282
580.32	71.177
580.52	71.109
580.72	71.055
580.92	71.028
581.12	71.016
581.32	71.045
581.52	71.116
581.72	71.195
581.92	71.304
582.13	71.450
582.33	71.596
582.53	71.778
582.73	71.977
582.93	72.203
583.13	72.456
583.33	72.743
583.53	73.040
583.73	73.362
583.93	73.699
584.13	74.062
584.34	74.449
584.54	74.818
584.74	75.197
584.94	75.611
585.14	76.032
585.34	76.464
585.54	76.867
585.74	77.280
585.94	77.714
586.14	78.159
586.34	78.585
586.54	79.034
586.74	79.477
586.94	79.923
587.15	80.365
587.35	80.789
587.55	81.201
587.75	81.612
587.95	81.996
588.15	82.372
588.35	82.728
588.55	83.077
588.75	83.427
588.95	83.758
589.15	84.063
589.35	84.354
589.55	84.621
589.75	84.910
589.95	85.153
590.15	85.373
590.35	85.563
590.55	85.744
590.75	85.893
590.95	86.015
591.15	86.114
591.35	86.182
591.56	86.231
591.76	86.255
591.96	86.253
592.16	86.243
592.36	86.203
592.56	86.147
592.76	86.053
592.96	85.948
593.16	85.806
593.36	85.650
593.56	85.479
593.76	85.300
593.96	85.070
594.16	84.842
594.36	84.593
594.56	84.323
594.76	84.032
594.96	83.731
595.16	83.399
595.36	83.062
595.56	82.700
595.76	82.319
595.96	81.923
596.16	81.535
596.36	81.126
596.56	80.720
596.76	80.289
596.96	79.860
597.16	79.429
597.36	79.007
597.56	78.571
597.76	78.125
597.96	77.675
598.16	77.239
598.36	76.804
598.56	76.363
598.76	75.936
598.96	75.525
599.16	75.117
599.36	74.744
599.56	74.371
599.76	74.004
599.96	73.661
600.15	73.330
600.35	73.017
600.55	72.721
600.75	72.423
600.95	72.159
601.15	71.899
601.35	71.653
601.55	71.432
601.75	71.243
601.95	71.072
602.15	70.933
602.35	70.793
602.55	70.689
602.75	70.612
602.95	70.547
603.15	70.492
603.35	70.478
603.55	70.471
603.75	70.483
603.95	70.528
604.15	70.593
604.35	70.689
604.54	70.795
604.74	70.943
604.94	71.104
605.14	71.278
605.34	71.480
605.54	71.714
605.74	71.966
605.94	72.224
606.14	72.508
606.34	72.801
606.54	73.118
606.74	73.452
606.94	73.794
607.14	74.160
607.33	74.547
607.53	74.926
607.73	75.313
607.93	75.702
608.13	76.104
608.33	76.514
608.53	76.912
608.73	77.330
608.93	77.725
609.13	78.130
609.33	78.544
609.52	78.956
609.72	79.356
609.92	79.743
610.12	80.137
610.32	80.520
610.52	80.912
610.72	81.279
610.92	81.636
611.12	81.990
611.31	82.333
611.51	82.662
611.71	82.978
611.91	83.293
612.11	83.605
612.31	83.900
612.51	84.170
612.71	84.439
612.91	84.672
613.10	84.901
613.30	85.141
613.50	85.341
613.70	85.519
613.90	85.673
614.10	85.808
614.30	85.908
614.50	86.002
614.69	86.054
614.89	86.103
615.09	86.130
615.29	86.139
615.49	86.122
615.69	86.083
615.89	86.034
616.08	85.965
616.28	85.867
616.48	85.747
616.68	85.603
616.88	85.445
617.08	85.266
617.27	85.084
617.47	84.864
617.67	84.630
617.87	84.377
618.07	84.121
618.27	83.855
618.47	83.584
618.66	83.288
618.86	82.990
619.06	82.666
619.26	82.342
619.46	82.003
619.66	81.644
619.85	81.275
620.05	80.899
620.25	80.502
620.45	80.111
620.65	79.709
620.84	79.333
621.04	78.940
621.24	78.569
621.44	78.161
621.64	77.743
621.84	77.347
622.03	76.950
622.23	76.558
622.43	76.165
622.63	75.781
622.83	75.400
623.02	75.026
623.22	74.671
623.42	74.301
623.62	73.950
623.82	73.625
624.01	73.301
624.21	72.988
624.41	72.699
624.61	72.422
624.81	72.169
625.00	71.907
625.20	71.665
625.40	71.428
625.60	71.223
625.79	71.047
625.99	70.893
626.19	70.747
626.39	70.620
626.59	70.513
626.78	70.436
626.98	70.372
627.18	70.323
627.38	70.299
627.57	70.318
627.77	70.341
627.97	70.379
628.17	70.451
628.37	70.532
628.56	70.647
628.76	70.767
628.96	70.901
629.16	71.054
629.35	71.252
629.55	71.458
629.75	71.682
629.95	71.923
630.14	72.167
630.34	72.437
630.54	72.720
630.74	73.008
630.93	73.309
631.13	73.620
631.33	73.939
631.53	74.250
631.72	74.572
631.92	74.917
632.12	75.277
632.31	75.630
632.51	76.015
632.71	76.392
632.91	76.768
633.10	77.154
633.30	77.557
633.50	77.929
633.70	78.324
633.89	78.707
634.09	79.100
634.29	79.486
634.48	79.865
634.68	80.256
634.88	80.639
635.08	81.020
635.27	81.408
635.47	81.785
635.67	82.168
635.86	82.541
636.06	82.898
636.26	83.226
636.46	83.558
636.65	83.869
636.85	84.184
637.05	84.485
637.24	84.756
637.44	85.019
637.64	85.276
637.83	85.524
638.03	85.765
638.23	85.959
638.43	86.156
638.62	86.326
638.82	86.462
639.02	86.600
639.21	86.710
639.41	86.793
639.61	86.884
639.80	86.951
640.00	86.996
640.20	87.043
640.39	87.084
640.59	87.095
640.79	87.091
640.98	87.056
641.18	87.014
641.38	86.969
641.57	86.885
641.77	86.788
641.97	86.658
642.16	86.521
642.36	86.380
642.56	86.216
642.75	86.060
642.95	85.874
643.15	85.677
643.34	85.480
643.54	85.268
643.74	85.017
643.93	84.763
644.13	84.479
644.33	84.174
644.52	83.868
644.72	83.563
644.91	83.242
645.11	82.899
645.31	82.561
645.50	82.221
645.70	81.884
645.90	81.543
646.09	81.187
646.29	80.819
646.48	80.448
646.68	80.068
646.88	79.688
647.07	79.315
647.27	78.935
647.47	78.547
647.66	78.170
647.86	77.791
648.05	77.423
648.25	77.065
648.45	76.709
648.64	76.344
648.84	75.999
649.04	75.648
649.23	75.309
649.43	74.982
649.62	74.653
649.82	74.324
650.02	74.011
650.21	73.718
650.41	73.453
650.60	73.193
650.80	72.966
651.00	72.720
651.19	72.503
651.39	72.297
651.58	72.099
651.78	71.927
651.97	71.787
652.17	71.649
652.37	71.520
652.56	71.426
652.76	71.341
652.95	71.268
653.15	71.235
653.35	71.207
653.54	71.186
653.74	71.173
653.93	71.194
654.13	71.230
654.32	71.267
654.52	71.306
654.72	71.382
654.91	71.466
655.11	71.580
655.30	71.711
655.50	71.858
655.69	72.023
655.89	72.188
656.08	72.358
656.28	72.554
656.48	72.769
656.67	72.989
656.87	73.224
657.06	73.460
657.26	73.702
657.45	73.971
657.65	74.258
657.84	74.568
658.04	74.870
658.23	75.193
658.43	75.531
658.62	75.881
658.82	76.225
659.02	76.573
659.21	76.938
659.41	77.293
659.60	77.656
659.80	78.026
659.99	78.416
660.19	78.798
660.38	79.185
660.58	79.556
660.77	79.941
660.97	80.312
661.16	80.687
661.36	81.051
661.55	81.429
661.75	81.795
661.94	82.146
662.14	82.507
662.33	82.865
662.53	83.213
662.72	83.554
662.92	83.884
663.11	84.198
663.31	84.519
663.50	84.833
663.70	85.146
663.89	85.447
664.09	85.723
664.28	86.007
664.48	86.266
664.67	86.540
664.87	86.770
665.06	87.009
665.26	87.229
665.45	87.439
665.65	87.627
665.84	87.821
666.04	87.993
666.23	88.126
666.43	88.236
666.62	88.340
666.82	88.428
667.01	88.507
667.21	88.578
667.40	88.618
667.59	88.667
667.79	88.676
667.98	88.656
668.18	88.626
668.37	88.576
668.57	88.540
668.76	88.471
668.96	88.387
669.15	88.290
669.35	88.198
669.54	88.077
669.73	87.950
669.93	87.800
670.12	87.650
670.32	87.510
670.51	87.340
670.71	87.163
670.90	86.976
671.10	86.779
671.29	86.559
671.48	86.328
671.68	86.082
671.87	85.834
672.07	85.575
672.26	85.346
672.46	85.078
672.65	84.795
672.84	84.503
673.04	84.222
673.23	83.927
673.43	83.612
673.62	83.307
673.82	82.995
674.01	82.649
674.20	82.315
674.40	81.963
674.59	81.624
674.79	81.291
674.98	80.945
675.17	80.596
675.37	80.262
675.56	79.921
675.76	79.576
675.95	79.216
676.14	78.882
676.34	78.514
676.53	78.173
676.73	77.827
676.92	77.478
677.11	77.137
677.31	76.799
677.50	76.485
677.70	76.162
677.89	75.839
678.08	75.551
678.28	75.263
678.47	74.998
678.66	74.739
678.86	74.489
679.05	74.246
679.25	74.022
679.44	73.807
679.63	73.621
679.83	73.431
680.02	73.270
680.21	73.113
680.41	72.970
680.60	72.825
680.79	72.698
680.99	72.593
681.18	72.486
681.38	72.408
681.57	72.347
681.76	72.308
681.96	72.282
682.15	72.260
682.34	72.239
682.54	72.230
682.73	72.251
682.92	72.270
683.12	72.320
683.31	72.385
683.50	72.457
683.70	72.539
683.89	72.624
684.08	72.737
684.28	72.864
684.47	73.002
684.66	73.164
684.86	73.337
685.05	73.526
685.24	73.733
685.44	73.937
685.63	74.150
685.82	74.377
686.02	74.608
686.21	74.878
686.40	75.152
686.60	75.445
686.79	75.738
686.98	76.040
687.18	76.348
687.37	76.658
687.56	76.965
687.75	77.286
687.95	77.618
688.14	77.945
688.33	78.290
688.53	78.637
688.72	79.001
688.91	79.359
689.11	79.706
689.30	80.087
689.49	80.470
689.68	80.841
689.88	81.204
690.07	81.566
690.26	81.911
690.46	82.268
690.65	82.607
690.84	82.951
691.03	83.303
691.23	83.643
691.42	83.983
691.61	84.330
691.80	84.650
692.00	84.977
692.19	85.282
692.38	85.585
692.58	85.888
692.77	86.172
692.96	86.443
693.15	86.723
693.35	86.977
693.54	87.244
693.73	87.510
693.92	87.748
694.12	87.996
694.31	88.215
694.50	88.452
694.69	88.650
694.89	88.841
695.08	89.012
695.27	89.201
695.46	89.357
695.66	89.512
695.85	89.666
696.04	89.807
696.23	89.960
696.43	90.085
696.62	90.175
696.81	90.260
697.00	90.351
697.19	90.426
697.39	90.472
697.58	90.499
697.77	90.503
697.96	90.529
698.16	90.523
698.35	90.535
698.54	90.500
698.73	90.493
698.92	90.437
699.12	90.379
699.31	90.298
699.50	90.218
699.69	90.131
699.89	90.022
700.08	89.907
700.27	89.767
700.46	89.629
700.65	89.480
700.85	89.341
701.04	89.173
701.23	88.983
701.42	88.792
701.61	88.595
701.81	88.385
702.00	88.158
702.19	87.931
702.38	87.676
702.57	87.434
702.76	87.157
702.96	86.903
703.15	86.627
703.34	86.338
703.53	86.044
703.72	85.721
703.92	85.398
704.11	85.077
704.30	84.744
704.49	84.416
704.68	84.097
704.87	83.742
705.07	83.399
705.26	83.065
705.45	82.758
705.64	82.411
705.83	82.099
706.02	81.769
706.21	81.453
706.41	81.127
706.60	80.789
706.79	80.475
706.98	80.166
707.17	79.845
707.36	79.534
707.56	79.244
707.75	78.956
707.94	78.674
708.13	78.396
708.32	78.136
708.51	77.861
708.70	77.615
708.89	77.367
709.09	77.122
709.28	76.888
709.47	76.618
709.66	76.379
709.85	76.146
710.04	75.919
710.23	75.683
710.42	75.493
710.62	75.303
710.81	75.093
711.00	74.896
711.19	74.732
711.38	74.567
711.57	74.395
711.76	74.244
711.95	74.122
712.15	74.007
712.34	73.901
712.53	73.804
712.72	73.709
712.91	73.653
713.10	73.598
713.29	73.554
713.48	73.524
713.67	73.524
713.86	73.537
714.05	73.552
714.25	73.581
714.44	73.597
714.63	73.638
714.82	73.721
715.01	73.802
715.20	73.912
715.39	74.012
715.58	74.136
715.77	74.276
715.96	74.417
716.15	74.557
716.34	74.693
716.54	74.854
716.73	75.029
716.92	75.191
717.11	75.376
717.30	75.577
717.49	75.793
717.68	76.016
717.87	76.206
718.06	76.450
718.25	76.710
718.44	76.973
718.63	77.247
718.82	77.512
719.01	77.785
719.20	78.060
719.39	78.356
719.58	78.650
719.77	78.935
719.96	79.210
720.16	79.505
720.35	79.821
720.54	80.127
720.73	80.438
720.92	80.757
721.11	81.095
721.30	81.417
721.49	81.740
721.68	82.072
721.87	82.431
722.06	82.758
722.25	83.080
722.44	83.411
722.63	83.725
722.82	84.036
723.01	84.338
723.20	84.625
723.39	84.928
723.58	85.256
723.77	85.578
723.96	85.902
724.15	86.232
724.34	86.539
724.53	86.844
724.72	87.124
724.91	87.425
725.10	87.720
725.29	87.994
725.48	88.295
725.67	88.538
725.86	88.768
726.05	89.011
726.24	89.241
726.43	89.458
726.62	89.677
726.81	89.922
727.00	90.140
727.19	90.378
727.38	90.589
727.57	90.764
727.76	90.935
727.95	91.100
728.14	91.233
728.33	91.374
728.52	91.506
728.71	91.629
728.90	91.741
729.09	91.820
729.28	91.887
729.47	91.939
729.65	92.004
729.84	92.070
730.03	92.123
730.22	92.163
730.41	92.209
730.60	92.243
730.79	92.226
730.98	92.231
731.17	92.226
731.36	92.188
731.55	92.137
731.74	92.088
731.93	92.024
732.12	91.958
732.31	91.894
732.50	91.837
732.69	91.777
732.88	91.674
733.06	91.560
733.25	91.459
733.44	91.351
733.63	91.215
733.82	91.078
734.01	90.906
734.20	90.740
734.39	90.545
734.58	90.367
734.77	90.198
734.96	89.994
735.15	89.774
735.33	89.554
735.52	89.344
735.71	89.118
735.90	88.877
736.09	88.624
736.28	88.343
736.47	88.059
736.66	87.773
736.85	87.493
737.04	87.192
737.23	86.902
737.41	86.589
737.60	86.313
737.79	85.998
737.98	85.703
738.17	85.404
738.36	85.131
738.55	84.833
738.74	84.541
738.92	84.241
739.11	83.949
739.30	83.643
739.49	83.330
739.68	83.032
739.87	82.763
740.06	82.493
740.25	82.202
740.43	81.928
740.62	81.636
740.81	81.341
741.00	81.076
741.19	80.785
741.38	80.498
741.57	80.208
741.75	79.946
741.94	79.672
742.13	79.394
742.32	79.100
742.51	78.833
742.70	78.569
742.89	78.327
743.07	78.070
743.26	77.832
743.45	77.575
743.64	77.354
743.83	77.106
744.02	76.844
744.20	76.636
744.39	76.422
744.58	76.229
744.77	76.054
744.96	75.896
745.15	75.765
745.33	75.646
745.52	75.520
745.71	75.397
745.90	75.287
746.09	75.198
746.28	75.118
746.46	75.011
746.65	74.913
746.84	74.838
747.03	74.769
747.22	74.719
747.40	74.698
747.59	74.657
747.78	74.639
747.97	74.663
748.16	74.676
748.34	74.670
748.53	74.693
748.72	74.730
748.91	74.747
749.10	74.768
749.28	74.812
749.47	74.882
749.66	74.943
749.85	74.998
750.04	75.066
750.22	75.137
750.41	75.244
750.60	75.364
750.79	75.462
750.97	75.576
751.16	75.711
751.35	75.839
751.54	75.971
751.73	76.134
751.91	76.283
752.10	76.472
752.29	76.646
752.48	76.840
752.66	77.033
752.85	77.237
753.04	77.445
753.23	77.674
753.41	77.877
753.60	78.119
753.79	78.371
753.98	78.609
754.16	78.864
754.35	79.111
754.54	79.352
754.73	79.634
754.91	79.914
755.10	80.187
755.29	80.477
755.48	80.749
755.66	81.027
755.85	81.309
756.04	81.566
756.22	81.865
756.41	82.133
756.60	82.409
756.79	82.707
756.97	83.008
757.16	83.260
757.35	83.554
757.54	83.845
757.72	84.128
757.91	84.429
758.10	84.722
758.28	85.006
758.47	85.292
758.66	85.592
758.85	85.874
759.03	86.162
759.22	86.444
759.41	86.739
759.59	87.022
759.78	87.305
759.97	87.566
760.15	87.815
760.34	88.105
760.53	88.362
760.71	88.595
760.90	88.855
761.09	89.108
761.28	89.352
761.46	89.579
761.65	89.815
761.84	90.049
762.02	90.278
762.21	90.525
762.40	90.727
762.58	90.907
762.77	91.091
762.96	91.280
763.14	91.479
763.33	91.652
763.52	91.793
763.70	91.920
763.89	92.072
764.08	92.227
764.26	92.322
764.45	92.455
764.64	92.593
764.82	92.680
765.01	92.772
765.20	92.838
765.38	92.919
765.57	92.960
765.75	93.006
765.94	93.023
766.13	93.056
766.31	93.103
766.50	93.123
766.69	93.177
766.87	93.218
767.06	93.218
767.25	93.234
767.43	93.264
767.62	93.296
767.80	93.297
767.99	93.271
768.18	93.238
768.36	93.194
768.55	93.138
768.74	93.078
768.92	93.021
769.11	92.983
769.29	92.901
769.48	92.851
769.67	92.749
769.85	92.677
770.04	92.523
770.22	92.388
770.41	92.232
770.60	92.051
770.78	91.845
770.97	91.663
771.15	91.479
771.34	91.255
771.53	91.056
771.71	90.848
771.90	90.662
772.08	90.515
772.27	90.316
772.46	90.086
772.64	89.867
772.83	89.639
773.01	89.368
773.20	89.116
773.39	88.873
773.57	88.622
773.76	88.366
773.94	88.159
774.13	87.899
774.31	87.628
774.50	87.393
774.68	87.133
774.87	86.868
775.06	86.559
775.24	86.290
775.43	85.988
775.61	85.694
775.80	85.405
775.98	85.085
776.17	84.775
776.36	84.482
776.54	84.190
776.73	83.889
776.91	83.609
777.10	83.328
777.28	83.006
777.47	82.723
777.65	82.424
777.84	82.116
778.02	81.847
778.21	81.585
778.39	81.281
778.58	81.015
778.77	80.753
778.95	80.522
779.14	80.284
779.32	80.055
779.51	79.830
779.69	79.578
779.88	79.354
780.06	79.138
780.25	78.913
780.43	78.687
780.62	78.484
780.80	78.275
780.99	78.059
781.17	77.855
781.36	77.642
781.54	77.447
781.73	77.225
781.91	77.034
782.10	76.857
782.28	76.684
782.47	76.507
782.65	76.316
782.84	76.140
783.02	75.986
783.21	75.845
783.39	75.695
783.58	75.565
783.76	75.415
783.95	75.295
784.13	75.212
784.32	75.124
784.50	75.025
784.69	74.968
784.87	74.910
785.05	74.865
785.24	74.825
785.42	74.802
785.61	74.783
785.79	74.770
785.98	74.765
786.16	74.747
786.35	74.768
786.53	74.784
786.72	74.793
786.90	74.812
787.09	74.818
787.27	74.861
787.45	74.918
787.64	74.972
787.82	75.013
788.01	75.061
788.19	75.134
788.38	75.210
788.56	75.232
788.75	75.321
788.93	75.425
789.11	75.499
789.30	75.565
789.48	75.671
789.67	75.779
789.85	75.880
790.04	76.031
790.22	76.155
790.40	76.309
790.59	76.447
790.77	76.587
790.96	76.767
791.14	76.932
791.32	77.085
791.51	77.256
791.69	77.449
791.88	77.642
792.06	77.835
792.25	78.016
792.43	78.256
792.61	78.458
792.80	78.638
792.98	78.875
793.17	79.098
793.35	79.290
793.53	79.502
793.72	79.755
793.90	79.980
794.08	80.200
794.27	80.423
794.45	80.683
794.64	80.920
794.82	81.150
795.00	81.350
795.19	81.595
795.37	81.834
795.55	82.022
795.74	82.261
795.92	82.502
796.11	82.768
796.29	83.019
796.47	83.262
796.66	83.495
796.84	83.758
797.02	84.027
797.21	84.307
797.39	84.569
797.58	84.811
797.76	85.042
797.94	85.309
798.13	85.573
798.31	85.846
798.49	86.085
798.68	86.323
798.86	86.607
799.04	86.832
799.23	87.076
799.41	87.341
799.59	87.566
799.78	87.755
799.96	87.964
800.14	88.185
800.33	88.404
800.51	88.654
800.69	88.826
800.88	89.038
801.06	89.261
801.24	89.423
801.43	89.599
801.61	89.762
801.79	89.914
801.98	90.063
802.16	90.222
802.34	90.402
802.52	90.566
802.71	90.685
802.89	90.844
803.07	90.980
803.26	91.103
803.44	91.197
803.62	91.322
803.81	91.425
803.99	91.482
804.17	91.542
804.35	91.594
804.54	91.644
804.72	91.714
804.90	91.760
805.09	91.854
805.27	91.927
805.45	92.001
805.63	92.040
805.82	92.083
806.00	92.047
806.18	92.051
806.37	92.070
806.55	92.049
806.73	92.045
806.91	92.027
807.10	92.027
807.28	92.011
807.46	91.998
807.64	91.962
807.83	91.941
808.01	91.908
808.19	91.815
808.37	91.744
808.56	91.639
808.74	91.552
808.92	91.449
809.10	91.317
809.29	91.229
809.47	91.133
809.65	90.976
809.83	90.899
810.02	90.762
810.20	90.630
810.38	90.513
810.56	90.357
810.75	90.246
810.93	90.110
811.11	89.975
811.29	89.826
811.47	89.677
811.66	89.491
811.84	89.323
812.02	89.229
812.20	89.089
812.39	88.952
812.57	88.794
812.75	88.646
812.93	88.520
813.11	88.344
813.30	88.187
813.48	88.057
813.66	87.875
813.84	87.703
814.02	87.509
814.21	87.342
814.39	87.127
814.57	86.911
814.75	86.693
814.93	86.476
815.12	86.247
815.30	86.018
815.48	85.805
815.66	85.576
815.84	85.309
816.03	85.056
816.21	84.772
816.39	84.518
816.57	84.210
816.75	83.900
816.93	83.603
817.12	83.286
817.30	82.972
817.48	82.662
817.66	82.395
817.84	82.134
818.02	81.882
818.21	81.610
818.39	81.356
818.57	81.084
818.75	80.866
818.93	80.617
819.11	80.358
819.30	80.114
819.48	79.885
819.66	79.672
819.84	79.475
820.02	79.259
820.20	79.035
820.38	78.827
820.57	78.625
820.75	78.454
820.93	78.263
821.11	78.079
821.29	77.911
821.47	77.706
821.65	77.501
821.83	77.292
822.02	77.119
822.20	76.920
822.38	76.770
822.56	76.532
822.74	76.327
822.92	76.103
823.10	75.918
823.28	75.702
823.46	75.489
823.65	75.275
823.83	75.091
824.01	74.903
824.19	74.714
824.37	74.529
824.55	74.312
824.73	74.150
824.91	73.976
825.09	73.807
825.27	73.645
825.46	73.467
825.64	73.283
825.82	73.146
826.00	72.980
826.18	72.837
826.36	72.723
826.54	72.621
826.72	72.574
826.90	72.492
827.08	72.433
827.26	72.386
827.44	72.323
827.63	72.265
827.81	72.227
827.99	72.219
828.17	72.196
828.35	72.188
828.53	72.177
828.71	72.198
828.89	72.195
829.07	72.203
829.25	72.209
829.43	72.252
829.61	72.257
829.79	72.284
829.97	72.322
830.15	72.325
830.33	72.359
830.51	72.372
830.69	72.412
830.87	72.400
831.06	72.436
831.24	72.480
831.42	72.529
831.60	72.551
831.78	72.600
831.96	72.675
832.14	72.759
832.32	72.845
832.50	72.904
832.68	72.969
832.86	73.032
833.04	73.147
833.22	73.225
833.40	73.339
833.58	73.429
833.76	73.512
833.94	73.654
834.12	73.794
834.30	73.935
834.48	74.056
834.66	74.242
834.84	74.360
835.02	74.525
835.20	74.689
835.38	74.875
835.56	75.053
835.74	75.239
835.92	75.422
836.10	75.577
836.28	75.749
836.46	75.951
836.64	76.138
836.82	76.293
837.00	76.476
837.18	76.660
837.36	76.872
837.54	77.062
837.72	77.263
837.90	77.457
838.08	77.665
838.26	77.868
838.43	78.050
838.61	78.263
838.79	78.461
838.97	78.658
839.15	78.860
839.33	79.052
839.51	79.197
839.69	79.367
839.87	79.568
840.05	79.795
840.23	79.985
840.41	80.184
840.59	80.350
840.77	80.560
840.95	80.731
841.13	80.893
841.31	81.056
841.49	81.201
841.67	81.328
841.84	81.491
842.02	81.607
842.20	81.796
842.38	81.919
842.56	82.052
842.74	82.200
842.92	82.296
843.10	82.424
843.28	82.602
843.46	82.738
843.64	82.820
843.82	82.939
843.99	83.047
844.17	83.204
844.35	83.427
844.53	83.568
844.71	83.752
844.89	83.870
845.07	84.042
845.25	84.210
845.43	84.386
845.61	84.519
845.78	84.723
845.96	84.866
846.14	85.043
846.32	85.216
846.50	85.353
846.68	85.561
846.86	85.713
847.04	85.847
847.22	85.923
847.39	86.084
847.57	86.179
847.75	86.277
847.93	86.316
848.11	86.379
848.29	86.497
848.47	86.537
848.65	86.651
848.82	86.688
849.00	86.746
849.18	86.767
849.36	86.788
849.54	86.829
849.72	86.802
849.89	86.845
850.07	86.899
850.25	86.886
850.43	86.841
850.61	86.820
850.79	86.763
850.97	86.817
851.14	86.822
851.32	86.797
851.50	86.801
851.68	86.842
851.86	86.881
852.04	86.835
852.21	86.852
852.39	86.851
852.57	86.896
852.75	86.889
852.93	86.875
853.10	86.847
853.28	86.780
853.46	86.764
853.64	86.668
853.82	86.546
854.00	86.554
854.17	86.478
854.35	86.381
854.53	86.322
854.71	86.219
854.89	86.082
855.06	86.033
855.24	85.961
855.42	85.855
855.60	85.693
855.78	85.576
855.95	85.433
856.13	85.309
856.31	85.104
856.49	84.939
856.66	84.817
856.84	84.639
857.02	84.550
857.20	84.452
857.38	84.282
857.55	84.144
857.73	83.889
857.91	83.764
858.09	83.583
858.26	83.425
858.44	83.268
858.62	83.131
858.80	82.927
858.97	82.741
859.15	82.544
859.33	82.323
859.51	82.153
859.68	81.960
859.86	81.754
860.04	81.568
860.22	81.361
860.39	81.150
860.57	80.931
860.75	80.648
860.93	80.409
861.10	80.271
861.28	80.085
861.46	79.880
861.64	79.674
861.81	79.528
861.99	79.307
862.17	79.079
862.35	78.875
862.52	78.713
862.70	78.505
862.88	78.330
863.05	78.122
863.23	77.907
863.41	77.719
863.59	77.504
863.76	77.347
863.94	77.150
864.12	76.962
864.29	76.803
864.47	76.594
864.65	76.400
864.83	76.137
865.00	75.905
865.18	75.742
865.36	75.560
865.53	75.345
865.71	75.201
865.89	75.009
866.06	74.791
866.24	74.547
866.42	74.335
866.59	74.108
866.77	73.959
866.95	73.750
867.12	73.503
867.30	73.337
867.48	73.102
867.65	72.909
867.83	72.700
868.01	72.519
868.18	72.330
868.36	72.136
868.54	71.985
868.71	71.837
868.89	71.682
869.07	71.500
869.24	71.350
869.42	71.161
869.60	71.013
869.77	70.908
869.95	70.767
870.13	70.635
870.30	70.529
870.48	70.346
870.66	70.225
870.83	70.137
871.01	69.952
871.18	69.842
871.36	69.729
871.54	69.594
871.71	69.480
871.89	69.397
872.07	69.250
872.24	69.135
872.42	69.055
872.59	68.952
872.77	68.841
872.95	68.749
873.12	68.625
873.30	68.507
873.48	68.414
873.65	68.332
873.83	68.245
874.00	68.138
874.18	68.073
874.36	68.012
874.53	67.940
874.71	67.881
874.88	67.833
875.06	67.803
875.24	67.817
875.41	67.789
875.59	67.766
875.76	67.800
875.94	67.764
876.11	67.666
876.29	67.586
876.47	67.571
876.64	67.527
876.82	67.505
876.99	67.491
877.17	67.468
877.35	67.467
877.52	67.448
877.70	67.428
877.87	67.426
878.05	67.442
878.22	67.464
878.40	67.530
878.57	67.537
878.75	67.516
878.93	67.477
879.10	67.496
879.28	67.526
879.45	67.548
879.63	67.554
879.80	67.573
879.98	67.649
880.15	67.695
880.33	67.760
880.50	67.814
880.68	67.929
880.86	68.001
881.03	68.090
881.21	68.192
881.38	68.287
881.56	68.486
881.73	68.555
881.91	68.631
882.08	68.701
882.26	68.834
882.43	68.972
882.61	69.158
882.78	69.280
882.96	69.429
883.13	69.554
883.31	69.717
883.48	69.923
883.66	70.089
883.83	70.240
884.01	70.361
884.18	70.582
884.36	70.733
884.53	70.871
884.71	71.014
884.88	71.127
885.06	71.294
885.23	71.347
885.41	71.488
885.58	71.612
885.76	71.771
885.93	71.858
886.11	72.027
886.28	72.127
886.46	72.253
886.63	72.369
886.81	72.490
886.98	72.667
887.15	72.773
887.33	72.940
887.50	73.132
887.68	73.292
887.85	73.391
888.03	73.524
888.20	73.692
888.38	73.847
888.55	74.029
888.73	74.109
888.90	74.259
889.08	74.410
889.25	74.529
889.42	74.665
889.60	74.863
889.77	74.942
889.95	75.092
890.12	75.184
890.30	75.278
890.47	75.366
890.64	75.498
890.82	75.644
890.99	75.744
891.17	75.831
891.34	75.954
891.52	76.054
891.69	76.178
891.86	76.287
892.04	76.384
892.21	76.509
892.39	76.739
892.56	76.897
892.73	76.970
892.91	77.110
893.08	77.307
893.26	77.379
893.43	77.542
893.60	77.622
893.78	77.780
893.95	77.935
894.13	78.170
894.30	78.311
894.47	78.499
894.65	78.625
894.82	78.774
895.00	78.896
895.17	79.064
895.34	79.230
895.52	79.403
895.69	79.526
895.86	79.666
896.04	79.696
896.21	79.831
896.39	80.012
896.56	80.188
896.73	80.186
896.91	80.235
897.08	80.325
897.25	80.503
897.43	80.553
897.60	80.631
897.77	80.630
897.95	80.610
898.12	80.600
898.30	80.693
898.47	80.695
898.64	80.744
898.82	80.754
898.99	80.729
899.16	80.712
899.34	80.683
899.51	80.591
899.68	80.565
899.86	80.496
900.03	80.422
900.20	80.350
900.38	80.369
900.55	80.443
900.72	80.377
900.90	80.282
901.07	80.366
901.24	80.332
901.41	80.327
901.59	80.328
901.76	80.299
901.93	80.243
902.11	80.182
902.28	80.160
902.45	80.235
902.63	80.256
902.80	80.214
902.97	80.220
903.15	80.300
903.32	80.350
903.49	80.351
903.66	80.376
903.84	80.385
904.01	80.349
904.18	80.306
904.36	80.311
904.53	80.278
904.70	80.209
904.87	80.177
905.05	80.096
905.22	80.106
905.39	80.080
905.56	79.994
905.74	79.935
905.91	79.837
906.08	79.709
906.26	79.605
906.43	79.489
906.60	79.375
906.77	79.206
906.95	79.085
907.12	78.935
907.29	78.763
907.46	78.702
907.64	78.600
907.81	78.491
907.98	78.304
908.15	78.190
908.33	78.049
908.50	77.912
908.67	77.789
908.84	77.649
909.01	77.483
909.19	77.399
909.36	77.274
909.53	77.123
909.70	76.885
909.88	76.777
910.05	76.607
910.22	76.515
910.39	76.388
910.57	76.286
910.74	76.194
910.91	76.139
911.08	75.935
911.25	75.782
911.43	75.639
911.60	75.509
911.77	75.353
911.94	75.122
912.11	74.962
912.29	74.764
912.46	74.518
912.63	74.297
912.80	74.052
912.97	73.857
913.15	73.711
913.32	73.579
913.49	73.340
913.66	73.265
913.83	73.036
914.00	72.815
914.18	72.599
914.35	72.402
914.52	72.119
914.69	71.909
914.86	71.694
915.03	71.490
915.21	71.354
915.38	71.146
915.55	71.062
915.72	70.891
915.89	70.760
916.06	70.687
916.24	70.611
916.41	70.465
916.58	70.344
916.75	70.151
916.92	69.975
917.09	69.787
917.26	69.506
917.44	69.293
917.61	69.168
917.78	68.958
917.95	68.796
918.12	68.623
918.29	68.527
918.46	68.342
918.64	68.180
918.81	68.035
918.98	67.898
919.15	67.717
919.32	67.567
919.49	67.334
919.66	67.117
919.83	66.932
920.00	66.761
920.18	66.615
920.35	66.573
920.52	66.474
920.69	66.423
920.86	66.405
921.03	66.324
921.20	66.183
921.37	66.088
921.54	65.854
921.71	65.765
921.89	65.598
922.06	65.543
922.23	65.434
922.40	65.313
922.57	65.124
922.74	65.039
922.91	64.969
923.08	64.916
923.25	64.834
923.42	64.734
923.59	64.703
923.76	64.510
923.93	64.314
924.11	64.148
924.28	64.012
924.45	63.895
924.62	63.870
924.79	63.797
924.96	63.640
925.13	63.607
925.30	63.511
925.47	63.363
925.64	63.269
925.81	63.205
925.98	63.151
926.15	63.130
926.32	62.972
926.49	62.879
926.66	62.810
926.83	62.717
927.00	62.700
927.17	62.592
927.34	62.656
927.51	62.633
927.69	62.673
927.86	62.641
928.03	62.540
928.20	62.502
928.37	62.416
928.54	62.454
928.71	62.437
928.88	62.455
929.05	62.496
929.22	62.507
929.39	62.469
929.56	62.407
929.73	62.374
929.90	62.441
930.07	62.435
930.24	62.415
930.41	62.425
930.58	62.481
930.75	62.543
930.92	62.487
931.09	62.479
931.26	62.450
931.43	62.451
931.60	62.468
931.77	62.426
931.94	62.499
932.11	62.534
932.27	62.578
932.44	62.634
932.61	62.684
932.78	62.646
932.95	62.767
933.12	62.743
933.29	62.799
933.46	62.820
933.63	62.778
933.80	62.805
933.97	62.835
934.14	62.817
934.31	62.788
934.48	62.848
934.65	62.879
934.82	62.964
934.99	63.014
935.16	63.078
935.33	63.157
935.50	63.286
935.67	63.376
935.84	63.421
936.00	63.424
936.17	63.484
936.34	63.616
936.51	63.586
936.68	63.641
936.85	63.697
937.02	63.802
937.19	63.875
937.36	64.028
937.53	64.040
937.70	64.125
937.87	64.212
938.03	64.240
938.20	64.302
938.37	64.366
938.54	64.425
938.71	64.478
938.88	64.608
939.05	64.548
939.22	64.513
939.39	64.584
939.56	64.771
939.72	64.832
939.89	64.896
940.06	64.970
940.23	65.054
940.40	65.141
940.57	65.291
940.74	65.425
940.91	65.456
941.08	65.656
941.24	65.747
941.41	65.930
941.58	66.156
941.75	66.314
941.92	66.488
942.09	66.627
942.26	66.759
942.42	66.812
942.59	67.026
942.76	67.372
942.93	67.539
943.10	67.548
943.27	67.706
943.44	67.817
943.60	68.001
943.77	68.021
943.94	68.236
944.11	68.243
944.28	68.320
944.45	68.477
944.61	68.561
944.78	68.579
944.95	68.590
945.12	68.784
945.29	68.873
945.46	68.796
945.62	68.832
945.79	69.011
945.96	69.305
946.13	69.446
946.30	69.432
946.46	69.591
946.63	69.705
946.80	69.831
946.97	70.003
947.14	70.076
947.31	70.576
947.47	70.761
947.64	70.965
947.81	71.150
947.98	71.322
948.15	71.403
948.31	71.626
948.48	71.755
948.65	71.721
948.82	71.835
948.98	72.001
949.15	72.284
949.32	72.311
949.49	72.292
949.66	72.352
949.82	72.422
949.99	72.513
950.16	72.615
950.33	72.578
950.49	72.637
950.66	72.597
950.83	72.420
951.00	72.264
951.16	72.031
951.33	72.049
951.50	71.952
951.67	72.009
951.83	72.031
952.00	72.026
952.17	71.961
952.34	71.988
952.50	72.129
952.67	72.042
952.84	72.069
953.01	71.967
953.17	71.974
953.34	72.044
953.51	71.950
953.68	71.840
953.84	71.799
954.01	71.720
954.18	71.634
954.34	71.694
954.51	71.764
954.68	71.917
954.85	71.903
955.01	72.049
955.18	72.273
955.35	72.024
955.51	72.014
955.68	72.125
955.85	72.262
956.02	72.121
956.18	72.155
956.35	72.110
956.52	72.147
956.68	72.131
956.85	72.028
957.02	72.107
957.18	72.146
957.35	72.141
957.52	72.209
957.69	72.335
957.85	72.322
958.02	72.211
958.19	72.083
958.35	72.053
958.52	71.774
958.69	71.415
958.85	71.582
959.02	71.641
959.19	71.362
959.35	71.243
959.52	71.283
959.69	71.255
959.85	71.281
960.02	71.263
960.19	71.160
960.35	71.079
960.52	70.929
960.68	70.894
960.85	70.941
961.02	70.692
961.18	70.667
961.35	70.465
961.52	70.454
961.68	70.434
961.85	70.283
962.02	70.363
962.18	70.397
962.35	70.157
962.51	69.998
962.68	70.040
962.85	69.863
963.01	69.573
963.18	69.463
963.35	69.069
963.51	68.893
963.68	68.846
963.84	68.564
964.01	68.621
964.18	68.451
964.34	68.181
964.51	68.006
964.67	67.743
964.84	67.661
965.01	67.401
965.17	67.163
965.34	67.213
965.50	66.920
965.67	66.858
965.84	66.846
966.00	66.940
966.17	66.975
966.33	66.880
966.50	66.758
966.66	66.712
966.83	66.776
967.00	66.696
967.16	66.500
967.33	66.462
967.49	66.202
967.66	66.372
967.82	66.175
967.99	66.366
968.16	66.385
968.32	66.292
968.49	66.111
968.65	66.287
968.82	66.125
968.98	66.225
969.15	65.858
969.31	65.531
969.48	65.272
969.64	64.962
969.81	64.948
969.98	64.883
970.14	64.513
970.31	64.438
970.47	64.137
970.64	63.913
970.80	63.957
970.97	63.444
971.13	63.076
971.30	63.044
971.46	62.746
971.63	62.540
971.79	62.593
971.96	62.677
972.12	62.311
972.29	61.872
972.45	61.707
972.62	61.735
972.78	61.818
972.95	61.411
973.11	61.156
973.28	60.974
973.44	60.955
973.61	61.184
973.77	60.998
973.94	61.044
974.10	61.175
974.27	61.092
974.43	61.389
974.60	61.314
974.76	61.251
974.93	61.225
975.09	61.106
975.26	60.804
975.42	60.658
975.59	60.484
975.75	60.861
975.92	60.723
976.08	60.276
976.24	60.110
976.41	59.859
976.57	59.920
976.74	59.804
976.90	59.485
977.07	58.987
977.23	58.960
977.40	58.717
977.56	58.075
977.73	57.770
977.89	57.526
978.05	57.167
978.22	57.053
978.38	56.774
978.55	56.497
978.71	56.335
978.88	56.365
979.04	56.441
979.20	56.199
979.37	56.084
979.53	56.060
979.70	56.123
979.86	56.330
980.03	56.173
980.19	56.040
980.35	56.059
980.52	55.891
980.68	55.896
980.85	55.845
981.01	55.996
981.17	55.943
981.34	55.734
981.50	55.676
981.67	55.620
981.83	55.495
981.99	55.433
982.16	55.185
982.32	54.356
982.49	54.237
982.65	54.073
982.81	54.121
982.98	54.078
983.14	54.048
983.30	53.800
983.47	53.801
983.63	53.588
983.80	53.384
983.96	53.150
984.12	53.575
984.29	53.684
984.45	53.844
984.61	53.643
984.78	53.895
984.94	54.166
985.10	54.545
985.27	54.476
985.43	54.895
985.59	55.245
985.76	55.789
985.92	55.932
986.08	56.261
986.25	55.842
986.41	56.454
986.57	55.801
986.74	56.019
986.90	55.940
987.06	55.804
987.23	55.820
987.39	55.640
987.55	54.563
987.72	54.373
987.88	53.558
988.04	53.954
988.21	54.312
988.37	53.991
988.53	53.276
988.70	53.605
988.86	53.020
989.02	52.708
989.19	52.182
989.35	52.113
989.51	51.362
989.67	51.391
989.84	50.802
990.00	50.913
990.16	51.164
990.33	51.265
990.49	51.660
990.65	51.762
990.82	52.022
990.98	52.185
991.14	52.187
991.30	53.191
991.47	52.502
991.63	52.502
991.79	53.378
991.95	53.565
992.12	53.542
992.28	53.792
992.44	54.076
992.61	54.447
992.77	54.522
992.93	55.084
993.09	55.168
993.26	55.324
993.42	55.888
993.58	55.497
993.74	55.382
993.91	54.929
994.07	54.667
994.23	55.084
994.39	55.212
994.55	55.278
994.72	54.603
994.88	54.758
995.04	54.169
995.20	53.714
995.37	53.384
995.53	53.304
995.69	52.996
995.85	52.425
996.02	52.373
996.18	52.695
996.34	52.233
996.50	52.306
996.66	53.194
996.83	52.494
996.99	51.787
997.15	52.269
997.31	52.537
997.47	52.786
997.64	52.422
997.80	52.747
997.96	53.294
998.12	53.666
998.28	54.422
998.45	54.753
998.61	54.585
998.77	54.603
998.93	54.810
999.09	55.909
999.25	56.148
999.42	57.316
999.58	56.859
999.74	56.704
999.90	56.495
1000.06	55.578
1000.22	55.927
1000.39	56.701
1000.55	56.407
1000.71	56.739
1000.87	56.643
1001.03	56.623
1001.19	56.601
1001.36	55.858
1001.52	55.406
1001.68	54.974
1001.84	55.630
1002.00	54.851
1002.16	54.799
1002.32	54.288
1002.49	52.779
1002.65	52.489
1002.81	51.786
1002.97	51.757
1003.13	51.770
1003.29	52.631
1003.45	52.219
1003.62	53.009
1003.78	52.642
1003.94	52.694
1004.10	52.178
1004.26	52.462
1004.42	52.131
1004.58	51.715
1004.74	52.097
1004.90	53.584
1005.07	53.377
1005.23	52.165
1005.39	53.015
1005.55	53.647
1005.71	52.918
1005.87	53.983
1006.03	54.959
1006.19	54.964
1006.35	54.849
1006.51	55.668
1006.67	55.211
1006.84	55.035
1007.00	54.539
1007.16	55.704
1007.32	54.300
1007.48	54.627
1007.64	55.801
1007.80	55.535
1007.96	54.912
1008.12	55.543
1008.28	53.768
1008.44	55.165
1008.60	55.620
1008.76	54.348
1008.92	53.245
1009.09	53.488
1009.25	53.091
1009.41	52.290
1009.57	52.970
1009.73	52.963
1009.89	53.558
1010.05	54.438
1010.21	56.509
1010.37	55.996
1010.53	56.977
1010.69	58.950
1010.85	58.501
1011.01	56.970
1011.17	56.247
1011.33	57.874
1011.49	57.796
1011.65	58.038
1011.81	56.701
1011.97	57.272
1012.13	59.624
1012.29	61.022
1012.45	61.707
1012.61	64.210
1012.77	62.182
1012.93	61.281
1013.09	60.657
1013.25	60.695
1013.41	60.826
1013.57	57.694
1013.73	57.860
1013.89	54.788
1014.05	55.941
1014.21	53.867
1014.37	52.578
1014.53	51.802
1014.69	51.152
1014.85	51.518
1015.01	52.805
1015.17	55.641
1015.33	55.026
1015.49	53.011
1015.65	55.259
1015.81	56.859
1015.97	53.986
1016.13	56.975
1016.29	56.910
1016.45	56.977
1016.61	56.839
1016.77	54.515
1016.93	55.710
1017.09	54.504
1017.25	54.795
1017.41	54.096
1017.56	56.652
1017.72	61.270
1017.88	62.850
1018.04	64.282
1018.20	61.286
1018.36	62.346
1018.52	59.208
1018.68	60.255
1018.84	61.374
1019.00	58.339
1019.16	58.229
1019.32	62.206
1019.48	62.717
1019.64	63.972
1019.79	63.362
1019.95	59.498
1020.11	63.616
1020.27	62.422
1020.43	67.153
1020.59	68.946
1020.75	65.953
1020.91	69.897
1021.07	65.142
1021.23	64.221
1021.39	61.279
1021.54	65.940
1021.70	61.932
1021.86	59.514
1022.02	58.987
1022.18	56.519
1022.34	58.628
1022.50	58.116
1022.66	54.413
1022.82	53.306
1022.97	53.153
1023.13	55.979
1023.29	60.918
1023.45	58.791
1023.61	58.678
1023.77	56.132
1023.93	58.103
1024.08	58.394
1024.24	53.395
1024.40	50.963
1024.56	57.050
1024.72	54.927
1024.88	45.724
1025.04	49.758
1025.19	53.583
1025.35	51.005
1025.51	56.547
1025.67	58.317
1025.83	53.831
1025.99	55.750
1026.14	54.880
1026.30	57.338
1026.46	58.921
1026.62	55.094
1026.78	53.605
1026.94	52.451
1027.09	51.297
1027.25	48.142
1027.41	46.855
1027.57	47.787
1027.73	48.080
1027.89	44.501
1028.04	45.576
1028.20	45.206
1028.36	44.407
1028.52	42.966
1028.68	43.017
1028.83	42.008
1028.99	41.969
1029.15	43.297
1029.31	41.544
1029.47	41.807
1029.62	41.394
1029.78	39.276
1029.94	37.566
1030.10	38.493
1030.25	39.708
1030.41	42.768
1030.57	43.494
1030.73	46.331
1030.89	42.496
1031.04	46.059
1031.20	46.695
1031.36	50.525
1031.52	57.909
1031.67	60.524
1031.83	61.212
1031.99	67.123
1032.15	58.443
1032.30	60.227
1032.46	61.595
1032.62	59.344
1032.78	56.625
1032.93	60.802
1033.09	54.243
1033.25	45.048
1033.41	30.148
1033.56	21.433
1033.72	-85.833
1033.88	147.619
1034.04	28.523
1034.19	35.212
1034.35	53.694
1034.51	1.014
1034.66	46.017
1034.82	3570.000
1034.98	3570.000
1035.14	3570.000
