345.22	36.522
345.43	36.522
345.65	36.522
345.86	52.808
346.08	104.356
346.29	29.493
346.51	8.378
346.72	59.419
346.94	-158.333
347.15	-58.602
347.37	75.849
347.58	104.193
347.80	129.569
348.01	115.843
348.23	91.698
348.44	87.318
348.66	84.228
348.87	87.173
349.09	83.772
349.30	75.659
349.52	71.015
349.73	75.921
349.95	76.632
350.16	78.953
350.38	77.039
350.59	71.883
350.81	70.432
351.02	68.797
351.24	68.618
351.45	67.820
351.67	69.815
351.88	69.015
352.10	65.759
352.31	64.689
352.53	67.586
352.74	68.512
352.96	69.335
353.17	68.332
353.39	69.116
353.60	71.530
353.82	71.915
354.03	71.964
354.25	67.550
354.46	62.894
354.67	60.275
354.89	58.842
355.10	62.566
355.32	62.226
355.53	64.209
355.75	65.864
355.96	67.263
356.18	66.789
356.39	66.756
356.61	70.511
356.82	70.336
357.04	67.233
357.25	67.457
357.46	66.835
357.68	66.982
357.89	65.529
358.11	63.533
358.32	66.600
358.54	65.119
358.75	66.256
358.97	68.253
359.18	71.384
359.40	70.731
359.61	70.838
359.82	72.146
360.04	71.850
360.25	70.202
360.47	66.643
360.68	66.321
360.90	66.828
361.11	65.027
361.32	65.116
361.54	68.055
361.75	67.926
361.97	69.177
362.18	69.772
362.40	71.061
362.61	72.642
362.83	72.222
363.04	72.978
363.25	74.083
363.47	74.817
363.68	72.273
363.90	76.247
364.11	77.100
364.32	77.329
364.54	76.137
364.75	73.491
364.97	76.543
365.18	75.123
365.40	73.583
365.61	72.914
365.82	73.729
366.04	72.863
366.25	72.412
366.47	70.353
366.68	69.443
366.89	70.113
367.11	68.039
367.32	68.405
367.54	66.416
367.75	66.315
367.96	65.997
368.18	67.077
368.39	65.414
368.61	65.664
368.82	66.767
369.03	68.732
369.25	71.890
369.46	72.968
369.68	73.842
369.89	74.578
370.10	75.544
370.32	75.907
370.53	75.675
370.75	72.418
370.96	74.555
371.17	74.741
371.39	72.956
371.60	73.559
371.81	73.822
372.03	75.990
372.24	77.087
372.46	79.773
372.67	79.913
372.88	78.827
373.10	78.250
373.31	77.153
373.52	76.911
373.74	75.563
373.95	74.842
374.17	75.606
374.38	77.660
374.59	77.762
374.81	76.093
375.02	74.702
375.23	77.689
375.45	75.562
375.66	73.882
375.87	74.975
376.09	74.916
376.30	74.070
376.52	75.368
376.73	72.532
376.94	71.179
377.16	72.799
377.37	76.711
377.58	77.070
377.80	78.347
378.01	79.711
378.22	81.491
378.44	82.458
378.65	84.649
378.86	84.881
379.08	85.863
379.29	86.494
379.50	89.404
379.72	89.961
379.93	93.257
380.14	96.397
380.36	97.591
380.57	99.401
380.78	100.149
381.00	101.200
381.21	103.082
381.42	104.499
381.64	105.169
381.85	105.182
382.06	105.818
382.28	106.254
382.49	106.234
382.70	107.208
382.92	107.938
383.13	107.698
383.34	108.556
383.56	109.884
383.77	111.582
383.98	111.596
384.20	113.031
384.41	113.541
384.62	114.132
384.83	114.986
385.05	115.634
385.26	116.785
385.47	117.734
385.69	118.777
385.90	119.674
386.11	120.444
386.33	121.405
386.54	122.177
386.75	122.733
386.97	123.722
387.18	124.281
387.39	124.914
387.60	125.098
387.82	125.306
388.03	125.389
388.24	125.636
388.46	125.787
388.67	125.613
388.88	125.292
389.09	124.927
389.31	124.419
389.52	123.940
389.73	123.168
389.95	122.527
390.16	121.833
390.37	121.283
390.58	120.733
390.80	119.977
391.01	119.440
391.22	118.932
391.44	118.160
391.65	117.556
391.86	117.031
392.07	116.964
392.29	116.752
392.50	116.527
392.71	116.331
392.92	116.379
393.14	116.315
393.35	116.488
393.56	116.808
393.78	117.210
393.99	117.806
394.20	118.488
394.41	119.108
394.63	119.679
394.84	120.447
395.05	121.338
395.26	122.131
395.48	122.938
395.69	123.651
395.90	124.595
396.11	125.430
396.33	126.171
396.54	126.902
396.75	127.437
396.96	127.976
397.18	128.360
397.39	128.711
397.60	129.046
397.81	129.233
398.03	129.231
398.24	129.146
398.45	128.886
398.66	128.566
398.87	128.178
399.09	127.723
399.30	127.042
399.51	126.191
399.72	125.446
399.94	124.617
400.15	123.766
400.36	122.807
400.57	121.848
400.79	120.929
401.00	119.944
401.21	119.096
401.42	118.271
401.63	117.500
401.85	116.817
402.06	116.295
402.27	115.801
402.48	115.485
402.69	115.257
402.91	115.069
403.12	114.957
403.33	115.074
403.54	115.333
403.76	115.548
403.97	115.979
404.18	116.504
404.39	117.116
404.60	117.823
404.82	118.611
405.03	119.465
405.24	120.292
405.45	121.151
405.66	122.038
405.88	122.902
406.09	123.809
406.30	124.552
406.51	125.181
406.72	125.815
406.94	126.364
407.15	126.811
407.36	127.259
407.57	127.613
407.78	127.789
407.99	127.791
408.21	127.788
408.42	127.657
408.63	127.444
408.84	127.053
409.05	126.596
409.27	125.946
409.48	125.168
409.69	124.347
409.90	123.542
410.11	122.672
410.32	121.775
410.54	120.763
410.75	119.735
410.96	118.727
411.17	117.725
411.38	116.757
411.59	115.855
411.81	114.940
412.02	114.100
412.23	113.334
412.44	112.699
412.65	112.205
412.86	111.820
413.08	111.459
413.29	111.207
413.50	111.148
413.71	111.222
413.92	111.376
414.13	111.642
414.34	111.977
414.56	112.334
414.77	112.827
414.98	113.381
415.19	114.132
415.40	114.948
415.61	115.783
415.82	116.600
416.04	117.479
416.25	118.303
416.46	119.155
416.67	120.046
416.88	120.825
417.09	121.570
417.30	122.204
417.52	122.852
417.73	123.361
417.94	123.759
418.15	124.096
418.36	124.417
418.57	124.542
418.78	124.574
418.99	124.583
419.21	124.452
419.42	124.240
419.63	123.883
419.84	123.411
420.05	122.829
420.26	122.160
420.47	121.359
420.68	120.614
420.89	119.788
421.11	118.830
421.32	117.957
421.53	116.997
421.74	116.070
421.95	115.146
422.16	114.276
422.37	113.442
422.58	112.569
422.79	111.738
423.01	111.041
423.22	110.379
423.43	109.830
423.64	109.357
423.85	109.009
424.06	108.766
424.27	108.602
424.48	108.563
424.69	108.706
424.90	108.930
425.11	109.233
425.33	109.652
425.54	110.142
425.75	110.671
425.96	111.294
426.17	111.994
426.38	112.748
426.59	113.547
426.80	114.372
427.01	115.255
427.22	116.180
427.43	117.156
427.64	118.052
427.85	118.882
428.07	119.724
428.28	120.464
428.49	121.186
428.70	121.868
428.91	122.462
429.12	122.927
429.33	123.365
429.54	123.701
429.75	123.923
429.96	124.125
430.17	124.219
430.38	124.199
430.59	124.023
430.80	123.736
431.01	123.371
431.22	122.955
431.44	122.427
431.65	121.830
431.86	121.108
432.07	120.373
432.28	119.594
432.49	118.748
432.70	117.861
432.91	116.913
433.12	115.938
433.33	114.971
433.54	114.078
433.75	113.174
433.96	112.322
434.17	111.419
434.38	110.615
434.59	109.870
434.80	109.183
435.01	108.665
435.22	108.220
435.43	107.878
435.64	107.589
435.85	107.392
436.06	107.282
436.27	107.303
436.48	107.433
436.69	107.608
436.90	107.902
437.11	108.312
437.33	108.800
437.54	109.371
437.75	110.060
437.96	110.722
438.17	111.430
438.38	112.148
438.59	112.971
438.80	113.772
439.01	114.653
439.22	115.565
439.43	116.310
439.64	117.086
439.85	117.836
440.06	118.527
440.27	119.224
440.48	119.824
440.69	120.356
440.90	120.807
441.11	121.259
441.32	121.591
441.53	121.826
441.74	121.954
441.95	122.033
442.16	121.983
442.37	121.825
442.58	121.618
442.79	121.331
443.00	120.957
443.21	120.504
443.42	119.896
443.62	119.156
443.83	118.530
444.04	117.792
444.25	117.011
444.46	116.169
444.67	115.278
444.88	114.382
445.09	113.454
445.30	112.518
445.51	111.550
445.72	110.594
445.93	109.725
446.14	108.864
446.35	108.002
446.56	107.246
446.77	106.549
446.98	105.886
447.19	105.277
447.40	104.777
447.61	104.310
447.82	103.957
448.03	103.737
448.24	103.537
448.45	103.446
448.66	103.448
448.87	103.544
449.08	103.734
449.29	103.988
449.49	104.338
449.70	104.765
449.91	105.243
450.12	105.809
450.33	106.389
450.54	107.043
450.75	107.756
450.96	108.452
451.17	109.202
451.38	109.941
451.59	110.706
451.80	111.428
452.01	112.176
452.22	112.921
452.43	113.595
452.64	114.231
452.84	114.848
453.05	115.390
453.26	115.915
453.47	116.335
453.68	116.726
453.89	117.029
454.10	117.224
454.31	117.391
454.52	117.437
454.73	117.434
454.94	117.320
455.15	117.112
455.36	116.811
455.56	116.444
455.77	116.001
455.98	115.517
456.19	114.976
456.40	114.374
456.61	113.719
456.82	112.969
457.03	112.196
457.24	111.368
457.45	110.530
457.65	109.613
457.86	108.729
458.07	107.833
458.28	106.881
458.49	106.010
458.70	105.103
458.91	104.247
459.12	103.409
459.33	102.588
459.54	101.854
459.74	101.169
459.95	100.519
460.16	99.983
460.37	99.509
460.58	99.108
460.79	98.752
461.00	98.458
461.21	98.284
461.41	98.178
461.62	98.160
461.83	98.234
462.04	98.398
462.25	98.578
462.46	98.869
462.67	99.258
462.88	99.695
463.08	100.216
463.29	100.754
463.50	101.355
463.71	102.033
463.92	102.707
464.13	103.385
464.34	104.093
464.54	104.827
464.75	105.564
464.96	106.281
465.17	106.998
465.38	107.667
465.59	108.352
465.80	108.986
466.00	109.565
466.21	110.105
466.42	110.587
466.63	111.073
466.84	111.485
467.05	111.814
467.26	112.074
467.46	112.212
467.67	112.327
467.88	112.381
468.09	112.327
468.30	112.238
468.51	112.083
468.71	111.832
468.92	111.518
469.13	111.130
469.34	110.691
469.55	110.167
469.76	109.625
469.96	108.996
470.17	108.323
470.38	107.630
470.59	106.870
470.80	106.083
471.00	105.309
471.21	104.474
471.42	103.657
471.63	102.825
471.84	102.012
472.05	101.188
472.25	100.367
472.46	99.581
472.67	98.779
472.88	98.056
473.09	97.353
473.29	96.671
473.50	96.069
473.71	95.501
473.92	94.989
474.13	94.536
474.33	94.160
474.54	93.851
474.75	93.608
474.96	93.428
475.17	93.324
475.37	93.245
475.58	93.277
475.79	93.372
476.00	93.533
476.21	93.778
476.41	94.071
476.62	94.431
476.83	94.831
477.04	95.334
477.24	95.838
477.45	96.395
477.66	96.984
477.87	97.576
478.08	98.220
478.28	98.852
478.49	99.524
478.70	100.209
478.91	100.868
479.11	101.514
479.32	102.182
479.53	102.795
479.74	103.432
479.94	104.004
480.15	104.523
480.36	105.002
480.57	105.441
480.78	105.869
480.98	106.193
481.19	106.480
481.40	106.691
481.61	106.884
481.81	107.003
482.02	107.054
482.23	107.076
482.44	106.988
482.64	106.873
482.85	106.678
483.06	106.402
483.27	106.102
483.47	105.762
483.68	105.342
483.89	104.879
484.10	104.348
484.30	103.783
484.51	103.158
484.72	102.533
484.92	101.831
485.13	101.129
485.34	100.413
485.55	99.665
485.75	98.914
485.96	98.127
486.17	97.350
486.38	96.585
486.58	95.808
486.79	95.070
487.00	94.333
487.20	93.616
487.41	92.946
487.62	92.308
487.83	91.685
488.03	91.106
488.24	90.580
488.45	90.084
488.65	89.636
488.86	89.256
489.07	88.923
489.28	88.660
489.48	88.440
489.69	88.316
489.90	88.226
490.10	88.208
490.31	88.251
490.52	88.326
490.73	88.473
490.93	88.677
491.14	88.927
491.35	89.235
491.55	89.584
491.76	89.974
491.97	90.398
492.17	90.849
492.38	91.345
492.59	91.868
492.79	92.433
493.00	93.011
493.21	93.603
493.41	94.193
493.62	94.790
493.83	95.394
494.04	95.950
494.24	96.524
494.45	97.081
494.66	97.602
494.86	98.142
495.07	98.621
495.28	99.094
495.48	99.515
495.69	99.903
495.90	100.256
496.10	100.574
496.31	100.826
496.52	101.033
496.72	101.224
496.93	101.352
497.14	101.418
497.34	101.418
497.55	101.392
497.76	101.307
497.96	101.166
498.17	100.972
498.37	100.744
498.58	100.440
498.79	100.085
498.99	99.711
499.20	99.268
499.41	98.787
499.61	98.250
499.82	97.695
500.03	97.097
500.23	96.494
500.44	95.840
500.65	95.180
500.85	94.509
501.06	93.789
501.26	93.076
501.47	92.357
501.68	91.654
501.88	90.925
502.09	90.218
502.30	89.518
502.50	88.834
502.71	88.175
502.91	87.542
503.12	86.933
503.33	86.349
503.53	85.816
503.74	85.304
503.95	84.828
504.15	84.397
504.36	84.004
504.56	83.650
504.77	83.363
504.98	83.104
505.18	82.913
505.39	82.767
505.59	82.668
505.80	82.622
506.01	82.628
506.21	82.690
506.42	82.799
506.62	82.949
506.83	83.137
507.04	83.379
507.24	83.657
507.45	83.981
507.65	84.341
507.86	84.716
508.07	85.138
508.27	85.591
508.48	86.059
508.68	86.567
508.89	87.074
509.10	87.583
509.30	88.110
509.51	88.627
509.71	89.150
509.92	89.675
510.12	90.191
510.33	90.697
510.54	91.180
510.74	91.659
510.95	92.110
511.15	92.542
511.36	92.960
511.56	93.352
511.77	93.697
511.98	94.019
512.18	94.313
512.39	94.567
512.59	94.778
512.80	94.952
513.00	95.079
513.21	95.162
513.42	95.218
513.62	95.222
513.83	95.191
514.03	95.106
514.24	94.970
514.44	94.782
514.65	94.568
514.85	94.318
515.06	94.026
515.26	93.685
515.47	93.318
515.68	92.901
515.88	92.456
516.09	91.977
516.29	91.475
516.50	90.940
516.70	90.376
516.91	89.795
517.11	89.198
517.32	88.589
517.52	87.964
517.73	87.345
517.93	86.708
518.14	86.070
518.34	85.442
518.55	84.817
518.76	84.207
518.96	83.589
519.17	82.984
519.37	82.390
519.58	81.837
519.78	81.293
519.99	80.764
520.19	80.267
520.40	79.818
520.60	79.386
520.81	78.989
521.01	78.620
521.22	78.307
521.42	78.023
521.63	77.778
521.83	77.575
522.04	77.405
522.24	77.294
522.45	77.223
522.65	77.199
522.86	77.220
523.06	77.276
523.27	77.381
523.47	77.522
523.68	77.699
523.88	77.907
524.09	78.155
524.29	78.450
524.50	78.768
524.70	79.106
524.91	79.474
525.11	79.878
525.32	80.314
525.52	80.752
525.72	81.233
525.93	81.717
526.13	82.222
526.34	82.716
526.54	83.231
526.75	83.724
526.95	84.226
527.16	84.713
527.36	85.204
527.57	85.682
527.77	86.144
527.98	86.608
528.18	87.054
528.39	87.469
528.59	87.871
528.79	88.244
529.00	88.609
529.20	88.938
529.41	89.260
529.61	89.536
529.82	89.769
530.02	89.957
530.23	90.131
530.43	90.252
530.64	90.353
530.84	90.405
531.04	90.416
531.25	90.415
531.45	90.379
531.66	90.301
531.86	90.183
532.07	90.025
532.27	89.825
532.47	89.596
532.68	89.352
532.88	89.072
533.09	88.760
533.29	88.395
533.50	88.007
533.70	87.561
533.90	87.117
534.11	86.668
534.31	86.192
534.52	85.688
534.72	85.193
534.93	84.676
535.13	84.133
535.33	83.606
535.54	83.039
535.74	82.484
535.95	81.911
536.15	81.369
536.35	80.819
536.56	80.283
536.76	79.740
536.97	79.219
537.17	78.699
537.37	78.198
537.58	77.735
537.78	77.290
537.99	76.870
538.19	76.457
538.39	76.066
538.60	75.709
538.80	75.397
539.01	75.089
539.21	74.822
539.41	74.601
539.62	74.399
539.82	74.243
540.03	74.113
540.23	74.036
540.43	73.974
540.64	73.975
540.84	73.993
541.04	74.062
541.25	74.174
541.45	74.312
541.66	74.480
541.86	74.681
542.06	74.921
542.27	75.188
542.47	75.502
542.67	75.827
542.88	76.184
543.08	76.560
543.28	76.970
543.49	77.388
543.69	77.826
543.90	78.291
544.10	78.749
544.30	79.245
544.51	79.732
544.71	80.252
544.91	80.745
545.12	81.257
545.32	81.770
545.52	82.249
545.73	82.752
545.93	83.238
546.13	83.693
546.34	84.135
546.54	84.570
546.74	84.981
546.95	85.395
547.15	85.781
547.35	86.129
547.56	86.480
547.76	86.817
547.96	87.114
548.17	87.397
548.37	87.663
548.57	87.868
548.78	88.053
548.98	88.200
549.18	88.311
549.39	88.391
549.59	88.438
549.79	88.479
550.00	88.470
550.20	88.459
550.40	88.394
550.61	88.307
550.81	88.184
551.01	88.028
551.22	87.845
551.42	87.629
551.62	87.390
551.82	87.103
552.03	86.807
552.23	86.483
552.43	86.127
552.64	85.754
552.84	85.361
553.04	84.944
553.25	84.510
553.45	84.053
553.65	83.588
553.85	83.128
554.06	82.648
554.26	82.153
554.46	81.634
554.67	81.133
554.87	80.616
555.07	80.117
555.27	79.608
555.48	79.102
555.68	78.614
555.88	78.126
556.09	77.653
556.29	77.168
556.49	76.713
556.69	76.256
556.90	75.821
557.10	75.424
557.30	75.059
557.50	74.694
557.71	74.375
557.91	74.078
558.11	73.786
558.31	73.531
558.52	73.307
558.72	73.121
558.92	72.961
559.13	72.836
559.33	72.736
559.53	72.661
559.73	72.632
559.94	72.622
560.14	72.639
560.34	72.684
560.54	72.768
560.75	72.890
560.95	73.038
561.15	73.226
561.35	73.425
561.55	73.639
561.76	73.897
561.96	74.161
562.16	74.465
562.36	74.806
562.57	75.153
562.77	75.524
562.97	75.908
563.17	76.302
563.38	76.708
563.58	77.136
563.78	77.577
563.98	78.020
564.18	78.463
564.39	78.929
564.59	79.394
564.79	79.870
564.99	80.329
565.20	80.785
565.40	81.219
565.60	81.651
565.80	82.100
566.00	82.516
566.21	82.935
566.41	83.319
566.61	83.698
566.81	84.069
567.01	84.419
567.22	84.760
567.42	85.082
567.62	85.371
567.82	85.643
568.02	85.894
568.23	86.120
568.43	86.321
568.63	86.507
568.83	86.650
569.03	86.758
569.24	86.853
569.44	86.933
569.64	86.988
569.84	87.026
570.04	87.006
570.24	86.979
570.45	86.924
570.65	86.848
570.85	86.735
571.05	86.586
571.25	86.411
571.45	86.202
571.66	85.991
571.86	85.759
572.06	85.483
572.26	85.196
572.46	84.894
572.66	84.583
572.87	84.232
573.07	83.879
573.27	83.507
573.47	83.120
573.67	82.709
573.87	82.281
574.08	81.836
574.28	81.408
574.48	80.963
574.68	80.501
574.88	80.042
575.08	79.562
575.28	79.094
575.49	78.631
575.69	78.173
575.89	77.695
576.09	77.242
576.29	76.785
576.49	76.336
576.69	75.892
576.90	75.462
577.10	75.050
577.30	74.650
577.50	74.274
577.70	73.901
577.90	73.548
578.10	73.236
578.30	72.936
578.51	72.653
578.71	72.399
578.91	72.165
579.11	71.946
579.31	71.764
579.51	71.602
579.71	71.472
579.91	71.358
580.12	71.283
580.32	71.234
580.52	71.220
580.72	71.219
580.92	71.244
581.12	71.285
581.32	71.365
581.52	71.484
581.72	71.610
581.92	71.766
582.13	71.958
582.33	72.145
582.53	72.372
582.73	72.610
582.93	72.879
583.13	73.168
583.33	73.487
583.53	73.816
583.73	74.168
583.93	74.533
584.13	74.918
584.34	75.329
584.54	75.718
584.74	76.113
584.94	76.542
585.14	76.972
585.34	77.409
585.54	77.815
585.74	78.228
585.94	78.664
586.14	79.107
586.34	79.530
586.54	79.970
586.74	80.398
586.94	80.828
587.15	81.252
587.35	81.656
587.55	82.047
587.75	82.432
587.95	82.790
588.15	83.133
588.35	83.462
588.55	83.776
588.75	84.087
588.95	84.381
589.15	84.650
589.35	84.902
589.55	85.131
589.75	85.378
589.95	85.580
590.15	85.754
590.35	85.898
590.55	86.033
590.75	86.134
590.95	86.210
591.15	86.260
591.35	86.278
591.56	86.278
591.76	86.255
591.96	86.208
592.16	86.148
592.36	86.061
592.56	85.960
592.76	85.824
592.96	85.678
593.16	85.492
593.36	85.291
593.56	85.082
593.76	84.863
593.96	84.593
594.16	84.328
594.36	84.045
594.56	83.742
594.76	83.417
594.96	83.088
595.16	82.732
595.36	82.371
595.56	81.989
595.76	81.591
595.96	81.178
596.16	80.775
596.36	80.360
596.56	79.949
596.76	79.509
596.96	79.075
597.16	78.644
597.36	78.227
597.56	77.799
597.76	77.358
597.96	76.923
598.16	76.502
598.36	76.080
598.56	75.658
598.76	75.253
598.96	74.869
599.16	74.488
599.36	74.139
599.56	73.794
599.76	73.459
599.96	73.146
600.15	72.852
600.35	72.575
600.55	72.313
600.75	72.054
600.95	71.831
601.15	71.614
601.35	71.413
601.55	71.233
601.75	71.089
601.95	70.962
602.15	70.865
602.35	70.770
602.55	70.711
602.75	70.682
602.95	70.666
603.15	70.657
603.35	70.688
603.55	70.730
603.75	70.788
603.95	70.879
604.15	70.987
604.35	71.125
604.54	71.271
604.74	71.459
604.94	71.659
605.14	71.869
605.34	72.107
605.54	72.373
605.74	72.662
605.94	72.949
606.14	73.261
606.34	73.581
606.54	73.928
606.74	74.286
606.94	74.647
607.14	75.030
607.33	75.432
607.53	75.827
607.73	76.223
607.93	76.622
608.13	77.028
608.33	77.442
608.53	77.841
608.73	78.259
608.93	78.651
609.13	79.056
609.33	79.462
609.52	79.864
609.72	80.247
609.92	80.615
610.12	80.991
610.32	81.362
610.52	81.736
610.72	82.081
610.92	82.416
611.12	82.743
611.31	83.056
611.51	83.353
611.71	83.638
611.91	83.924
612.11	84.202
612.31	84.465
612.51	84.699
612.71	84.933
612.91	85.126
613.10	85.318
613.30	85.515
613.50	85.676
613.70	85.811
613.90	85.926
614.10	86.020
614.30	86.079
614.50	86.124
614.69	86.130
614.89	86.133
615.09	86.113
615.29	86.079
615.49	86.020
615.69	85.940
615.89	85.850
616.08	85.738
616.28	85.600
616.48	85.442
616.68	85.260
616.88	85.063
617.08	84.850
617.27	84.633
617.47	84.378
617.67	84.111
617.87	83.828
618.07	83.544
618.27	83.249
618.47	82.954
618.66	82.636
618.86	82.317
619.06	81.973
619.26	81.635
619.46	81.283
619.66	80.909
619.85	80.530
620.05	80.145
620.25	79.741
620.45	79.346
620.65	78.942
620.84	78.565
621.04	78.175
621.24	77.808
621.44	77.407
621.64	76.997
621.84	76.613
622.03	76.224
622.23	75.846
622.43	75.473
622.63	75.105
622.83	74.743
623.02	74.391
623.22	74.059
623.42	73.709
623.62	73.387
623.82	73.091
624.01	72.794
624.21	72.512
624.41	72.253
624.61	72.012
624.81	71.793
625.00	71.566
625.20	71.361
625.40	71.163
625.60	70.995
625.79	70.860
625.99	70.751
626.19	70.648
626.39	70.565
626.59	70.500
626.78	70.463
626.98	70.443
627.18	70.436
627.38	70.457
627.57	70.522
627.77	70.588
627.97	70.670
628.17	70.784
628.37	70.906
628.56	71.065
628.76	71.224
628.96	71.396
629.16	71.588
629.35	71.821
629.55	72.058
629.75	72.312
629.95	72.581
630.14	72.850
630.34	73.149
630.54	73.458
630.74	73.770
630.93	74.096
631.13	74.427
631.33	74.765
631.53	75.092
631.72	75.428
631.92	75.784
632.12	76.156
632.31	76.519
632.51	76.913
632.71	77.294
632.91	77.673
633.10	78.059
633.30	78.462
633.50	78.831
633.70	79.222
633.89	79.601
634.09	79.985
634.29	80.360
634.48	80.723
634.68	81.096
634.88	81.463
635.08	81.825
635.27	82.195
635.47	82.553
635.67	82.917
635.86	83.267
636.06	83.600
636.26	83.905
636.46	84.210
636.65	84.494
636.85	84.779
637.05	85.052
637.24	85.295
637.44	85.525
637.64	85.748
637.83	85.963
638.03	86.170
638.23	86.331
638.43	86.494
638.62	86.633
638.82	86.739
639.02	86.843
639.21	86.920
639.41	86.966
639.61	87.019
639.80	87.046
640.00	87.054
640.20	87.066
640.39	87.065
640.59	87.035
640.79	86.992
640.98	86.917
641.18	86.838
641.38	86.754
641.57	86.637
641.77	86.505
641.97	86.340
642.16	86.170
642.36	85.996
642.56	85.806
642.75	85.617
642.95	85.400
643.15	85.175
643.34	84.949
643.54	84.708
643.74	84.432
643.93	84.157
644.13	83.851
644.33	83.526
644.52	83.205
644.72	82.885
644.91	82.547
645.11	82.192
645.31	81.842
645.50	81.494
645.70	81.148
645.90	80.799
646.09	80.438
646.29	80.068
646.48	79.698
646.68	79.315
646.88	78.934
647.07	78.567
647.27	78.189
647.47	77.808
647.66	77.444
647.86	77.076
648.05	76.717
648.25	76.373
648.45	76.030
648.64	75.682
648.84	75.355
649.04	75.025
649.23	74.709
649.43	74.403
649.62	74.101
649.82	73.798
650.02	73.517
650.21	73.255
650.41	73.019
650.60	72.794
650.80	72.597
651.00	72.385
651.19	72.201
651.39	72.030
651.58	71.869
651.78	71.731
651.97	71.629
652.17	71.529
652.37	71.438
652.56	71.381
652.76	71.335
652.95	71.299
653.15	71.306
653.35	71.316
653.54	71.333
653.74	71.354
653.93	71.410
654.13	71.481
654.32	71.557
654.52	71.632
654.72	71.742
654.91	71.863
655.11	72.011
655.30	72.179
655.50	72.362
655.69	72.561
655.89	72.757
656.08	72.960
656.28	73.188
656.48	73.434
656.67	73.682
656.87	73.945
657.06	74.207
657.26	74.472
657.45	74.762
657.65	75.068
657.84	75.397
658.04	75.717
658.23	76.056
658.43	76.407
658.62	76.769
658.82	77.122
659.02	77.480
659.21	77.854
659.41	78.211
659.60	78.575
659.80	78.943
659.99	79.335
660.19	79.713
660.38	80.095
660.58	80.462
660.77	80.841
660.97	81.201
661.16	81.565
661.36	81.918
661.55	82.285
661.75	82.639
661.94	82.977
662.14	83.325
662.33	83.667
662.53	83.996
662.72	84.317
662.92	84.624
663.11	84.916
663.31	85.212
663.50	85.504
663.70	85.794
663.89	86.070
664.09	86.319
664.28	86.575
664.48	86.806
664.67	87.048
664.87	87.248
665.06	87.456
665.26	87.643
665.45	87.823
665.65	87.978
665.84	88.137
666.04	88.276
666.23	88.370
666.43	88.444
666.62	88.510
666.82	88.562
667.01	88.606
667.21	88.643
667.40	88.650
667.59	88.660
667.79	88.633
667.98	88.580
668.18	88.520
668.37	88.436
668.57	88.367
668.76	88.267
668.96	88.147
669.15	88.018
669.35	87.898
669.54	87.744
669.73	87.587
669.93	87.409
670.12	87.228
670.32	87.062
670.51	86.868
670.71	86.665
670.90	86.458
671.10	86.237
671.29	85.994
671.48	85.735
671.68	85.466
671.87	85.202
672.07	84.925
672.26	84.673
672.46	84.394
672.65	84.101
672.84	83.799
673.04	83.506
673.23	83.201
673.43	82.876
673.62	82.568
673.82	82.248
674.01	81.898
674.20	81.561
674.40	81.210
674.59	80.868
674.79	80.538
674.98	80.193
675.17	79.849
675.37	79.520
675.56	79.189
675.76	78.853
675.95	78.501
676.14	78.176
676.34	77.825
676.53	77.497
676.73	77.159
676.92	76.826
677.11	76.503
677.31	76.186
677.50	75.889
677.70	75.584
677.89	75.284
678.08	75.020
678.28	74.759
678.47	74.516
678.66	74.287
678.86	74.067
679.05	73.849
679.25	73.655
679.44	73.473
679.63	73.320
679.83	73.166
680.02	73.036
680.21	72.915
680.41	72.802
680.60	72.688
680.79	72.600
680.99	72.530
681.18	72.460
681.38	72.417
681.57	72.395
681.76	72.396
681.96	72.407
682.15	72.418
682.34	72.430
682.54	72.460
682.73	72.511
682.92	72.562
683.12	72.652
683.31	72.749
683.50	72.855
683.70	72.970
683.89	73.085
684.08	73.233
684.28	73.388
684.47	73.555
684.66	73.746
684.86	73.943
685.05	74.156
685.24	74.388
685.44	74.616
685.63	74.849
685.82	75.099
686.02	75.348
686.21	75.641
686.40	75.934
686.60	76.241
686.79	76.553
686.98	76.869
687.18	77.192
687.37	77.510
687.56	77.828
687.75	78.161
687.95	78.503
688.14	78.835
688.33	79.189
688.53	79.543
688.72	79.912
688.91	80.272
689.11	80.623
689.30	81.002
689.49	81.382
689.68	81.751
689.88	82.108
690.07	82.464
690.26	82.803
690.46	83.156
690.65	83.485
690.84	83.818
691.03	84.160
691.23	84.486
691.42	84.814
691.61	85.144
691.80	85.449
692.00	85.756
692.19	86.044
692.38	86.323
692.58	86.602
692.77	86.864
692.96	87.116
693.15	87.371
693.35	87.599
693.54	87.843
693.73	88.081
693.92	88.294
694.12	88.519
694.31	88.712
694.50	88.921
694.69	89.097
694.89	89.262
695.08	89.404
695.27	89.566
695.46	89.694
695.66	89.819
695.85	89.938
696.04	90.050
696.23	90.172
696.43	90.266
696.62	90.326
696.81	90.381
697.00	90.438
697.19	90.482
697.39	90.498
697.58	90.499
697.77	90.479
697.96	90.476
698.16	90.437
698.35	90.420
698.54	90.354
698.73	90.316
698.92	90.231
699.12	90.148
699.31	90.039
699.50	89.934
699.69	89.819
699.89	89.684
700.08	89.543
700.27	89.378
700.46	89.219
700.65	89.048
700.85	88.886
701.04	88.696
701.23	88.490
701.42	88.284
701.61	88.068
701.81	87.838
702.00	87.597
702.19	87.359
702.38	87.086
702.57	86.833
702.76	86.542
702.96	86.276
703.15	85.990
703.34	85.690
703.53	85.386
703.72	85.055
703.92	84.732
704.11	84.408
704.30	84.071
704.49	83.739
704.68	83.420
704.87	83.063
705.07	82.724
705.26	82.390
705.45	82.079
705.64	81.733
705.83	81.424
706.02	81.098
706.21	80.785
706.41	80.466
706.60	80.134
706.79	79.830
706.98	79.533
707.17	79.223
707.36	78.926
707.56	78.649
707.75	78.375
707.94	78.108
708.13	77.845
708.32	77.605
708.51	77.352
708.70	77.122
708.89	76.896
709.09	76.671
709.28	76.462
709.47	76.216
709.66	75.999
709.85	75.787
710.04	75.585
710.23	75.376
710.42	75.212
710.62	75.044
710.81	74.858
711.00	74.685
711.19	74.544
711.38	74.405
711.57	74.265
711.76	74.145
711.95	74.048
712.15	73.962
712.34	73.881
712.53	73.810
712.72	73.743
712.91	73.715
713.10	73.689
713.29	73.674
713.48	73.670
713.67	73.702
713.86	73.744
714.05	73.789
714.25	73.848
714.44	73.893
714.63	73.966
714.82	74.077
715.01	74.189
715.20	74.330
715.39	74.461
715.58	74.607
715.77	74.774
715.96	74.943
716.15	75.107
716.34	75.269
716.54	75.454
716.73	75.653
716.92	75.841
717.11	76.049
717.30	76.265
717.49	76.502
717.68	76.747
717.87	76.957
718.06	77.218
718.25	77.490
718.44	77.768
718.63	78.055
718.82	78.338
719.01	78.623
719.20	78.909
719.39	79.212
719.58	79.519
719.77	79.814
719.96	80.095
720.16	80.399
720.35	80.723
720.54	81.036
720.73	81.353
720.92	81.676
721.11	82.017
721.30	82.343
721.49	82.669
721.68	82.998
721.87	83.357
722.06	83.683
722.25	84.006
722.44	84.336
722.63	84.645
722.82	84.947
723.01	85.240
723.20	85.518
723.39	85.813
723.58	86.127
723.77	86.434
723.96	86.743
724.15	87.051
724.34	87.338
724.53	87.625
724.72	87.883
724.91	88.164
725.10	88.441
725.29	88.695
725.48	88.978
725.67	89.200
725.86	89.407
726.05	89.629
726.24	89.832
726.43	90.024
726.62	90.219
726.81	90.439
727.00	90.634
727.19	90.840
727.38	91.029
727.57	91.181
727.76	91.330
727.95	91.470
728.14	91.583
728.33	91.700
728.52	91.803
728.71	91.903
728.90	91.989
729.09	92.038
729.28	92.075
729.47	92.092
729.65	92.125
729.84	92.162
730.03	92.184
730.22	92.202
730.41	92.216
730.60	92.222
730.79	92.174
730.98	92.151
731.17	92.125
731.36	92.061
731.55	91.982
731.74	91.903
731.93	91.816
732.12	91.726
732.31	91.640
732.50	91.561
732.69	91.479
732.88	91.351
733.06	91.219
733.25	91.097
733.44	90.973
733.63	90.821
733.82	90.663
734.01	90.471
734.20	90.281
734.39	90.072
734.58	89.875
734.77	89.691
734.96	89.472
735.15	89.235
735.33	88.997
735.52	88.777
735.71	88.538
735.90	88.284
736.09	88.018
736.28	87.730
736.47	87.440
736.66	87.143
736.85	86.860
737.04	86.549
737.23	86.256
737.41	85.936
737.60	85.657
737.79	85.336
737.98	85.044
738.17	84.745
738.36	84.465
738.55	84.173
738.74	83.886
738.92	83.584
739.11	83.296
739.30	82.992
739.49	82.679
739.68	82.389
739.87	82.125
740.06	81.859
740.25	81.572
740.43	81.305
740.62	81.022
740.81	80.732
741.00	80.476
741.19	80.193
741.38	79.916
741.57	79.631
741.75	79.385
741.94	79.122
742.13	78.865
742.32	78.594
742.51	78.339
742.70	78.091
742.89	77.868
743.07	77.630
743.26	77.414
743.45	77.178
743.64	76.976
743.83	76.753
744.02	76.518
744.20	76.331
744.39	76.138
744.58	75.969
744.77	75.818
744.96	75.684
745.15	75.579
745.33	75.486
745.52	75.390
745.71	75.292
745.90	75.200
746.09	75.132
746.28	75.073
746.46	74.992
746.65	74.917
746.84	74.867
747.03	74.820
747.22	74.789
747.40	74.792
747.59	74.775
747.78	74.777
747.97	74.826
748.16	74.861
748.34	74.881
748.53	74.926
748.72	74.986
748.91	75.032
749.10	75.082
749.28	75.152
749.47	75.245
749.66	75.324
749.85	75.405
750.04	75.496
750.22	75.593
750.41	75.722
750.60	75.866
750.79	75.984
750.97	76.125
751.16	76.290
751.35	76.445
751.54	76.596
751.73	76.779
751.91	76.948
752.10	77.156
752.29	77.349
752.48	77.565
752.66	77.776
752.85	77.990
753.04	78.211
753.23	78.451
753.41	78.664
753.60	78.923
753.79	79.188
753.98	79.438
754.16	79.700
754.35	79.960
754.54	80.213
754.73	80.504
754.91	80.791
755.10	81.064
755.29	81.358
755.48	81.637
755.66	81.914
755.85	82.202
756.04	82.463
756.22	82.760
756.41	83.025
756.60	83.298
756.79	83.595
756.97	83.889
757.16	84.141
757.35	84.435
757.54	84.721
757.72	85.001
757.91	85.293
758.10	85.582
758.28	85.859
758.47	86.133
758.66	86.429
758.85	86.700
759.03	86.977
759.22	87.243
759.41	87.524
759.59	87.799
759.78	88.066
759.97	88.312
760.15	88.553
760.34	88.830
760.53	89.070
760.71	89.294
760.90	89.540
761.09	89.777
761.28	90.004
761.46	90.217
761.65	90.434
761.84	90.651
762.02	90.859
762.21	91.085
762.40	91.272
762.58	91.425
762.77	91.587
762.96	91.757
763.14	91.940
763.33	92.096
763.52	92.216
763.70	92.318
763.89	92.453
764.08	92.585
764.26	92.658
764.45	92.769
764.64	92.878
764.82	92.941
765.01	93.010
765.20	93.055
765.38	93.112
765.57	93.135
765.75	93.156
765.94	93.154
766.13	93.166
766.31	93.193
766.50	93.196
766.69	93.229
766.87	93.246
767.06	93.226
767.25	93.214
767.43	93.220
767.62	93.227
767.80	93.203
767.99	93.154
768.18	93.101
768.36	93.039
768.55	92.970
768.74	92.894
768.92	92.813
769.11	92.754
769.29	92.655
769.48	92.581
769.67	92.462
769.85	92.367
770.04	92.190
770.22	92.032
770.41	91.851
770.60	91.652
770.78	91.431
770.97	91.228
771.15	91.030
771.34	90.794
771.53	90.586
771.71	90.363
771.90	90.162
772.08	90.003
772.27	89.795
772.46	89.550
772.64	89.320
772.83	89.089
773.01	88.807
773.20	88.548
773.39	88.292
773.57	88.030
773.76	87.764
773.94	87.552
774.13	87.291
774.31	87.019
774.50	86.782
774.68	86.517
774.87	86.254
775.06	85.943
775.24	85.672
775.43	85.364
775.61	85.066
775.80	84.776
775.98	84.454
776.17	84.137
776.36	83.842
776.54	83.549
776.73	83.243
776.91	82.966
777.10	82.686
777.28	82.377
777.47	82.100
777.65	81.812
777.84	81.515
778.02	81.248
778.21	80.995
778.39	80.703
778.58	80.446
778.77	80.194
778.95	79.974
779.14	79.750
779.32	79.540
779.51	79.330
779.69	79.094
779.88	78.885
780.06	78.688
780.25	78.482
780.43	78.270
780.62	78.088
780.80	77.895
780.99	77.696
781.17	77.502
781.36	77.309
781.54	77.133
781.73	76.927
781.91	76.752
782.10	76.595
782.28	76.437
782.47	76.279
782.65	76.104
782.84	75.946
783.02	75.808
783.21	75.682
783.39	75.560
783.58	75.449
783.76	75.320
783.95	75.218
784.13	75.157
784.32	75.095
784.50	75.018
784.69	74.982
784.87	74.950
785.05	74.936
785.24	74.922
785.42	74.919
785.61	74.927
785.79	74.940
785.98	74.959
786.16	74.968
786.35	75.011
786.53	75.055
786.72	75.091
786.90	75.131
787.09	75.161
787.27	75.220
787.45	75.304
787.64	75.380
787.82	75.451
788.01	75.523
788.19	75.620
788.38	75.716
788.56	75.753
788.75	75.859
788.93	75.975
789.11	76.066
789.30	76.151
789.48	76.269
789.67	76.400
789.85	76.515
790.04	76.679
790.22	76.824
790.40	76.989
790.59	77.141
790.77	77.301
790.96	77.491
791.14	77.671
791.32	77.832
791.51	78.020
791.69	78.215
791.88	78.414
792.06	78.614
792.25	78.809
792.43	79.064
792.61	79.273
792.80	79.461
792.98	79.705
793.17	79.936
793.35	80.138
793.53	80.356
793.72	80.617
793.90	80.850
794.08	81.073
794.27	81.302
794.45	81.564
794.64	81.803
794.82	82.043
795.00	82.252
795.19	82.502
795.37	82.738
795.55	82.933
795.74	83.171
795.92	83.411
796.11	83.675
796.29	83.926
796.47	84.166
796.66	84.402
796.84	84.665
797.02	84.928
797.21	85.204
797.39	85.458
797.58	85.693
797.76	85.918
797.94	86.173
798.13	86.426
798.31	86.689
798.49	86.923
798.68	87.146
798.86	87.413
799.04	87.621
799.23	87.855
799.41	88.098
799.59	88.311
799.78	88.484
799.96	88.677
800.14	88.876
800.33	89.081
800.51	89.302
800.69	89.459
800.88	89.651
801.06	89.854
801.24	89.995
801.43	90.158
801.61	90.305
801.79	90.441
801.98	90.573
802.16	90.715
802.34	90.872
802.52	91.019
802.71	91.119
802.89	91.263
803.07	91.381
803.26	91.484
803.44	91.565
803.62	91.673
803.81	91.761
803.99	91.803
804.17	91.842
804.35	91.882
804.54	91.910
804.72	91.964
804.90	91.993
805.09	92.073
805.27	92.130
805.45	92.187
805.63	92.208
805.82	92.233
806.00	92.180
806.18	92.168
806.37	92.166
806.55	92.127
806.73	92.106
806.91	92.070
807.10	92.054
807.28	92.025
807.46	91.988
807.64	91.932
807.83	91.890
808.01	91.846
808.19	91.740
808.37	91.653
808.56	91.536
808.74	91.434
808.92	91.319
809.10	91.167
809.29	91.056
809.47	90.947
809.65	90.779
809.83	90.687
810.02	90.538
810.20	90.397
810.38	90.262
810.56	90.095
810.75	89.967
810.93	89.822
811.11	89.662
811.29	89.505
811.47	89.337
811.66	89.143
811.84	88.961
812.02	88.854
812.20	88.703
812.39	88.554
812.57	88.385
812.75	88.223
812.93	88.092
813.11	87.904
813.30	87.733
813.48	87.589
813.66	87.393
813.84	87.206
814.02	86.998
814.21	86.826
814.39	86.602
814.57	86.380
814.75	86.153
814.93	85.937
815.12	85.703
815.30	85.477
815.48	85.259
815.66	85.024
815.84	84.761
816.03	84.505
816.21	84.221
816.39	83.968
816.57	83.656
816.75	83.344
816.93	83.059
817.12	82.750
817.30	82.442
817.48	82.145
817.66	81.885
817.84	81.630
818.02	81.384
818.21	81.113
818.39	80.865
818.57	80.598
818.75	80.383
818.93	80.136
819.11	79.882
819.30	79.648
819.48	79.426
819.66	79.218
819.84	79.032
820.02	78.826
820.20	78.611
820.38	78.405
820.57	78.211
820.75	78.043
820.93	77.860
821.11	77.683
821.29	77.526
821.47	77.331
821.65	77.136
821.83	76.934
822.02	76.774
822.20	76.583
822.38	76.447
822.56	76.225
822.74	76.034
822.92	75.819
823.10	75.644
823.28	75.440
823.46	75.242
823.65	75.041
823.83	74.870
824.01	74.694
824.19	74.525
824.37	74.358
824.55	74.162
824.73	74.020
824.91	73.856
825.09	73.698
825.27	73.559
825.46	73.397
825.64	73.234
825.82	73.113
826.00	72.966
826.18	72.843
826.36	72.742
826.54	72.659
826.72	72.629
826.90	72.567
827.08	72.526
827.26	72.495
827.44	72.447
827.63	72.407
827.81	72.386
827.99	72.403
828.17	72.396
828.35	72.405
828.53	72.400
828.71	72.443
828.89	72.457
829.07	72.482
829.25	72.513
829.43	72.580
829.61	72.604
829.79	72.648
829.97	72.693
830.15	72.717
830.33	72.768
830.51	72.801
830.69	72.856
830.87	72.862
831.06	72.919
831.24	72.980
831.42	73.038
831.60	73.075
831.78	73.137
831.96	73.222
832.14	73.325
832.32	73.425
832.50	73.501
832.68	73.585
832.86	73.660
833.04	73.786
833.22	73.868
833.40	73.999
833.58	74.103
833.76	74.204
833.94	74.357
834.12	74.505
834.30	74.661
834.48	74.797
834.66	74.992
834.84	75.116
835.02	75.290
835.20	75.465
835.38	75.660
835.56	75.845
835.74	76.033
835.92	76.219
836.10	76.391
836.28	76.570
836.46	76.775
836.64	76.967
836.82	77.128
837.00	77.319
837.18	77.499
837.36	77.722
837.54	77.914
837.72	78.119
837.90	78.327
838.08	78.531
838.26	78.733
838.43	78.923
838.61	79.142
838.79	79.347
838.97	79.551
839.15	79.751
839.33	79.946
839.51	80.097
839.69	80.275
839.87	80.474
840.05	80.693
840.23	80.879
840.41	81.073
840.59	81.231
840.77	81.437
840.95	81.610
841.13	81.767
841.31	81.932
841.49	82.068
841.67	82.179
841.84	82.333
842.02	82.442
842.20	82.615
842.38	82.727
842.56	82.837
842.74	82.974
842.92	83.059
843.10	83.179
843.28	83.354
843.46	83.460
843.64	83.532
843.82	83.643
843.99	83.743
844.17	83.891
844.35	84.097
844.53	84.229
844.71	84.392
844.89	84.495
845.07	84.652
845.25	84.812
845.43	84.969
845.61	85.094
845.78	85.279
845.96	85.408
846.14	85.576
846.32	85.740
846.50	85.854
846.68	86.051
846.86	86.182
847.04	86.292
847.22	86.359
847.39	86.508
847.57	86.587
847.75	86.663
847.93	86.677
848.11	86.732
848.29	86.824
848.47	86.850
848.65	86.947
848.82	86.961
849.00	86.994
849.18	87.010
849.36	87.023
849.54	87.047
849.72	87.013
849.89	87.035
850.07	87.066
850.25	87.045
850.43	86.980
850.61	86.947
850.79	86.881
850.97	86.923
851.14	86.905
851.32	86.864
851.50	86.854
851.68	86.884
851.86	86.908
852.04	86.854
852.21	86.856
852.39	86.831
852.57	86.861
852.75	86.847
852.93	86.817
853.10	86.766
853.28	86.691
853.46	86.650
853.64	86.549
853.82	86.428
854.00	86.418
854.17	86.332
854.35	86.219
854.53	86.145
854.71	86.026
854.89	85.879
855.06	85.819
855.24	85.740
855.42	85.631
855.60	85.455
855.78	85.329
855.95	85.181
856.13	85.050
856.31	84.842
856.49	84.659
856.66	84.536
856.84	84.361
857.02	84.268
857.20	84.168
857.38	83.980
857.55	83.833
857.73	83.576
857.91	83.449
858.09	83.266
858.26	83.102
858.44	82.944
858.62	82.794
858.80	82.589
858.97	82.398
859.15	82.186
859.33	81.957
859.51	81.779
859.68	81.576
859.86	81.368
860.04	81.183
860.22	80.980
860.39	80.757
860.57	80.520
860.75	80.231
860.93	79.987
861.10	79.849
861.28	79.655
861.46	79.443
861.64	79.229
861.81	79.067
861.99	78.844
862.17	78.610
862.35	78.411
862.52	78.242
862.70	78.030
862.88	77.862
863.05	77.660
863.23	77.443
863.41	77.256
863.59	77.041
863.76	76.884
863.94	76.687
864.12	76.502
864.29	76.351
864.47	76.143
864.65	75.957
864.83	75.689
865.00	75.466
865.18	75.309
865.36	75.127
865.53	74.924
865.71	74.787
865.89	74.598
866.06	74.393
866.24	74.157
866.42	73.969
866.59	73.750
866.77	73.600
866.95	73.405
867.12	73.164
867.30	73.003
867.48	72.772
867.65	72.581
867.83	72.381
868.01	72.212
868.18	72.035
868.36	71.851
868.54	71.716
868.71	71.576
868.89	71.434
869.07	71.272
869.24	71.133
869.42	70.956
869.60	70.817
869.77	70.718
869.95	70.588
870.13	70.446
870.30	70.356
870.48	70.187
870.66	70.067
870.83	69.984
871.01	69.821
871.18	69.722
871.36	69.624
871.54	69.500
871.71	69.404
871.89	69.331
872.07	69.183
872.24	69.082
872.42	69.008
872.59	68.915
872.77	68.810
872.95	68.732
873.12	68.611
873.30	68.509
873.48	68.433
873.65	68.360
873.83	68.287
874.00	68.187
874.18	68.141
874.36	68.102
874.53	68.057
874.71	68.021
874.88	67.984
875.06	67.969
875.24	67.998
875.41	67.972
875.59	67.966
875.76	68.027
875.94	68.005
876.11	67.921
876.29	67.862
876.47	67.858
876.64	67.823
876.82	67.808
876.99	67.807
877.17	67.791
877.35	67.793
877.52	67.791
877.70	67.783
877.87	67.795
878.05	67.820
878.22	67.847
878.40	67.906
878.57	67.920
878.75	67.916
878.93	67.897
879.10	67.925
879.28	67.971
879.45	68.000
879.63	68.012
879.80	68.048
879.98	68.131
880.15	68.184
880.33	68.267
880.50	68.343
880.68	68.480
880.86	68.565
881.03	68.672
881.21	68.785
881.38	68.896
881.56	69.087
881.73	69.169
881.91	69.261
882.08	69.347
882.26	69.505
882.43	69.648
882.61	69.842
882.78	69.971
882.96	70.117
883.13	70.247
883.31	70.407
883.48	70.618
883.66	70.781
883.83	70.941
884.01	71.060
884.18	71.296
884.36	71.445
884.53	71.575
884.71	71.738
884.88	71.856
885.06	72.023
885.23	72.091
885.41	72.229
885.58	72.340
885.76	72.506
885.93	72.579
886.11	72.752
886.28	72.846
886.46	72.986
886.63	73.115
886.81	73.231
886.98	73.423
887.15	73.521
887.33	73.686
887.50	73.886
887.68	74.057
887.85	74.137
888.03	74.272
888.20	74.446
888.38	74.585
888.55	74.761
888.73	74.834
888.90	74.973
889.08	75.120
889.25	75.244
889.42	75.369
889.60	75.559
889.77	75.629
889.95	75.770
890.12	75.846
890.30	75.925
890.47	76.001
890.64	76.118
890.82	76.255
890.99	76.363
891.17	76.443
891.34	76.549
891.52	76.655
891.69	76.766
891.86	76.860
892.04	76.955
892.21	77.078
892.39	77.295
892.56	77.440
892.73	77.514
892.91	77.657
893.08	77.839
893.26	77.914
893.43	78.070
893.60	78.148
893.78	78.292
893.95	78.440
894.13	78.668
894.30	78.810
894.47	78.994
894.65	79.103
894.82	79.246
895.00	79.362
895.17	79.507
895.34	79.658
895.52	79.817
895.69	79.920
895.86	80.044
896.04	80.069
896.21	80.215
896.39	80.386
896.56	80.537
896.73	80.529
896.91	80.577
897.08	80.659
897.25	80.811
897.43	80.861
897.60	80.932
897.77	80.927
897.95	80.887
898.12	80.850
898.30	80.941
898.47	80.930
898.64	80.962
898.82	80.966
898.99	80.941
899.16	80.919
899.34	80.887
899.51	80.786
899.68	80.740
899.86	80.656
900.03	80.560
900.20	80.482
900.38	80.495
900.55	80.553
900.72	80.468
900.90	80.373
901.07	80.457
901.24	80.409
901.41	80.398
901.59	80.392
901.76	80.383
901.93	80.299
902.11	80.211
902.28	80.181
902.45	80.259
902.63	80.260
902.80	80.206
902.97	80.185
903.15	80.259
903.32	80.318
903.49	80.307
903.66	80.335
903.84	80.332
904.01	80.281
904.18	80.218
904.36	80.219
904.53	80.175
904.70	80.072
904.87	80.039
905.05	79.936
905.22	79.933
905.39	79.874
905.56	79.776
905.74	79.711
905.91	79.603
906.08	79.452
906.26	79.331
906.43	79.215
906.60	79.093
906.77	78.906
906.95	78.763
907.12	78.614
907.29	78.427
907.46	78.365
907.64	78.258
907.81	78.124
907.98	77.927
908.15	77.800
908.33	77.668
908.50	77.506
908.67	77.393
908.84	77.251
909.01	77.075
909.19	76.998
909.36	76.875
909.53	76.726
909.70	76.498
909.88	76.401
910.05	76.223
910.22	76.135
910.39	75.993
910.57	75.891
910.74	75.785
910.91	75.718
911.08	75.487
911.25	75.317
911.43	75.190
911.60	75.049
911.77	74.900
911.94	74.662
912.11	74.493
912.29	74.275
912.46	74.014
912.63	73.810
912.80	73.562
912.97	73.360
913.15	73.203
913.32	73.063
913.49	72.827
913.66	72.744
913.83	72.520
914.00	72.309
914.18	72.102
914.35	71.909
914.52	71.661
914.69	71.459
914.86	71.264
915.03	71.065
915.21	70.932
915.38	70.726
915.55	70.642
915.72	70.482
915.89	70.362
916.06	70.286
916.24	70.212
916.41	70.069
916.58	69.947
916.75	69.754
916.92	69.586
917.09	69.394
917.26	69.128
917.44	68.926
917.61	68.818
917.78	68.603
917.95	68.460
918.12	68.265
918.29	68.174
918.46	67.983
918.64	67.810
918.81	67.673
918.98	67.531
919.15	67.354
919.32	67.207
919.49	66.983
919.66	66.798
919.83	66.598
920.00	66.433
920.18	66.311
920.35	66.281
920.52	66.170
920.69	66.127
920.86	66.120
921.03	66.027
921.20	65.890
921.37	65.787
921.54	65.538
921.71	65.450
921.89	65.295
922.06	65.244
922.23	65.146
922.40	65.035
922.57	64.862
922.74	64.781
922.91	64.733
923.08	64.691
923.25	64.613
923.42	64.541
923.59	64.516
923.76	64.321
923.93	64.135
924.11	63.987
924.28	63.871
924.45	63.758
924.62	63.765
924.79	63.683
924.96	63.549
925.13	63.533
925.30	63.442
925.47	63.316
925.64	63.260
925.81	63.219
925.98	63.180
926.15	63.179
926.32	63.037
926.49	62.938
926.66	62.883
926.83	62.796
927.00	62.781
927.17	62.673
927.34	62.753
927.51	62.731
927.69	62.796
927.86	62.768
928.03	62.670
928.20	62.635
928.37	62.565
928.54	62.616
928.71	62.610
928.88	62.665
929.05	62.710
929.22	62.702
929.39	62.667
929.56	62.625
929.73	62.602
929.90	62.672
930.07	62.677
930.24	62.661
930.41	62.694
930.58	62.760
930.75	62.841
930.92	62.784
931.09	62.797
931.26	62.765
931.43	62.760
931.60	62.786
931.77	62.764
931.94	62.854
932.11	62.908
932.27	62.950
932.44	62.995
932.61	63.056
932.78	63.045
932.95	63.182
933.12	63.145
933.29	63.198
933.46	63.231
933.63	63.213
933.80	63.251
933.97	63.283
934.14	63.276
934.31	63.264
934.48	63.339
934.65	63.388
934.82	63.476
934.99	63.557
935.16	63.636
935.33	63.724
935.50	63.884
935.67	63.956
935.84	64.010
936.00	64.013
936.17	64.086
936.34	64.229
936.51	64.218
936.68	64.300
936.85	64.357
937.02	64.472
937.19	64.536
937.36	64.684
937.53	64.696
937.70	64.797
937.87	64.877
938.03	64.900
938.20	64.968
938.37	65.052
938.54	65.100
938.71	65.170
938.88	65.284
939.05	65.192
939.22	65.175
939.39	65.263
939.56	65.436
939.72	65.490
939.89	65.520
940.06	65.561
940.23	65.640
940.40	65.718
940.57	65.854
940.74	66.010
940.91	66.050
941.08	66.224
941.24	66.299
941.41	66.479
941.58	66.708
941.75	66.852
941.92	67.000
942.09	67.124
942.26	67.193
942.42	67.215
942.59	67.440
942.76	67.783
942.93	67.938
943.10	67.955
943.27	68.105
943.44	68.258
943.60	68.455
943.77	68.474
943.94	68.690
944.11	68.711
944.28	68.803
944.45	68.939
944.61	69.047
944.78	69.068
944.95	69.098
945.12	69.290
945.29	69.376
945.46	69.322
945.62	69.359
945.79	69.573
945.96	69.875
946.13	70.020
946.30	69.996
946.46	70.125
946.63	70.225
946.80	70.328
946.97	70.460
947.14	70.521
947.31	70.997
947.47	71.178
947.64	71.358
947.81	71.495
947.98	71.655
948.15	71.698
948.31	71.924
948.48	72.040
948.65	72.005
948.82	72.124
948.98	72.257
949.15	72.529
949.32	72.547
949.49	72.502
949.66	72.536
949.82	72.589
949.99	72.700
950.16	72.812
950.33	72.776
950.49	72.855
950.66	72.807
950.83	72.634
951.00	72.476
951.16	72.236
951.33	72.263
951.50	72.183
951.67	72.257
951.83	72.266
952.00	72.267
952.17	72.177
952.34	72.172
952.50	72.318
952.67	72.235
952.84	72.286
953.01	72.198
953.17	72.218
953.34	72.302
953.51	72.199
953.68	72.084
953.84	72.024
954.01	71.926
954.18	71.843
954.34	71.861
954.51	71.931
954.68	72.082
954.85	72.037
955.01	72.153
955.18	72.380
955.35	72.123
955.51	72.065
955.68	72.191
955.85	72.351
956.02	72.188
956.18	72.216
956.35	72.124
956.52	72.166
956.68	72.115
956.85	71.985
957.02	72.056
957.18	72.056
957.35	72.054
957.52	72.103
957.69	72.186
957.85	72.234
958.02	72.080
958.19	71.956
958.35	71.897
958.52	71.618
958.69	71.252
958.85	71.405
959.02	71.446
959.19	71.146
959.35	70.974
959.52	71.029
959.69	70.990
959.85	71.017
960.02	70.989
960.19	70.841
960.35	70.756
960.52	70.585
960.68	70.589
960.85	70.663
961.02	70.405
961.18	70.408
961.35	70.182
961.52	70.209
961.68	70.171
961.85	70.070
962.02	70.149
962.18	70.146
962.35	69.872
962.51	69.765
962.68	69.787
962.85	69.682
963.01	69.365
963.18	69.257
963.35	68.869
963.51	68.681
963.68	68.690
963.84	68.416
964.01	68.449
964.18	68.242
964.34	67.998
964.51	67.826
964.67	67.584
964.84	67.481
965.01	67.220
965.17	66.954
965.34	66.985
965.50	66.669
965.67	66.616
965.84	66.613
966.00	66.656
966.17	66.737
966.33	66.580
966.50	66.486
966.66	66.416
966.83	66.507
967.00	66.406
967.16	66.180
967.33	66.100
967.49	65.894
967.66	66.066
967.82	65.890
967.99	66.041
968.16	66.037
968.32	65.945
968.49	65.743
968.65	65.907
968.82	65.739
968.98	65.836
969.15	65.497
969.31	65.192
969.48	64.893
969.64	64.536
969.81	64.450
969.98	64.343
970.14	63.956
970.31	63.806
970.47	63.550
970.64	63.355
970.80	63.422
970.97	62.907
971.13	62.567
971.30	62.421
971.46	62.179
971.63	61.943
971.79	62.004
971.96	62.055
972.12	61.723
972.29	61.305
972.45	61.170
972.62	61.233
972.78	61.263
972.95	60.881
973.11	60.687
973.28	60.557
973.44	60.546
973.61	60.773
973.77	60.638
973.94	60.647
974.10	60.768
974.27	60.688
974.43	60.970
974.60	60.897
974.76	60.886
974.93	60.913
975.09	60.763
975.26	60.439
975.42	60.350
975.59	60.175
975.75	60.525
975.92	60.371
976.08	59.854
976.24	59.683
976.41	59.503
976.57	59.545
976.74	59.450
976.90	59.095
977.07	58.612
977.23	58.572
977.40	58.369
977.56	57.759
977.73	57.424
977.89	57.141
978.05	56.773
978.22	56.656
978.38	56.293
978.55	56.044
978.71	55.906
978.88	55.892
979.04	55.981
979.20	55.720
979.37	55.648
979.53	55.633
979.70	55.743
979.86	55.965
980.03	55.799
980.19	55.670
980.35	55.762
980.52	55.552
980.68	55.636
980.85	55.549
981.01	55.675
981.17	55.685
981.34	55.447
981.50	55.374
981.67	55.280
981.83	55.215
981.99	55.190
982.16	54.977
982.32	54.123
982.49	53.997
982.65	53.805
982.81	53.948
982.98	53.907
983.14	53.841
983.30	53.453
983.47	53.441
983.63	53.231
983.80	52.988
983.96	52.756
984.12	53.037
984.29	53.308
984.45	53.492
984.61	53.212
984.78	53.566
984.94	53.822
985.10	54.311
985.27	54.149
985.43	54.578
985.59	54.908
985.76	55.577
985.92	55.759
986.08	56.169
986.25	55.637
986.41	56.250
986.57	55.706
986.74	56.107
986.90	55.918
987.06	55.791
987.23	55.788
987.39	55.702
987.55	54.663
987.72	54.327
987.88	53.503
988.04	53.888
988.21	54.220
988.37	53.983
988.53	53.220
988.70	53.496
988.86	52.887
989.02	52.581
989.19	52.128
989.35	52.069
989.51	51.377
989.67	51.401
989.84	50.768
990.00	50.849
990.16	51.067
990.33	51.302
990.49	51.737
990.65	51.995
990.82	52.452
990.98	52.608
991.14	52.525
991.30	53.416
991.47	52.722
991.63	52.624
991.79	53.618
991.95	53.803
992.12	53.939
992.28	54.170
992.44	54.358
992.61	54.526
992.77	54.553
992.93	55.001
993.09	55.044
993.26	55.300
993.42	55.847
993.58	55.456
993.74	55.220
993.91	54.825
994.07	54.561
994.23	54.775
994.39	54.856
994.55	55.126
994.72	54.676
994.88	54.886
995.04	54.457
995.20	53.827
995.37	53.542
995.53	53.489
995.69	53.330
995.85	52.667
996.02	52.764
996.18	52.974
996.34	52.524
996.50	52.725
996.66	53.523
996.83	52.883
996.99	52.187
997.15	52.726
997.31	52.936
997.47	52.996
997.64	52.732
997.80	53.101
997.96	53.521
998.12	53.893
998.28	54.746
998.45	55.239
998.61	55.058
998.77	54.954
998.93	55.077
999.09	56.197
999.25	56.631
999.42	57.539
999.58	57.349
999.74	57.189
999.90	56.881
1000.06	56.154
1000.22	56.519
1000.39	57.278
1000.55	56.923
1000.71	57.196
1000.87	57.180
1001.03	57.002
1001.19	56.900
1001.36	56.165
1001.52	55.410
1001.68	54.958
1001.84	55.409
1002.00	54.700
1002.16	54.669
1002.32	54.091
1002.49	52.293
1002.65	51.995
1002.81	51.470
1002.97	51.440
1003.13	51.328
1003.29	52.269
1003.45	51.726
1003.62	52.298
1003.78	51.894
1003.94	52.348
1004.10	51.437
1004.26	51.579
1004.42	51.275
1004.58	51.025
1004.74	51.488
1004.90	53.229
1005.07	53.307
1005.23	51.919
1005.39	52.820
1005.55	53.091
1005.71	52.596
1005.87	54.060
1006.03	55.048
1006.19	55.043
1006.35	54.718
1006.51	55.521
1006.67	55.106
1006.84	54.998
1007.00	54.714
1007.16	55.908
1007.32	54.147
1007.48	54.960
1007.64	56.161
1007.80	55.944
1007.96	55.438
1008.12	55.823
1008.28	54.111
1008.44	55.102
1008.60	55.775
1008.76	54.464
1008.92	53.698
1009.09	53.655
1009.25	53.187
1009.41	52.266
1009.57	53.122
1009.73	53.283
1009.89	53.725
1010.05	54.601
1010.21	56.485
1010.37	56.245
1010.53	57.072
1010.69	59.223
1010.85	58.853
1011.01	57.388
1011.17	56.955
1011.33	58.558
1011.49	58.579
1011.65	58.560
1011.81	57.489
1011.97	57.980
1012.13	59.940
1012.29	61.156
1012.45	62.537
1012.61	65.151
1012.77	63.394
1012.93	62.202
1013.09	61.429
1013.25	61.665
1013.41	61.354
1013.57	58.637
1013.73	58.334
1013.89	54.723
1014.05	56.009
1014.21	54.144
1014.37	52.801
1014.53	51.423
1014.69	51.100
1014.85	51.957
1015.01	53.593
1015.17	56.275
1015.33	56.100
1015.49	55.050
1015.65	57.581
1015.81	57.995
1015.97	54.883
1016.13	57.046
1016.29	57.291
1016.45	57.794
1016.61	58.569
1016.77	56.231
1016.93	57.028
1017.09	55.999
1017.25	57.264
1017.41	56.142
1017.56	58.212
1017.72	63.449
1017.88	65.105
1018.04	66.236
1018.20	62.718
1018.36	62.931
1018.52	60.263
1018.68	61.228
1018.84	62.216
1019.00	58.855
1019.16	59.968
1019.32	63.143
1019.48	64.919
1019.64	65.914
1019.79	64.420
1019.95	60.049
1020.11	64.472
1020.27	63.757
1020.43	68.516
1020.59	70.430
1020.75	66.699
1020.91	70.221
1021.07	64.976
1021.23	63.755
1021.39	61.080
1021.54	66.237
1021.70	63.006
1021.86	60.535
1022.02	58.236
1022.18	55.536
1022.34	58.640
1022.50	57.208
1022.66	53.423
1022.82	52.323
1022.97	52.411
1023.13	56.037
1023.29	59.243
1023.45	56.970
1023.61	57.263
1023.77	54.296
1023.93	55.765
1024.08	56.664
1024.24	51.991
1024.40	49.523
1024.56	57.035
1024.72	54.252
1024.88	44.472
1025.04	46.939
1025.19	50.725
1025.35	49.501
1025.51	54.911
1025.67	56.883
1025.83	54.262
1025.99	57.141
1026.14	55.390
1026.30	57.543
1026.46	58.671
1026.62	57.350
1026.78	55.191
1026.94	53.165
1027.09	51.796
1027.25	47.509
1027.41	46.599
1027.57	48.256
1027.73	48.866
1027.89	45.009
1028.04	45.479
1028.20	46.085
1028.36	46.358
1028.52	44.990
1028.68	45.588
1028.83	44.489
1028.99	43.094
1029.15	44.359
1029.31	43.122
1029.47	43.685
1029.62	43.425
1029.78	40.852
1029.94	38.720
1030.10	39.012
1030.25	39.893
1030.41	42.722
1030.57	44.394
1030.73	46.209
1030.89	41.732
1031.04	45.550
1031.20	44.956
1031.36	50.117
1031.52	55.377
1031.67	58.514
1031.83	56.851
1031.99	63.089
1032.15	54.487
1032.30	56.459
1032.46	52.746
1032.62	48.369
1032.78	47.293
1032.93	48.008
1033.09	42.125
1033.25	34.833
1033.41	22.595
1033.56	15.782
1033.72	-87.010
1033.88	158.929
1034.04	15.696
1034.19	6.515
1034.35	57.827
1034.51	12.391
1034.66	34.149
1034.82	3092.500
1034.98	3092.500
1035.14	3092.500
