345.22	34.388
345.43	34.388
345.65	34.388
345.86	58.317
346.08	112.197
346.29	16.087
346.51	20.886
346.72	69.192
346.94	-213.462
347.15	-63.513
347.37	95.454
347.58	124.997
347.80	152.512
348.01	134.570
348.23	102.910
348.44	96.204
348.66	90.309
348.87	92.597
349.09	89.649
349.30	80.089
349.52	75.679
349.73	79.576
349.95	80.608
350.16	82.939
350.38	80.539
350.59	74.909
350.81	73.773
351.02	72.291
351.24	71.931
351.45	70.972
351.67	73.157
351.88	72.289
352.10	69.136
352.31	68.000
352.53	70.908
352.74	72.176
352.96	73.221
353.17	72.364
353.39	73.183
353.60	74.923
353.82	75.369
354.03	75.303
354.25	70.496
354.46	66.042
354.67	63.189
354.89	61.332
355.10	65.445
355.32	64.763
355.53	66.464
355.75	68.142
355.96	69.455
356.18	68.849
356.39	68.659
356.61	72.030
356.82	71.582
357.04	68.887
357.25	68.920
357.46	68.542
357.68	68.688
357.89	67.123
358.11	66.078
358.32	69.136
358.54	67.249
358.75	68.830
358.97	70.696
359.18	73.572
359.40	73.412
359.61	73.238
359.82	74.626
360.04	74.224
360.25	72.440
360.47	68.675
360.68	68.295
360.90	68.890
361.11	66.864
361.32	67.435
361.54	70.547
361.75	70.326
361.97	71.177
362.18	71.907
362.40	73.263
362.61	74.220
362.83	73.729
363.04	74.753
363.25	76.197
363.47	77.078
363.68	74.585
363.90	78.180
364.11	78.784
364.32	78.605
364.54	77.180
364.75	74.215
364.97	77.327
365.18	75.928
365.40	73.805
365.61	73.998
365.82	74.203
366.04	72.844
366.25	72.295
366.47	70.795
366.68	69.603
366.89	70.540
367.11	68.693
367.32	69.296
367.54	67.220
367.75	67.087
367.96	66.395
368.18	67.162
368.39	65.910
368.61	66.198
368.82	67.429
369.03	69.766
369.25	73.339
369.46	74.415
369.68	75.234
369.89	76.457
370.10	77.075
370.32	77.516
370.53	77.679
370.75	74.432
370.96	76.343
371.17	76.744
371.39	74.617
371.60	74.551
371.81	75.084
372.03	77.488
372.24	77.911
372.46	80.865
372.67	82.208
372.88	81.028
373.10	80.524
373.31	78.968
373.52	78.546
373.74	76.959
373.95	76.121
374.17	77.200
374.38	78.964
374.59	79.347
374.81	77.943
375.02	76.375
375.23	79.005
375.45	77.095
375.66	75.472
375.87	76.831
376.09	77.281
376.30	76.017
376.52	77.147
376.73	74.473
376.94	73.016
377.16	73.702
377.37	77.798
377.58	78.150
377.80	79.816
378.01	81.388
378.22	83.166
378.44	84.067
378.65	86.091
378.86	86.467
379.08	87.078
379.29	88.038
379.50	90.864
379.72	91.562
379.93	94.752
380.14	97.950
380.36	98.984
380.57	100.758
380.78	101.503
381.00	102.591
381.21	104.638
381.42	106.049
381.64	106.772
381.85	106.651
382.06	107.112
382.28	107.357
382.49	107.257
382.70	108.073
382.92	108.615
383.13	108.310
383.34	109.009
383.56	110.236
383.77	111.617
383.98	111.621
384.20	112.976
384.41	113.354
384.62	113.796
384.83	114.576
385.05	115.155
385.26	116.264
385.47	117.192
385.69	118.122
385.90	118.983
386.11	119.747
386.33	120.669
386.54	121.503
386.75	122.120
386.97	123.133
387.18	123.798
387.39	124.584
387.60	124.881
387.82	125.203
388.03	125.436
388.24	125.776
388.46	125.988
388.67	125.907
388.88	125.682
389.09	125.399
389.31	124.969
389.52	124.586
389.73	123.848
389.95	123.259
390.16	122.631
390.37	122.086
390.58	121.538
390.80	120.768
391.01	120.195
391.22	119.658
391.44	118.813
391.65	118.141
391.86	117.503
392.07	117.306
392.29	116.982
392.50	116.643
392.71	116.348
392.92	116.271
393.14	116.097
393.35	116.154
393.56	116.366
393.78	116.650
393.99	117.119
394.20	117.736
394.41	118.246
394.63	118.755
394.84	119.480
395.05	120.326
395.26	121.110
395.48	121.909
395.69	122.640
395.90	123.627
396.11	124.485
396.33	125.283
396.54	126.078
396.75	126.688
396.96	127.309
397.18	127.815
397.39	128.291
397.60	128.745
397.81	129.055
398.03	129.187
398.24	129.238
398.45	129.112
398.66	128.911
398.87	128.658
399.09	128.286
399.30	127.701
399.51	126.937
399.72	126.249
399.94	125.478
400.15	124.667
400.36	123.730
400.57	122.789
400.79	121.859
401.00	120.853
401.21	119.979
401.42	119.098
401.63	118.236
401.85	117.448
402.06	116.825
402.27	116.214
402.48	115.762
402.69	115.398
402.91	115.076
403.12	114.823
403.33	114.804
403.54	114.937
403.76	115.017
403.97	115.321
404.18	115.747
404.39	116.259
404.60	116.888
404.82	117.595
405.03	118.393
405.24	119.189
405.45	120.031
405.66	120.914
405.88	121.781
406.09	122.719
406.30	123.518
406.51	124.207
406.72	124.939
406.94	125.577
407.15	126.145
407.36	126.708
407.57	127.179
407.78	127.483
407.99	127.621
408.21	127.754
408.42	127.761
408.63	127.680
408.84	127.407
409.05	127.058
409.27	126.537
409.48	125.860
409.69	125.124
409.90	124.400
410.11	123.586
410.32	122.732
410.54	121.760
410.75	120.750
410.96	119.738
411.17	118.714
411.38	117.717
411.59	116.753
411.81	115.760
412.02	114.826
412.23	113.956
412.44	113.206
412.65	112.596
412.86	112.088
413.08	111.599
413.29	111.214
413.50	111.012
413.71	110.947
413.92	110.962
414.13	111.103
414.34	111.313
414.56	111.558
414.77	111.954
414.98	112.408
415.19	113.079
415.40	113.829
415.61	114.617
415.82	115.409
416.04	116.275
416.25	117.104
416.46	117.988
416.67	118.916
416.88	119.751
417.09	120.574
417.30	121.282
417.52	122.019
417.73	122.641
417.94	123.166
418.15	123.617
418.36	124.072
418.57	124.323
418.78	124.474
418.99	124.615
419.21	124.605
419.42	124.522
419.63	124.293
419.84	123.938
420.05	123.463
420.26	122.881
420.47	122.172
420.68	121.498
420.89	120.732
421.11	119.827
421.32	118.990
421.53	118.043
421.74	117.123
421.95	116.188
422.16	115.284
422.37	114.399
422.58	113.458
422.79	112.548
423.01	111.764
423.22	111.016
423.43	110.362
423.64	109.783
423.85	109.302
424.06	108.932
424.27	108.650
424.48	108.471
424.69	108.486
424.90	108.570
425.11	108.749
425.33	109.047
425.54	109.420
425.75	109.851
425.96	110.377
426.17	110.996
426.38	111.672
426.59	112.414
426.80	113.204
427.01	114.074
427.22	114.989
427.43	115.968
427.64	116.882
427.85	117.741
428.07	118.628
428.28	119.437
428.49	120.231
428.70	120.976
428.91	121.670
429.12	122.240
429.33	122.785
429.54	123.248
429.75	123.592
429.96	123.917
430.17	124.126
430.38	124.232
430.59	124.175
430.80	124.015
431.01	123.764
431.22	123.445
431.44	123.014
431.65	122.511
431.86	121.877
432.07	121.211
432.28	120.499
432.49	119.699
432.70	118.850
432.91	117.926
433.12	116.960
433.33	115.984
433.54	115.060
433.75	114.127
433.96	113.217
434.17	112.249
434.38	111.368
434.59	110.549
434.80	109.771
435.01	109.151
435.22	108.599
435.43	108.136
435.64	107.732
435.85	107.405
436.06	107.173
436.27	107.071
436.48	107.079
436.69	107.135
436.90	107.323
437.11	107.630
437.33	108.010
437.54	108.498
437.75	109.099
437.96	109.686
438.17	110.349
438.38	111.022
438.59	111.813
438.80	112.596
439.01	113.465
439.22	114.386
439.43	115.146
439.64	115.951
439.85	116.746
440.06	117.492
440.27	118.264
440.48	118.933
440.69	119.552
440.90	120.105
441.11	120.649
441.32	121.082
441.53	121.423
441.74	121.664
441.95	121.857
442.16	121.925
442.37	121.886
442.58	121.786
442.79	121.610
443.00	121.346
443.21	120.999
443.42	120.488
443.62	119.831
443.83	119.292
444.04	118.623
444.25	117.906
444.46	117.120
444.67	116.258
444.88	115.402
445.09	114.485
445.30	113.550
445.51	112.574
445.72	111.597
445.93	110.700
446.14	109.796
446.35	108.882
446.56	108.064
446.77	107.299
446.98	106.543
447.19	105.842
447.40	105.238
447.61	104.663
447.82	104.199
448.03	103.857
448.24	103.538
448.45	103.330
448.66	103.218
448.87	103.194
449.08	103.279
449.29	103.426
449.49	103.675
449.70	104.013
449.91	104.416
450.12	104.915
450.33	105.425
450.54	106.022
450.75	106.686
450.96	107.348
451.17	108.063
451.38	108.793
451.59	109.561
451.80	110.300
452.01	111.070
452.22	111.849
452.43	112.567
452.64	113.255
452.84	113.937
453.05	114.546
453.26	115.145
453.47	115.654
453.68	116.130
453.89	116.532
454.10	116.820
454.31	117.083
454.52	117.231
454.73	117.335
454.94	117.323
455.15	117.217
455.36	117.016
455.56	116.755
455.77	116.415
455.98	116.012
456.19	115.546
456.40	115.019
456.61	114.435
456.82	113.756
457.03	113.041
457.24	112.253
457.45	111.454
457.65	110.565
457.86	109.695
458.07	108.814
458.28	107.859
458.49	106.974
458.70	106.038
458.91	105.147
459.12	104.261
459.33	103.383
459.54	102.586
459.74	101.830
459.95	101.103
460.16	100.478
460.37	99.914
460.58	99.421
460.79	98.980
461.00	98.581
461.21	98.295
461.41	98.082
461.62	97.957
461.83	97.931
462.04	97.996
462.25	98.080
462.46	98.282
462.67	98.576
462.88	98.936
463.08	99.386
463.29	99.859
463.50	100.405
463.71	101.035
463.92	101.668
464.13	102.315
464.34	103.012
464.54	103.741
464.75	104.481
464.96	105.205
465.17	105.934
465.38	106.631
465.59	107.363
465.80	108.043
466.00	108.680
466.21	109.279
466.42	109.820
466.63	110.375
466.84	110.859
467.05	111.276
467.26	111.625
467.46	111.854
467.67	112.062
467.88	112.211
468.09	112.252
468.30	112.261
468.51	112.202
468.71	112.038
468.92	111.813
469.13	111.514
469.34	111.160
469.55	110.714
469.76	110.243
469.96	109.677
470.17	109.065
470.38	108.426
470.59	107.716
470.80	106.970
471.00	106.226
471.21	105.420
471.42	104.620
471.63	103.794
471.84	102.981
472.05	102.141
472.25	101.301
472.46	100.487
472.67	99.646
472.88	98.881
473.09	98.121
473.29	97.380
473.50	96.707
473.71	96.061
473.92	95.467
474.13	94.933
474.33	94.470
474.54	94.074
474.75	93.737
474.96	93.463
475.17	93.265
475.37	93.093
475.58	93.017
475.79	93.020
476.00	93.095
476.21	93.249
476.41	93.461
476.62	93.747
476.83	94.077
477.04	94.509
477.24	94.953
477.45	95.462
477.66	96.007
477.87	96.565
478.08	97.187
478.28	97.802
478.49	98.460
478.70	99.142
478.91	99.802
479.11	100.462
479.32	101.150
479.53	101.798
479.74	102.470
479.94	103.091
480.15	103.659
480.36	104.196
480.57	104.701
480.78	105.196
480.98	105.591
481.19	105.954
481.40	106.249
481.61	106.520
481.81	106.719
482.02	106.850
482.23	106.956
482.44	106.956
482.64	106.925
482.85	106.819
483.06	106.625
483.27	106.412
483.47	106.146
483.68	105.801
483.89	105.406
484.10	104.940
484.30	104.438
484.51	103.869
484.72	103.292
484.92	102.637
485.13	101.971
485.34	101.284
485.55	100.559
485.75	99.825
485.96	99.047
486.17	98.272
486.38	97.505
486.58	96.716
486.79	95.955
487.00	95.188
487.20	94.435
487.41	93.726
487.62	93.034
487.83	92.361
488.03	91.721
488.24	91.129
488.45	90.570
488.65	90.048
488.86	89.592
489.07	89.176
489.28	88.825
489.48	88.518
489.69	88.313
489.90	88.138
490.10	88.035
490.31	87.993
490.52	87.990
490.73	88.057
490.93	88.183
491.14	88.361
491.35	88.602
491.55	88.887
491.76	89.217
491.97	89.586
492.17	89.988
492.38	90.444
492.59	90.933
492.79	91.464
493.00	92.022
493.21	92.595
493.41	93.179
493.62	93.777
493.83	94.388
494.04	94.956
494.24	95.545
494.45	96.128
494.66	96.679
494.86	97.252
495.07	97.770
495.28	98.291
495.48	98.763
495.69	99.204
495.90	99.618
496.10	99.995
496.31	100.315
496.52	100.589
496.72	100.847
496.93	101.048
497.14	101.191
497.34	101.261
497.55	101.313
497.76	101.302
497.96	101.237
498.17	101.114
498.37	100.955
498.58	100.721
498.79	100.433
498.99	100.127
499.20	99.750
499.41	99.328
499.61	98.843
499.82	98.341
500.03	97.787
500.23	97.224
500.44	96.609
500.65	95.977
500.85	95.331
501.06	94.630
501.26	93.931
501.47	93.214
501.68	92.512
501.88	91.779
502.09	91.061
502.30	90.342
502.50	89.633
502.71	88.945
502.91	88.278
503.12	87.629
503.33	86.997
503.53	86.410
503.74	85.843
503.95	85.309
504.15	84.814
504.36	84.357
504.56	83.936
504.77	83.576
504.98	83.245
505.18	82.981
505.39	82.761
505.59	82.585
505.80	82.467
506.01	82.401
506.21	82.388
506.42	82.426
506.62	82.506
506.83	82.631
507.04	82.810
507.24	83.029
507.45	83.298
507.65	83.607
507.86	83.936
508.07	84.317
508.27	84.732
508.48	85.167
508.68	85.649
508.89	86.135
509.10	86.633
509.30	87.150
509.51	87.667
509.71	88.191
509.92	88.724
510.12	89.251
510.33	89.773
510.54	90.280
510.74	90.786
510.95	91.267
511.15	91.737
511.36	92.196
511.56	92.631
511.77	93.024
511.98	93.395
512.18	93.745
512.39	94.055
512.59	94.328
512.80	94.561
513.00	94.747
513.21	94.893
513.42	95.009
513.62	95.081
513.83	95.114
514.03	95.093
514.24	95.024
514.44	94.902
514.65	94.752
514.85	94.561
515.06	94.328
515.26	94.045
515.47	93.729
515.68	93.363
515.88	92.965
516.09	92.534
516.29	92.074
516.50	91.575
516.70	91.045
516.91	90.493
517.11	89.924
517.32	89.337
517.52	88.729
517.73	88.122
517.93	87.490
518.14	86.855
518.34	86.222
518.55	85.590
518.76	84.966
518.96	84.331
519.17	83.702
519.37	83.081
519.58	82.498
519.78	81.918
519.99	81.352
520.19	80.810
520.40	80.312
520.60	79.829
520.81	79.378
521.01	78.951
521.22	78.577
521.42	78.234
521.63	77.928
521.83	77.662
522.04	77.426
522.24	77.253
522.45	77.115
522.65	77.024
522.86	76.979
523.06	76.968
523.27	77.010
523.47	77.092
523.68	77.211
523.88	77.362
524.09	77.560
524.29	77.802
524.50	78.078
524.70	78.378
524.91	78.707
525.11	79.077
525.32	79.483
525.52	79.896
525.72	80.351
525.93	80.815
526.13	81.304
526.34	81.789
526.54	82.299
526.75	82.795
526.95	83.304
527.16	83.801
527.36	84.310
527.57	84.804
527.77	85.287
527.98	85.777
528.18	86.252
528.39	86.698
528.59	87.137
528.79	87.550
529.00	87.951
529.20	88.324
529.41	88.689
529.61	89.015
529.82	89.302
530.02	89.547
530.23	89.774
530.43	89.950
530.64	90.109
530.84	90.213
531.04	90.280
531.25	90.334
531.45	90.355
531.66	90.332
531.86	90.270
532.07	90.162
532.27	90.015
532.47	89.838
532.68	89.647
532.88	89.415
533.09	89.146
533.29	88.827
533.50	88.484
533.70	88.079
533.90	87.671
534.11	87.253
534.31	86.808
534.52	86.329
534.72	85.857
534.93	85.361
535.13	84.833
535.33	84.316
535.54	83.759
535.74	83.209
535.95	82.636
536.15	82.089
536.35	81.539
536.56	80.991
536.76	80.430
536.97	79.889
537.17	79.346
537.37	78.820
537.58	78.326
537.78	77.844
537.99	77.387
538.19	76.930
538.39	76.494
538.60	76.089
538.80	75.728
539.01	75.371
539.21	75.052
539.41	74.779
539.62	74.522
539.82	74.309
540.03	74.120
540.23	73.986
540.43	73.868
540.64	73.806
540.84	73.770
541.04	73.783
541.25	73.837
541.45	73.922
541.66	74.038
541.86	74.189
542.06	74.381
542.27	74.605
542.47	74.879
542.67	75.160
542.88	75.478
543.08	75.817
543.28	76.194
543.49	76.583
543.69	76.994
543.90	77.439
544.10	77.879
544.30	78.363
544.51	78.840
544.71	79.350
544.91	79.842
545.12	80.351
545.32	80.870
545.52	81.356
545.73	81.869
545.93	82.372
546.13	82.844
546.34	83.308
546.54	83.763
546.74	84.198
546.95	84.644
547.15	85.066
547.35	85.454
547.56	85.841
547.76	86.217
547.96	86.558
548.17	86.884
548.37	87.193
548.57	87.440
548.78	87.671
548.98	87.867
549.18	88.026
549.39	88.155
549.59	88.253
549.79	88.345
550.00	88.386
550.20	88.423
550.40	88.408
550.61	88.372
550.81	88.300
551.01	88.195
551.22	88.059
551.42	87.887
551.62	87.689
551.82	87.447
552.03	87.192
552.23	86.906
552.43	86.587
552.64	86.248
552.84	85.888
553.04	85.501
553.25	85.095
553.45	84.663
553.65	84.221
553.85	83.779
554.06	83.315
554.26	82.831
554.46	82.322
554.67	81.826
554.87	81.310
555.07	80.809
555.27	80.294
555.48	79.778
555.68	79.277
555.88	78.774
556.09	78.282
556.29	77.774
556.49	77.294
556.69	76.809
556.90	76.343
557.10	75.916
557.30	75.515
557.50	75.110
557.71	74.753
557.91	74.410
558.11	74.072
558.31	73.772
558.52	73.502
558.72	73.263
558.92	73.053
559.13	72.877
559.33	72.725
559.53	72.597
559.73	72.515
559.94	72.454
560.14	72.422
560.34	72.419
560.54	72.454
560.75	72.528
560.95	72.627
561.15	72.770
561.35	72.924
561.55	73.097
561.76	73.313
561.96	73.538
562.16	73.808
562.36	74.113
562.57	74.425
562.77	74.765
562.97	75.125
563.17	75.497
563.38	75.882
563.58	76.291
563.78	76.720
563.98	77.154
564.18	77.593
564.39	78.053
564.59	78.513
564.79	78.990
564.99	79.452
565.20	79.915
565.40	80.359
565.60	80.804
565.80	81.267
566.00	81.708
566.21	82.148
566.41	82.556
566.61	82.962
566.81	83.364
567.01	83.745
567.22	84.120
567.42	84.478
567.62	84.800
567.82	85.109
568.02	85.397
568.23	85.661
568.43	85.905
568.63	86.133
568.83	86.321
569.03	86.475
569.24	86.611
569.44	86.734
569.64	86.834
569.84	86.914
570.04	86.941
570.24	86.953
570.45	86.941
570.65	86.908
570.85	86.841
571.05	86.733
571.25	86.598
571.45	86.430
571.66	86.257
571.86	86.066
572.06	85.824
572.26	85.574
572.46	85.306
572.66	85.024
572.87	84.703
573.07	84.378
573.27	84.030
573.47	83.671
573.67	83.285
573.87	82.875
574.08	82.446
574.28	82.029
574.48	81.597
574.68	81.147
574.88	80.692
575.08	80.215
575.28	79.748
575.49	79.287
575.69	78.823
575.89	78.336
576.09	77.875
576.29	77.410
576.49	76.945
576.69	76.483
576.90	76.033
577.10	75.598
577.30	75.172
577.50	74.769
577.70	74.363
577.90	73.979
578.10	73.633
578.30	73.299
578.51	72.981
578.71	72.689
578.91	72.414
579.11	72.158
579.31	71.932
579.51	71.728
579.71	71.553
579.91	71.392
580.12	71.274
580.32	71.176
580.52	71.115
580.72	71.067
580.92	71.046
581.12	71.042
581.32	71.077
581.52	71.153
581.72	71.235
581.92	71.351
582.13	71.502
582.33	71.654
582.53	71.843
582.73	72.046
582.93	72.276
583.13	72.536
583.33	72.823
583.53	73.124
583.73	73.449
583.93	73.790
584.13	74.156
584.34	74.546
584.54	74.920
584.74	75.298
584.94	75.719
585.14	76.140
585.34	76.570
585.54	76.975
585.74	77.387
585.94	77.824
586.14	78.270
586.34	78.696
586.54	79.143
586.74	79.582
586.94	80.028
587.15	80.471
587.35	80.892
587.55	81.302
587.75	81.708
587.95	82.090
588.15	82.459
588.35	82.810
588.55	83.152
588.75	83.494
588.95	83.821
589.15	84.119
589.35	84.406
589.55	84.671
589.75	84.954
589.95	85.194
590.15	85.406
590.35	85.589
590.55	85.764
590.75	85.905
590.95	86.022
591.15	86.114
591.35	86.173
591.56	86.214
591.76	86.230
591.96	86.223
592.16	86.204
592.36	86.159
592.56	86.098
592.76	86.000
592.96	85.893
593.16	85.746
593.36	85.584
593.56	85.409
593.76	85.221
593.96	84.985
594.16	84.753
594.36	84.501
594.56	84.226
594.76	83.929
594.96	83.627
595.16	83.291
595.36	82.948
595.56	82.583
595.76	82.198
595.96	81.800
596.16	81.410
596.36	81.001
596.56	80.595
596.76	80.163
596.96	79.733
597.16	79.301
597.36	78.880
597.56	78.445
597.76	78.001
597.96	77.557
598.16	77.122
598.36	76.686
598.56	76.248
598.76	75.825
598.96	75.419
599.16	75.015
599.36	74.644
599.56	74.275
599.76	73.913
599.96	73.573
600.15	73.247
600.35	72.938
600.55	72.645
600.75	72.352
600.95	72.094
601.15	71.840
601.35	71.600
601.55	71.385
601.75	71.202
601.95	71.036
602.15	70.899
602.35	70.766
602.55	70.667
602.75	70.595
602.95	70.537
603.15	70.489
603.35	70.479
603.55	70.480
603.75	70.498
603.95	70.548
604.15	70.621
604.35	70.723
604.54	70.834
604.74	70.988
604.94	71.153
605.14	71.330
605.34	71.538
605.54	71.775
605.74	72.032
605.94	72.295
606.14	72.584
606.34	72.881
606.54	73.205
606.74	73.541
606.94	73.886
607.14	74.255
607.33	74.644
607.53	75.026
607.73	75.415
607.93	75.806
608.13	76.208
608.33	76.619
608.53	77.019
608.73	77.437
608.93	77.831
609.13	78.240
609.33	78.654
609.52	79.064
609.72	79.462
609.92	79.844
610.12	80.237
610.32	80.621
610.52	81.012
610.72	81.375
610.92	81.733
611.12	82.082
611.31	82.421
611.51	82.744
611.71	83.057
611.91	83.369
612.11	83.678
612.31	83.971
612.51	84.235
612.71	84.498
612.91	84.726
613.10	84.953
613.30	85.184
613.50	85.380
613.70	85.552
613.90	85.698
614.10	85.829
614.30	85.923
614.50	86.009
614.69	86.050
614.89	86.091
615.09	86.107
615.29	86.113
615.49	86.092
615.69	86.048
615.89	85.993
616.08	85.917
616.28	85.813
616.48	85.690
616.68	85.541
616.88	85.378
617.08	85.195
617.27	85.008
617.47	84.786
617.67	84.545
617.87	84.287
618.07	84.028
618.27	83.758
618.47	83.481
618.66	83.181
618.86	82.882
619.06	82.558
619.26	82.233
619.46	81.892
619.66	81.532
619.85	81.161
620.05	80.782
620.25	80.383
620.45	79.992
620.65	79.590
620.84	79.213
621.04	78.821
621.24	78.450
621.44	78.043
621.64	77.624
621.84	77.233
622.03	76.835
622.23	76.444
622.43	76.055
622.63	75.676
622.83	75.297
623.02	74.925
623.22	74.572
623.42	74.205
623.62	73.858
623.82	73.536
624.01	73.214
624.21	72.904
624.41	72.617
624.61	72.344
624.81	72.094
625.00	71.835
625.20	71.596
625.40	71.364
625.60	71.164
625.79	70.993
625.99	70.844
626.19	70.704
626.39	70.584
626.59	70.481
626.78	70.409
626.98	70.352
627.18	70.311
627.38	70.293
627.57	70.320
627.77	70.349
627.97	70.393
628.17	70.473
628.37	70.561
628.56	70.684
628.76	70.810
628.96	70.949
629.16	71.109
629.35	71.313
629.55	71.522
629.75	71.748
629.95	71.990
630.14	72.237
630.34	72.515
630.54	72.801
630.74	73.093
630.93	73.397
631.13	73.711
631.33	74.032
631.53	74.342
631.72	74.665
631.92	75.013
632.12	75.375
632.31	75.729
632.51	76.116
632.71	76.493
632.91	76.867
633.10	77.255
633.30	77.658
633.50	78.025
633.70	78.419
633.89	78.803
634.09	79.196
634.29	79.579
634.48	79.953
634.68	80.336
634.88	80.717
635.08	81.096
635.27	81.480
635.47	81.855
635.67	82.238
635.86	82.609
636.06	82.957
636.26	83.280
636.46	83.608
636.65	83.915
636.85	84.228
637.05	84.528
637.24	84.796
637.44	85.054
637.64	85.311
637.83	85.555
638.03	85.790
638.23	85.981
638.43	86.173
638.62	86.342
638.82	86.479
639.02	86.613
639.21	86.719
639.41	86.800
639.61	86.885
639.80	86.946
640.00	86.984
640.20	87.030
640.39	87.066
640.59	87.070
640.79	87.060
640.98	87.018
641.18	86.969
641.38	86.920
641.57	86.833
641.77	86.728
641.97	86.595
642.16	86.453
642.36	86.310
642.56	86.146
642.75	85.984
642.95	85.796
643.15	85.596
643.34	85.393
643.54	85.173
643.74	84.920
643.93	84.662
644.13	84.375
644.33	84.068
644.52	83.763
644.72	83.457
644.91	83.135
645.11	82.794
645.31	82.456
645.50	82.115
645.70	81.778
645.90	81.437
646.09	81.082
646.29	80.714
646.48	80.342
646.68	79.958
646.88	79.576
647.07	79.201
647.27	78.820
647.47	78.434
647.66	78.062
647.86	77.683
648.05	77.318
648.25	76.965
648.45	76.610
648.64	76.248
648.84	75.905
649.04	75.556
649.23	75.218
649.43	74.892
649.62	74.565
649.82	74.237
650.02	73.931
650.21	73.640
650.41	73.380
650.60	73.125
650.80	72.902
651.00	72.659
651.19	72.449
651.39	72.247
651.58	72.056
651.78	71.888
651.97	71.753
652.17	71.620
652.37	71.494
652.56	71.405
652.76	71.322
652.95	71.254
653.15	71.227
653.35	71.202
653.54	71.188
653.74	71.182
653.93	71.205
654.13	71.244
654.32	71.288
654.52	71.331
654.72	71.410
654.91	71.500
655.11	71.620
655.30	71.757
655.50	71.910
655.69	72.079
655.89	72.248
656.08	72.423
656.28	72.622
656.48	72.844
656.67	73.066
656.87	73.308
657.06	73.547
657.26	73.794
657.45	74.067
657.65	74.356
657.84	74.667
658.04	74.973
658.23	75.297
658.43	75.636
658.62	75.987
658.82	76.333
659.02	76.685
659.21	77.053
659.41	77.406
659.60	77.765
659.80	78.133
659.99	78.523
660.19	78.904
660.38	79.293
660.58	79.662
660.77	80.048
660.97	80.417
661.16	80.791
661.36	81.152
661.55	81.526
661.75	81.889
661.94	82.238
662.14	82.599
662.33	82.957
662.53	83.301
662.72	83.640
662.92	83.968
663.11	84.276
663.31	84.590
663.50	84.905
663.70	85.220
663.89	85.517
664.09	85.789
664.28	86.068
664.48	86.323
664.67	86.589
664.87	86.818
665.06	87.051
665.26	87.266
665.45	87.474
665.65	87.660
665.84	87.848
666.04	88.016
666.23	88.144
666.43	88.250
666.62	88.349
666.82	88.434
667.01	88.507
667.21	88.572
667.40	88.608
667.59	88.649
667.79	88.649
667.98	88.628
668.18	88.595
668.37	88.542
668.57	88.501
668.76	88.430
668.96	88.339
669.15	88.238
669.35	88.143
669.54	88.017
669.73	87.887
669.93	87.736
670.12	87.581
670.32	87.438
670.51	87.265
670.71	87.083
670.90	86.895
671.10	86.698
671.29	86.477
671.48	86.242
671.68	85.988
671.87	85.740
672.07	85.479
672.26	85.244
672.46	84.976
672.65	84.693
672.84	84.400
673.04	84.115
673.23	83.819
673.43	83.503
673.62	83.199
673.82	82.883
674.01	82.535
674.20	82.200
674.40	81.846
674.59	81.504
674.79	81.171
674.98	80.824
675.17	80.474
675.37	80.137
675.56	79.799
675.76	79.460
675.95	79.101
676.14	78.767
676.34	78.404
676.53	78.064
676.73	77.715
676.92	77.368
677.11	77.028
677.31	76.691
677.50	76.374
677.70	76.053
677.89	75.732
678.08	75.450
678.28	75.166
678.47	74.905
678.66	74.653
678.86	74.407
679.05	74.165
679.25	73.946
679.44	73.739
679.63	73.559
679.83	73.373
680.02	73.217
680.21	73.064
680.41	72.923
680.60	72.780
680.79	72.661
680.99	72.562
681.18	72.464
681.38	72.391
681.57	72.342
681.76	72.308
681.96	72.289
682.15	72.269
682.34	72.254
682.54	72.251
682.73	72.274
682.92	72.295
683.12	72.354
683.31	72.423
683.50	72.500
683.70	72.587
683.89	72.676
684.08	72.793
684.28	72.925
684.47	73.070
684.66	73.239
684.86	73.412
685.05	73.605
685.24	73.815
685.44	74.025
685.63	74.236
685.82	74.469
686.02	74.704
686.21	74.977
686.40	75.252
686.60	75.546
686.79	75.843
686.98	76.146
687.18	76.460
687.37	76.769
687.56	77.078
687.75	77.399
687.95	77.732
688.14	78.061
688.33	78.409
688.53	78.755
688.72	79.120
688.91	79.481
689.11	79.827
689.30	80.207
689.49	80.587
689.68	80.959
689.88	81.316
690.07	81.678
690.26	82.022
690.46	82.382
690.65	82.719
690.84	83.062
691.03	83.416
691.23	83.751
691.42	84.089
691.61	84.433
691.80	84.753
692.00	85.075
692.19	85.376
692.38	85.672
692.58	85.970
692.77	86.248
692.96	86.515
693.15	86.792
693.35	87.043
693.54	87.306
693.73	87.567
693.92	87.803
694.12	88.046
694.31	88.263
694.50	88.494
694.69	88.691
694.89	88.879
695.08	89.043
695.27	89.223
695.46	89.376
695.66	89.527
695.85	89.675
696.04	89.815
696.23	89.962
696.43	90.084
696.62	90.174
696.81	90.255
697.00	90.344
697.19	90.414
697.39	90.455
697.58	90.482
697.77	90.486
697.96	90.507
698.16	90.497
698.35	90.507
698.54	90.466
698.73	90.454
698.92	90.394
699.12	90.339
699.31	90.258
699.50	90.175
699.69	90.085
699.89	89.970
700.08	89.853
700.27	89.709
700.46	89.570
700.65	89.417
700.85	89.277
701.04	89.104
701.23	88.914
701.42	88.721
701.61	88.523
701.81	88.310
702.00	88.082
702.19	87.856
702.38	87.595
702.57	87.354
702.76	87.075
702.96	86.817
703.15	86.540
703.34	86.248
703.53	85.952
703.72	85.628
703.92	85.309
704.11	84.985
704.30	84.652
704.49	84.322
704.68	84.004
704.87	83.646
705.07	83.306
705.26	82.971
705.45	82.658
705.64	82.311
705.83	81.997
706.02	81.668
706.21	81.351
706.41	81.026
706.60	80.687
706.79	80.376
706.98	80.068
707.17	79.745
707.36	79.439
707.56	79.150
707.75	78.863
707.94	78.581
708.13	78.308
708.32	78.053
708.51	77.782
708.70	77.538
708.89	77.291
709.09	77.048
709.28	76.821
709.47	76.557
709.66	76.319
709.85	76.089
710.04	75.863
710.23	75.631
710.42	75.442
710.62	75.251
710.81	75.041
711.00	74.849
711.19	74.687
711.38	74.525
711.57	74.355
711.76	74.210
711.95	74.091
712.15	73.978
712.34	73.870
712.53	73.777
712.72	73.686
712.91	73.635
713.10	73.582
713.29	73.538
713.48	73.513
713.67	73.522
713.86	73.539
714.05	73.559
714.25	73.592
714.44	73.612
714.63	73.662
714.82	73.749
715.01	73.837
715.20	73.952
715.39	74.059
715.58	74.188
715.77	74.332
715.96	74.477
716.15	74.618
716.34	74.759
716.54	74.922
716.73	75.097
716.92	75.265
717.11	75.453
717.30	75.657
717.49	75.873
717.68	76.096
717.87	76.293
718.06	76.542
718.25	76.804
718.44	77.073
718.63	77.348
718.82	77.616
719.01	77.886
719.20	78.159
719.39	78.454
719.58	78.752
719.77	79.038
719.96	79.312
720.16	79.609
720.35	79.926
720.54	80.233
720.73	80.546
720.92	80.867
721.11	81.205
721.30	81.529
721.49	81.856
721.68	82.185
721.87	82.540
722.06	82.865
722.25	83.188
722.44	83.519
722.63	83.834
722.82	84.146
723.01	84.448
723.20	84.737
723.39	85.038
723.58	85.359
723.77	85.680
723.96	86.003
724.15	86.331
724.34	86.640
724.53	86.946
724.72	87.220
724.91	87.520
725.10	87.813
725.29	88.087
725.48	88.387
725.67	88.629
725.86	88.858
726.05	89.100
726.24	89.324
726.43	89.535
726.62	89.748
726.81	89.989
727.00	90.207
727.19	90.441
727.38	90.647
727.57	90.822
727.76	90.993
727.95	91.155
728.14	91.286
728.33	91.418
728.52	91.541
728.71	91.662
728.90	91.770
729.09	91.842
729.28	91.902
729.47	91.945
729.65	92.000
729.84	92.060
730.03	92.106
730.22	92.146
730.41	92.188
730.60	92.220
730.79	92.196
730.98	92.197
731.17	92.188
731.36	92.152
731.55	92.093
731.74	92.035
731.93	91.970
732.12	91.900
732.31	91.837
732.50	91.777
732.69	91.718
732.88	91.612
733.06	91.498
733.25	91.395
733.44	91.289
733.63	91.155
733.82	91.017
734.01	90.844
734.20	90.671
734.39	90.474
734.58	90.290
734.77	90.120
734.96	89.914
735.15	89.692
735.33	89.468
735.52	89.264
735.71	89.039
735.90	88.800
736.09	88.548
736.28	88.270
736.47	87.992
736.66	87.702
736.85	87.421
737.04	87.115
737.23	86.824
737.41	86.508
737.60	86.233
737.79	85.914
737.98	85.619
738.17	85.320
738.36	85.044
738.55	84.750
738.74	84.460
738.92	84.157
739.11	83.864
739.30	83.558
739.49	83.240
739.68	82.941
739.87	82.668
740.06	82.401
740.25	82.108
740.43	81.835
740.62	81.546
740.81	81.251
741.00	80.991
741.19	80.701
741.38	80.416
741.57	80.127
741.75	79.868
741.94	79.592
742.13	79.320
742.32	79.030
742.51	78.762
742.70	78.501
742.89	78.262
743.07	78.010
743.26	77.776
743.45	77.521
743.64	77.301
743.83	77.059
744.02	76.797
744.20	76.588
744.39	76.372
744.58	76.181
744.77	76.006
744.96	75.849
745.15	75.720
745.33	75.601
745.52	75.480
745.71	75.362
745.90	75.256
746.09	75.168
746.28	75.091
746.46	74.991
746.65	74.894
746.84	74.820
747.03	74.751
747.22	74.699
747.40	74.684
747.59	74.646
747.78	74.626
747.97	74.655
748.16	74.672
748.34	74.673
748.53	74.701
748.72	74.739
748.91	74.763
749.10	74.791
749.28	74.842
749.47	74.913
749.66	74.973
749.85	75.034
750.04	75.109
750.22	75.184
750.41	75.294
750.60	75.418
750.79	75.518
750.97	75.639
751.16	75.787
751.35	75.919
751.54	76.056
751.73	76.221
751.91	76.372
752.10	76.565
752.29	76.740
752.48	76.935
752.66	77.129
752.85	77.332
753.04	77.541
753.23	77.768
753.41	77.972
753.60	78.217
753.79	78.470
753.98	78.706
754.16	78.961
754.35	79.209
754.54	79.452
754.73	79.736
754.91	80.017
755.10	80.283
755.29	80.573
755.48	80.847
755.66	81.126
755.85	81.406
756.04	81.661
756.22	81.959
756.41	82.226
756.60	82.507
756.79	82.805
756.97	83.104
757.16	83.361
757.35	83.655
757.54	83.945
757.72	84.231
757.91	84.530
758.10	84.823
758.28	85.099
758.47	85.381
758.66	85.680
758.85	85.958
759.03	86.245
759.22	86.525
759.41	86.817
759.59	87.102
759.78	87.383
759.97	87.645
760.15	87.896
760.34	88.183
760.53	88.440
760.71	88.676
760.90	88.936
761.09	89.186
761.28	89.427
761.46	89.657
761.65	89.885
761.84	90.119
762.02	90.348
762.21	90.598
762.40	90.800
762.58	90.978
762.77	91.163
762.96	91.351
763.14	91.549
763.33	91.719
763.52	91.851
763.70	91.974
763.89	92.123
764.08	92.274
764.26	92.365
764.45	92.490
764.64	92.618
764.82	92.701
765.01	92.791
765.20	92.856
765.38	92.929
765.57	92.973
765.75	93.012
765.94	93.028
766.13	93.062
766.31	93.111
766.50	93.131
766.69	93.181
766.87	93.220
767.06	93.215
767.25	93.227
767.43	93.257
767.62	93.284
767.80	93.281
767.99	93.249
768.18	93.217
768.36	93.170
768.55	93.118
768.74	93.058
768.92	92.994
769.11	92.953
769.29	92.873
769.48	92.816
769.67	92.716
769.85	92.641
770.04	92.479
770.22	92.337
770.41	92.176
770.60	91.991
770.78	91.779
770.97	91.595
771.15	91.405
771.34	91.180
771.53	90.980
771.71	90.772
771.90	90.586
772.08	90.443
772.27	90.247
772.46	90.019
772.64	89.797
772.83	89.573
773.01	89.301
773.20	89.049
773.39	88.801
773.57	88.543
773.76	88.278
773.94	88.071
774.13	87.813
774.31	87.544
774.50	87.304
774.68	87.046
774.87	86.783
775.06	86.477
775.24	86.207
775.43	85.902
775.61	85.610
775.80	85.317
775.98	84.993
776.17	84.679
776.36	84.381
776.54	84.086
776.73	83.776
776.91	83.500
777.10	83.214
777.28	82.899
777.47	82.619
777.65	82.323
777.84	82.018
778.02	81.747
778.21	81.489
778.39	81.193
778.58	80.925
778.77	80.660
778.95	80.433
779.14	80.199
779.32	79.976
779.51	79.747
779.69	79.501
779.88	79.274
780.06	79.060
780.25	78.838
780.43	78.613
780.62	78.419
780.80	78.206
780.99	77.994
781.17	77.791
781.36	77.579
781.54	77.392
781.73	77.172
781.91	76.978
782.10	76.801
782.28	76.628
782.47	76.460
782.65	76.274
782.84	76.095
783.02	75.940
783.21	75.802
783.39	75.663
783.58	75.535
783.76	75.389
783.95	75.266
784.13	75.186
784.32	75.103
784.50	75.008
784.69	74.957
784.87	74.905
785.05	74.867
785.24	74.836
785.42	74.814
785.61	74.797
785.79	74.794
785.98	74.792
786.16	74.780
786.35	74.802
786.53	74.822
786.72	74.835
786.90	74.857
787.09	74.858
787.27	74.902
787.45	74.961
787.64	75.021
787.82	75.074
788.01	75.128
788.19	75.206
788.38	75.282
788.56	75.301
788.75	75.389
788.93	75.491
789.11	75.565
789.30	75.630
789.48	75.738
789.67	75.850
789.85	75.955
790.04	76.108
790.22	76.239
790.40	76.391
790.59	76.534
790.77	76.680
790.96	76.868
791.14	77.035
791.32	77.188
791.51	77.361
791.69	77.547
791.88	77.741
792.06	77.935
792.25	78.121
792.43	78.367
792.61	78.568
792.80	78.750
792.98	78.992
793.17	79.220
793.35	79.416
793.53	79.629
793.72	79.884
793.90	80.111
794.08	80.331
794.27	80.559
794.45	80.814
794.64	81.053
794.82	81.284
795.00	81.494
795.19	81.743
795.37	81.981
795.55	82.176
795.74	82.410
795.92	82.649
796.11	82.915
796.29	83.164
796.47	83.408
796.66	83.643
796.84	83.901
797.02	84.168
797.21	84.449
797.39	84.706
797.58	84.944
797.76	85.174
797.94	85.439
798.13	85.698
798.31	85.973
798.49	86.208
798.68	86.439
798.86	86.717
799.04	86.939
799.23	87.185
799.41	87.442
799.59	87.665
799.78	87.847
799.96	88.057
800.14	88.274
800.33	88.491
800.51	88.728
800.69	88.900
800.88	89.104
801.06	89.321
801.24	89.484
801.43	89.658
801.61	89.819
801.79	89.966
801.98	90.109
802.16	90.263
802.34	90.447
802.52	90.616
802.71	90.727
802.89	90.891
803.07	91.023
803.26	91.141
803.44	91.243
803.62	91.366
803.81	91.468
803.99	91.525
804.17	91.585
804.35	91.636
804.54	91.685
804.72	91.757
804.90	91.798
805.09	91.892
805.27	91.965
805.45	92.041
805.63	92.076
805.82	92.123
806.00	92.089
806.18	92.088
806.37	92.101
806.55	92.079
806.73	92.063
806.91	92.043
807.10	92.046
807.28	92.027
807.46	92.010
807.64	91.964
807.83	91.935
808.01	91.902
808.19	91.813
808.37	91.739
808.56	91.638
808.74	91.553
808.92	91.449
809.10	91.313
809.29	91.215
809.47	91.111
809.65	90.955
809.83	90.872
810.02	90.734
810.20	90.600
810.38	90.483
810.56	90.336
810.75	90.220
810.93	90.091
811.11	89.946
811.29	89.803
811.47	89.648
811.66	89.468
811.84	89.299
812.02	89.202
812.20	89.063
812.39	88.918
812.57	88.755
812.75	88.606
812.93	88.481
813.11	88.301
813.30	88.149
813.48	88.013
813.66	87.827
813.84	87.648
814.02	87.452
814.21	87.280
814.39	87.052
814.57	86.838
814.75	86.610
814.93	86.397
815.12	86.164
815.30	85.943
815.48	85.729
815.66	85.492
815.84	85.228
816.03	84.972
816.21	84.692
816.39	84.441
816.57	84.131
816.75	83.819
816.93	83.529
817.12	83.216
817.30	82.904
817.48	82.596
817.66	82.336
817.84	82.073
818.02	81.821
818.21	81.551
818.39	81.301
818.57	81.031
818.75	80.805
818.93	80.549
819.11	80.291
819.30	80.047
819.48	79.824
819.66	79.610
819.84	79.419
820.02	79.206
820.20	78.982
820.38	78.767
820.57	78.570
820.75	78.395
820.93	78.211
821.11	78.026
821.29	77.868
821.47	77.661
821.65	77.461
821.83	77.249
822.02	77.076
822.20	76.875
822.38	76.729
822.56	76.503
822.74	76.302
822.92	76.076
823.10	75.888
823.28	75.672
823.46	75.467
823.65	75.253
823.83	75.073
824.01	74.891
824.19	74.708
824.37	74.526
824.55	74.315
824.73	74.151
824.91	73.979
825.09	73.808
825.27	73.656
825.46	73.479
825.64	73.308
825.82	73.179
826.00	73.021
826.18	72.877
826.36	72.761
826.54	72.665
826.72	72.625
826.90	72.552
827.08	72.497
827.26	72.442
827.44	72.379
827.63	72.318
827.81	72.283
827.99	72.277
828.17	72.249
828.35	72.245
828.53	72.228
828.71	72.250
828.89	72.249
829.07	72.253
829.25	72.261
829.43	72.304
829.61	72.313
829.79	72.333
829.97	72.369
830.15	72.379
830.33	72.418
830.51	72.428
830.69	72.459
830.87	72.446
831.06	72.491
831.24	72.536
831.42	72.584
831.60	72.609
831.78	72.665
831.96	72.740
832.14	72.823
832.32	72.912
832.50	72.977
832.68	73.048
832.86	73.116
833.04	73.237
833.22	73.314
833.40	73.432
833.58	73.528
833.76	73.616
833.94	73.757
834.12	73.894
834.30	74.042
834.48	74.163
834.66	74.355
834.84	74.469
835.02	74.637
835.20	74.803
835.38	74.983
835.56	75.160
835.74	75.342
835.92	75.527
836.10	75.692
836.28	75.865
836.46	76.062
836.64	76.245
836.82	76.401
837.00	76.587
837.18	76.765
837.36	76.983
837.54	77.173
837.72	77.374
837.90	77.581
838.08	77.782
838.26	77.989
838.43	78.169
838.61	78.386
838.79	78.585
838.97	78.792
839.15	78.989
839.33	79.176
839.51	79.329
839.69	79.505
839.87	79.701
840.05	79.924
840.23	80.114
840.41	80.310
840.59	80.470
840.77	80.675
840.95	80.848
841.13	81.006
841.31	81.174
841.49	81.320
841.67	81.440
841.84	81.605
842.02	81.724
842.20	81.909
842.38	82.030
842.56	82.166
842.74	82.308
842.92	82.411
843.10	82.549
843.28	82.732
843.46	82.857
843.64	82.934
843.82	83.055
843.99	83.170
844.17	83.333
844.35	83.551
844.53	83.698
844.71	83.879
844.89	83.998
845.07	84.174
845.25	84.350
845.43	84.511
845.61	84.649
845.78	84.849
845.96	84.988
846.14	85.171
846.32	85.335
846.50	85.466
846.68	85.665
846.86	85.806
847.04	85.929
847.22	86.012
847.39	86.181
847.57	86.270
847.75	86.359
847.93	86.390
848.11	86.459
848.29	86.564
848.47	86.596
848.65	86.703
848.82	86.726
849.00	86.776
849.18	86.806
849.36	86.824
849.54	86.861
849.72	86.840
849.89	86.870
850.07	86.919
850.25	86.908
850.43	86.859
850.61	86.837
850.79	86.783
850.97	86.833
851.14	86.827
851.32	86.803
851.50	86.813
851.68	86.856
851.86	86.890
852.04	86.853
852.21	86.871
852.39	86.866
852.57	86.913
852.75	86.894
852.93	86.877
853.10	86.845
853.28	86.777
853.46	86.748
853.64	86.653
853.82	86.535
854.00	86.530
854.17	86.456
854.35	86.363
854.53	86.309
854.71	86.200
854.89	86.062
855.06	86.006
855.24	85.926
855.42	85.819
855.60	85.654
855.78	85.535
855.95	85.395
856.13	85.275
856.31	85.069
856.49	84.910
856.66	84.794
856.84	84.618
857.02	84.540
857.20	84.451
857.38	84.276
857.55	84.136
857.73	83.898
857.91	83.783
858.09	83.601
858.26	83.432
858.44	83.281
858.62	83.137
858.80	82.944
858.97	82.762
859.15	82.562
859.33	82.337
859.51	82.159
859.68	81.970
859.86	81.759
860.04	81.574
860.22	81.358
860.39	81.142
860.57	80.919
860.75	80.636
860.93	80.400
861.10	80.271
861.28	80.083
861.46	79.862
861.64	79.649
861.81	79.490
861.99	79.267
862.17	79.044
862.35	78.842
862.52	78.673
862.70	78.463
862.88	78.290
863.05	78.089
863.23	77.875
863.41	77.679
863.59	77.475
863.76	77.317
863.94	77.127
864.12	76.945
864.29	76.791
864.47	76.577
864.65	76.380
864.83	76.110
865.00	75.881
865.18	75.723
865.36	75.539
865.53	75.338
865.71	75.200
865.89	75.005
866.06	74.805
866.24	74.559
866.42	74.359
866.59	74.129
866.77	73.972
866.95	73.769
867.12	73.530
867.30	73.357
867.48	73.116
867.65	72.927
867.83	72.715
868.01	72.533
868.18	72.345
868.36	72.159
868.54	72.012
868.71	71.859
868.89	71.716
869.07	71.536
869.24	71.378
869.42	71.195
869.60	71.043
869.77	70.933
869.95	70.797
870.13	70.656
870.30	70.556
870.48	70.384
870.66	70.252
870.83	70.157
871.01	69.978
871.18	69.874
871.36	69.753
871.54	69.620
871.71	69.508
871.89	69.426
872.07	69.264
872.24	69.152
872.42	69.077
872.59	68.968
872.77	68.857
872.95	68.773
873.12	68.646
873.30	68.532
873.48	68.438
873.65	68.354
873.83	68.271
874.00	68.156
874.18	68.087
874.36	68.044
874.53	67.980
874.71	67.921
874.88	67.867
875.06	67.846
875.24	67.858
875.41	67.821
875.59	67.809
875.76	67.852
875.94	67.825
876.11	67.727
876.29	67.645
876.47	67.631
876.64	67.593
876.82	67.573
876.99	67.552
877.17	67.520
877.35	67.517
877.52	67.502
877.70	67.488
877.87	67.497
878.05	67.505
878.22	67.530
878.40	67.594
878.57	67.607
878.75	67.587
878.93	67.556
879.10	67.581
879.28	67.612
879.45	67.638
879.63	67.632
879.80	67.663
879.98	67.738
880.15	67.782
880.33	67.838
880.50	67.894
880.68	68.022
880.86	68.105
881.03	68.195
881.21	68.301
881.38	68.410
881.56	68.594
881.73	68.669
881.91	68.750
882.08	68.833
882.26	68.974
882.43	69.115
882.61	69.304
882.78	69.432
882.96	69.577
883.13	69.697
883.31	69.855
883.48	70.065
883.66	70.230
883.83	70.389
884.01	70.515
884.18	70.742
884.36	70.893
884.53	71.022
884.71	71.170
884.88	71.278
885.06	71.442
885.23	71.510
885.41	71.646
885.58	71.761
885.76	71.928
885.93	71.999
886.11	72.169
886.28	72.266
886.46	72.402
886.63	72.524
886.81	72.647
886.98	72.838
887.15	72.940
887.33	73.106
887.50	73.313
887.68	73.474
887.85	73.568
888.03	73.716
888.20	73.884
888.38	74.050
888.55	74.219
888.73	74.290
888.90	74.430
889.08	74.575
889.25	74.698
889.42	74.827
889.60	75.036
889.77	75.121
889.95	75.267
890.12	75.358
890.30	75.445
890.47	75.534
890.64	75.655
890.82	75.790
890.99	75.896
891.17	75.976
891.34	76.092
891.52	76.194
891.69	76.293
891.86	76.406
892.04	76.496
892.21	76.647
892.39	76.881
892.56	77.041
892.73	77.115
892.91	77.258
893.08	77.442
893.26	77.518
893.43	77.666
893.60	77.758
893.78	77.899
893.95	78.059
894.13	78.292
894.30	78.438
894.47	78.630
894.65	78.749
894.82	78.897
895.00	79.020
895.17	79.188
895.34	79.361
895.52	79.532
895.69	79.647
895.86	79.771
896.04	79.801
896.21	79.947
896.39	80.150
896.56	80.319
896.73	80.323
896.91	80.376
897.08	80.466
897.25	80.627
897.43	80.691
897.60	80.760
897.77	80.753
897.95	80.737
898.12	80.719
898.30	80.822
898.47	80.825
898.64	80.875
898.82	80.884
898.99	80.848
899.16	80.831
899.34	80.812
899.51	80.712
899.68	80.678
899.86	80.591
900.03	80.495
900.20	80.415
900.38	80.434
900.55	80.499
900.72	80.429
900.90	80.339
901.07	80.404
901.24	80.374
901.41	80.376
901.59	80.372
901.76	80.357
901.93	80.294
902.11	80.205
902.28	80.190
902.45	80.269
902.63	80.307
902.80	80.264
902.97	80.260
903.15	80.347
903.32	80.417
903.49	80.427
903.66	80.462
903.84	80.474
904.01	80.426
904.18	80.382
904.36	80.397
904.53	80.366
904.70	80.283
904.87	80.259
905.05	80.168
905.22	80.174
905.39	80.123
905.56	80.028
905.74	79.988
905.91	79.879
906.08	79.736
906.26	79.616
906.43	79.502
906.60	79.374
906.77	79.191
906.95	79.042
907.12	78.882
907.29	78.705
907.46	78.652
907.64	78.548
907.81	78.422
907.98	78.226
908.15	78.111
908.33	77.988
908.50	77.824
908.67	77.716
908.84	77.580
909.01	77.426
909.19	77.344
909.36	77.212
909.53	77.057
909.70	76.814
909.88	76.692
910.05	76.528
910.22	76.443
910.39	76.319
910.57	76.221
910.74	76.145
910.91	76.082
911.08	75.864
911.25	75.705
911.43	75.568
911.60	75.430
911.77	75.275
911.94	75.040
912.11	74.886
912.29	74.673
912.46	74.412
912.63	74.184
912.80	73.940
912.97	73.746
913.15	73.591
913.32	73.475
913.49	73.254
913.66	73.156
913.83	72.929
914.00	72.717
914.18	72.515
914.35	72.315
914.52	72.046
914.69	71.834
914.86	71.636
915.03	71.439
915.21	71.315
915.38	71.099
915.55	71.016
915.72	70.847
915.89	70.718
916.06	70.646
916.24	70.582
916.41	70.442
916.58	70.327
916.75	70.155
916.92	69.971
917.09	69.772
917.26	69.511
917.44	69.307
917.61	69.177
917.78	68.970
917.95	68.810
918.12	68.619
918.29	68.528
918.46	68.341
918.64	68.176
918.81	68.034
918.98	67.903
919.15	67.729
919.32	67.580
919.49	67.357
919.66	67.160
919.83	66.971
920.00	66.795
920.18	66.647
920.35	66.595
920.52	66.485
920.69	66.453
920.86	66.427
921.03	66.339
921.20	66.214
921.37	66.094
921.54	65.852
921.71	65.764
921.89	65.600
922.06	65.547
922.23	65.448
922.40	65.329
922.57	65.137
922.74	65.043
922.91	64.975
923.08	64.923
923.25	64.818
923.42	64.723
923.59	64.697
923.76	64.511
923.93	64.315
924.11	64.166
924.28	64.036
924.45	63.934
924.62	63.923
924.79	63.832
924.96	63.696
925.13	63.686
925.30	63.584
925.47	63.445
925.64	63.360
925.81	63.297
925.98	63.226
926.15	63.215
926.32	63.061
926.49	62.953
926.66	62.889
926.83	62.818
927.00	62.790
927.17	62.679
927.34	62.737
927.51	62.711
927.69	62.765
927.86	62.727
928.03	62.599
928.20	62.557
928.37	62.483
928.54	62.519
928.71	62.476
928.88	62.511
929.05	62.553
929.22	62.551
929.39	62.521
929.56	62.481
929.73	62.454
929.90	62.531
930.07	62.550
930.24	62.521
930.41	62.540
930.58	62.614
930.75	62.687
930.92	62.631
931.09	62.628
931.26	62.598
931.43	62.587
931.60	62.629
931.77	62.602
931.94	62.683
932.11	62.728
932.27	62.782
932.44	62.813
932.61	62.870
932.78	62.859
932.95	62.972
933.12	62.930
933.29	62.989
933.46	62.999
933.63	62.948
933.80	62.985
933.97	63.004
934.14	63.000
934.31	62.961
934.48	63.026
934.65	63.072
934.82	63.151
934.99	63.210
935.16	63.271
935.33	63.354
935.50	63.485
935.67	63.572
935.84	63.626
936.00	63.643
936.17	63.712
936.34	63.833
936.51	63.823
936.68	63.898
936.85	63.940
937.02	64.049
937.19	64.136
937.36	64.275
937.53	64.288
937.70	64.370
937.87	64.466
938.03	64.490
938.20	64.551
938.37	64.613
938.54	64.692
938.71	64.763
938.88	64.864
939.05	64.787
939.22	64.742
939.39	64.819
939.56	65.007
939.72	65.058
939.89	65.078
940.06	65.131
940.23	65.200
940.40	65.279
940.57	65.431
940.74	65.586
940.91	65.636
941.08	65.821
941.24	65.898
941.41	66.073
941.58	66.305
941.75	66.447
941.92	66.605
942.09	66.705
942.26	66.816
942.42	66.883
942.59	67.114
942.76	67.473
942.93	67.623
943.10	67.650
943.27	67.819
943.44	67.976
943.60	68.167
943.77	68.182
943.94	68.413
944.11	68.437
944.28	68.499
944.45	68.633
944.61	68.725
944.78	68.761
944.95	68.796
945.12	68.981
945.29	69.087
945.46	69.040
945.62	69.077
945.79	69.251
945.96	69.531
946.13	69.695
946.30	69.686
946.46	69.844
946.63	69.941
946.80	70.047
946.97	70.206
947.14	70.277
947.31	70.784
947.47	70.985
947.64	71.174
947.81	71.327
947.98	71.496
948.15	71.583
948.31	71.791
948.48	71.918
948.65	71.884
948.82	72.031
948.98	72.191
949.15	72.497
949.32	72.534
949.49	72.518
949.66	72.526
949.82	72.553
949.99	72.663
950.16	72.755
950.33	72.702
950.49	72.763
950.66	72.720
950.83	72.555
951.00	72.375
951.16	72.142
951.33	72.153
951.50	72.070
951.67	72.128
951.83	72.152
952.00	72.142
952.17	72.097
952.34	72.076
952.50	72.231
952.67	72.153
952.84	72.186
953.01	72.082
953.17	72.110
953.34	72.236
953.51	72.143
953.68	72.039
953.84	71.990
954.01	71.921
954.18	71.848
954.34	71.893
954.51	71.970
954.68	72.123
954.85	72.144
955.01	72.297
955.18	72.501
955.35	72.225
955.51	72.181
955.68	72.235
955.85	72.390
956.02	72.223
956.18	72.246
956.35	72.175
956.52	72.237
956.68	72.229
956.85	72.089
957.02	72.124
957.18	72.157
957.35	72.177
957.52	72.244
957.69	72.354
957.85	72.362
958.02	72.212
958.19	72.088
958.35	72.053
958.52	71.791
958.69	71.460
958.85	71.664
959.02	71.734
959.19	71.500
959.35	71.373
959.52	71.398
959.69	71.405
959.85	71.401
960.02	71.395
960.19	71.260
960.35	71.168
960.52	71.076
960.68	71.046
960.85	71.118
961.02	70.807
961.18	70.791
961.35	70.554
961.52	70.585
961.68	70.590
961.85	70.429
962.02	70.462
962.18	70.480
962.35	70.181
962.51	70.021
962.68	70.039
962.85	69.904
963.01	69.617
963.18	69.492
963.35	69.140
963.51	68.881
963.68	68.874
963.84	68.664
964.01	68.658
964.18	68.489
964.34	68.231
964.51	68.112
964.67	67.889
964.84	67.828
965.01	67.565
965.17	67.278
965.34	67.305
965.50	67.054
965.67	66.970
965.84	66.988
966.00	67.112
966.17	67.195
966.33	67.045
966.50	66.932
966.66	66.856
966.83	66.916
967.00	66.888
967.16	66.669
967.33	66.570
967.49	66.381
967.66	66.583
967.82	66.403
967.99	66.535
968.16	66.509
968.32	66.445
968.49	66.275
968.65	66.417
968.82	66.284
968.98	66.328
969.15	66.024
969.31	65.699
969.48	65.403
969.64	65.071
969.81	65.016
969.98	64.965
970.14	64.593
970.31	64.537
970.47	64.233
970.64	63.993
970.80	64.075
970.97	63.523
971.13	63.141
971.30	63.064
971.46	62.851
971.63	62.590
971.79	62.657
971.96	62.662
972.12	62.415
972.29	61.961
972.45	61.774
972.62	61.802
972.78	61.903
972.95	61.480
973.11	61.206
973.28	61.067
973.44	61.116
973.61	61.354
973.77	61.168
973.94	61.147
974.10	61.303
974.27	61.210
974.43	61.550
974.60	61.506
974.76	61.465
974.93	61.442
975.09	61.302
975.26	60.976
975.42	60.926
975.59	60.679
975.75	61.085
975.92	61.062
976.08	60.538
976.24	60.362
976.41	60.189
976.57	60.322
976.74	60.233
976.90	59.822
977.07	59.289
977.23	59.258
977.40	59.189
977.56	58.593
977.73	58.239
977.89	57.915
978.05	57.540
978.22	57.324
978.38	56.995
978.55	56.799
978.71	56.644
978.88	56.626
979.04	56.645
979.20	56.450
979.37	56.252
979.53	56.233
979.70	56.297
979.86	56.562
980.03	56.309
980.19	56.189
980.35	56.247
980.52	56.077
980.68	56.113
980.85	55.995
981.01	56.070
981.17	56.014
981.34	55.904
981.50	55.828
981.67	55.839
981.83	55.800
981.99	55.712
982.16	55.477
982.32	54.642
982.49	54.555
982.65	54.403
982.81	54.588
982.98	54.633
983.14	54.556
983.30	54.214
983.47	54.253
983.63	54.064
983.80	53.789
983.96	53.591
984.12	54.043
984.29	54.220
984.45	54.431
984.61	54.207
984.78	54.389
984.94	54.645
985.10	55.079
985.27	54.805
985.43	55.249
985.59	55.531
985.76	56.065
985.92	56.334
986.08	56.654
986.25	56.214
986.41	56.793
986.57	56.243
986.74	56.433
986.90	56.347
987.06	56.177
987.23	56.224
987.39	56.061
987.55	54.899
987.72	54.553
987.88	53.827
988.04	54.262
988.21	54.628
988.37	54.342
988.53	53.659
988.70	54.094
988.86	53.487
989.02	53.199
989.19	52.796
989.35	52.653
989.51	51.875
989.67	51.763
989.84	51.214
990.00	51.318
990.16	51.610
990.33	51.805
990.49	52.210
990.65	52.394
990.82	52.776
990.98	52.960
991.14	52.943
991.30	53.831
991.47	53.073
991.63	53.022
991.79	53.891
991.95	54.089
992.12	54.105
992.28	54.466
992.44	54.544
992.61	54.808
992.77	54.980
992.93	55.508
993.09	55.730
993.26	55.977
993.42	56.370
993.58	56.109
993.74	55.871
993.91	55.384
994.07	55.160
994.23	55.430
994.39	55.404
994.55	55.657
994.72	55.032
994.88	55.368
995.04	54.845
995.20	54.590
995.37	54.244
995.53	54.329
995.69	53.980
995.85	53.719
996.02	53.761
996.18	53.928
996.34	53.558
996.50	53.590
996.66	54.481
996.83	54.045
996.99	53.134
997.15	53.706
997.31	53.740
997.47	53.930
997.64	53.818
997.80	54.250
997.96	54.837
998.12	55.199
998.28	55.965
998.45	56.442
998.61	56.041
998.77	56.009
998.93	56.120
999.09	57.244
999.25	57.648
999.42	58.934
999.58	58.615
999.74	58.325
999.90	58.228
1000.06	57.343
1000.22	57.834
1000.39	58.659
1000.55	58.136
1000.71	58.742
1000.87	58.732
1001.03	58.531
1001.19	58.411
1001.36	57.273
1001.52	56.818
1001.68	56.381
1001.84	56.944
1002.00	56.031
1002.16	55.973
1002.32	55.401
1002.49	53.889
1002.65	53.421
1002.81	52.486
1002.97	52.422
1003.13	52.538
1003.29	53.281
1003.45	52.831
1003.62	53.505
1003.78	53.165
1003.94	53.728
1004.10	52.977
1004.26	52.781
1004.42	52.436
1004.58	52.338
1004.74	53.242
1004.90	54.914
1005.07	54.834
1005.23	53.677
1005.39	54.868
1005.55	55.283
1005.71	54.636
1005.87	55.687
1006.03	56.741
1006.19	56.856
1006.35	56.606
1006.51	57.442
1006.67	56.931
1006.84	56.709
1007.00	56.136
1007.16	57.506
1007.32	56.049
1007.48	56.628
1007.64	57.965
1007.80	57.902
1007.96	57.243
1008.12	57.450
1008.28	55.270
1008.44	56.298
1008.60	56.725
1008.76	55.320
1008.92	54.402
1009.09	54.520
1009.25	54.232
1009.41	53.347
1009.57	53.733
1009.73	54.295
1009.89	54.739
1010.05	55.666
1010.21	57.514
1010.37	57.107
1010.53	57.842
1010.69	59.863
1010.85	59.611
1011.01	58.232
1011.17	57.116
1011.33	58.898
1011.49	58.979
1011.65	59.317
1011.81	58.641
1011.97	59.105
1012.13	61.593
1012.29	62.908
1012.45	64.333
1012.61	66.986
1012.77	65.087
1012.93	64.518
1013.09	63.112
1013.25	63.254
1013.41	63.220
1013.57	60.050
1013.73	59.666
1013.89	56.296
1014.05	57.290
1014.21	55.507
1014.37	53.899
1014.53	53.030
1014.69	52.086
1014.85	52.402
1015.01	53.752
1015.17	56.087
1015.33	55.605
1015.49	54.153
1015.65	56.104
1015.81	56.935
1015.97	53.596
1016.13	56.755
1016.29	57.126
1016.45	58.382
1016.61	58.640
1016.77	56.238
1016.93	57.459
1017.09	56.911
1017.25	58.264
1017.41	57.172
1017.56	58.836
1017.72	64.583
1017.88	66.542
1018.04	68.729
1018.20	66.047
1018.36	66.897
1018.52	63.637
1018.68	65.044
1018.84	66.310
1019.00	63.751
1019.16	64.306
1019.32	67.671
1019.48	68.286
1019.64	69.541
1019.79	66.924
1019.95	62.849
1020.11	67.491
1020.27	66.296
1020.43	71.117
1020.59	71.799
1020.75	67.971
1020.91	71.662
1021.07	66.328
1021.23	65.776
1021.39	62.276
1021.54	67.303
1021.70	62.958
1021.86	61.779
1022.02	58.781
1022.18	56.115
1022.34	58.887
1022.50	58.376
1022.66	55.028
1022.82	53.340
1022.97	53.028
1023.13	56.463
1023.29	60.735
1023.45	59.208
1023.61	60.312
1023.77	57.146
1023.93	58.554
1024.08	60.536
1024.24	56.443
1024.40	54.874
1024.56	60.256
1024.72	58.319
1024.88	50.136
1025.04	55.580
1025.19	57.151
1025.35	57.116
1025.51	60.919
1025.67	63.187
1025.83	58.885
1025.99	61.809
1026.14	59.995
1026.30	64.669
1026.46	66.174
1026.62	60.665
1026.78	57.730
1026.94	56.455
1027.09	56.019
1027.25	53.930
1027.41	52.543
1027.57	52.952
1027.73	52.152
1027.89	49.171
1028.04	49.955
1028.20	49.228
1028.36	49.051
1028.52	47.181
1028.68	47.068
1028.83	46.568
1028.99	44.930
1029.15	46.655
1029.31	44.870
1029.47	45.964
1029.62	44.692
1029.78	42.640
1029.94	42.514
1030.10	42.966
1030.25	43.219
1030.41	46.398
1030.57	47.570
1030.73	50.162
1030.89	47.934
1031.04	53.331
1031.20	53.299
1031.36	57.522
1031.52	63.577
1031.67	66.539
1031.83	69.176
1031.99	77.570
1032.15	69.814
1032.30	76.453
1032.46	80.408
1032.62	76.298
1032.78	71.185
1032.93	78.613
1033.09	68.509
1033.25	60.290
1033.41	52.415
1033.56	46.523
1033.72	-20.833
1033.88	201.071
1034.04	33.481
1034.19	34.909
1034.35	63.851
1034.51	1.757
1034.66	36.407
1034.82	2791.667
1034.98	2791.667
1035.14	2791.667
