345.22	38.929
345.43	38.929
345.65	38.929
345.86	53.850
346.08	123.011
346.29	18.841
346.51	13.468
346.72	40.126
346.94	-178.974
347.15	-65.502
347.37	99.742
347.58	128.455
347.80	154.502
348.01	135.920
348.23	102.249
348.44	94.544
348.66	89.520
348.87	92.173
349.09	87.625
349.30	78.417
349.52	73.593
349.73	78.000
349.95	79.219
350.16	81.170
350.38	78.605
350.59	73.534
350.81	72.123
351.02	71.273
351.24	71.171
351.45	70.778
351.67	72.355
351.88	72.164
352.10	68.921
352.31	67.951
352.53	70.831
352.74	72.301
352.96	73.096
353.17	72.034
353.39	73.205
353.60	75.423
353.82	76.680
354.03	76.665
354.25	72.167
354.46	66.765
354.67	64.262
354.89	62.679
355.10	66.617
355.32	66.059
355.53	67.542
355.75	69.337
355.96	70.517
356.18	70.561
356.39	70.122
356.61	73.344
356.82	72.895
357.04	70.007
357.25	70.223
357.46	70.234
357.68	70.409
357.89	68.500
358.11	66.669
358.32	69.672
358.54	67.790
358.75	69.226
358.97	71.318
359.18	74.421
359.40	74.320
359.61	74.430
359.82	75.422
360.04	75.217
360.25	73.318
360.47	69.512
360.68	69.092
360.90	69.223
361.11	67.330
361.32	67.262
361.54	70.010
361.75	69.402
361.97	70.799
362.18	71.469
362.40	73.149
362.61	74.408
362.83	73.676
363.04	75.200
363.25	76.380
363.47	77.753
363.68	75.086
363.90	78.077
364.11	78.236
364.32	78.938
364.54	77.252
364.75	74.800
364.97	78.264
365.18	76.916
365.40	75.652
365.61	76.059
365.82	77.317
366.04	76.909
366.25	76.660
366.47	74.330
366.68	72.870
366.89	73.833
367.11	72.470
367.32	72.931
367.54	70.542
367.75	70.112
367.96	68.956
368.18	70.013
368.39	69.194
368.61	69.451
368.82	70.434
369.03	72.605
369.25	76.186
369.46	77.004
369.68	77.794
369.89	78.309
370.10	78.768
370.32	78.598
370.53	77.825
370.75	74.874
370.96	76.985
371.17	77.990
371.39	75.843
371.60	76.228
371.81	76.669
372.03	78.465
372.24	79.405
372.46	82.630
372.67	83.566
372.88	82.330
373.10	81.974
373.31	80.287
373.52	80.168
373.74	78.444
373.95	77.670
374.17	78.843
374.38	80.869
374.59	81.501
374.81	80.197
375.02	78.895
375.23	81.735
375.45	79.971
375.66	77.717
375.87	78.632
376.09	78.720
376.30	77.321
376.52	79.361
376.73	76.791
376.94	75.265
377.16	76.065
377.37	79.748
377.58	80.161
377.80	81.667
378.01	82.842
378.22	84.445
378.44	85.128
378.65	87.057
378.86	87.385
379.08	88.214
379.29	88.841
379.50	91.810
379.72	92.079
379.93	95.049
380.14	98.308
380.36	99.768
380.57	101.369
380.78	102.268
381.00	102.959
381.21	104.846
381.42	106.186
381.64	107.002
381.85	106.897
382.06	107.275
382.28	107.584
382.49	107.363
382.70	108.151
382.92	108.787
383.13	108.368
383.34	109.154
383.56	110.196
383.77	111.674
383.98	111.542
384.20	112.814
384.41	113.155
384.62	113.554
384.83	114.202
385.05	114.814
385.26	115.841
385.47	116.790
385.69	117.779
385.90	118.630
386.11	119.380
386.33	120.344
386.54	121.171
386.75	121.797
386.97	122.911
387.18	123.634
387.39	124.426
387.60	124.740
387.82	125.059
388.03	125.332
388.24	125.738
388.46	126.014
388.67	125.996
388.88	125.817
389.09	125.595
389.31	125.199
389.52	124.807
389.73	124.147
389.95	123.572
390.16	122.938
390.37	122.405
390.58	121.842
390.80	121.064
391.01	120.512
391.22	119.960
391.44	119.096
391.65	118.380
391.86	117.726
392.07	117.513
392.29	117.142
392.50	116.768
392.71	116.392
392.92	116.268
393.14	116.046
393.35	116.056
393.56	116.198
393.78	116.450
393.99	116.886
394.20	117.424
394.41	117.893
394.63	118.369
394.84	119.058
395.05	119.875
395.26	120.624
395.48	121.405
395.69	122.131
395.90	123.114
396.11	124.001
396.33	124.815
396.54	125.645
396.75	126.302
396.96	126.950
397.18	127.490
397.39	128.004
397.60	128.512
397.81	128.875
398.03	129.062
398.24	129.163
398.45	129.100
398.66	128.948
398.87	128.757
399.09	128.438
399.30	127.898
399.51	127.193
399.72	126.569
399.94	125.821
400.15	125.021
400.36	124.083
400.57	123.135
400.79	122.206
401.00	121.180
401.21	120.283
401.42	119.389
401.63	118.516
401.85	117.701
402.06	117.032
402.27	116.380
402.48	115.882
402.69	115.465
402.91	115.080
403.12	114.775
403.33	114.698
403.54	114.782
403.76	114.819
403.97	115.072
404.18	115.449
404.39	115.931
404.60	116.513
404.82	117.201
405.03	117.983
405.24	118.748
405.45	119.573
405.66	120.448
405.88	121.321
406.09	122.266
406.30	123.083
406.51	123.796
406.72	124.544
406.94	125.229
407.15	125.826
407.36	126.438
407.57	126.966
407.78	127.320
407.99	127.516
408.21	127.695
408.42	127.756
408.63	127.716
408.84	127.492
409.05	127.202
409.27	126.717
409.48	126.074
409.69	125.389
409.90	124.703
410.11	123.926
410.32	123.097
410.54	122.136
410.75	121.136
410.96	120.123
411.17	119.101
411.38	118.088
411.59	117.118
411.81	116.097
412.02	115.134
412.23	114.232
412.44	113.436
412.65	112.799
412.86	112.240
413.08	111.709
413.29	111.258
413.50	111.017
413.71	110.897
413.92	110.866
414.13	110.946
414.34	111.111
414.56	111.296
414.77	111.649
414.98	112.069
415.19	112.701
415.40	113.420
415.61	114.175
415.82	114.952
416.04	115.798
416.25	116.627
416.46	117.505
416.67	118.428
416.88	119.284
417.09	120.110
417.30	120.855
417.52	121.614
417.73	122.273
417.94	122.831
418.15	123.331
418.36	123.834
418.57	124.141
418.78	124.349
418.99	124.545
419.21	124.587
419.42	124.553
419.63	124.372
419.84	124.074
420.05	123.653
420.26	123.111
420.47	122.438
420.68	121.800
420.89	121.061
421.11	120.186
421.32	119.359
421.53	118.427
421.74	117.501
421.95	116.576
422.16	115.668
422.37	114.767
422.58	113.818
422.79	112.889
423.01	112.076
423.22	111.288
423.43	110.600
423.64	109.973
423.85	109.463
424.06	109.057
424.27	108.717
424.48	108.491
424.69	108.448
424.90	108.493
425.11	108.621
425.33	108.867
425.54	109.190
425.75	109.569
425.96	110.057
426.17	110.645
426.38	111.294
426.59	112.017
426.80	112.786
427.01	113.630
427.22	114.531
427.43	115.514
427.64	116.427
427.85	117.295
428.07	118.194
428.28	119.018
428.49	119.826
428.70	120.604
428.91	121.330
429.12	121.942
429.33	122.529
429.54	123.025
429.75	123.418
429.96	123.799
430.17	124.065
430.38	124.219
430.59	124.203
430.80	124.085
431.01	123.885
431.22	123.627
431.44	123.241
431.65	122.770
431.86	122.159
432.07	121.530
432.28	120.840
432.49	120.074
432.70	119.244
432.91	118.331
433.12	117.377
433.33	116.403
433.54	115.480
433.75	114.531
433.96	113.613
434.17	112.627
434.38	111.726
434.59	110.874
434.80	110.060
435.01	109.407
435.22	108.812
435.43	108.298
435.64	107.834
435.85	107.466
436.06	107.195
436.27	107.048
436.48	107.004
436.69	107.018
436.90	107.154
437.11	107.405
437.33	107.750
437.54	108.194
437.75	108.758
437.96	109.313
438.17	109.952
438.38	110.600
438.59	111.371
438.80	112.131
439.01	112.992
439.22	113.912
439.43	114.677
439.64	115.487
439.85	116.297
440.06	117.068
440.27	117.856
440.48	118.548
440.69	119.201
440.90	119.788
441.11	120.365
441.32	120.832
441.53	121.225
441.74	121.508
441.95	121.747
442.16	121.869
442.37	121.871
442.58	121.816
442.79	121.687
443.00	121.466
443.21	121.162
443.42	120.699
443.62	120.080
443.83	119.571
444.04	118.941
444.25	118.248
444.46	117.479
444.67	116.638
444.88	115.800
445.09	114.897
445.30	113.967
445.51	112.993
445.72	112.014
445.93	111.101
446.14	110.181
446.35	109.249
446.56	108.401
446.77	107.611
446.98	106.829
447.19	106.093
447.40	105.458
447.61	104.846
447.82	104.336
448.03	103.957
448.24	103.595
448.45	103.340
448.66	103.182
448.87	103.114
449.08	103.155
449.29	103.258
449.49	103.460
449.70	103.760
449.91	104.120
450.12	104.583
450.33	105.061
450.54	105.638
450.75	106.278
450.96	106.927
451.17	107.632
451.38	108.354
451.59	109.121
451.80	109.856
452.01	110.632
452.22	111.422
452.43	112.152
452.64	112.855
452.84	113.558
453.05	114.192
453.26	114.819
453.47	115.355
453.68	115.866
453.89	116.313
454.10	116.645
454.31	116.957
454.52	117.151
454.73	117.299
454.94	117.328
455.15	117.265
455.36	117.106
455.56	116.886
455.77	116.581
455.98	116.213
456.19	115.781
456.40	115.288
456.61	114.735
456.82	114.082
457.03	113.395
457.24	112.633
457.45	111.856
457.65	110.983
457.86	110.126
458.07	109.246
458.28	108.286
458.49	107.395
458.70	106.451
458.91	105.545
459.12	104.650
459.33	103.756
459.54	102.934
459.74	102.155
459.95	101.393
460.16	100.740
460.37	100.144
460.58	99.620
460.79	99.136
461.00	98.696
461.21	98.371
461.41	98.114
461.62	97.945
461.83	97.873
462.04	97.900
462.25	97.941
462.46	98.100
462.67	98.361
462.88	98.690
463.08	99.106
463.29	99.549
463.50	100.061
463.71	100.662
463.92	101.278
464.13	101.906
464.34	102.591
464.54	103.311
464.75	104.044
464.96	104.772
465.17	105.509
465.38	106.215
465.59	106.954
465.80	107.653
466.00	108.307
466.21	108.925
466.42	109.493
466.63	110.076
466.84	110.594
467.05	111.036
467.26	111.418
467.46	111.681
467.67	111.930
467.88	112.121
468.09	112.204
468.30	112.250
468.51	112.229
468.71	112.106
468.92	111.920
469.13	111.662
469.34	111.339
469.55	110.923
469.76	110.486
469.96	109.948
470.17	109.366
470.38	108.754
470.59	108.067
470.80	107.338
471.00	106.615
471.21	105.820
471.42	105.031
471.63	104.210
471.84	103.398
472.05	102.558
472.25	101.713
472.46	100.887
472.67	100.037
472.88	99.253
473.09	98.474
473.29	97.706
473.50	97.005
473.71	96.331
473.92	95.711
474.13	95.142
474.33	94.650
474.54	94.212
474.75	93.836
474.96	93.526
475.17	93.290
475.37	93.076
475.58	92.966
475.79	92.932
476.00	92.972
476.21	93.094
476.41	93.268
476.62	93.519
476.83	93.821
477.04	94.227
477.24	94.647
477.45	95.131
477.66	95.660
477.87	96.202
478.08	96.809
478.28	97.414
478.49	98.067
478.70	98.743
478.91	99.406
479.11	100.070
479.32	100.767
479.53	101.423
479.74	102.111
479.94	102.743
480.15	103.331
480.36	103.887
480.57	104.413
480.78	104.933
480.98	105.357
481.19	105.748
481.40	106.069
481.61	106.375
481.81	106.607
482.02	106.770
482.23	106.911
482.44	106.942
482.64	106.946
482.85	106.870
483.06	106.713
483.27	106.531
483.47	106.299
483.68	105.982
483.89	105.612
484.10	105.171
484.30	104.701
484.51	104.155
484.72	103.600
484.92	102.964
485.13	102.318
485.34	101.647
485.55	100.935
485.75	100.209
485.96	99.434
486.17	98.663
486.38	97.898
486.58	97.105
486.79	96.342
487.00	95.569
487.20	94.806
487.41	94.078
487.62	93.367
487.83	92.673
488.03	92.012
488.24	91.401
488.45	90.816
488.65	90.266
488.86	89.784
489.07	89.337
489.28	88.956
489.48	88.620
489.69	88.380
489.90	88.170
490.10	88.035
490.31	87.962
490.52	87.925
490.73	87.960
490.93	88.058
491.14	88.206
491.35	88.417
491.55	88.679
491.76	88.986
491.97	89.335
492.17	89.718
492.38	90.156
492.59	90.627
492.79	91.145
493.00	91.685
493.21	92.250
493.41	92.828
493.62	93.423
493.83	94.031
494.04	94.600
494.24	95.197
494.45	95.784
494.66	96.346
494.86	96.932
495.07	97.465
495.28	98.001
495.48	98.489
495.69	98.952
495.90	99.387
496.10	99.787
496.31	100.130
496.52	100.428
496.72	100.713
496.93	100.943
497.14	101.113
497.34	101.218
497.55	101.298
497.76	101.318
497.96	101.281
498.17	101.189
498.37	101.061
498.58	100.853
498.79	100.595
498.99	100.314
499.20	99.960
499.41	99.564
499.61	99.100
499.82	98.619
500.03	98.084
500.23	97.537
500.44	96.932
500.65	96.313
500.85	95.680
501.06	94.991
501.26	94.297
501.47	93.587
501.68	92.884
501.88	92.151
502.09	91.431
502.30	90.706
502.50	89.987
502.71	89.289
502.91	88.609
503.12	87.944
503.33	87.296
503.53	86.693
503.74	86.107
503.95	85.551
504.15	85.032
504.36	84.548
504.56	84.101
504.77	83.719
504.98	83.362
505.18	83.067
505.39	82.811
505.59	82.609
505.80	82.460
506.01	82.364
506.21	82.322
506.42	82.329
506.62	82.382
506.83	82.481
507.04	82.635
507.24	82.829
507.45	83.078
507.65	83.365
507.86	83.673
508.07	84.032
508.27	84.432
508.48	84.853
508.68	85.324
508.89	85.803
509.10	86.292
509.30	86.802
509.51	87.315
509.71	87.840
509.92	88.372
510.12	88.900
510.33	89.428
510.54	89.943
510.74	90.458
510.95	90.952
511.15	91.435
511.36	91.910
511.56	92.360
511.77	92.771
511.98	93.162
512.18	93.535
512.39	93.868
512.59	94.163
512.80	94.420
513.00	94.632
513.21	94.802
513.42	94.947
513.62	95.046
513.83	95.107
514.03	95.115
514.24	95.069
514.44	94.977
514.65	94.854
514.85	94.690
515.06	94.482
515.26	94.225
515.47	93.932
515.68	93.587
515.88	93.213
516.09	92.799
516.29	92.357
516.50	91.874
516.70	91.359
516.91	90.820
517.11	90.262
517.32	89.683
517.52	89.083
517.73	88.484
517.93	87.853
518.14	87.220
518.34	86.588
518.55	85.956
518.76	85.328
518.96	84.685
519.17	84.050
519.37	83.420
519.58	82.825
519.78	82.232
519.99	81.648
520.19	81.091
520.40	80.577
520.60	80.079
520.81	79.606
521.01	79.160
521.22	78.764
521.42	78.401
521.63	78.069
521.83	77.777
522.04	77.514
522.24	77.318
522.45	77.155
522.65	77.039
522.86	76.970
523.06	76.938
523.27	76.955
523.47	77.014
523.68	77.111
523.88	77.238
524.09	77.412
524.29	77.639
524.50	77.890
524.70	78.170
524.91	78.480
525.11	78.837
525.32	79.231
525.52	79.634
525.72	80.078
525.93	80.535
526.13	81.018
526.34	81.500
526.54	82.007
526.75	82.500
526.95	83.009
527.16	83.507
527.36	84.014
527.57	84.516
527.77	85.002
527.98	85.501
528.18	85.985
528.39	86.446
528.59	86.898
528.79	87.326
529.00	87.746
529.20	88.134
529.41	88.516
529.61	88.857
529.82	89.160
530.02	89.424
530.23	89.673
530.43	89.869
530.64	90.049
530.84	90.179
531.04	90.268
531.25	90.344
531.45	90.388
531.66	90.390
531.86	90.347
532.07	90.265
532.27	90.138
532.47	89.985
532.68	89.811
532.88	89.601
533.09	89.355
533.29	89.052
533.50	88.727
533.70	88.340
533.90	87.949
534.11	87.546
534.31	87.115
534.52	86.646
534.72	86.187
534.93	85.699
535.13	85.177
535.33	84.668
535.54	84.114
535.74	83.566
535.95	82.995
536.15	82.450
536.35	81.896
536.56	81.347
536.76	80.781
536.97	80.236
537.17	79.683
537.37	79.145
537.58	78.640
537.78	78.146
537.99	77.676
538.19	77.206
538.39	76.754
538.60	76.333
538.80	75.955
539.01	75.578
539.21	75.238
539.41	74.944
539.62	74.666
539.82	74.434
540.03	74.224
540.23	74.066
540.43	73.925
540.64	73.843
540.84	73.780
541.04	73.771
541.25	73.804
541.45	73.869
541.66	73.965
541.86	74.097
542.06	74.268
542.27	74.471
542.47	74.724
542.67	74.987
542.88	75.289
543.08	75.612
543.28	75.977
543.49	76.354
543.69	76.758
543.90	77.192
544.10	77.623
544.30	78.099
544.51	78.572
544.71	79.081
544.91	79.568
545.12	80.077
545.32	80.593
545.52	81.081
545.73	81.595
545.93	82.101
546.13	82.578
546.34	83.048
546.54	83.513
546.74	83.959
546.95	84.419
547.15	84.852
547.35	85.251
547.56	85.652
547.76	86.043
547.96	86.395
548.17	86.738
548.37	87.065
548.57	87.332
548.78	87.578
548.98	87.793
549.18	87.973
549.39	88.123
549.59	88.243
549.79	88.356
550.00	88.419
550.20	88.477
550.40	88.485
550.61	88.471
550.81	88.418
551.01	88.333
551.22	88.213
551.42	88.060
551.62	87.881
551.82	87.655
552.03	87.415
552.23	87.148
552.43	86.844
552.64	86.520
552.84	86.172
553.04	85.799
553.25	85.405
553.45	84.983
553.65	84.547
553.85	84.112
554.06	83.653
554.26	83.173
554.46	82.670
554.67	82.172
554.87	81.659
555.07	81.158
555.27	80.643
555.48	80.125
555.68	79.621
555.88	79.115
556.09	78.619
556.29	78.106
556.49	77.617
556.69	77.124
556.90	76.649
557.10	76.207
557.30	75.793
557.50	75.375
557.71	75.002
557.91	74.648
558.11	74.295
558.31	73.976
558.52	73.687
558.72	73.430
558.92	73.202
559.13	73.003
559.33	72.830
559.53	72.681
559.73	72.580
559.94	72.500
560.14	72.446
560.34	72.419
560.54	72.433
560.75	72.488
560.95	72.567
561.15	72.690
561.35	72.826
561.55	72.982
561.76	73.180
561.96	73.389
562.16	73.642
562.36	73.932
562.57	74.233
562.77	74.562
562.97	74.911
563.17	75.274
563.38	75.651
563.58	76.053
563.78	76.475
563.98	76.901
564.18	77.334
564.39	77.792
564.59	78.251
564.79	78.728
564.99	79.190
565.20	79.654
565.40	80.102
565.60	80.553
565.80	81.021
566.00	81.466
566.21	81.915
566.41	82.331
566.61	82.745
566.81	83.161
567.01	83.553
567.22	83.939
567.42	84.307
567.62	84.643
567.82	84.966
568.02	85.272
568.23	85.554
568.43	85.812
568.63	86.057
568.83	86.261
569.03	86.430
569.24	86.585
569.44	86.725
569.64	86.842
569.84	86.940
570.04	86.985
570.24	87.017
570.45	87.021
570.65	87.006
570.85	86.955
571.05	86.861
571.25	86.747
571.45	86.593
571.66	86.438
571.86	86.262
572.06	86.038
572.26	85.800
572.46	85.548
572.66	85.283
572.87	84.974
573.07	84.665
573.27	84.330
573.47	83.979
573.67	83.603
573.87	83.205
574.08	82.784
574.28	82.374
574.48	81.945
574.68	81.498
574.88	81.046
575.08	80.572
575.28	80.107
575.49	79.644
575.69	79.181
575.89	78.693
576.09	78.230
576.29	77.760
576.49	77.289
576.69	76.818
576.90	76.359
577.10	75.917
577.30	75.481
577.50	75.067
577.70	74.650
577.90	74.253
578.10	73.894
578.30	73.545
578.51	73.211
578.71	72.906
578.91	72.617
579.11	72.345
579.31	72.102
579.51	71.881
579.71	71.688
579.91	71.511
580.12	71.374
580.32	71.260
580.52	71.183
580.72	71.116
580.92	71.079
581.12	71.057
581.32	71.074
581.52	71.131
581.72	71.196
581.92	71.297
582.13	71.433
582.33	71.569
582.53	71.742
582.73	71.932
582.93	72.148
583.13	72.392
583.33	72.668
583.53	72.958
583.73	73.272
583.93	73.602
584.13	73.957
584.34	74.338
584.54	74.702
584.74	75.073
584.94	75.489
585.14	75.905
585.34	76.334
585.54	76.735
585.74	77.149
585.94	77.584
586.14	78.030
586.34	78.458
586.54	78.906
586.74	79.349
586.94	79.796
587.15	80.243
587.35	80.671
587.55	81.089
587.75	81.504
587.95	81.897
588.15	82.277
588.35	82.641
588.55	82.998
588.75	83.352
588.95	83.693
589.15	84.006
589.35	84.307
589.55	84.585
589.75	84.885
589.95	85.135
590.15	85.364
590.35	85.562
590.55	85.753
590.75	85.910
590.95	86.043
591.15	86.154
591.35	86.230
591.56	86.287
591.76	86.319
591.96	86.328
592.16	86.325
592.36	86.292
592.56	86.245
592.76	86.162
592.96	86.069
593.16	85.935
593.36	85.787
593.56	85.625
593.76	85.451
593.96	85.228
594.16	85.008
594.36	84.768
594.56	84.504
594.76	84.217
594.96	83.926
595.16	83.600
595.36	83.267
595.56	82.911
595.76	82.537
595.96	82.146
596.16	81.759
596.36	81.356
596.56	80.957
596.76	80.527
596.96	80.098
597.16	79.668
597.36	79.248
597.56	78.813
597.76	78.366
597.96	77.917
598.16	77.476
598.36	77.038
598.56	76.593
598.76	76.164
598.96	75.750
599.16	75.336
599.36	74.956
599.56	74.577
599.76	74.204
599.96	73.851
600.15	73.512
600.35	73.190
600.55	72.884
600.75	72.576
600.95	72.304
601.15	72.036
601.35	71.783
601.55	71.551
601.75	71.352
601.95	71.169
602.15	71.019
602.35	70.871
602.55	70.756
602.75	70.671
602.95	70.597
603.15	70.533
603.35	70.508
603.55	70.492
603.75	70.493
603.95	70.530
604.15	70.588
604.35	70.675
604.54	70.772
604.74	70.911
604.94	71.065
605.14	71.229
605.34	71.424
605.54	71.649
605.74	71.895
605.94	72.148
606.14	72.428
606.34	72.717
606.54	73.031
606.74	73.362
606.94	73.699
607.14	74.061
607.33	74.445
607.53	74.824
607.73	75.209
607.93	75.596
608.13	75.994
608.33	76.406
608.53	76.804
608.73	77.225
608.93	77.621
609.13	78.028
609.33	78.445
609.52	78.857
609.72	79.259
609.92	79.645
610.12	80.041
610.32	80.428
610.52	80.823
610.72	81.196
610.92	81.559
611.12	81.918
611.31	82.266
611.51	82.599
611.71	82.921
611.91	83.244
612.11	83.566
612.31	83.871
612.51	84.145
612.71	84.421
612.91	84.662
613.10	84.902
613.30	85.148
613.50	85.357
613.70	85.544
613.90	85.704
614.10	85.849
614.30	85.959
614.50	86.060
614.69	86.118
614.89	86.175
615.09	86.209
615.29	86.224
615.49	86.216
615.69	86.188
615.89	86.147
616.08	86.088
616.28	85.995
616.48	85.885
616.68	85.751
616.88	85.601
617.08	85.430
617.27	85.254
617.47	85.042
617.67	84.815
617.87	84.566
618.07	84.320
618.27	84.057
618.47	83.793
618.66	83.502
618.86	83.210
619.06	82.890
619.26	82.572
619.46	82.238
619.66	81.883
619.85	81.518
620.05	81.142
620.25	80.745
620.45	80.356
620.65	79.955
620.84	79.579
621.04	79.184
621.24	78.811
621.44	78.403
621.64	77.985
621.84	77.587
622.03	77.189
622.23	76.795
622.43	76.403
622.63	76.014
622.83	75.630
623.02	75.252
623.22	74.890
623.42	74.514
623.62	74.160
623.82	73.828
624.01	73.496
624.21	73.174
624.41	72.876
624.61	72.593
624.81	72.333
625.00	72.062
625.20	71.812
625.40	71.569
625.60	71.356
625.79	71.172
625.99	71.009
626.19	70.853
626.39	70.716
626.59	70.598
626.78	70.512
626.98	70.438
627.18	70.382
627.38	70.352
627.57	70.364
627.77	70.377
627.97	70.406
628.17	70.469
628.37	70.541
628.56	70.651
628.76	70.762
628.96	70.887
629.16	71.035
629.35	71.226
629.55	71.423
629.75	71.639
629.95	71.870
630.14	72.107
630.34	72.375
630.54	72.654
630.74	72.937
630.93	73.236
631.13	73.544
631.33	73.857
631.53	74.161
631.72	74.476
631.92	74.818
632.12	75.176
632.31	75.528
632.51	75.915
632.71	76.287
632.91	76.664
633.10	77.050
633.30	77.453
633.50	77.822
633.70	78.218
633.89	78.602
634.09	78.995
634.29	79.381
634.48	79.760
634.68	80.151
634.88	80.538
635.08	80.921
635.27	81.309
635.47	81.690
635.67	82.078
635.86	82.458
636.06	82.818
636.26	83.153
636.46	83.490
636.65	83.805
636.85	84.130
637.05	84.439
637.24	84.718
637.44	84.988
637.64	85.254
637.83	85.509
638.03	85.757
638.23	85.962
638.43	86.167
638.62	86.347
638.82	86.493
639.02	86.638
639.21	86.759
639.41	86.854
639.61	86.953
639.80	87.026
640.00	87.079
640.20	87.137
640.39	87.184
640.59	87.201
640.79	87.205
640.98	87.173
641.18	87.136
641.38	87.093
641.57	87.017
641.77	86.925
641.97	86.803
642.16	86.670
642.36	86.536
642.56	86.381
642.75	86.231
642.95	86.052
643.15	85.861
643.34	85.667
643.54	85.457
643.74	85.212
643.93	84.965
644.13	84.684
644.33	84.381
644.52	84.082
644.72	83.784
644.91	83.466
645.11	83.131
645.31	82.796
645.50	82.463
645.70	82.128
645.90	81.789
646.09	81.433
646.29	81.069
646.48	80.700
646.68	80.316
646.88	79.934
647.07	79.559
647.27	79.177
647.47	78.788
647.66	78.412
647.86	78.031
648.05	77.662
648.25	77.303
648.45	76.944
648.64	76.574
648.84	76.226
649.04	75.870
649.23	75.527
649.43	75.194
649.62	74.860
649.82	74.527
650.02	74.212
650.21	73.913
650.41	73.644
650.60	73.379
650.80	73.148
651.00	72.897
651.19	72.672
651.39	72.456
651.58	72.252
651.78	72.072
651.97	71.924
652.17	71.777
652.37	71.641
652.56	71.538
652.76	71.445
652.95	71.362
653.15	71.321
653.35	71.284
653.54	71.256
653.74	71.237
653.93	71.247
654.13	71.272
654.32	71.303
654.52	71.330
654.72	71.397
654.91	71.473
655.11	71.579
655.30	71.705
655.50	71.848
655.69	72.007
655.89	72.165
656.08	72.331
656.28	72.522
656.48	72.732
656.67	72.947
656.87	73.178
657.06	73.408
657.26	73.646
657.45	73.912
657.65	74.195
657.84	74.499
658.04	74.796
658.23	75.115
658.43	75.451
658.62	75.799
658.82	76.138
659.02	76.485
659.21	76.850
659.41	77.203
659.60	77.563
659.80	77.929
659.99	78.319
660.19	78.698
660.38	79.085
660.58	79.456
660.77	79.843
660.97	80.215
661.16	80.591
661.36	80.956
661.55	81.333
661.75	81.701
661.94	82.053
662.14	82.418
662.33	82.781
662.53	83.130
662.72	83.478
662.92	83.812
663.11	84.130
663.31	84.453
663.50	84.775
663.70	85.093
663.89	85.400
664.09	85.681
664.28	85.975
664.48	86.238
664.67	86.517
664.87	86.754
665.06	86.999
665.26	87.226
665.45	87.445
665.65	87.643
665.84	87.843
666.04	88.024
666.23	88.163
666.43	88.280
666.62	88.393
666.82	88.487
667.01	88.574
667.21	88.650
667.40	88.696
667.59	88.746
667.79	88.762
667.98	88.750
668.18	88.731
668.37	88.684
668.57	88.655
668.76	88.595
668.96	88.515
669.15	88.425
669.35	88.342
669.54	88.226
669.73	88.103
669.93	87.962
670.12	87.815
670.32	87.684
670.51	87.520
670.71	87.347
670.90	87.170
671.10	86.979
671.29	86.766
671.48	86.540
671.68	86.297
671.87	86.055
672.07	85.802
672.26	85.572
672.46	85.309
672.65	85.029
672.84	84.740
673.04	84.458
673.23	84.165
673.43	83.851
673.62	83.548
673.82	83.235
674.01	82.889
674.20	82.553
674.40	82.201
674.59	81.860
674.79	81.526
674.98	81.178
675.17	80.828
675.37	80.491
675.56	80.151
675.76	79.807
675.95	79.448
676.14	79.112
676.34	78.746
676.53	78.403
676.73	78.051
676.92	77.700
677.11	77.357
677.31	77.014
677.50	76.692
677.70	76.364
677.89	76.035
678.08	75.743
678.28	75.451
678.47	75.179
678.66	74.918
678.86	74.664
679.05	74.412
679.25	74.184
679.44	73.963
679.63	73.769
679.83	73.572
680.02	73.402
680.21	73.236
680.41	73.084
680.60	72.932
680.79	72.802
680.99	72.694
681.18	72.580
681.38	72.492
681.57	72.429
681.76	72.385
681.96	72.354
682.15	72.324
682.34	72.298
682.54	72.285
682.73	72.295
682.92	72.303
683.12	72.353
683.31	72.409
683.50	72.477
683.70	72.558
683.89	72.635
684.08	72.741
684.28	72.862
684.47	72.992
684.66	73.147
684.86	73.313
685.05	73.494
685.24	73.697
685.44	73.901
685.63	74.109
685.82	74.336
686.02	74.562
686.21	74.829
686.40	75.096
686.60	75.385
686.79	75.678
686.98	75.978
687.18	76.284
687.37	76.590
687.56	76.896
687.75	77.214
687.95	77.547
688.14	77.876
688.33	78.218
688.53	78.566
688.72	78.933
688.91	79.288
689.11	79.639
689.30	80.017
689.49	80.396
689.68	80.768
689.88	81.126
690.07	81.490
690.26	81.835
690.46	82.200
690.65	82.538
690.84	82.883
691.03	83.238
691.23	83.577
691.42	83.921
691.61	84.265
691.80	84.586
692.00	84.915
692.19	85.219
692.38	85.526
692.58	85.831
692.77	86.118
692.96	86.395
693.15	86.676
693.35	86.935
693.54	87.206
693.73	87.474
693.92	87.716
694.12	87.970
694.31	88.197
694.50	88.438
694.69	88.645
694.89	88.844
695.08	89.019
695.27	89.212
695.46	89.373
695.66	89.539
695.85	89.700
696.04	89.848
696.23	90.010
696.43	90.141
696.62	90.238
696.81	90.328
697.00	90.426
697.19	90.509
697.39	90.560
697.58	90.600
697.77	90.613
697.96	90.644
698.16	90.642
698.35	90.662
698.54	90.632
698.73	90.628
698.92	90.577
699.12	90.530
699.31	90.458
699.50	90.386
699.69	90.299
699.89	90.197
700.08	90.087
700.27	89.949
700.46	89.816
700.65	89.672
700.85	89.539
701.04	89.374
701.23	89.189
701.42	89.007
701.61	88.814
701.81	88.608
702.00	88.390
702.19	88.168
702.38	87.913
702.57	87.674
702.76	87.402
702.96	87.150
703.15	86.877
703.34	86.587
703.53	86.292
703.72	85.974
703.92	85.653
704.11	85.334
704.30	85.006
704.49	84.680
704.68	84.362
704.87	84.003
705.07	83.663
705.26	83.327
705.45	83.013
705.64	82.665
705.83	82.350
706.02	82.018
706.21	81.702
706.41	81.375
706.60	81.031
706.79	80.714
706.98	80.403
707.17	80.078
707.36	79.767
707.56	79.476
707.75	79.184
707.94	78.898
708.13	78.618
708.32	78.355
708.51	78.079
708.70	77.828
708.89	77.577
709.09	77.328
709.28	77.091
709.47	76.821
709.66	76.574
709.85	76.334
710.04	76.101
710.23	75.858
710.42	75.662
710.62	75.464
710.81	75.249
711.00	75.046
711.19	74.875
711.38	74.703
711.57	74.524
711.76	74.367
711.95	74.237
712.15	74.115
712.34	73.999
712.53	73.893
712.72	73.791
712.91	73.729
713.10	73.668
713.29	73.621
713.48	73.583
713.67	73.580
713.86	73.588
714.05	73.595
714.25	73.621
714.44	73.630
714.63	73.669
714.82	73.744
715.01	73.821
715.20	73.925
715.39	74.020
715.58	74.138
715.77	74.276
715.96	74.414
716.15	74.546
716.34	74.677
716.54	74.834
716.73	75.003
716.92	75.162
717.11	75.341
717.30	75.532
717.49	75.742
717.68	75.962
717.87	76.151
718.06	76.392
718.25	76.643
718.44	76.905
718.63	77.174
718.82	77.437
719.01	77.706
719.20	77.980
719.39	78.271
719.58	78.562
719.77	78.844
719.96	79.114
720.16	79.406
720.35	79.720
720.54	80.024
720.73	80.340
720.92	80.656
721.11	80.997
721.30	81.321
721.49	81.642
721.68	81.969
721.87	82.326
722.06	82.655
722.25	82.981
722.44	83.313
722.63	83.631
722.82	83.944
723.01	84.246
723.20	84.535
723.39	84.843
723.58	85.172
723.77	85.494
723.96	85.822
724.15	86.157
724.34	86.467
724.53	86.780
724.72	87.058
724.91	87.365
725.10	87.662
725.29	87.938
725.48	88.247
725.67	88.498
725.86	88.731
726.05	88.979
726.24	89.209
726.43	89.430
726.62	89.651
726.81	89.899
727.00	90.126
727.19	90.363
727.38	90.580
727.57	90.767
727.76	90.947
727.95	91.119
728.14	91.258
728.33	91.404
728.52	91.534
728.71	91.666
728.90	91.784
729.09	91.866
729.28	91.938
729.47	91.990
729.65	92.060
729.84	92.133
730.03	92.193
730.22	92.243
730.41	92.294
730.60	92.335
730.79	92.324
730.98	92.332
731.17	92.338
731.36	92.310
731.55	92.258
731.74	92.210
731.93	92.150
732.12	92.091
732.31	92.033
732.50	91.982
732.69	91.928
732.88	91.827
733.06	91.723
733.25	91.628
733.44	91.532
733.63	91.402
733.82	91.267
734.01	91.099
734.20	90.933
734.39	90.743
734.58	90.566
734.77	90.403
734.96	90.203
735.15	89.982
735.33	89.760
735.52	89.558
735.71	89.337
735.90	89.100
736.09	88.851
736.28	88.577
736.47	88.300
736.66	88.013
736.85	87.738
737.04	87.434
737.23	87.147
737.41	86.834
737.60	86.560
737.79	86.245
737.98	85.955
738.17	85.659
738.36	85.383
738.55	85.091
738.74	84.802
738.92	84.504
739.11	84.212
739.30	83.905
739.49	83.588
739.68	83.290
739.87	83.017
740.06	82.745
740.25	82.449
740.43	82.174
740.62	81.884
740.81	81.584
741.00	81.320
741.19	81.024
741.38	80.732
741.57	80.436
741.75	80.173
741.94	79.888
742.13	79.609
742.32	79.314
742.51	79.038
742.70	78.770
742.89	78.524
743.07	78.266
743.26	78.026
743.45	77.767
743.64	77.540
743.83	77.292
744.02	77.026
744.20	76.812
744.39	76.589
744.58	76.389
744.77	76.206
744.96	76.041
745.15	75.907
745.33	75.783
745.52	75.653
745.71	75.524
745.90	75.413
746.09	75.318
746.28	75.230
746.46	75.121
746.65	75.014
746.84	74.929
747.03	74.849
747.22	74.792
747.40	74.763
747.59	74.719
747.78	74.693
747.97	74.714
748.16	74.719
748.34	74.711
748.53	74.729
748.72	74.757
748.91	74.769
749.10	74.788
749.28	74.828
749.47	74.892
749.66	74.946
749.85	74.992
750.04	75.053
750.22	75.124
750.41	75.228
750.60	75.343
750.79	75.434
750.97	75.547
751.16	75.680
751.35	75.807
751.54	75.933
751.73	76.090
751.91	76.230
752.10	76.419
752.29	76.585
752.48	76.776
752.66	76.968
752.85	77.169
753.04	77.373
753.23	77.597
753.41	77.797
753.60	78.037
753.79	78.289
753.98	78.525
754.16	78.772
754.35	79.018
754.54	79.262
754.73	79.543
754.91	79.820
755.10	80.087
755.29	80.376
755.48	80.645
755.66	80.921
755.85	81.206
756.04	81.461
756.22	81.759
756.41	82.025
756.60	82.303
756.79	82.602
756.97	82.899
757.16	83.154
757.35	83.450
757.54	83.742
757.72	84.027
757.91	84.327
758.10	84.623
758.28	84.907
758.47	85.191
758.66	85.495
758.85	85.782
759.03	86.070
759.22	86.356
759.41	86.655
759.59	86.944
759.78	87.225
759.97	87.489
760.15	87.745
760.34	88.038
760.53	88.299
760.71	88.539
760.90	88.804
761.09	89.062
761.28	89.310
761.46	89.545
761.65	89.784
761.84	90.026
762.02	90.259
762.21	90.510
762.40	90.717
762.58	90.898
762.77	91.084
762.96	91.279
763.14	91.484
763.33	91.663
763.52	91.810
763.70	91.939
763.89	92.096
764.08	92.258
764.26	92.359
764.45	92.496
764.64	92.635
764.82	92.725
765.01	92.822
765.20	92.893
765.38	92.974
765.57	93.022
765.75	93.068
765.94	93.091
766.13	93.131
766.31	93.184
766.50	93.215
766.69	93.276
766.87	93.324
767.06	93.328
767.25	93.342
767.43	93.376
767.62	93.416
767.80	93.425
767.99	93.402
768.18	93.376
768.36	93.337
768.55	93.294
768.74	93.243
768.92	93.185
769.11	93.150
769.29	93.076
769.48	93.028
769.67	92.930
769.85	92.862
770.04	92.710
770.22	92.581
770.41	92.427
770.60	92.246
770.78	92.044
770.97	91.864
771.15	91.686
771.34	91.463
771.53	91.269
771.71	91.063
771.90	90.878
772.08	90.734
772.27	90.540
772.46	90.312
772.64	90.093
772.83	89.875
773.01	89.608
773.20	89.358
773.39	89.116
773.57	88.868
773.76	88.607
773.94	88.404
774.13	88.144
774.31	87.875
774.50	87.640
774.68	87.379
774.87	87.114
775.06	86.808
775.24	86.542
775.43	86.240
775.61	85.944
775.80	85.652
775.98	85.329
776.17	85.015
776.36	84.715
776.54	84.419
776.73	84.113
776.91	83.829
777.10	83.544
777.28	83.220
777.47	82.936
777.65	82.641
777.84	82.331
778.02	82.060
778.21	81.795
778.39	81.498
778.58	81.227
778.77	80.960
778.95	80.723
779.14	80.482
779.32	80.246
779.51	80.016
779.69	79.767
779.88	79.541
780.06	79.319
780.25	79.091
780.43	78.858
780.62	78.651
780.80	78.438
780.99	78.219
781.17	78.011
781.36	77.790
781.54	77.594
781.73	77.367
781.91	77.171
782.10	76.992
782.28	76.810
782.47	76.633
782.65	76.436
782.84	76.255
783.02	76.091
783.21	75.949
783.39	75.803
783.58	75.665
783.76	75.512
783.95	75.387
784.13	75.302
784.32	75.213
784.50	75.117
784.69	75.053
784.87	74.993
785.05	74.947
785.24	74.911
785.42	74.886
785.61	74.861
785.79	74.843
785.98	74.834
786.16	74.812
786.35	74.828
786.53	74.850
786.72	74.861
786.90	74.882
787.09	74.885
787.27	74.917
787.45	74.971
787.64	75.017
787.82	75.060
788.01	75.105
788.19	75.175
788.38	75.243
788.56	75.260
788.75	75.339
788.93	75.436
789.11	75.500
789.30	75.562
789.48	75.664
789.67	75.770
789.85	75.865
790.04	76.013
790.22	76.137
790.40	76.280
790.59	76.407
790.77	76.544
790.96	76.717
791.14	76.881
791.32	77.031
791.51	77.202
791.69	77.388
791.88	77.576
792.06	77.766
792.25	77.946
792.43	78.183
792.61	78.382
792.80	78.561
792.98	78.803
793.17	79.024
793.35	79.216
793.53	79.428
793.72	79.683
793.90	79.905
794.08	80.124
794.27	80.350
794.45	80.609
794.64	80.842
794.82	81.073
795.00	81.277
795.19	81.526
795.37	81.760
795.55	81.952
795.74	82.191
795.92	82.431
796.11	82.695
796.29	82.950
796.47	83.195
796.66	83.431
796.84	83.694
797.02	83.959
797.21	84.242
797.39	84.501
797.58	84.742
797.76	84.980
797.94	85.248
798.13	85.505
798.31	85.776
798.49	86.024
798.68	86.259
798.86	86.546
799.04	86.764
799.23	87.016
799.41	87.278
799.59	87.505
799.78	87.693
799.96	87.904
800.14	88.127
800.33	88.353
800.51	88.598
800.69	88.770
800.88	88.984
801.06	89.204
801.24	89.375
801.43	89.554
801.61	89.716
801.79	89.866
801.98	90.018
802.16	90.185
802.34	90.366
802.52	90.540
802.71	90.656
802.89	90.825
803.07	90.962
803.26	91.084
803.44	91.187
803.62	91.320
803.81	91.429
803.99	91.491
804.17	91.554
804.35	91.612
804.54	91.666
804.72	91.741
804.90	91.793
805.09	91.883
805.27	91.963
805.45	92.044
805.63	92.092
805.82	92.146
806.00	92.122
806.18	92.127
806.37	92.148
806.55	92.136
806.73	92.136
806.91	92.128
807.10	92.138
807.28	92.132
807.46	92.123
807.64	92.086
807.83	92.061
808.01	92.034
808.19	91.948
808.37	91.879
808.56	91.782
808.74	91.706
808.92	91.618
809.10	91.486
809.29	91.403
809.47	91.306
809.65	91.155
809.83	91.074
810.02	90.941
810.20	90.816
810.38	90.700
810.56	90.546
810.75	90.430
810.93	90.299
811.11	90.155
811.29	90.008
811.47	89.865
811.66	89.687
811.84	89.521
812.02	89.431
812.20	89.301
812.39	89.161
812.57	88.998
812.75	88.847
812.93	88.729
813.11	88.551
813.30	88.396
813.48	88.263
813.66	88.079
813.84	87.906
814.02	87.711
814.21	87.544
814.39	87.327
814.57	87.116
814.75	86.894
814.93	86.682
815.12	86.451
815.30	86.224
815.48	86.012
815.66	85.779
815.84	85.515
816.03	85.260
816.21	84.979
816.39	84.729
816.57	84.415
816.75	84.099
816.93	83.806
817.12	83.496
817.30	83.183
817.48	82.883
817.66	82.618
817.84	82.358
818.02	82.106
818.21	81.835
818.39	81.582
818.57	81.307
818.75	81.086
818.93	80.831
819.11	80.571
819.30	80.328
819.48	80.105
819.66	79.887
819.84	79.692
820.02	79.478
820.20	79.252
820.38	79.039
820.57	78.837
820.75	78.658
820.93	78.463
821.11	78.280
821.29	78.109
821.47	77.899
821.65	77.690
821.83	77.477
822.02	77.297
822.20	77.088
822.38	76.940
822.56	76.703
822.74	76.498
822.92	76.270
823.10	76.081
823.28	75.855
823.46	75.645
823.65	75.419
823.83	75.230
824.01	75.040
824.19	74.850
824.37	74.662
824.55	74.450
824.73	74.282
824.91	74.108
825.09	73.931
825.27	73.774
825.46	73.595
825.64	73.416
825.82	73.278
826.00	73.117
826.18	72.968
826.36	72.850
826.54	72.750
826.72	72.696
826.90	72.611
827.08	72.550
827.26	72.493
827.44	72.425
827.63	72.362
827.81	72.317
827.99	72.305
828.17	72.272
828.35	72.259
828.53	72.234
828.71	72.241
828.89	72.239
829.07	72.237
829.25	72.239
829.43	72.272
829.61	72.274
829.79	72.294
829.97	72.325
830.15	72.326
830.33	72.350
830.51	72.366
830.69	72.396
830.87	72.383
831.06	72.421
831.24	72.461
831.42	72.500
831.60	72.523
831.78	72.571
831.96	72.642
832.14	72.723
832.32	72.814
832.50	72.879
832.68	72.940
832.86	72.999
833.04	73.111
833.22	73.183
833.40	73.296
833.58	73.387
833.76	73.475
833.94	73.619
834.12	73.761
834.30	73.900
834.48	74.016
834.66	74.200
834.84	74.309
835.02	74.477
835.20	74.643
835.38	74.825
835.56	74.998
835.74	75.178
835.92	75.358
836.10	75.519
836.28	75.682
836.46	75.878
836.64	76.065
836.82	76.219
837.00	76.405
837.18	76.589
837.36	76.802
837.54	76.988
837.72	77.184
837.90	77.385
838.08	77.593
838.26	77.798
838.43	77.981
838.61	78.199
838.79	78.394
838.97	78.600
839.15	78.800
839.33	78.997
839.51	79.154
839.69	79.333
839.87	79.531
840.05	79.754
840.23	79.949
840.41	80.151
840.59	80.319
840.77	80.526
840.95	80.694
841.13	80.852
841.31	81.017
841.49	81.155
841.67	81.278
841.84	81.436
842.02	81.561
842.20	81.747
842.38	81.873
842.56	82.005
842.74	82.148
842.92	82.244
843.10	82.377
843.28	82.554
843.46	82.683
843.64	82.768
843.82	82.897
843.99	83.000
844.17	83.155
844.35	83.374
844.53	83.521
844.71	83.707
844.89	83.831
845.07	84.007
845.25	84.191
845.43	84.369
845.61	84.511
845.78	84.712
845.96	84.861
846.14	85.041
846.32	85.225
846.50	85.362
846.68	85.572
846.86	85.720
847.04	85.859
847.22	85.941
847.39	86.107
847.57	86.200
847.75	86.308
847.93	86.353
848.11	86.428
848.29	86.545
848.47	86.584
848.65	86.698
848.82	86.736
849.00	86.791
849.18	86.819
849.36	86.843
849.54	86.892
849.72	86.875
849.89	86.918
850.07	86.966
850.25	86.962
850.43	86.918
850.61	86.909
850.79	86.854
850.97	86.906
851.14	86.913
851.32	86.889
851.50	86.895
851.68	86.938
851.86	86.977
852.04	86.936
852.21	86.968
852.39	86.968
852.57	87.018
852.75	87.008
852.93	87.000
853.10	86.975
853.28	86.912
853.46	86.888
853.64	86.797
853.82	86.691
854.00	86.695
854.17	86.621
854.35	86.519
854.53	86.468
854.71	86.368
854.89	86.233
855.06	86.191
855.24	86.127
855.42	86.025
855.60	85.859
855.78	85.748
855.95	85.611
856.13	85.489
856.31	85.283
856.49	85.122
856.66	85.007
856.84	84.834
857.02	84.751
857.20	84.654
857.38	84.492
857.55	84.345
857.73	84.108
857.91	83.996
858.09	83.826
858.26	83.665
858.44	83.514
858.62	83.371
858.80	83.174
858.97	82.985
859.15	82.784
859.33	82.560
859.51	82.384
859.68	82.180
859.86	81.975
860.04	81.800
860.22	81.592
860.39	81.374
860.57	81.151
860.75	80.865
860.93	80.632
861.10	80.485
861.28	80.302
861.46	80.082
861.64	79.873
861.81	79.714
861.99	79.490
862.17	79.262
862.35	79.061
862.52	78.891
862.70	78.690
862.88	78.519
863.05	78.325
863.23	78.107
863.41	77.922
863.59	77.707
863.76	77.545
863.94	77.351
864.12	77.166
864.29	77.009
864.47	76.796
864.65	76.603
864.83	76.339
865.00	76.102
865.18	75.944
865.36	75.752
865.53	75.546
865.71	75.406
865.89	75.208
866.06	75.000
866.24	74.761
866.42	74.556
866.59	74.321
866.77	74.157
866.95	73.958
867.12	73.710
867.30	73.546
867.48	73.313
867.65	73.124
867.83	72.907
868.01	72.731
868.18	72.542
868.36	72.352
868.54	72.202
868.71	72.054
868.89	71.901
869.07	71.726
869.24	71.568
869.42	71.366
869.60	71.217
869.77	71.106
869.95	70.962
870.13	70.811
870.30	70.719
870.48	70.540
870.66	70.407
870.83	70.306
871.01	70.123
871.18	70.003
871.36	69.873
871.54	69.736
871.71	69.610
871.89	69.524
872.07	69.354
872.24	69.235
872.42	69.151
872.59	69.040
872.77	68.918
872.95	68.821
873.12	68.697
873.30	68.577
873.48	68.474
873.65	68.389
873.83	68.299
874.00	68.178
874.18	68.107
874.36	68.055
874.53	67.994
874.71	67.935
874.88	67.887
875.06	67.861
875.24	67.873
875.41	67.842
875.59	67.818
875.76	67.857
875.94	67.824
876.11	67.727
876.29	67.650
876.47	67.634
876.64	67.600
876.82	67.576
876.99	67.556
877.17	67.537
877.35	67.529
877.52	67.509
877.70	67.491
877.87	67.494
878.05	67.497
878.22	67.512
878.40	67.565
878.57	67.557
878.75	67.540
878.93	67.507
879.10	67.515
879.28	67.541
879.45	67.556
879.63	67.554
879.80	67.574
879.98	67.635
880.15	67.676
880.33	67.738
880.50	67.794
880.68	67.909
880.86	67.984
881.03	68.075
881.21	68.176
881.38	68.272
881.56	68.453
881.73	68.522
881.91	68.600
882.08	68.677
882.26	68.826
882.43	68.962
882.61	69.148
882.78	69.278
882.96	69.424
883.13	69.552
883.31	69.711
883.48	69.919
883.66	70.083
883.83	70.242
884.01	70.364
884.18	70.586
884.36	70.746
884.53	70.868
884.71	71.020
884.88	71.136
885.06	71.302
885.23	71.371
885.41	71.509
885.58	71.624
885.76	71.786
885.93	71.862
886.11	72.026
886.28	72.125
886.46	72.258
886.63	72.379
886.81	72.502
886.98	72.690
887.15	72.792
887.33	72.967
887.50	73.163
887.68	73.318
887.85	73.409
888.03	73.555
888.20	73.730
888.38	73.878
888.55	74.055
888.73	74.149
888.90	74.293
889.08	74.435
889.25	74.564
889.42	74.701
889.60	74.899
889.77	74.981
889.95	75.131
890.12	75.211
890.30	75.290
890.47	75.374
890.64	75.508
890.82	75.651
890.99	75.754
891.17	75.839
891.34	75.950
891.52	76.065
891.69	76.166
891.86	76.277
892.04	76.375
892.21	76.513
892.39	76.727
892.56	76.880
892.73	76.968
892.91	77.113
893.08	77.300
893.26	77.382
893.43	77.538
893.60	77.619
893.78	77.782
893.95	77.950
894.13	78.188
894.30	78.322
894.47	78.511
894.65	78.638
894.82	78.791
895.00	78.924
895.17	79.091
895.34	79.261
895.52	79.436
895.69	79.549
895.86	79.687
896.04	79.724
896.21	79.874
896.39	80.064
896.56	80.226
896.73	80.231
896.91	80.282
897.08	80.379
897.25	80.550
897.43	80.608
897.60	80.696
897.77	80.697
897.95	80.678
898.12	80.664
898.30	80.763
898.47	80.770
898.64	80.822
898.82	80.828
898.99	80.808
899.16	80.786
899.34	80.766
899.51	80.661
899.68	80.630
899.86	80.565
900.03	80.485
900.20	80.416
900.38	80.435
900.55	80.512
900.72	80.453
900.90	80.362
901.07	80.458
901.24	80.413
901.41	80.426
901.59	80.445
901.76	80.433
901.93	80.374
902.11	80.305
902.28	80.294
902.45	80.374
902.63	80.394
902.80	80.356
902.97	80.354
903.15	80.451
903.32	80.522
903.49	80.515
903.66	80.547
903.84	80.562
904.01	80.525
904.18	80.474
904.36	80.489
904.53	80.463
904.70	80.377
904.87	80.367
905.05	80.263
905.22	80.267
905.39	80.231
905.56	80.139
905.74	80.093
905.91	79.987
906.08	79.854
906.26	79.746
906.43	79.642
906.60	79.541
906.77	79.365
906.95	79.222
907.12	79.093
907.29	78.913
907.46	78.870
907.64	78.769
907.81	78.651
907.98	78.448
908.15	78.334
908.33	78.201
908.50	78.051
908.67	77.951
908.84	77.806
909.01	77.644
909.19	77.559
909.36	77.425
909.53	77.290
909.70	77.062
909.88	76.955
910.05	76.779
910.22	76.698
910.39	76.576
910.57	76.483
910.74	76.390
910.91	76.332
911.08	76.109
911.25	75.948
911.43	75.827
911.60	75.700
911.77	75.540
911.94	75.311
912.11	75.146
912.29	74.937
912.46	74.688
912.63	74.464
912.80	74.219
912.97	74.036
913.15	73.883
913.32	73.744
913.49	73.510
913.66	73.428
913.83	73.190
914.00	72.970
914.18	72.764
914.35	72.558
914.52	72.301
914.69	72.096
914.86	71.895
915.03	71.681
915.21	71.556
915.38	71.345
915.55	71.265
915.72	71.104
915.89	70.978
916.06	70.907
916.24	70.838
916.41	70.696
916.58	70.566
916.75	70.370
916.92	70.202
917.09	70.019
917.26	69.736
917.44	69.529
917.61	69.417
917.78	69.199
917.95	69.043
918.12	68.858
918.29	68.769
918.46	68.585
918.64	68.428
918.81	68.276
918.98	68.150
919.15	67.961
919.32	67.820
919.49	67.590
919.66	67.376
919.83	67.182
920.00	67.002
920.18	66.860
920.35	66.803
920.52	66.692
920.69	66.647
920.86	66.646
921.03	66.557
921.20	66.409
921.37	66.302
921.54	66.066
921.71	65.961
921.89	65.776
922.06	65.707
922.23	65.593
922.40	65.481
922.57	65.280
922.74	65.180
922.91	65.093
923.08	65.030
923.25	64.933
923.42	64.837
923.59	64.811
923.76	64.612
923.93	64.427
924.11	64.247
924.28	64.110
924.45	63.976
924.62	63.954
924.79	63.867
924.96	63.714
925.13	63.681
925.30	63.584
925.47	63.452
925.64	63.353
925.81	63.298
925.98	63.226
926.15	63.208
926.32	63.058
926.49	62.958
926.66	62.889
926.83	62.804
927.00	62.788
927.17	62.675
927.34	62.744
927.51	62.706
927.69	62.779
927.86	62.738
928.03	62.648
928.20	62.605
928.37	62.528
928.54	62.557
928.71	62.530
928.88	62.565
929.05	62.613
929.22	62.630
929.39	62.593
929.56	62.538
929.73	62.515
929.90	62.585
930.07	62.581
930.24	62.546
930.41	62.556
930.58	62.603
930.75	62.672
930.92	62.598
931.09	62.598
931.26	62.553
931.43	62.534
931.60	62.540
931.77	62.506
931.94	62.568
932.11	62.621
932.27	62.659
932.44	62.690
932.61	62.716
932.78	62.698
932.95	62.803
933.12	62.766
933.29	62.820
933.46	62.831
933.63	62.800
933.80	62.851
933.97	62.879
934.14	62.863
934.31	62.811
934.48	62.883
934.65	62.914
934.82	62.995
934.99	63.066
935.16	63.142
935.33	63.216
935.50	63.356
935.67	63.448
935.84	63.511
936.00	63.535
936.17	63.606
936.34	63.719
936.51	63.719
936.68	63.787
936.85	63.819
937.02	63.936
937.19	64.000
937.36	64.138
937.53	64.142
937.70	64.248
937.87	64.356
938.03	64.378
938.20	64.430
938.37	64.501
938.54	64.561
938.71	64.623
938.88	64.742
939.05	64.660
939.22	64.623
939.39	64.688
939.56	64.845
939.72	64.904
939.89	64.956
940.06	64.979
940.23	65.075
940.40	65.169
940.57	65.306
940.74	65.444
940.91	65.486
941.08	65.688
941.24	65.756
941.41	65.924
941.58	66.153
941.75	66.320
941.92	66.463
942.09	66.586
942.26	66.683
942.42	66.750
942.59	66.982
942.76	67.317
942.93	67.468
943.10	67.484
943.27	67.645
943.44	67.773
943.60	67.978
943.77	67.982
943.94	68.192
944.11	68.235
944.28	68.330
944.45	68.474
944.61	68.558
944.78	68.587
944.95	68.619
945.12	68.792
945.29	68.896
945.46	68.860
945.62	68.885
945.79	69.088
945.96	69.364
946.13	69.516
946.30	69.507
946.46	69.654
946.63	69.766
946.80	69.899
946.97	70.070
947.14	70.135
947.31	70.633
947.47	70.845
947.64	71.004
947.81	71.156
947.98	71.329
948.15	71.433
948.31	71.664
948.48	71.808
948.65	71.823
948.82	71.952
948.98	72.103
949.15	72.405
949.32	72.447
949.49	72.409
949.66	72.461
949.82	72.530
949.99	72.654
950.16	72.779
950.33	72.753
950.49	72.822
950.66	72.811
950.83	72.663
951.00	72.485
951.16	72.274
951.33	72.297
951.50	72.202
951.67	72.263
951.83	72.268
952.00	72.259
952.17	72.146
952.34	72.163
952.50	72.339
952.67	72.277
952.84	72.317
953.01	72.225
953.17	72.235
953.34	72.333
953.51	72.259
953.68	72.145
953.84	72.067
954.01	72.021
954.18	71.937
954.34	71.966
954.51	72.032
954.68	72.217
954.85	72.245
955.01	72.383
955.18	72.597
955.35	72.354
955.51	72.325
955.68	72.464
955.85	72.633
956.02	72.448
956.18	72.471
956.35	72.374
956.52	72.425
956.68	72.427
956.85	72.283
957.02	72.304
957.18	72.365
957.35	72.377
957.52	72.400
957.69	72.530
957.85	72.565
958.02	72.442
958.19	72.288
958.35	72.224
958.52	71.963
958.69	71.616
958.85	71.789
959.02	71.873
959.19	71.606
959.35	71.426
959.52	71.494
959.69	71.504
959.85	71.557
960.02	71.555
960.19	71.397
960.35	71.337
960.52	71.223
960.68	71.171
960.85	71.241
961.02	71.014
961.18	70.960
961.35	70.748
961.52	70.764
961.68	70.781
961.85	70.680
962.02	70.750
962.18	70.765
962.35	70.532
962.51	70.356
962.68	70.373
962.85	70.273
963.01	69.956
963.18	69.873
963.35	69.485
963.51	69.325
963.68	69.310
963.84	69.064
964.01	69.075
964.18	68.943
964.34	68.686
964.51	68.523
964.67	68.338
964.84	68.234
965.01	68.015
965.17	67.722
965.34	67.740
965.50	67.476
965.67	67.430
965.84	67.451
966.00	67.548
966.17	67.633
966.33	67.471
966.50	67.386
966.66	67.291
966.83	67.348
967.00	67.262
967.16	67.082
967.33	67.006
967.49	66.798
967.66	66.934
967.82	66.741
967.99	66.880
968.16	66.861
968.32	66.787
968.49	66.596
968.65	66.753
968.82	66.547
968.98	66.621
969.15	66.284
969.31	65.942
969.48	65.644
969.64	65.312
969.81	65.310
969.98	65.261
970.14	64.908
970.31	64.833
970.47	64.515
970.64	64.283
970.80	64.306
970.97	63.827
971.13	63.455
971.30	63.423
971.46	63.168
971.63	62.930
971.79	62.952
971.96	62.927
972.12	62.622
972.29	62.262
972.45	62.106
972.62	62.118
972.78	62.186
972.95	61.825
973.11	61.581
973.28	61.412
973.44	61.381
973.61	61.609
973.77	61.393
973.94	61.451
974.10	61.556
974.27	61.546
974.43	61.834
974.60	61.799
974.76	61.731
974.93	61.745
975.09	61.618
975.26	61.325
975.42	61.311
975.59	61.177
975.75	61.499
975.92	61.383
976.08	60.903
976.24	60.749
976.41	60.609
976.57	60.709
976.74	60.642
976.90	60.299
977.07	59.789
977.23	59.805
977.40	59.612
977.56	59.057
977.73	58.708
977.89	58.370
978.05	57.974
978.22	57.774
978.38	57.430
978.55	57.182
978.71	57.039
978.88	56.990
979.04	56.888
979.20	56.673
979.37	56.610
979.53	56.583
979.70	56.657
979.86	56.886
980.03	56.726
980.19	56.522
980.35	56.533
980.52	56.257
980.68	56.250
980.85	56.218
981.01	56.324
981.17	56.274
981.34	56.165
981.50	56.131
981.67	56.123
981.83	55.988
981.99	55.784
982.16	55.582
982.32	54.788
982.49	54.869
982.65	54.707
982.81	54.822
982.98	54.845
983.14	54.738
983.30	54.375
983.47	54.194
983.63	53.931
983.80	53.635
983.96	53.470
984.12	53.917
984.29	53.988
984.45	54.195
984.61	53.958
984.78	54.190
984.94	54.469
985.10	54.977
985.27	54.889
985.43	55.451
985.59	55.770
985.76	56.347
985.92	56.453
986.08	56.721
986.25	56.166
986.41	56.734
986.57	56.235
986.74	56.490
986.90	56.572
987.06	56.539
987.23	56.621
987.39	56.474
987.55	55.412
987.72	55.105
987.88	54.304
988.04	54.728
988.21	55.010
988.37	54.715
988.53	54.005
988.70	54.374
988.86	53.811
989.02	53.527
989.19	53.114
989.35	53.061
989.51	52.367
989.67	52.444
989.84	51.870
990.00	51.878
990.16	52.130
990.33	52.260
990.49	52.741
990.65	52.961
990.82	53.367
990.98	53.531
991.14	53.542
991.30	54.483
991.47	53.868
991.63	53.818
991.79	54.665
991.95	54.801
992.12	54.868
992.28	55.197
992.44	55.264
992.61	55.544
992.77	55.582
992.93	56.229
993.09	56.311
993.26	56.557
993.42	57.191
993.58	56.735
993.74	56.530
993.91	55.979
994.07	55.638
994.23	55.766
994.39	55.949
994.55	56.070
994.72	55.352
994.88	55.373
995.04	55.073
995.20	54.697
995.37	54.305
995.53	54.295
995.69	53.989
995.85	53.639
996.02	53.596
996.18	53.965
996.34	53.432
996.50	53.474
996.66	54.358
996.83	53.681
996.99	53.023
997.15	53.597
997.31	53.680
997.47	54.065
997.64	53.924
997.80	54.134
997.96	54.777
998.12	55.197
998.28	56.206
998.45	56.567
998.61	56.447
998.77	56.522
998.93	56.464
999.09	57.684
999.25	57.848
999.42	58.977
999.58	58.699
999.74	58.574
999.90	58.297
1000.06	57.361
1000.22	57.873
1000.39	58.723
1000.55	58.434
1000.71	59.035
1000.87	58.811
1001.03	58.655
1001.19	58.668
1001.36	58.050
1001.52	57.600
1001.68	56.990
1001.84	57.401
1002.00	56.208
1002.16	56.139
1002.32	55.775
1002.49	53.991
1002.65	53.858
1002.81	53.110
1002.97	52.846
1003.13	52.881
1003.29	53.943
1003.45	53.604
1003.62	54.131
1003.78	53.702
1003.94	53.862
1004.10	53.276
1004.26	53.565
1004.42	53.338
1004.58	53.103
1004.74	53.727
1004.90	55.280
1005.07	55.429
1005.23	54.390
1005.39	55.842
1005.55	56.444
1005.71	55.835
1005.87	57.084
1006.03	58.117
1006.19	58.414
1006.35	58.234
1006.51	59.275
1006.67	58.977
1006.84	58.995
1007.00	58.455
1007.16	59.601
1007.32	58.129
1007.48	58.811
1007.64	59.977
1007.80	60.052
1007.96	59.130
1008.12	59.489
1008.28	57.646
1008.44	58.449
1008.60	59.017
1008.76	57.543
1008.92	56.526
1009.09	56.713
1009.25	56.185
1009.41	55.042
1009.57	55.503
1009.73	55.868
1009.89	55.950
1010.05	56.423
1010.21	58.234
1010.37	58.010
1010.53	58.714
1010.69	60.591
1010.85	60.008
1011.01	58.772
1011.17	57.712
1011.33	59.497
1011.49	59.420
1011.65	59.787
1011.81	59.390
1011.97	59.404
1012.13	61.722
1012.29	63.314
1012.45	64.450
1012.61	67.482
1012.77	65.479
1012.93	64.579
1013.09	63.647
1013.25	64.102
1013.41	64.153
1013.57	60.841
1013.73	60.199
1013.89	57.188
1014.05	58.592
1014.21	56.637
1014.37	54.952
1014.53	53.892
1014.69	53.663
1014.85	53.733
1015.01	55.548
1015.17	58.021
1015.33	57.779
1015.49	56.277
1015.65	57.837
1015.81	58.410
1015.97	55.011
1016.13	58.693
1016.29	58.246
1016.45	59.154
1016.61	59.296
1016.77	57.657
1016.93	58.804
1017.09	57.881
1017.25	58.407
1017.41	57.939
1017.56	59.969
1017.72	65.849
1017.88	68.062
1018.04	69.503
1018.20	66.838
1018.36	66.932
1018.52	63.804
1018.68	65.977
1018.84	67.078
1019.00	65.090
1019.16	66.080
1019.32	69.665
1019.48	70.655
1019.64	72.309
1019.79	69.776
1019.95	66.234
1020.11	70.272
1020.27	70.059
1020.43	76.051
1020.59	79.089
1020.75	75.430
1020.91	78.957
1021.07	72.447
1021.23	71.977
1021.39	68.503
1021.54	73.663
1021.70	70.585
1021.86	69.099
1022.02	66.016
1022.18	62.937
1022.34	65.255
1022.50	64.380
1022.66	61.611
1022.82	59.884
1022.97	60.445
1023.13	63.398
1023.29	67.037
1023.45	65.335
1023.61	65.431
1023.77	62.738
1023.93	62.999
1024.08	64.774
1024.24	60.651
1024.40	60.156
1024.56	66.729
1024.72	64.088
1024.88	54.559
1025.04	58.296
1025.19	59.934
1025.35	58.971
1025.51	64.606
1025.67	66.169
1025.83	62.492
1025.99	64.580
1026.14	62.460
1026.30	67.129
1026.46	69.492
1026.62	66.087
1026.78	62.398
1026.94	60.692
1027.09	58.760
1027.25	55.771
1027.41	54.170
1027.57	55.632
1027.73	54.584
1027.89	49.583
1028.04	51.056
1028.20	50.060
1028.36	49.988
1028.52	48.937
1028.68	49.251
1028.83	48.459
1028.99	47.346
1029.15	48.921
1029.31	46.957
1029.47	48.049
1029.62	47.406
1029.78	45.785
1029.94	44.858
1030.10	45.854
1030.25	46.106
1030.41	49.568
1030.57	51.257
1030.73	53.685
1030.89	51.014
1031.04	56.203
1031.20	57.649
1031.36	62.515
1031.52	70.697
1031.67	73.354
1031.83	75.360
1031.99	81.697
1032.15	72.927
1032.30	80.038
1032.46	85.679
1032.62	81.389
1032.78	77.275
1032.93	85.347
1033.09	74.538
1033.25	65.941
1033.41	57.977
1033.56	52.672
1033.72	-30.833
1033.88	273.333
1034.04	42.089
1034.19	34.667
1034.35	70.833
1034.51	-8.986
1034.66	42.861
1034.82	2930.000
1034.98	2930.000
1035.14	2930.000
