345.22	37.118
345.43	37.118
345.65	37.118
345.86	54.825
346.08	105.019
346.29	15.242
346.51	19.955
346.72	72.399
346.94	-135.449
347.15	-67.079
347.37	91.275
347.58	121.452
347.80	147.543
348.01	128.528
348.23	99.418
348.44	94.135
348.66	88.836
348.87	91.032
349.09	88.301
349.30	80.261
349.52	75.010
349.73	79.149
349.95	79.410
350.16	81.777
350.38	79.849
350.59	73.881
350.81	72.531
351.02	71.272
351.24	71.134
351.45	70.191
351.67	72.249
351.88	71.872
352.10	68.202
352.31	67.018
352.53	70.312
352.74	71.209
352.96	71.789
353.17	70.830
353.39	71.869
353.60	73.755
353.82	73.952
354.03	74.282
354.25	70.609
354.46	66.256
354.67	63.393
354.89	61.615
355.10	65.423
355.32	64.870
355.53	66.636
355.75	68.349
355.96	69.380
356.18	69.139
356.39	69.088
356.61	73.130
356.82	73.003
357.04	69.762
357.25	70.098
357.46	69.806
357.68	69.672
357.89	68.001
358.11	66.437
358.32	69.387
358.54	67.387
358.75	68.160
358.97	70.192
359.18	73.013
359.40	72.486
359.61	73.030
359.82	74.223
360.04	73.814
360.25	71.759
360.47	67.930
360.68	67.268
360.90	67.525
361.11	65.154
361.32	65.538
361.54	68.397
361.75	67.931
361.97	68.940
362.18	69.596
362.40	70.840
362.61	72.217
362.83	71.792
363.04	73.010
363.25	74.476
363.47	75.631
363.68	73.008
363.90	76.366
364.11	76.564
364.32	76.658
364.54	75.293
364.75	72.740
364.97	76.363
365.18	75.254
365.40	73.424
365.61	73.573
365.82	74.009
366.04	73.360
366.25	72.886
366.47	71.390
366.68	70.306
366.89	71.897
367.11	70.203
367.32	70.632
367.54	68.268
367.75	67.660
367.96	66.674
368.18	67.933
368.39	67.230
368.61	67.543
368.82	68.498
369.03	70.534
369.25	74.259
369.46	75.277
369.68	76.261
369.89	77.370
370.10	77.906
370.32	77.989
370.53	77.663
370.75	74.719
370.96	76.778
371.17	77.363
371.39	75.162
371.60	75.338
371.81	75.766
372.03	77.647
372.24	78.700
372.46	81.744
372.67	82.718
372.88	81.446
373.10	81.024
373.31	79.823
373.52	79.212
373.74	77.508
373.95	76.701
374.17	77.646
374.38	79.422
374.59	80.178
374.81	78.920
375.02	77.553
375.23	80.156
375.45	77.937
375.66	76.204
375.87	77.076
376.09	77.640
376.30	76.455
376.52	78.579
376.73	75.778
376.94	74.303
377.16	75.171
377.37	78.842
377.58	79.130
377.80	80.729
378.01	82.389
378.22	84.027
378.44	84.880
378.65	86.922
378.86	87.331
379.08	87.938
379.29	88.859
379.50	91.669
379.72	92.393
379.93	95.816
380.14	99.053
380.36	100.123
380.57	101.546
380.78	102.161
381.00	102.963
381.21	104.876
381.42	106.099
381.64	106.674
381.85	106.658
382.06	107.050
382.28	107.153
382.49	107.007
382.70	107.846
382.92	108.329
383.13	107.893
383.34	108.593
383.56	109.769
383.77	111.095
383.98	110.988
384.20	112.140
384.41	112.368
384.62	112.776
384.83	113.532
385.05	114.161
385.26	115.241
385.47	116.202
385.69	117.220
385.90	118.130
386.11	118.898
386.33	119.848
386.54	120.673
386.75	121.366
386.97	122.460
387.18	123.108
387.39	123.893
387.60	124.249
387.82	124.623
388.03	124.860
388.24	125.271
388.46	125.546
388.67	125.558
388.88	125.425
389.09	125.196
389.31	124.846
389.52	124.451
389.73	123.808
389.95	123.238
390.16	122.609
390.37	122.095
390.58	121.557
390.80	120.768
391.01	120.210
391.22	119.664
391.44	118.799
391.65	118.119
391.86	117.480
392.07	117.247
392.29	116.874
392.50	116.506
392.71	116.128
392.92	115.978
393.14	115.742
393.35	115.714
393.56	115.846
393.78	116.032
393.99	116.446
394.20	116.981
394.41	117.431
394.63	117.869
394.84	118.549
395.05	119.355
395.26	120.101
395.48	120.881
395.69	121.584
395.90	122.546
396.11	123.418
396.33	124.233
396.54	125.067
396.75	125.726
396.96	126.395
397.18	126.954
397.39	127.492
397.60	128.015
397.81	128.402
398.03	128.610
398.24	128.746
398.45	128.702
398.66	128.562
398.87	128.390
399.09	128.112
399.30	127.593
399.51	126.904
399.72	126.280
399.94	125.556
400.15	124.775
400.36	123.865
400.57	122.933
400.79	122.011
401.00	120.984
401.21	120.071
401.42	119.149
401.63	118.267
401.85	117.452
402.06	116.766
402.27	116.109
402.48	115.588
402.69	115.164
402.91	114.765
403.12	114.438
403.33	114.337
403.54	114.388
403.76	114.405
403.97	114.638
404.18	114.992
404.39	115.438
404.60	116.012
404.82	116.679
405.03	117.437
405.24	118.202
405.45	119.029
405.66	119.899
405.88	120.785
406.09	121.726
406.30	122.546
406.51	123.255
406.72	124.006
406.94	124.699
407.15	125.304
407.36	125.936
407.57	126.481
407.78	126.855
407.99	127.070
408.21	127.264
408.42	127.338
408.63	127.333
408.84	127.132
409.05	126.870
409.27	126.414
409.48	125.792
409.69	125.106
409.90	124.437
410.11	123.674
410.32	122.863
410.54	121.915
410.75	120.915
410.96	119.920
411.17	118.896
411.38	117.895
411.59	116.924
411.81	115.903
412.02	114.930
412.23	114.026
412.44	113.225
412.65	112.558
412.86	111.993
413.08	111.431
413.29	110.967
413.50	110.693
413.71	110.549
413.92	110.501
414.13	110.573
414.34	110.715
414.56	110.899
414.77	111.216
414.98	111.615
415.19	112.231
415.40	112.949
415.61	113.700
415.82	114.455
416.04	115.299
416.25	116.117
416.46	116.993
416.67	117.915
416.88	118.771
417.09	119.608
417.30	120.357
417.52	121.140
417.73	121.806
417.94	122.371
418.15	122.887
418.36	123.404
418.57	123.719
418.78	123.942
418.99	124.148
419.21	124.221
419.42	124.213
419.63	124.059
419.84	123.767
420.05	123.377
420.26	122.860
420.47	122.196
420.68	121.571
420.89	120.853
421.11	119.987
421.32	119.171
421.53	118.248
421.74	117.318
421.95	116.390
422.16	115.496
422.37	114.591
422.58	113.633
422.79	112.694
423.01	111.877
423.22	111.078
423.43	110.377
423.64	109.733
423.85	109.196
424.06	108.761
424.27	108.399
424.48	108.145
424.69	108.085
424.90	108.109
425.11	108.212
425.33	108.434
425.54	108.741
425.75	109.106
425.96	109.568
426.17	110.143
426.38	110.787
426.59	111.483
426.80	112.244
427.01	113.079
427.22	113.974
427.43	114.946
427.64	115.857
427.85	116.721
428.07	117.633
428.28	118.459
428.49	119.284
428.70	120.077
428.91	120.809
429.12	121.424
429.33	122.029
429.54	122.547
429.75	122.954
429.96	123.346
430.17	123.628
430.38	123.812
430.59	123.826
430.80	123.727
431.01	123.552
431.22	123.313
431.44	122.947
431.65	122.503
431.86	121.922
432.07	121.314
432.28	120.645
432.49	119.884
432.70	119.069
432.91	118.168
433.12	117.224
433.33	116.256
433.54	115.339
433.75	114.393
433.96	113.479
434.17	112.496
434.38	111.589
434.59	110.729
434.80	109.906
435.01	109.238
435.22	108.626
435.43	108.103
435.64	107.627
435.85	107.245
436.06	106.948
436.27	106.776
436.48	106.710
436.69	106.693
436.90	106.810
437.11	107.043
437.33	107.368
437.54	107.792
437.75	108.337
437.96	108.882
438.17	109.496
438.38	110.123
438.59	110.884
438.80	111.638
439.01	112.498
439.22	113.403
439.43	114.164
439.64	114.976
439.85	115.785
440.06	116.555
440.27	117.345
440.48	118.050
440.69	118.707
440.90	119.297
441.11	119.894
441.32	120.382
441.53	120.791
441.74	121.088
441.95	121.345
442.16	121.488
442.37	121.510
442.58	121.480
442.79	121.373
443.00	121.167
443.21	120.882
443.42	120.427
443.62	119.833
443.83	119.335
444.04	118.720
444.25	118.042
444.46	117.288
444.67	116.465
444.88	115.637
445.09	114.743
445.30	113.830
445.51	112.862
445.72	111.879
445.93	110.965
446.14	110.042
446.35	109.098
446.56	108.244
446.77	107.444
446.98	106.650
447.19	105.902
447.40	105.254
447.61	104.625
447.82	104.106
448.03	103.710
448.24	103.340
448.45	103.069
448.66	102.889
448.87	102.798
449.08	102.816
449.29	102.899
449.49	103.085
449.70	103.363
449.91	103.708
450.12	104.152
450.33	104.619
450.54	105.179
450.75	105.819
450.96	106.457
451.17	107.156
451.38	107.875
451.59	108.637
451.80	109.374
452.01	110.153
452.22	110.944
452.43	111.672
452.64	112.383
452.84	113.091
453.05	113.738
453.26	114.381
453.47	114.929
453.68	115.450
453.89	115.903
454.10	116.247
454.31	116.571
454.52	116.783
454.73	116.945
454.94	116.992
455.15	116.947
455.36	116.807
455.56	116.601
455.77	116.313
455.98	115.969
456.19	115.556
456.40	115.083
456.61	114.542
456.82	113.904
457.03	113.225
457.24	112.473
457.45	111.705
457.65	110.839
457.86	109.988
458.07	109.113
458.28	108.166
458.49	107.282
458.70	106.345
458.91	105.443
459.12	104.545
459.33	103.647
459.54	102.815
459.74	102.024
459.95	101.254
460.16	100.585
460.37	99.973
460.58	99.430
460.79	98.928
461.00	98.478
461.21	98.137
461.41	97.866
461.62	97.682
461.83	97.591
462.04	97.596
462.25	97.622
462.46	97.768
462.67	98.015
462.88	98.322
463.08	98.718
463.29	99.140
463.50	99.643
463.71	100.235
463.92	100.838
464.13	101.461
464.34	102.140
464.54	102.854
464.75	103.583
464.96	104.309
465.17	105.040
465.38	105.743
465.59	106.480
465.80	107.180
466.00	107.832
466.21	108.457
466.42	109.033
466.63	109.628
466.84	110.153
467.05	110.605
467.26	111.002
467.46	111.280
467.67	111.545
467.88	111.744
468.09	111.837
468.30	111.901
468.51	111.892
468.71	111.788
468.92	111.617
469.13	111.370
469.34	111.063
469.55	110.667
469.76	110.246
469.96	109.730
470.17	109.159
470.38	108.559
470.59	107.885
470.80	107.167
471.00	106.446
471.21	105.658
471.42	104.870
471.63	104.056
471.84	103.248
472.05	102.407
472.25	101.567
472.46	100.744
472.67	99.890
472.88	99.107
473.09	98.319
473.29	97.548
473.50	96.845
473.71	96.162
473.92	95.531
474.13	94.949
474.33	94.442
474.54	93.994
474.75	93.609
474.96	93.286
475.17	93.036
475.37	92.816
475.58	92.695
475.79	92.646
476.00	92.670
476.21	92.774
476.41	92.939
476.62	93.178
476.83	93.467
477.04	93.859
477.24	94.265
477.45	94.741
477.66	95.254
477.87	95.783
478.08	96.385
478.28	96.983
478.49	97.633
478.70	98.303
478.91	98.961
479.11	99.623
479.32	100.314
479.53	100.972
479.74	101.657
479.94	102.289
480.15	102.881
480.36	103.442
480.57	103.981
480.78	104.508
480.98	104.939
481.19	105.335
481.40	105.668
481.61	105.983
481.81	106.228
482.02	106.408
482.23	106.560
482.44	106.603
482.64	106.620
482.85	106.556
483.06	106.410
483.27	106.244
483.47	106.024
483.68	105.725
483.89	105.368
484.10	104.942
484.30	104.482
484.51	103.956
484.72	103.417
484.92	102.784
485.13	102.146
485.34	101.486
485.55	100.785
485.75	100.069
485.96	99.303
486.17	98.536
486.38	97.770
486.58	96.982
486.79	96.219
487.00	95.447
487.20	94.681
487.41	93.955
487.62	93.243
487.83	92.545
488.03	91.877
488.24	91.258
488.45	90.668
488.65	90.108
488.86	89.610
489.07	89.151
489.28	88.761
489.48	88.411
489.69	88.158
489.90	87.936
490.10	87.784
490.31	87.695
490.52	87.645
490.73	87.669
490.93	87.753
491.14	87.889
491.35	88.087
491.55	88.335
491.76	88.627
491.97	88.963
492.17	89.336
492.38	89.761
492.59	90.225
492.79	90.734
493.00	91.272
493.21	91.835
493.41	92.407
493.62	92.997
493.83	93.603
494.04	94.171
494.24	94.767
494.45	95.358
494.66	95.924
494.86	96.512
495.07	97.048
495.28	97.589
495.48	98.084
495.69	98.550
495.90	98.993
496.10	99.403
496.31	99.755
496.52	100.066
496.72	100.364
496.93	100.604
497.14	100.782
497.34	100.897
497.55	100.989
497.76	101.020
497.96	100.999
498.17	100.915
498.37	100.798
498.58	100.604
498.79	100.356
498.99	100.086
499.20	99.744
499.41	99.358
499.61	98.907
499.82	98.434
500.03	97.910
500.23	97.375
500.44	96.782
500.65	96.173
500.85	95.546
501.06	94.862
501.26	94.174
501.47	93.470
501.68	92.772
501.88	92.041
502.09	91.324
502.30	90.601
502.50	89.888
502.71	89.187
502.91	88.504
503.12	87.837
503.33	87.188
503.53	86.580
503.74	85.989
503.95	85.428
504.15	84.904
504.36	84.411
504.56	83.954
504.77	83.558
504.98	83.188
505.18	82.884
505.39	82.620
505.59	82.405
505.80	82.244
506.01	82.138
506.21	82.086
506.42	82.084
506.62	82.126
506.83	82.211
507.04	82.355
507.24	82.540
507.45	82.778
507.65	83.055
507.86	83.355
508.07	83.705
508.27	84.095
508.48	84.510
508.68	84.975
508.89	85.444
509.10	85.931
509.30	86.439
509.51	86.946
509.71	87.470
509.92	87.998
510.12	88.526
510.33	89.050
510.54	89.564
510.74	90.076
510.95	90.570
511.15	91.056
511.36	91.535
511.56	91.989
511.77	92.405
511.98	92.801
512.18	93.178
512.39	93.518
512.59	93.822
512.80	94.085
513.00	94.307
513.21	94.490
513.42	94.644
513.62	94.752
513.83	94.825
514.03	94.838
514.24	94.806
514.44	94.725
514.65	94.613
514.85	94.460
515.06	94.265
515.26	94.021
515.47	93.743
515.68	93.407
515.88	93.043
516.09	92.639
516.29	92.203
516.50	91.730
516.70	91.222
516.91	90.691
517.11	90.140
517.32	89.571
517.52	88.978
517.73	88.380
517.93	87.756
518.14	87.124
518.34	86.496
518.55	85.867
518.76	85.239
518.96	84.599
519.17	83.960
519.37	83.329
519.58	82.732
519.78	82.131
519.99	81.548
520.19	80.985
520.40	80.465
520.60	79.963
520.81	79.486
521.01	79.032
521.22	78.628
521.42	78.254
521.63	77.912
521.83	77.609
522.04	77.339
522.24	77.131
522.45	76.957
522.65	76.833
522.86	76.750
523.06	76.707
523.27	76.715
523.47	76.763
523.68	76.851
523.88	76.970
524.09	77.135
524.29	77.347
524.50	77.592
524.70	77.865
524.91	78.167
525.11	78.514
525.32	78.899
525.52	79.294
525.72	79.731
525.93	80.180
526.13	80.659
526.34	81.132
526.54	81.635
526.75	82.126
526.95	82.633
527.16	83.130
527.36	83.640
527.57	84.139
527.77	84.632
527.98	85.129
528.18	85.613
528.39	86.076
528.59	86.533
528.79	86.965
529.00	87.387
529.20	87.778
529.41	88.167
529.61	88.515
529.82	88.826
530.02	89.098
530.23	89.355
530.43	89.561
530.64	89.753
530.84	89.891
531.04	89.990
531.25	90.075
531.45	90.127
531.66	90.138
531.86	90.106
532.07	90.029
532.27	89.915
532.47	89.771
532.68	89.607
532.88	89.404
533.09	89.164
533.29	88.873
533.50	88.559
533.70	88.177
533.90	87.793
534.11	87.399
534.31	86.974
534.52	86.513
534.72	86.059
534.93	85.576
535.13	85.062
535.33	84.558
535.54	84.010
535.74	83.466
535.95	82.898
536.15	82.355
536.35	81.803
536.56	81.251
536.76	80.682
536.97	80.136
537.17	79.581
537.37	79.043
537.58	78.533
537.78	78.034
537.99	77.563
538.19	77.091
538.39	76.633
538.60	76.207
538.80	75.822
539.01	75.437
539.21	75.090
539.41	74.786
539.62	74.498
539.82	74.253
540.03	74.032
540.23	73.864
540.43	73.712
540.64	73.620
540.84	73.552
541.04	73.534
541.25	73.557
541.45	73.614
541.66	73.700
541.86	73.823
542.06	73.988
542.27	74.181
542.47	74.424
542.67	74.681
542.88	74.973
543.08	75.290
543.28	75.647
543.49	76.017
543.69	76.416
543.90	76.843
544.10	77.270
544.30	77.743
544.51	78.210
544.71	78.716
544.91	79.201
545.12	79.708
545.32	80.223
545.52	80.711
545.73	81.226
545.93	81.731
546.13	82.210
546.34	82.680
546.54	83.146
546.74	83.595
546.95	84.054
547.15	84.493
547.35	84.898
547.56	85.303
547.76	85.700
547.96	86.058
548.17	86.407
548.37	86.742
548.57	87.016
548.78	87.273
548.98	87.494
549.18	87.680
549.39	87.836
549.59	87.963
549.79	88.082
550.00	88.150
550.20	88.217
550.40	88.231
550.61	88.226
550.81	88.183
551.01	88.107
551.22	87.999
551.42	87.853
551.62	87.683
551.82	87.466
552.03	87.236
552.23	86.975
552.43	86.679
552.64	86.362
552.84	86.019
553.04	85.651
553.25	85.262
553.45	84.846
553.65	84.417
553.85	83.986
554.06	83.532
554.26	83.057
554.46	82.555
554.67	82.064
554.87	81.552
555.07	81.052
555.27	80.537
555.48	80.021
555.68	79.516
555.88	79.006
556.09	78.509
556.29	77.994
556.49	77.505
556.69	77.008
556.90	76.529
557.10	76.084
557.30	75.666
557.50	75.243
557.71	74.864
557.91	74.501
558.11	74.143
558.31	73.821
558.52	73.527
558.72	73.265
558.92	73.028
559.13	72.824
559.33	72.645
559.53	72.488
559.73	72.376
559.94	72.285
560.14	72.225
560.34	72.191
560.54	72.195
560.75	72.240
560.95	72.312
561.15	72.427
561.35	72.556
561.55	72.705
561.76	72.900
561.96	73.101
562.16	73.348
562.36	73.631
562.57	73.924
562.77	74.246
562.97	74.588
563.17	74.945
563.38	75.316
563.58	75.712
563.78	76.130
563.98	76.554
564.18	76.987
564.39	77.441
564.59	77.898
564.79	78.374
564.99	78.836
565.20	79.300
565.40	79.747
565.60	80.198
565.80	80.666
566.00	81.109
566.21	81.561
566.41	81.979
566.61	82.398
566.81	82.814
567.01	83.211
567.22	83.599
567.42	83.971
567.62	84.312
567.82	84.641
568.02	84.951
568.23	85.239
568.43	85.505
568.63	85.756
568.83	85.965
569.03	86.141
569.24	86.300
569.44	86.446
569.64	86.572
569.84	86.678
570.04	86.730
570.24	86.771
570.45	86.783
570.65	86.777
570.85	86.734
571.05	86.650
571.25	86.540
571.45	86.396
571.66	86.248
571.86	86.079
572.06	85.859
572.26	85.630
572.46	85.383
572.66	85.121
572.87	84.819
573.07	84.514
573.27	84.184
573.47	83.841
573.67	83.468
573.87	83.071
574.08	82.653
574.28	82.245
574.48	81.821
574.68	81.377
574.88	80.927
575.08	80.455
575.28	79.993
575.49	79.530
575.69	79.068
575.89	78.582
576.09	78.117
576.29	77.645
576.49	77.174
576.69	76.705
576.90	76.245
577.10	75.798
577.30	75.360
577.50	74.943
577.70	74.526
577.90	74.129
578.10	73.765
578.30	73.414
578.51	73.077
578.71	72.764
578.91	72.468
579.11	72.188
579.31	71.939
579.51	71.709
579.71	71.510
579.91	71.328
580.12	71.182
580.32	71.061
580.52	70.979
580.72	70.905
580.92	70.859
581.12	70.829
581.32	70.841
581.52	70.891
581.72	70.948
581.92	71.037
582.13	71.165
582.33	71.295
582.53	71.462
582.73	71.642
582.93	71.854
583.13	72.094
583.33	72.364
583.53	72.649
583.73	72.958
583.93	73.285
584.13	73.633
584.34	74.013
584.54	74.375
584.74	74.743
584.94	75.154
585.14	75.568
585.34	75.994
585.54	76.391
585.74	76.804
585.94	77.238
586.14	77.682
586.34	78.110
586.54	78.556
586.74	78.999
586.94	79.448
587.15	79.894
587.35	80.322
587.55	80.739
587.75	81.155
587.95	81.549
588.15	81.930
588.35	82.296
588.55	82.652
588.75	83.010
588.95	83.353
589.15	83.669
589.35	83.973
589.55	84.255
589.75	84.557
589.95	84.815
590.15	85.050
590.35	85.254
590.55	85.449
590.75	85.614
590.95	85.752
591.15	85.870
591.35	85.954
591.56	86.018
591.76	86.060
591.96	86.074
592.16	86.077
592.36	86.053
592.56	86.015
592.76	85.939
592.96	85.852
593.16	85.725
593.36	85.584
593.56	85.428
593.76	85.260
593.96	85.044
594.16	84.830
594.36	84.594
594.56	84.336
594.76	84.058
594.96	83.771
595.16	83.449
595.36	83.122
595.56	82.767
595.76	82.397
595.96	82.007
596.16	81.629
596.36	81.230
596.56	80.833
596.76	80.404
596.96	79.979
597.16	79.551
597.36	79.135
597.56	78.698
597.76	78.252
597.96	77.804
598.16	77.367
598.36	76.925
598.56	76.482
598.76	76.052
598.96	75.635
599.16	75.221
599.36	74.840
599.56	74.455
599.76	74.081
599.96	73.726
600.15	73.384
600.35	73.059
600.55	72.748
600.75	72.435
600.95	72.160
601.15	71.886
601.35	71.628
601.55	71.390
601.75	71.189
601.95	71.001
602.15	70.845
602.35	70.687
602.55	70.568
602.75	70.476
602.95	70.395
603.15	70.326
603.35	70.294
603.55	70.274
603.75	70.272
603.95	70.300
604.15	70.350
604.35	70.433
604.54	70.525
604.74	70.659
604.94	70.805
605.14	70.962
605.34	71.152
605.54	71.370
605.74	71.610
605.94	71.856
606.14	72.130
606.34	72.412
606.54	72.724
606.74	73.049
606.94	73.382
607.14	73.739
607.33	74.116
607.53	74.491
607.73	74.867
607.93	75.253
608.13	75.652
608.33	76.062
608.53	76.456
608.73	76.870
608.93	77.262
609.13	77.670
609.33	78.087
609.52	78.500
609.72	78.902
609.92	79.293
610.12	79.690
610.32	80.078
610.52	80.475
610.72	80.848
610.92	81.214
611.12	81.575
611.31	81.925
611.51	82.263
611.71	82.590
611.91	82.920
612.11	83.245
612.31	83.551
612.51	83.828
612.71	84.111
612.91	84.356
613.10	84.601
613.30	84.851
613.50	85.066
613.70	85.258
613.90	85.426
614.10	85.574
614.30	85.687
614.50	85.796
614.69	85.862
614.89	85.925
615.09	85.963
615.29	85.985
615.49	85.984
615.69	85.959
615.89	85.923
616.08	85.865
616.28	85.778
616.48	85.673
616.68	85.543
616.88	85.397
617.08	85.231
617.27	85.064
617.47	84.856
617.67	84.630
617.87	84.388
618.07	84.144
618.27	83.888
618.47	83.629
618.66	83.339
618.86	83.051
619.06	82.737
619.26	82.420
619.46	82.091
619.66	81.741
619.85	81.379
620.05	81.008
620.25	80.614
620.45	80.227
620.65	79.828
620.84	79.454
621.04	79.061
621.24	78.691
621.44	78.281
621.64	77.863
621.84	77.469
622.03	77.066
622.23	76.670
622.43	76.276
622.63	75.888
622.83	75.505
623.02	75.125
623.22	74.762
623.42	74.384
623.62	74.024
623.82	73.688
624.01	73.354
624.21	73.031
624.41	72.731
624.61	72.447
624.81	72.183
625.00	71.908
625.20	71.654
625.40	71.406
625.60	71.188
625.79	70.999
625.99	70.833
626.19	70.674
626.39	70.535
626.59	70.413
626.78	70.320
626.98	70.241
627.18	70.175
627.38	70.139
627.57	70.147
627.77	70.156
627.97	70.178
628.17	70.236
628.37	70.301
628.56	70.403
628.76	70.508
628.96	70.629
629.16	70.771
629.35	70.956
629.55	71.147
629.75	71.357
629.95	71.583
630.14	71.813
630.34	72.074
630.54	72.343
630.74	72.620
630.93	72.914
631.13	73.217
631.33	73.528
631.53	73.828
631.72	74.140
631.92	74.480
632.12	74.836
632.31	75.184
632.51	75.568
632.71	75.941
632.91	76.312
633.10	76.696
633.30	77.099
633.50	77.469
633.70	77.865
633.89	78.251
634.09	78.645
634.29	79.033
634.48	79.412
634.68	79.806
634.88	80.195
635.08	80.577
635.27	80.969
635.47	81.353
635.67	81.743
635.86	82.124
636.06	82.484
636.26	82.819
636.46	83.158
636.65	83.476
636.85	83.801
637.05	84.113
637.24	84.393
637.44	84.666
637.64	84.932
637.83	85.189
638.03	85.441
638.23	85.647
638.43	85.855
638.62	86.038
638.82	86.189
639.02	86.339
639.21	86.464
639.41	86.561
639.61	86.664
639.80	86.744
640.00	86.801
640.20	86.864
640.39	86.919
640.59	86.941
640.79	86.952
640.98	86.927
641.18	86.898
641.38	86.864
641.57	86.794
641.77	86.709
641.97	86.593
642.16	86.467
642.36	86.339
642.56	86.191
642.75	86.048
642.95	85.875
643.15	85.687
643.34	85.499
643.54	85.295
643.74	85.054
643.93	84.810
644.13	84.533
644.33	84.237
644.52	83.942
644.72	83.646
644.91	83.331
645.11	82.996
645.31	82.662
645.50	82.332
645.70	82.000
645.90	81.667
646.09	81.313
646.29	80.950
646.48	80.580
646.68	80.197
646.88	79.816
647.07	79.440
647.27	79.059
647.47	78.671
647.66	78.294
647.86	77.914
648.05	77.544
648.25	77.184
648.45	76.823
648.64	76.453
648.84	76.103
649.04	75.747
649.23	75.401
649.43	75.067
649.62	74.729
649.82	74.392
650.02	74.071
650.21	73.769
650.41	73.495
650.60	73.229
650.80	72.993
651.00	72.736
651.19	72.512
651.39	72.295
651.58	72.087
651.78	71.903
651.97	71.749
652.17	71.597
652.37	71.455
652.56	71.348
652.76	71.247
652.95	71.161
653.15	71.116
653.35	71.075
653.54	71.041
653.74	71.016
653.93	71.018
654.13	71.040
654.32	71.064
654.52	71.090
654.72	71.152
654.91	71.224
655.11	71.327
655.30	71.446
655.50	71.581
655.69	71.735
655.89	71.888
656.08	72.048
656.28	72.235
656.48	72.443
656.67	72.653
656.87	72.880
657.06	73.106
657.26	73.338
657.45	73.599
657.65	73.879
657.84	74.180
658.04	74.476
658.23	74.789
658.43	75.122
658.62	75.464
658.82	75.804
659.02	76.147
659.21	76.508
659.41	76.858
659.60	77.217
659.80	77.582
659.99	77.970
660.19	78.353
660.38	78.739
660.58	79.110
660.77	79.495
660.97	79.866
661.16	80.241
661.36	80.606
661.55	80.985
661.75	81.353
661.94	81.706
662.14	82.075
662.33	82.441
662.53	82.793
662.72	83.140
662.92	83.474
663.11	83.794
663.31	84.120
663.50	84.445
663.70	84.767
663.89	85.075
664.09	85.360
664.28	85.653
664.48	85.920
664.67	86.203
664.87	86.444
665.06	86.693
665.26	86.923
665.45	87.146
665.65	87.348
665.84	87.552
666.04	87.736
666.23	87.878
666.43	88.000
666.62	88.117
666.82	88.218
667.01	88.309
667.21	88.393
667.40	88.445
667.59	88.504
667.79	88.523
667.98	88.516
668.18	88.500
668.37	88.459
668.57	88.435
668.76	88.376
668.96	88.301
669.15	88.216
669.35	88.138
669.54	88.028
669.73	87.907
669.93	87.769
670.12	87.628
670.32	87.500
670.51	87.339
670.71	87.169
670.90	86.996
671.10	86.809
671.29	86.598
671.48	86.373
671.68	86.130
671.87	85.892
672.07	85.642
672.26	85.415
672.46	85.156
672.65	84.881
672.84	84.596
673.04	84.318
673.23	84.025
673.43	83.715
673.62	83.414
673.82	83.107
674.01	82.765
674.20	82.433
674.40	82.082
674.59	81.743
674.79	81.410
674.98	81.060
675.17	80.713
675.37	80.377
675.56	80.038
675.76	79.694
675.95	79.332
676.14	78.996
676.34	78.627
676.53	78.282
676.73	77.929
676.92	77.578
677.11	77.234
677.31	76.893
677.50	76.569
677.70	76.239
677.89	75.909
678.08	75.615
678.28	75.321
678.47	75.049
678.66	74.785
678.86	74.528
679.05	74.274
679.25	74.039
679.44	73.816
679.63	73.620
679.83	73.419
680.02	73.249
680.21	73.081
680.41	72.927
680.60	72.772
680.79	72.637
680.99	72.520
681.18	72.401
681.38	72.308
681.57	72.238
681.76	72.190
681.96	72.153
682.15	72.116
682.34	72.081
682.54	72.062
682.73	72.068
682.92	72.075
683.12	72.118
683.31	72.170
683.50	72.234
683.70	72.308
683.89	72.383
684.08	72.485
684.28	72.600
684.47	72.726
684.66	72.878
684.86	73.037
685.05	73.215
685.24	73.414
685.44	73.612
685.63	73.814
685.82	74.034
686.02	74.255
686.21	74.519
686.40	74.787
686.60	75.072
686.79	75.360
686.98	75.650
687.18	75.952
687.37	76.255
687.56	76.555
687.75	76.868
687.95	77.196
688.14	77.520
688.33	77.864
688.53	78.210
688.72	78.570
688.91	78.926
689.11	79.272
689.30	79.650
689.49	80.029
689.68	80.401
689.88	80.760
690.07	81.125
690.26	81.471
690.46	81.832
690.65	82.173
690.84	82.518
691.03	82.877
691.23	83.219
691.42	83.561
691.61	83.911
691.80	84.238
692.00	84.566
692.19	84.878
692.38	85.183
692.58	85.490
692.77	85.779
692.96	86.058
693.15	86.345
693.35	86.604
693.54	86.880
693.73	87.150
693.92	87.400
694.12	87.655
694.31	87.881
694.50	88.123
694.69	88.329
694.89	88.530
695.08	88.710
695.27	88.907
695.46	89.077
695.66	89.241
695.85	89.403
696.04	89.554
696.23	89.716
696.43	89.851
696.62	89.955
696.81	90.049
697.00	90.148
697.19	90.232
697.39	90.291
697.58	90.332
697.77	90.347
697.96	90.382
698.16	90.385
698.35	90.411
698.54	90.385
698.73	90.388
698.92	90.344
699.12	90.300
699.31	90.232
699.50	90.160
699.69	90.082
699.89	89.983
700.08	89.879
700.27	89.746
700.46	89.621
700.65	89.479
700.85	89.351
701.04	89.192
701.23	89.012
701.42	88.830
701.61	88.641
701.81	88.439
702.00	88.220
702.19	88.004
702.38	87.751
702.57	87.517
702.76	87.248
702.96	86.997
703.15	86.725
703.34	86.437
703.53	86.147
703.72	85.827
703.92	85.511
704.11	85.193
704.30	84.865
704.49	84.535
704.68	84.218
704.87	83.865
705.07	83.523
705.26	83.191
705.45	82.881
705.64	82.535
705.83	82.222
706.02	81.890
706.21	81.571
706.41	81.243
706.60	80.900
706.79	80.584
706.98	80.274
707.17	79.952
707.36	79.642
707.56	79.351
707.75	79.060
707.94	78.771
708.13	78.489
708.32	78.223
708.51	77.947
708.70	77.694
708.89	77.438
709.09	77.187
709.28	76.947
709.47	76.672
709.66	76.423
709.85	76.181
710.04	75.945
710.23	75.699
710.42	75.503
710.62	75.302
710.81	75.080
711.00	74.873
711.19	74.693
711.38	74.517
711.57	74.333
711.76	74.173
711.95	74.041
712.15	73.915
712.34	73.796
712.53	73.687
712.72	73.582
712.91	73.516
713.10	73.452
713.29	73.396
713.48	73.356
713.67	73.348
713.86	73.352
714.05	73.358
714.25	73.380
714.44	73.382
714.63	73.415
714.82	73.489
715.01	73.563
715.20	73.665
715.39	73.757
715.58	73.873
715.77	74.005
715.96	74.138
716.15	74.268
716.34	74.398
716.54	74.551
716.73	74.712
716.92	74.869
717.11	75.046
717.30	75.239
717.49	75.447
717.68	75.663
717.87	75.849
718.06	76.088
718.25	76.340
718.44	76.602
718.63	76.872
718.82	77.133
719.01	77.401
719.20	77.672
719.39	77.959
719.58	78.248
719.77	78.527
719.96	78.797
720.16	79.087
720.35	79.398
720.54	79.702
720.73	80.014
720.92	80.329
721.11	80.664
721.30	80.986
721.49	81.308
721.68	81.636
721.87	81.994
722.06	82.320
722.25	82.642
722.44	82.971
722.63	83.287
722.82	83.600
723.01	83.901
723.20	84.193
723.39	84.499
723.58	84.825
723.77	85.149
723.96	85.475
724.15	85.809
724.34	86.120
724.53	86.431
724.72	86.713
724.91	87.027
725.10	87.328
725.29	87.606
725.48	87.914
725.67	88.169
725.86	88.403
726.05	88.653
726.24	88.889
726.43	89.114
726.62	89.339
726.81	89.588
727.00	89.816
727.19	90.055
727.38	90.274
727.57	90.463
727.76	90.647
727.95	90.820
728.14	90.967
728.33	91.116
728.52	91.253
728.71	91.387
728.90	91.503
729.09	91.592
729.28	91.668
729.47	91.723
729.65	91.795
729.84	91.869
730.03	91.929
730.22	91.979
730.41	92.031
730.60	92.074
730.79	92.065
730.98	92.079
731.17	92.088
731.36	92.062
731.55	92.018
731.74	91.974
731.93	91.922
732.12	91.863
732.31	91.809
732.50	91.761
732.69	91.715
732.88	91.618
733.06	91.515
733.25	91.422
733.44	91.329
733.63	91.199
733.82	91.068
734.01	90.906
734.20	90.747
734.39	90.563
734.58	90.391
734.77	90.230
734.96	90.032
735.15	89.818
735.33	89.601
735.52	89.397
735.71	89.176
735.90	88.941
736.09	88.693
736.28	88.421
736.47	88.145
736.66	87.858
736.85	87.583
737.04	87.285
737.23	86.999
737.41	86.688
737.60	86.416
737.79	86.102
737.98	85.811
738.17	85.514
738.36	85.238
738.55	84.941
738.74	84.650
738.92	84.351
739.11	84.059
739.30	83.754
739.49	83.442
739.68	83.148
739.87	82.873
740.06	82.602
740.25	82.307
740.43	82.031
740.62	81.740
740.81	81.443
741.00	81.172
741.19	80.877
741.38	80.582
741.57	80.285
741.75	80.023
741.94	79.740
742.13	79.464
742.32	79.167
742.51	78.892
742.70	78.626
742.89	78.378
743.07	78.118
743.26	77.875
743.45	77.611
743.64	77.379
743.83	77.128
744.02	76.860
744.20	76.643
744.39	76.417
744.58	76.214
744.77	76.032
744.96	75.864
745.15	75.724
745.33	75.596
745.52	75.465
745.71	75.332
745.90	75.214
746.09	75.116
746.28	75.032
746.46	74.922
746.65	74.811
746.84	74.727
747.03	74.648
747.22	74.588
747.40	74.557
747.59	74.507
747.78	74.477
747.97	74.494
748.16	74.496
748.34	74.482
748.53	74.498
748.72	74.519
748.91	74.529
749.10	74.545
749.28	74.583
749.47	74.641
749.66	74.691
749.85	74.736
750.04	74.796
750.22	74.855
750.41	74.952
750.60	75.065
750.79	75.153
750.97	75.257
751.16	75.385
751.35	75.505
751.54	75.628
751.73	75.786
751.91	75.924
752.10	76.110
752.29	76.277
752.48	76.465
752.66	76.658
752.85	76.855
753.04	77.058
753.23	77.280
753.41	77.479
753.60	77.718
753.79	77.970
753.98	78.201
754.16	78.448
754.35	78.692
754.54	78.928
754.73	79.206
754.91	79.486
755.10	79.754
755.29	80.043
755.48	80.317
755.66	80.589
755.85	80.869
756.04	81.126
756.22	81.423
756.41	81.688
756.60	81.963
756.79	82.262
756.97	82.562
757.16	82.819
757.35	83.114
757.54	83.404
757.72	83.687
757.91	83.986
758.10	84.285
758.28	84.570
758.47	84.856
758.66	85.162
758.85	85.443
759.03	85.734
759.22	86.019
759.41	86.316
759.59	86.604
759.78	86.892
759.97	87.157
760.15	87.412
760.34	87.706
760.53	87.965
760.71	88.203
760.90	88.467
761.09	88.722
761.28	88.967
761.46	89.200
761.65	89.441
761.84	89.682
762.02	89.914
762.21	90.168
762.40	90.379
762.58	90.562
762.77	90.754
762.96	90.949
763.14	91.154
763.33	91.333
763.52	91.482
763.70	91.611
763.89	91.771
764.08	91.937
764.26	92.041
764.45	92.177
764.64	92.319
764.82	92.415
765.01	92.514
765.20	92.590
765.38	92.678
765.57	92.730
765.75	92.783
765.94	92.810
766.13	92.852
766.31	92.906
766.50	92.938
766.69	92.998
766.87	93.049
767.06	93.058
767.25	93.082
767.43	93.121
767.62	93.162
767.80	93.169
767.99	93.147
768.18	93.121
768.36	93.091
768.55	93.046
768.74	92.994
768.92	92.943
769.11	92.910
769.29	92.839
769.48	92.795
769.67	92.700
769.85	92.632
770.04	92.481
770.22	92.357
770.41	92.206
770.60	92.032
770.78	91.834
770.97	91.657
771.15	91.480
771.34	91.260
771.53	91.068
771.71	90.866
771.90	90.684
772.08	90.547
772.27	90.351
772.46	90.127
772.64	89.910
772.83	89.689
773.01	89.420
773.20	89.174
773.39	88.931
773.57	88.683
773.76	88.427
773.94	88.222
774.13	87.962
774.31	87.692
774.50	87.455
774.68	87.195
774.87	86.932
775.06	86.623
775.24	86.356
775.43	86.054
775.61	85.759
775.80	85.470
775.98	85.146
776.17	84.835
776.36	84.540
776.54	84.250
776.73	83.948
776.91	83.670
777.10	83.386
777.28	83.065
777.47	82.783
777.65	82.489
777.84	82.184
778.02	81.914
778.21	81.654
778.39	81.358
778.58	81.087
778.77	80.823
778.95	80.591
779.14	80.350
779.32	80.118
779.51	79.891
779.69	79.639
779.88	79.409
780.06	79.188
780.25	78.957
780.43	78.722
780.62	78.516
780.80	78.298
780.99	78.079
781.17	77.870
781.36	77.649
781.54	77.451
781.73	77.223
781.91	77.024
782.10	76.839
782.28	76.650
782.47	76.468
782.65	76.268
782.84	76.083
783.02	75.919
783.21	75.766
783.39	75.612
783.58	75.474
783.76	75.319
783.95	75.192
784.13	75.108
784.32	75.015
784.50	74.910
784.69	74.849
784.87	74.782
785.05	74.732
785.24	74.690
785.42	74.656
785.61	74.631
785.79	74.609
785.98	74.602
786.16	74.584
786.35	74.598
786.53	74.611
786.72	74.616
786.90	74.628
787.09	74.629
787.27	74.665
787.45	74.717
787.64	74.765
787.82	74.801
788.01	74.840
788.19	74.904
788.38	74.969
788.56	74.979
788.75	75.060
788.93	75.154
789.11	75.217
789.30	75.277
789.48	75.371
789.67	75.475
789.85	75.563
790.04	75.704
790.22	75.823
790.40	75.960
790.59	76.087
790.77	76.228
790.96	76.402
791.14	76.562
791.32	76.705
791.51	76.871
791.69	77.055
791.88	77.242
792.06	77.430
792.25	77.612
792.43	77.849
792.61	78.044
792.80	78.222
792.98	78.455
793.17	78.679
793.35	78.871
793.53	79.078
793.72	79.331
793.90	79.552
794.08	79.773
794.27	80.003
794.45	80.259
794.64	80.491
794.82	80.721
795.00	80.918
795.19	81.166
795.37	81.401
795.55	81.592
795.74	81.827
795.92	82.068
796.11	82.329
796.29	82.585
796.47	82.827
796.66	83.060
796.84	83.328
797.02	83.592
797.21	83.876
797.39	84.140
797.58	84.382
797.76	84.617
797.94	84.884
798.13	85.146
798.31	85.422
798.49	85.667
798.68	85.908
798.86	86.197
799.04	86.420
799.23	86.669
799.41	86.932
799.59	87.162
799.78	87.348
799.96	87.568
800.14	87.786
800.33	88.012
800.51	88.262
800.69	88.435
800.88	88.646
801.06	88.869
801.24	89.037
801.43	89.219
801.61	89.384
801.79	89.535
801.98	89.688
802.16	89.855
802.34	90.037
802.52	90.209
802.71	90.327
802.89	90.496
803.07	90.638
803.26	90.766
803.44	90.869
803.62	91.007
803.81	91.111
803.99	91.184
804.17	91.250
804.35	91.310
804.54	91.365
804.72	91.447
804.90	91.502
805.09	91.599
805.27	91.685
805.45	91.770
805.63	91.823
805.82	91.873
806.00	91.844
806.18	91.857
806.37	91.877
806.55	91.864
806.73	91.868
806.91	91.857
807.10	91.867
807.28	91.868
807.46	91.860
807.64	91.831
807.83	91.810
808.01	91.786
808.19	91.700
808.37	91.633
808.56	91.541
808.74	91.456
808.92	91.368
809.10	91.235
809.29	91.151
809.47	91.054
809.65	90.905
809.83	90.831
810.02	90.696
810.20	90.573
810.38	90.463
810.56	90.309
810.75	90.199
810.93	90.074
811.11	89.934
811.29	89.794
811.47	89.650
811.66	89.469
811.84	89.304
812.02	89.216
812.20	89.083
812.39	88.945
812.57	88.797
812.75	88.652
812.93	88.536
813.11	88.366
813.30	88.216
813.48	88.086
813.66	87.909
813.84	87.743
814.02	87.554
814.21	87.388
814.39	87.177
814.57	86.965
814.75	86.747
814.93	86.536
815.12	86.306
815.30	86.079
815.48	85.867
815.66	85.636
815.84	85.373
816.03	85.119
816.21	84.837
816.39	84.582
816.57	84.269
816.75	83.955
816.93	83.662
817.12	83.349
817.30	83.045
817.48	82.736
817.66	82.473
817.84	82.210
818.02	81.958
818.21	81.686
818.39	81.435
818.57	81.159
818.75	80.939
818.93	80.683
819.11	80.427
819.30	80.186
819.48	79.957
819.66	79.743
819.84	79.551
820.02	79.333
820.20	79.105
820.38	78.890
820.57	78.687
820.75	78.506
820.93	78.314
821.11	78.125
821.29	77.957
821.47	77.749
821.65	77.544
821.83	77.326
822.02	77.148
822.20	76.947
822.38	76.795
822.56	76.558
822.74	76.351
822.92	76.121
823.10	75.929
823.28	75.706
823.46	75.490
823.65	75.267
823.83	75.080
824.01	74.889
824.19	74.697
824.37	74.505
824.55	74.287
824.73	74.120
824.91	73.934
825.09	73.757
825.27	73.591
825.46	73.402
825.64	73.219
825.82	73.076
826.00	72.902
826.18	72.749
826.36	72.624
826.54	72.517
826.72	72.461
826.90	72.373
827.08	72.314
827.26	72.257
827.44	72.185
827.63	72.115
827.81	72.070
827.99	72.055
828.17	72.027
828.35	72.011
828.53	71.982
828.71	71.998
828.89	71.988
829.07	71.985
829.25	71.987
829.43	72.031
829.61	72.032
829.79	72.051
829.97	72.075
830.15	72.072
830.33	72.101
830.51	72.107
830.69	72.140
830.87	72.121
831.06	72.156
831.24	72.192
831.42	72.241
831.60	72.256
831.78	72.306
831.96	72.372
832.14	72.453
832.32	72.538
832.50	72.593
832.68	72.657
832.86	72.716
833.04	72.824
833.22	72.888
833.40	72.997
833.58	73.089
833.76	73.178
833.94	73.320
834.12	73.456
834.30	73.598
834.48	73.715
834.66	73.892
834.84	74.005
835.02	74.171
835.20	74.331
835.38	74.513
835.56	74.680
835.74	74.861
835.92	75.044
836.10	75.202
836.28	75.370
836.46	75.559
836.64	75.744
836.82	75.894
837.00	76.078
837.18	76.259
837.36	76.466
837.54	76.652
837.72	76.843
837.90	77.043
838.08	77.240
838.26	77.438
838.43	77.625
838.61	77.835
838.79	78.032
838.97	78.231
839.15	78.434
839.33	78.633
839.51	78.775
839.69	78.947
839.87	79.152
840.05	79.377
840.23	79.572
840.41	79.770
840.59	79.937
840.77	80.145
840.95	80.318
841.13	80.485
841.31	80.655
841.49	80.803
841.67	80.928
841.84	81.099
842.02	81.220
842.20	81.409
842.38	81.539
842.56	81.675
842.74	81.821
842.92	81.916
843.10	82.044
843.28	82.238
843.46	82.365
843.64	82.450
843.82	82.576
843.99	82.691
844.17	82.853
844.35	83.080
844.53	83.225
844.71	83.412
844.89	83.532
845.07	83.705
845.25	83.886
845.43	84.053
845.61	84.195
845.78	84.400
845.96	84.549
846.14	84.725
846.32	84.904
846.50	85.039
846.68	85.256
846.86	85.412
847.04	85.546
847.22	85.636
847.39	85.794
847.57	85.888
847.75	85.996
847.93	86.044
848.11	86.120
848.29	86.243
848.47	86.286
848.65	86.398
848.82	86.436
849.00	86.495
849.18	86.534
849.36	86.557
849.54	86.609
849.72	86.590
849.89	86.634
850.07	86.685
850.25	86.686
850.43	86.641
850.61	86.625
850.79	86.577
850.97	86.632
851.14	86.646
851.32	86.625
851.50	86.630
851.68	86.674
851.86	86.711
852.04	86.672
852.21	86.696
852.39	86.704
852.57	86.754
852.75	86.752
852.93	86.743
853.10	86.714
853.28	86.654
853.46	86.638
853.64	86.553
853.82	86.449
854.00	86.456
854.17	86.388
854.35	86.294
854.53	86.241
854.71	86.140
854.89	86.010
855.06	85.969
855.24	85.897
855.42	85.797
855.60	85.641
855.78	85.530
855.95	85.397
856.13	85.275
856.31	85.075
856.49	84.911
856.66	84.797
856.84	84.627
857.02	84.546
857.20	84.452
857.38	84.287
857.55	84.144
857.73	83.909
857.91	83.788
858.09	83.616
858.26	83.459
858.44	83.316
858.62	83.176
858.80	82.986
858.97	82.806
859.15	82.609
859.33	82.385
859.51	82.208
859.68	82.006
859.86	81.801
860.04	81.619
860.22	81.407
860.39	81.198
860.57	80.984
860.75	80.703
860.93	80.468
861.10	80.328
861.28	80.144
861.46	79.924
861.64	79.724
861.81	79.574
861.99	79.355
862.17	79.122
862.35	78.914
862.52	78.740
862.70	78.529
862.88	78.363
863.05	78.163
863.23	77.948
863.41	77.769
863.59	77.558
863.76	77.400
863.94	77.213
864.12	77.021
864.29	76.862
864.47	76.653
864.65	76.458
864.83	76.197
865.00	75.968
865.18	75.808
865.36	75.613
865.53	75.401
865.71	75.262
865.89	75.070
866.06	74.867
866.24	74.626
866.42	74.430
866.59	74.191
866.77	74.037
866.95	73.834
867.12	73.590
867.30	73.419
867.48	73.186
867.65	72.985
867.83	72.774
868.01	72.590
868.18	72.397
868.36	72.202
868.54	72.053
868.71	71.896
868.89	71.743
869.07	71.568
869.24	71.400
869.42	71.202
869.60	71.042
869.77	70.928
869.95	70.777
870.13	70.620
870.30	70.512
870.48	70.322
870.66	70.185
870.83	70.082
871.01	69.899
871.18	69.785
871.36	69.666
871.54	69.528
871.71	69.408
871.89	69.319
872.07	69.159
872.24	69.029
872.42	68.947
872.59	68.840
872.77	68.713
872.95	68.622
873.12	68.494
873.30	68.373
873.48	68.273
873.65	68.187
873.83	68.107
874.00	67.997
874.18	67.926
874.36	67.873
874.53	67.798
874.71	67.740
874.88	67.679
875.06	67.656
875.24	67.660
875.41	67.619
875.59	67.591
875.76	67.625
875.94	67.595
876.11	67.495
876.29	67.412
876.47	67.400
876.64	67.356
876.82	67.311
876.99	67.295
877.17	67.268
877.35	67.255
877.52	67.226
877.70	67.206
877.87	67.203
878.05	67.210
878.22	67.229
878.40	67.269
878.57	67.266
878.75	67.242
878.93	67.213
879.10	67.230
879.28	67.264
879.45	67.287
879.63	67.282
879.80	67.294
879.98	67.367
880.15	67.400
880.33	67.467
880.50	67.534
880.68	67.646
880.86	67.722
881.03	67.813
881.21	67.912
881.38	68.006
881.56	68.195
881.73	68.267
881.91	68.342
882.08	68.429
882.26	68.576
882.43	68.704
882.61	68.889
882.78	69.016
882.96	69.146
883.13	69.264
883.31	69.431
883.48	69.640
883.66	69.795
883.83	69.954
884.01	70.071
884.18	70.301
884.36	70.452
884.53	70.577
884.71	70.724
884.88	70.835
885.06	70.997
885.23	71.065
885.41	71.205
885.58	71.324
885.76	71.486
885.93	71.570
886.11	71.742
886.28	71.837
886.46	71.968
886.63	72.116
886.81	72.231
886.98	72.405
887.15	72.505
887.33	72.672
887.50	72.870
887.68	73.026
887.85	73.102
888.03	73.242
888.20	73.407
888.38	73.565
888.55	73.743
888.73	73.836
888.90	73.974
889.08	74.116
889.25	74.246
889.42	74.373
889.60	74.571
889.77	74.656
889.95	74.808
890.12	74.897
890.30	74.972
890.47	75.060
890.64	75.179
890.82	75.324
890.99	75.428
891.17	75.508
891.34	75.631
891.52	75.745
891.69	75.858
891.86	75.971
892.04	76.069
892.21	76.211
892.39	76.429
892.56	76.585
892.73	76.674
892.91	76.813
893.08	77.010
893.26	77.081
893.43	77.233
893.60	77.316
893.78	77.466
893.95	77.622
894.13	77.870
894.30	78.023
894.47	78.220
894.65	78.348
894.82	78.500
895.00	78.626
895.17	78.800
895.34	78.977
895.52	79.146
895.69	79.261
895.86	79.396
896.04	79.435
896.21	79.585
896.39	79.767
896.56	79.936
896.73	79.935
896.91	79.996
897.08	80.086
897.25	80.257
897.43	80.327
897.60	80.406
897.77	80.402
897.95	80.376
898.12	80.359
898.30	80.460
898.47	80.482
898.64	80.532
898.82	80.542
898.99	80.518
899.16	80.508
899.34	80.495
899.51	80.403
899.68	80.365
899.86	80.300
900.03	80.231
900.20	80.162
900.38	80.200
900.55	80.269
900.72	80.208
900.90	80.133
901.07	80.219
901.24	80.189
901.41	80.194
901.59	80.213
901.76	80.211
901.93	80.151
902.11	80.073
902.28	80.071
902.45	80.164
902.63	80.202
902.80	80.164
902.97	80.153
903.15	80.243
903.32	80.319
903.49	80.310
903.66	80.326
903.84	80.349
904.01	80.307
904.18	80.276
904.36	80.290
904.53	80.244
904.70	80.168
904.87	80.145
905.05	80.062
905.22	80.073
905.39	80.022
905.56	79.934
905.74	79.892
905.91	79.785
906.08	79.642
906.26	79.514
906.43	79.407
906.60	79.303
906.77	79.136
906.95	78.999
907.12	78.877
907.29	78.712
907.46	78.660
907.64	78.557
907.81	78.434
907.98	78.246
908.15	78.144
908.33	78.007
908.50	77.860
908.67	77.744
908.84	77.613
909.01	77.466
909.19	77.382
909.36	77.250
909.53	77.108
909.70	76.879
909.88	76.775
910.05	76.604
910.22	76.523
910.39	76.394
910.57	76.304
910.74	76.201
910.91	76.133
911.08	75.928
911.25	75.772
911.43	75.633
911.60	75.502
911.77	75.352
911.94	75.119
912.11	74.960
912.29	74.748
912.46	74.479
912.63	74.260
912.80	74.026
912.97	73.839
913.15	73.688
913.32	73.549
913.49	73.340
913.66	73.264
913.83	73.033
914.00	72.812
914.18	72.598
914.35	72.403
914.52	72.142
914.69	71.916
914.86	71.706
915.03	71.508
915.21	71.372
915.38	71.157
915.55	71.078
915.72	70.904
915.89	70.797
916.06	70.735
916.24	70.649
916.41	70.505
916.58	70.390
916.75	70.189
916.92	70.025
917.09	69.819
917.26	69.539
917.44	69.341
917.61	69.226
917.78	69.016
917.95	68.850
918.12	68.666
918.29	68.576
918.46	68.392
918.64	68.232
918.81	68.084
918.98	67.947
919.15	67.763
919.32	67.620
919.49	67.385
919.66	67.182
919.83	66.998
920.00	66.818
920.18	66.657
920.35	66.624
920.52	66.506
920.69	66.458
920.86	66.446
921.03	66.342
921.20	66.202
921.37	66.097
921.54	65.863
921.71	65.771
921.89	65.597
922.06	65.523
922.23	65.406
922.40	65.292
922.57	65.093
922.74	64.988
922.91	64.904
923.08	64.844
923.25	64.739
923.42	64.644
923.59	64.607
923.76	64.422
923.93	64.224
924.11	64.059
924.28	63.921
924.45	63.791
924.62	63.779
924.79	63.683
924.96	63.522
925.13	63.493
925.30	63.395
925.47	63.264
925.64	63.194
925.81	63.143
925.98	63.088
926.15	63.085
926.32	62.946
926.49	62.856
926.66	62.775
926.83	62.690
927.00	62.671
927.17	62.563
927.34	62.616
927.51	62.582
927.69	62.619
927.86	62.589
928.03	62.486
928.20	62.441
928.37	62.367
928.54	62.407
928.71	62.384
928.88	62.408
929.05	62.431
929.22	62.423
929.39	62.369
929.56	62.302
929.73	62.260
929.90	62.315
930.07	62.311
930.24	62.283
930.41	62.288
930.58	62.334
930.75	62.401
930.92	62.337
931.09	62.322
931.26	62.306
931.43	62.277
931.60	62.290
931.77	62.243
931.94	62.303
932.11	62.344
932.27	62.374
932.44	62.424
932.61	62.469
932.78	62.457
932.95	62.577
933.12	62.541
933.29	62.584
933.46	62.591
933.63	62.533
933.80	62.576
933.97	62.605
934.14	62.593
934.31	62.548
934.48	62.611
934.65	62.646
934.82	62.718
934.99	62.783
935.16	62.852
935.33	62.931
935.50	63.084
935.67	63.176
935.84	63.228
936.00	63.237
936.17	63.309
936.34	63.432
936.51	63.403
936.68	63.467
936.85	63.502
937.02	63.619
937.19	63.715
937.36	63.833
937.53	63.845
937.70	63.919
937.87	64.022
938.03	64.043
938.20	64.120
938.37	64.190
938.54	64.252
938.71	64.316
938.88	64.431
939.05	64.356
939.22	64.297
939.39	64.366
939.56	64.525
939.72	64.579
939.89	64.608
940.06	64.676
940.23	64.760
940.40	64.875
940.57	65.017
940.74	65.156
940.91	65.208
941.08	65.373
941.24	65.472
941.41	65.631
941.58	65.874
941.75	66.011
941.92	66.163
942.09	66.295
942.26	66.390
942.42	66.430
942.59	66.643
942.76	66.997
942.93	67.164
943.10	67.201
943.27	67.374
943.44	67.491
943.60	67.668
943.77	67.692
943.94	67.888
944.11	67.921
944.28	67.997
944.45	68.156
944.61	68.264
944.78	68.288
944.95	68.328
945.12	68.505
945.29	68.616
945.46	68.563
945.62	68.588
945.79	68.792
945.96	69.098
946.13	69.257
946.30	69.258
946.46	69.413
946.63	69.499
946.80	69.619
946.97	69.812
947.14	69.873
947.31	70.356
947.47	70.563
947.64	70.733
947.81	70.903
947.98	71.075
948.15	71.175
948.31	71.385
948.48	71.515
948.65	71.496
948.82	71.625
948.98	71.793
949.15	72.091
949.32	72.128
949.49	72.098
949.66	72.121
949.82	72.172
949.99	72.276
950.16	72.378
950.33	72.337
950.49	72.410
950.66	72.371
950.83	72.199
951.00	72.003
951.16	71.797
951.33	71.815
951.50	71.714
951.67	71.768
951.83	71.818
952.00	71.821
952.17	71.752
952.34	71.757
952.50	71.913
952.67	71.839
952.84	71.894
953.01	71.809
953.17	71.836
953.34	71.920
953.51	71.840
953.68	71.753
953.84	71.680
954.01	71.602
954.18	71.570
954.34	71.627
954.51	71.736
954.68	71.878
954.85	71.888
955.01	72.022
955.18	72.253
955.35	71.996
955.51	71.953
955.68	72.067
955.85	72.239
956.02	72.088
956.18	72.140
956.35	72.073
956.52	72.157
956.68	72.167
956.85	72.037
957.02	72.069
957.18	72.114
957.35	72.140
957.52	72.180
957.69	72.238
957.85	72.273
958.02	72.105
958.19	71.995
958.35	71.953
958.52	71.717
958.69	71.376
958.85	71.532
959.02	71.608
959.19	71.301
959.35	71.130
959.52	71.165
959.69	71.124
959.85	71.133
960.02	71.109
960.19	70.966
960.35	70.905
960.52	70.805
960.68	70.769
960.85	70.859
961.02	70.634
961.18	70.663
961.35	70.434
961.52	70.507
961.68	70.507
961.85	70.399
962.02	70.464
962.18	70.476
962.35	70.233
962.51	70.088
962.68	70.188
962.85	70.078
963.01	69.802
963.18	69.699
963.35	69.294
963.51	69.117
963.68	69.083
963.84	68.807
964.01	68.848
964.18	68.675
964.34	68.427
964.51	68.251
964.67	68.029
964.84	67.962
965.01	67.695
965.17	67.416
965.34	67.412
965.50	67.149
965.67	67.079
965.84	67.085
966.00	67.154
966.17	67.196
966.33	67.030
966.50	66.897
966.66	66.842
966.83	66.941
967.00	66.833
967.16	66.625
967.33	66.566
967.49	66.345
967.66	66.566
967.82	66.365
967.99	66.565
968.16	66.571
968.32	66.447
968.49	66.270
968.65	66.431
968.82	66.278
968.98	66.327
969.15	66.007
969.31	65.662
969.48	65.429
969.64	65.064
969.81	65.081
969.98	65.079
970.14	64.696
970.31	64.610
970.47	64.336
970.64	64.122
970.80	64.211
970.97	63.692
971.13	63.256
971.30	63.135
971.46	62.869
971.63	62.644
971.79	62.736
971.96	62.753
972.12	62.480
972.29	62.066
972.45	61.882
972.62	61.905
972.78	62.021
972.95	61.567
973.11	61.358
973.28	61.207
973.44	61.173
973.61	61.388
973.77	61.207
973.94	61.165
974.10	61.281
974.27	61.197
974.43	61.501
974.60	61.479
974.76	61.495
974.93	61.462
975.09	61.268
975.26	60.955
975.42	60.918
975.59	60.674
975.75	60.993
975.92	60.941
976.08	60.442
976.24	60.264
976.41	60.140
976.57	60.242
976.74	60.112
976.90	59.692
977.07	59.237
977.23	59.166
977.40	59.061
977.56	58.491
977.73	58.178
977.89	57.865
978.05	57.491
978.22	57.293
978.38	56.977
978.55	56.739
978.71	56.561
978.88	56.564
979.04	56.548
979.20	56.361
979.37	56.242
979.53	56.233
979.70	56.317
979.86	56.510
980.03	56.313
980.19	56.132
980.35	56.220
980.52	55.997
980.68	56.076
980.85	55.997
981.01	56.094
981.17	56.039
981.34	55.879
981.50	55.837
981.67	55.856
981.83	55.773
981.99	55.767
982.16	55.544
982.32	54.738
982.49	54.718
982.65	54.529
982.81	54.685
982.98	54.719
983.14	54.704
983.30	54.400
983.47	54.351
983.63	54.140
983.80	53.908
983.96	53.790
984.12	54.210
984.29	54.309
984.45	54.621
984.61	54.390
984.78	54.639
984.94	54.850
985.10	55.266
985.27	55.079
985.43	55.460
985.59	55.790
985.76	56.324
985.92	56.526
986.08	56.828
986.25	56.285
986.41	56.843
986.57	56.199
986.74	56.467
986.90	56.451
987.06	56.387
987.23	56.398
987.39	56.184
987.55	55.144
987.72	54.935
987.88	54.045
988.04	54.500
988.21	54.901
988.37	54.649
988.53	53.952
988.70	54.322
988.86	53.770
989.02	53.499
989.19	53.038
989.35	53.054
989.51	52.440
989.67	52.420
989.84	51.796
990.00	51.906
990.16	52.247
990.33	52.415
990.49	52.912
990.65	53.040
990.82	53.498
990.98	53.580
991.14	53.473
991.30	54.389
991.47	53.636
991.63	53.563
991.79	54.366
991.95	54.602
992.12	54.664
992.28	54.986
992.44	55.044
992.61	55.302
992.77	55.289
992.93	55.756
993.09	55.920
993.26	56.193
993.42	56.751
993.58	56.158
993.74	55.774
993.91	55.190
994.07	54.927
994.23	55.023
994.39	55.032
994.55	55.262
994.72	54.702
994.88	54.879
995.04	54.295
995.20	54.023
995.37	53.558
995.53	53.536
995.69	53.280
995.85	53.081
996.02	53.091
996.18	53.508
996.34	53.124
996.50	53.237
996.66	54.034
996.83	53.405
996.99	52.641
997.15	53.274
997.31	53.348
997.47	53.747
997.64	53.656
997.80	54.242
997.96	54.881
998.12	55.208
998.28	56.149
998.45	56.695
998.61	56.563
998.77	56.496
998.93	56.691
999.09	57.892
999.25	58.075
999.42	59.169
999.58	58.632
999.74	58.393
999.90	57.958
1000.06	57.290
1000.22	57.661
1000.39	58.467
1000.55	58.186
1000.71	58.872
1000.87	58.658
1001.03	58.586
1001.19	58.361
1001.36	57.526
1001.52	57.147
1001.68	56.508
1001.84	56.963
1002.00	55.954
1002.16	56.004
1002.32	55.198
1002.49	53.224
1002.65	52.946
1002.81	52.301
1002.97	52.180
1003.13	52.207
1003.29	53.242
1003.45	52.652
1003.62	53.275
1003.78	53.208
1003.94	53.487
1004.10	52.681
1004.26	52.860
1004.42	52.553
1004.58	52.401
1004.74	52.935
1004.90	54.363
1005.07	54.238
1005.23	53.025
1005.39	53.922
1005.55	54.421
1005.71	54.139
1005.87	55.653
1006.03	56.691
1006.19	56.644
1006.35	56.315
1006.51	57.326
1006.67	56.960
1006.84	56.629
1007.00	56.322
1007.16	57.439
1007.32	56.005
1007.48	56.636
1007.64	57.919
1007.80	57.648
1007.96	56.910
1008.12	57.196
1008.28	55.482
1008.44	56.716
1008.60	57.227
1008.76	56.033
1008.92	54.995
1009.09	55.132
1009.25	54.670
1009.41	53.857
1009.57	54.751
1009.73	55.477
1009.89	55.820
1010.05	56.669
1010.21	58.581
1010.37	58.000
1010.53	58.988
1010.69	60.900
1010.85	60.452
1011.01	58.731
1011.17	57.918
1011.33	59.759
1011.49	60.086
1011.65	60.179
1011.81	59.562
1011.97	59.876
1012.13	62.391
1012.29	63.973
1012.45	65.238
1012.61	68.345
1012.77	65.836
1012.93	64.581
1013.09	63.269
1013.25	62.851
1013.41	63.205
1013.57	60.518
1013.73	59.937
1013.89	56.512
1014.05	57.731
1014.21	55.763
1014.37	54.482
1014.53	53.088
1014.69	52.539
1014.85	52.575
1015.01	53.842
1015.17	56.432
1015.33	56.616
1015.49	55.788
1015.65	57.637
1015.81	57.851
1015.97	54.553
1016.13	57.607
1016.29	57.416
1016.45	58.753
1016.61	59.432
1016.77	57.050
1016.93	58.368
1017.09	57.674
1017.25	58.612
1017.41	57.196
1017.56	59.596
1017.72	65.060
1017.88	67.783
1018.04	68.554
1018.20	65.631
1018.36	66.567
1018.52	63.457
1018.68	64.623
1018.84	65.218
1019.00	62.213
1019.16	63.580
1019.32	66.912
1019.48	67.753
1019.64	69.854
1019.79	67.465
1019.95	64.147
1020.11	68.255
1020.27	66.977
1020.43	72.827
1020.59	74.756
1020.75	72.682
1020.91	75.390
1021.07	69.556
1021.23	67.757
1021.39	65.131
1021.54	71.137
1021.70	67.455
1021.86	65.333
1022.02	63.084
1022.18	60.160
1022.34	63.777
1022.50	62.405
1022.66	58.731
1022.82	57.483
1022.97	57.321
1023.13	59.928
1023.29	63.123
1023.45	61.095
1023.61	61.921
1023.77	58.743
1023.93	60.159
1024.08	60.501
1024.24	57.401
1024.40	56.442
1024.56	64.075
1024.72	63.543
1024.88	52.647
1025.04	56.751
1025.19	59.404
1025.35	57.682
1025.51	62.080
1025.67	63.827
1025.83	59.175
1025.99	62.629
1026.14	63.020
1026.30	66.998
1026.46	68.151
1026.62	65.113
1026.78	61.680
1026.94	59.330
1027.09	57.601
1027.25	54.436
1027.41	53.412
1027.57	53.147
1027.73	53.063
1027.89	48.802
1028.04	49.007
1028.20	48.961
1028.36	48.919
1028.52	47.630
1028.68	48.006
1028.83	47.312
1028.99	45.569
1029.15	48.019
1029.31	46.032
1029.47	46.385
1029.62	45.945
1029.78	44.613
1029.94	43.311
1030.10	43.600
1030.25	44.951
1030.41	49.012
1030.57	50.022
1030.73	52.753
1030.89	50.549
1031.04	54.382
1031.20	56.153
1031.36	60.932
1031.52	66.585
1031.67	68.644
1031.83	70.499
1031.99	76.640
1032.15	67.626
1032.30	73.614
1032.46	76.975
1032.62	71.965
1032.78	67.853
1032.93	72.013
1033.09	62.939
1033.25	54.203
1033.41	44.350
1033.56	35.795
1033.72	-49.853
1033.88	208.690
1034.04	39.325
1034.19	25.000
1034.35	69.302
1034.51	9.221
1034.66	37.210
1034.82	3375.833
1034.98	3375.833
1035.14	3375.833
