345.22	35.121
345.43	35.121
345.65	35.121
345.86	55.383
346.08	120.701
346.29	19.070
346.51	13.634
346.72	91.591
346.94	-164.744
347.15	-48.495
347.37	77.302
347.58	106.649
347.80	132.721
348.01	119.475
348.23	94.938
348.44	87.822
348.66	84.992
348.87	88.175
349.09	86.201
349.30	77.740
349.52	73.584
349.73	77.669
349.95	78.795
350.16	80.993
350.38	78.919
350.59	73.229
350.81	71.636
351.02	70.610
351.24	70.033
351.45	69.271
351.67	71.301
351.88	70.244
352.10	67.023
352.31	66.178
352.53	69.413
352.74	70.321
352.96	70.910
353.17	69.565
353.39	70.237
353.60	72.563
353.82	72.798
354.03	73.193
354.25	69.071
354.46	64.282
354.67	61.612
354.89	59.575
355.10	63.664
355.32	63.110
355.53	64.556
355.75	67.060
355.96	67.942
356.18	68.096
356.39	68.312
356.61	71.780
356.82	71.066
357.04	67.333
357.25	67.535
357.46	67.887
357.68	67.948
357.89	66.134
358.11	64.171
358.32	67.234
358.54	65.185
358.75	66.677
358.97	68.540
359.18	71.818
359.40	71.643
359.61	71.694
359.82	72.583
360.04	72.957
360.25	70.456
360.47	66.879
360.68	66.290
360.90	66.313
361.11	64.892
361.32	65.222
361.54	68.580
361.75	68.248
361.97	69.251
362.18	69.954
362.40	71.487
362.61	73.051
362.83	72.765
363.04	73.576
363.25	74.696
363.47	76.403
363.68	73.817
363.90	77.089
364.11	77.666
364.32	78.301
364.54	76.744
364.75	74.492
364.97	78.010
365.18	76.899
365.40	75.684
365.61	75.256
365.82	76.178
366.04	75.325
366.25	74.815
366.47	73.061
366.68	71.610
366.89	72.803
367.11	70.743
367.32	70.887
367.54	68.756
367.75	68.322
367.96	67.469
368.18	68.147
368.39	67.403
368.61	67.447
368.82	68.358
369.03	70.412
369.25	73.624
369.46	74.409
369.68	75.105
369.89	76.093
370.10	76.515
370.32	76.514
370.53	75.878
370.75	72.620
370.96	74.489
371.17	75.031
371.39	72.908
371.60	73.183
371.81	73.909
372.03	76.186
372.24	77.158
372.46	79.718
372.67	80.867
372.88	79.555
373.10	78.915
373.31	77.575
373.52	76.942
373.74	75.247
373.95	74.717
374.17	75.968
374.38	77.688
374.59	78.163
374.81	76.840
375.02	75.694
375.23	78.819
375.45	77.054
375.66	75.226
375.87	76.456
376.09	76.569
376.30	75.469
376.52	77.060
376.73	74.355
376.94	72.882
377.16	73.943
377.37	77.687
377.58	78.112
377.80	80.095
378.01	81.581
378.22	83.473
378.44	84.152
378.65	85.872
378.86	86.166
379.08	87.044
379.29	87.979
379.50	90.817
379.72	91.343
379.93	94.478
380.14	97.691
380.36	98.848
380.57	100.758
380.78	101.502
381.00	102.507
381.21	104.573
381.42	105.873
381.64	106.393
381.85	106.278
382.06	106.804
382.28	106.978
382.49	106.782
382.70	107.547
382.92	108.260
383.13	107.881
383.34	108.602
383.56	109.770
383.77	111.179
383.98	111.061
384.20	112.264
384.41	112.598
384.62	113.079
384.83	113.835
385.05	114.361
385.26	115.380
385.47	116.328
385.69	117.335
385.90	118.278
386.11	119.122
386.33	120.115
386.54	120.948
386.75	121.541
386.97	122.651
387.18	123.308
387.39	124.079
387.60	124.457
387.82	124.831
388.03	125.082
388.24	125.466
388.46	125.724
388.67	125.695
388.88	125.523
389.09	125.274
389.31	124.885
389.52	124.536
389.73	123.893
389.95	123.300
390.16	122.667
390.37	122.124
390.58	121.574
390.80	120.801
391.01	120.248
391.22	119.722
391.44	118.896
391.65	118.251
391.86	117.619
392.07	117.392
392.29	117.040
392.50	116.662
392.71	116.332
392.92	116.235
393.14	116.041
393.35	116.060
393.56	116.253
393.78	116.494
393.99	116.932
394.20	117.478
394.41	117.966
394.63	118.436
394.84	119.148
395.05	119.977
395.26	120.725
395.48	121.501
395.69	122.225
395.90	123.185
396.11	124.068
396.33	124.860
396.54	125.681
396.75	126.310
396.96	126.975
397.18	127.488
397.39	127.988
397.60	128.478
397.81	128.819
398.03	128.976
398.24	129.059
398.45	128.975
398.66	128.816
398.87	128.594
399.09	128.267
399.30	127.707
399.51	126.975
399.72	126.331
399.94	125.586
400.15	124.783
400.36	123.853
400.57	122.880
400.79	121.966
401.00	120.946
401.21	120.058
401.42	119.150
401.63	118.278
401.85	117.476
402.06	116.820
402.27	116.185
402.48	115.697
402.69	115.314
402.91	114.955
403.12	114.661
403.33	114.611
403.54	114.712
403.76	114.769
403.97	115.040
404.18	115.422
404.39	115.916
404.60	116.525
404.82	117.222
405.03	118.020
405.24	118.793
405.45	119.631
405.66	120.502
405.88	121.376
406.09	122.325
406.30	123.139
406.51	123.840
406.72	124.589
406.94	125.265
407.15	125.844
407.36	126.434
407.57	126.941
407.78	127.277
407.99	127.456
408.21	127.616
408.42	127.656
408.63	127.616
408.84	127.365
409.05	127.054
409.27	126.561
409.48	125.905
409.69	125.187
409.90	124.482
410.11	123.689
410.32	122.855
410.54	121.887
410.75	120.884
410.96	119.881
411.17	118.845
411.38	117.835
411.59	116.868
411.81	115.859
412.02	114.916
412.23	114.034
412.44	113.254
412.65	112.618
412.86	112.074
413.08	111.552
413.29	111.131
413.50	110.899
413.71	110.787
413.92	110.777
414.13	110.889
414.34	111.074
414.56	111.289
414.77	111.652
414.98	112.088
415.19	112.732
415.40	113.467
415.61	114.239
415.82	115.016
416.04	115.867
416.25	116.692
416.46	117.565
416.67	118.491
416.88	119.334
417.09	120.154
417.30	120.894
417.52	121.646
417.73	122.283
417.94	122.832
418.15	123.313
418.36	123.788
418.57	124.073
418.78	124.255
418.99	124.432
419.21	124.457
419.42	124.404
419.63	124.207
419.84	123.889
420.05	123.454
420.26	122.910
420.47	122.226
420.68	121.577
420.89	120.838
421.11	119.943
421.32	119.114
421.53	118.177
421.74	117.248
421.95	116.324
422.16	115.427
422.37	114.531
422.58	113.588
422.79	112.671
423.01	111.871
423.22	111.100
423.43	110.425
423.64	109.821
423.85	109.322
424.06	108.930
424.27	108.599
424.48	108.392
424.69	108.368
424.90	108.420
425.11	108.561
425.33	108.818
425.54	109.163
425.75	109.561
425.96	110.065
426.17	110.667
426.38	111.328
426.59	112.056
426.80	112.829
427.01	113.682
427.22	114.584
427.43	115.566
427.64	116.484
427.85	117.349
428.07	118.244
428.28	119.060
428.49	119.863
428.70	120.636
428.91	121.342
429.12	121.926
429.33	122.508
429.54	122.997
429.75	123.375
429.96	123.733
430.17	123.979
430.38	124.118
430.59	124.087
430.80	123.954
431.01	123.736
431.22	123.455
431.44	123.054
431.65	122.579
431.86	121.964
432.07	121.318
432.28	120.617
432.49	119.838
432.70	119.001
432.91	118.080
433.12	117.123
433.33	116.151
433.54	115.238
433.75	114.293
433.96	113.377
434.17	112.396
434.38	111.502
434.59	110.662
434.80	109.860
435.01	109.217
435.22	108.643
435.43	108.148
435.64	107.709
435.85	107.358
436.06	107.098
436.27	106.962
436.48	106.936
436.69	106.959
436.90	107.116
437.11	107.391
437.33	107.748
437.54	108.204
437.75	108.783
437.96	109.346
438.17	109.990
438.38	110.644
438.59	111.422
438.80	112.196
439.01	113.057
439.22	113.973
439.43	114.736
439.64	115.538
439.85	116.344
440.06	117.100
440.27	117.883
440.48	118.568
440.69	119.207
440.90	119.778
441.11	120.350
441.32	120.803
441.53	121.170
441.74	121.441
441.95	121.668
442.16	121.767
442.37	121.756
442.58	121.688
442.79	121.547
443.00	121.315
443.21	120.991
443.42	120.509
443.62	119.883
443.83	119.366
444.04	118.716
444.25	118.012
444.46	117.239
444.67	116.393
444.88	115.548
445.09	114.641
445.30	113.715
445.51	112.745
445.72	111.766
445.93	110.866
446.14	109.948
446.35	109.017
446.56	108.178
446.77	107.396
446.98	106.622
447.19	105.901
447.40	105.276
447.61	104.675
447.82	104.184
448.03	103.819
448.24	103.474
448.45	103.243
448.66	103.107
448.87	103.054
449.08	103.110
449.29	103.230
449.49	103.447
449.70	103.756
449.91	104.125
450.12	104.597
450.33	105.082
450.54	105.664
450.75	106.317
450.96	106.973
451.17	107.686
451.38	108.412
451.59	109.175
451.80	109.911
452.01	110.690
452.22	111.476
452.43	112.195
452.64	112.891
452.84	113.580
453.05	114.200
453.26	114.821
453.47	115.342
453.68	115.839
453.89	116.270
454.10	116.592
454.31	116.885
454.52	117.070
454.73	117.204
454.94	117.220
455.15	117.143
455.36	116.975
455.56	116.738
455.77	116.414
455.98	116.039
456.19	115.596
456.40	115.087
456.61	114.519
456.82	113.858
457.03	113.162
457.24	112.394
457.45	111.613
457.65	110.738
457.86	109.879
458.07	108.995
458.28	108.044
458.49	107.154
458.70	106.215
458.91	105.310
459.12	104.421
459.33	103.537
459.54	102.728
459.74	101.951
459.95	101.204
460.16	100.562
460.37	99.974
460.58	99.456
460.79	98.982
461.00	98.558
461.21	98.249
461.41	98.008
461.62	97.856
461.83	97.800
462.04	97.833
462.25	97.889
462.46	98.064
462.67	98.332
462.88	98.668
463.08	99.097
463.29	99.551
463.50	100.076
463.71	100.683
463.92	101.298
464.13	101.935
464.34	102.623
464.54	103.346
464.75	104.083
464.96	104.809
465.17	105.548
465.38	106.252
465.59	106.985
465.80	107.673
466.00	108.315
466.21	108.924
466.42	109.485
466.63	110.064
466.84	110.572
467.05	111.006
467.26	111.379
467.46	111.634
467.67	111.868
467.88	112.041
468.09	112.113
468.30	112.146
468.51	112.111
468.71	111.971
468.92	111.772
469.13	111.497
469.34	111.168
469.55	110.742
469.76	110.297
469.96	109.751
470.17	109.161
470.38	108.544
470.59	107.850
470.80	107.111
471.00	106.374
471.21	105.572
471.42	104.779
471.63	103.957
471.84	103.140
472.05	102.297
472.25	101.455
472.46	100.628
472.67	99.781
472.88	99.004
473.09	98.233
473.29	97.475
473.50	96.787
473.71	96.125
473.92	95.515
474.13	94.958
474.33	94.478
474.54	94.054
474.75	93.693
474.96	93.395
475.17	93.175
475.37	92.981
475.58	92.887
475.79	92.866
476.00	92.914
476.21	93.049
476.41	93.244
476.62	93.507
476.83	93.820
477.04	94.235
477.24	94.664
477.45	95.158
477.66	95.690
477.87	96.235
478.08	96.846
478.28	97.455
478.49	98.109
478.70	98.785
478.91	99.448
479.11	100.108
479.32	100.801
479.53	101.455
479.74	102.133
479.94	102.760
480.15	103.337
480.36	103.888
480.57	104.406
480.78	104.915
480.98	105.328
481.19	105.706
481.40	106.017
481.61	106.312
481.81	106.532
482.02	106.684
482.23	106.812
482.44	106.830
482.64	106.821
482.85	106.734
483.06	106.566
483.27	106.373
483.47	106.130
483.68	105.802
483.89	105.424
484.10	104.976
484.30	104.492
484.51	103.943
484.72	103.383
484.92	102.736
485.13	102.083
485.34	101.408
485.55	100.696
485.75	99.967
485.96	99.189
486.17	98.420
486.38	97.653
486.58	96.862
486.79	96.100
487.00	95.330
487.20	94.572
487.41	93.852
487.62	93.153
487.83	92.467
488.03	91.814
488.24	91.210
488.45	90.636
488.65	90.097
488.86	89.623
489.07	89.189
489.28	88.827
489.48	88.501
489.69	88.273
489.90	88.074
490.10	87.952
490.31	87.888
490.52	87.858
490.73	87.907
490.93	88.017
491.14	88.175
491.35	88.396
491.55	88.661
491.76	88.974
491.97	89.323
492.17	89.712
492.38	90.155
492.59	90.629
492.79	91.151
493.00	91.700
493.21	92.267
493.41	92.842
493.62	93.431
493.83	94.037
494.04	94.605
494.24	95.202
494.45	95.787
494.66	96.346
494.86	96.930
495.07	97.457
495.28	97.987
495.48	98.470
495.69	98.925
495.90	99.355
496.10	99.746
496.31	100.085
496.52	100.374
496.72	100.652
496.93	100.870
497.14	101.030
497.34	101.122
497.55	101.193
497.76	101.202
497.96	101.157
498.17	101.055
498.37	100.919
498.58	100.701
498.79	100.433
498.99	100.144
499.20	99.783
499.41	99.378
499.61	98.906
499.82	98.418
500.03	97.876
500.23	97.324
500.44	96.720
500.65	96.099
500.85	95.464
501.06	94.770
501.26	94.079
501.47	93.369
501.68	92.668
501.88	91.934
502.09	91.216
502.30	90.493
502.50	89.782
502.71	89.086
502.91	88.412
503.12	87.754
503.33	87.114
503.53	86.516
503.74	85.937
503.95	85.390
504.15	84.879
504.36	84.406
504.56	83.966
504.77	83.590
504.98	83.238
505.18	82.953
505.39	82.711
505.59	82.517
505.80	82.377
506.01	82.291
506.21	82.260
506.42	82.279
506.62	82.342
506.83	82.449
507.04	82.610
507.24	82.811
507.45	83.065
507.65	83.359
507.86	83.676
508.07	84.043
508.27	84.447
508.48	84.873
508.68	85.348
508.89	85.830
509.10	86.322
509.30	86.835
509.51	87.349
509.71	87.873
509.92	88.403
510.12	88.930
510.33	89.458
510.54	89.971
510.74	90.483
510.95	90.972
511.15	91.451
511.36	91.919
511.56	92.364
511.77	92.769
511.98	93.154
512.18	93.516
512.39	93.840
512.59	94.130
512.80	94.379
513.00	94.582
513.21	94.744
513.42	94.878
513.62	94.969
513.83	95.020
514.03	95.015
514.24	94.964
514.44	94.862
514.65	94.726
514.85	94.552
515.06	94.334
515.26	94.068
515.47	93.767
515.68	93.417
515.88	93.034
516.09	92.614
516.29	92.163
516.50	91.675
516.70	91.155
516.91	90.610
517.11	90.049
517.32	89.468
517.52	88.866
517.73	88.264
517.93	87.634
518.14	87.001
518.34	86.373
518.55	85.740
518.76	85.112
518.96	84.474
519.17	83.841
519.37	83.215
519.58	82.622
519.78	82.034
519.99	81.457
520.19	80.907
520.40	80.399
520.60	79.907
520.81	79.445
521.01	79.005
521.22	78.617
521.42	78.259
521.63	77.939
521.83	77.656
522.04	77.403
522.24	77.211
522.45	77.059
522.65	76.951
522.86	76.890
523.06	76.864
523.27	76.891
523.47	76.958
523.68	77.065
523.88	77.203
524.09	77.385
524.29	77.614
524.50	77.874
524.70	78.161
524.91	78.479
525.11	78.839
525.32	79.235
525.52	79.640
525.72	80.086
525.93	80.541
526.13	81.024
526.34	81.506
526.54	82.016
526.75	82.508
526.95	83.016
527.16	83.512
527.36	84.023
527.57	84.522
527.77	85.008
527.98	85.500
528.18	85.978
528.39	86.432
528.59	86.881
528.79	87.303
529.00	87.713
529.20	88.094
529.41	88.470
529.61	88.807
529.82	89.103
530.02	89.364
530.23	89.607
530.43	89.797
530.64	89.971
530.84	90.088
531.04	90.170
531.25	90.237
531.45	90.273
531.66	90.265
531.86	90.214
532.07	90.122
532.27	89.991
532.47	89.832
532.68	89.652
532.88	89.434
533.09	89.180
533.29	88.877
533.50	88.548
533.70	88.153
533.90	87.758
534.11	87.352
534.31	86.913
534.52	86.442
534.72	85.980
534.93	85.490
535.13	84.972
535.33	84.461
535.54	83.909
535.74	83.361
535.95	82.790
536.15	82.246
536.35	81.693
536.56	81.144
536.76	80.578
536.97	80.035
537.17	79.487
537.37	78.953
537.58	78.450
537.78	77.961
537.99	77.499
538.19	77.033
538.39	76.588
538.60	76.172
538.80	75.800
539.01	75.430
539.21	75.096
539.41	74.806
539.62	74.535
539.82	74.306
540.03	74.102
540.23	73.952
540.43	73.819
540.64	73.746
540.84	73.694
541.04	73.692
541.25	73.732
541.45	73.804
541.66	73.908
541.86	74.046
542.06	74.223
542.27	74.430
542.47	74.688
542.67	74.958
542.88	75.266
543.08	75.597
543.28	75.966
543.49	76.346
543.69	76.753
543.90	77.190
544.10	77.626
544.30	78.105
544.51	78.575
544.71	79.084
544.91	79.573
545.12	80.079
545.32	80.597
545.52	81.088
545.73	81.602
545.93	82.106
546.13	82.581
546.34	83.049
546.54	83.511
546.74	83.955
546.95	84.408
547.15	84.837
547.35	85.229
547.56	85.626
547.76	86.014
547.96	86.362
548.17	86.697
548.37	87.020
548.57	87.279
548.78	87.524
548.98	87.731
549.18	87.903
549.39	88.046
549.59	88.158
549.79	88.259
550.00	88.313
550.20	88.363
550.40	88.363
550.61	88.340
550.81	88.280
551.01	88.186
551.22	88.064
551.42	87.902
551.62	87.720
551.82	87.486
552.03	87.240
552.23	86.966
552.43	86.659
552.64	86.328
552.84	85.977
553.04	85.599
553.25	85.199
553.45	84.773
553.65	84.335
553.85	83.897
554.06	83.439
554.26	82.958
554.46	82.453
554.67	81.956
554.87	81.444
555.07	80.944
555.27	80.430
555.48	79.913
555.68	79.412
555.88	78.903
556.09	78.409
556.29	77.898
556.49	77.414
556.69	76.923
556.90	76.452
557.10	76.014
557.30	75.605
557.50	75.193
557.71	74.825
557.91	74.475
558.11	74.128
558.31	73.816
558.52	73.534
558.72	73.284
558.92	73.061
559.13	72.872
559.33	72.708
559.53	72.569
559.73	72.474
559.94	72.399
560.14	72.355
560.34	72.336
560.54	72.356
560.75	72.416
560.95	72.503
561.15	72.633
561.35	72.774
561.55	72.936
561.76	73.141
561.96	73.356
562.16	73.615
562.36	73.909
562.57	74.215
562.77	74.545
562.97	74.898
563.17	75.263
563.38	75.642
563.58	76.044
563.78	76.466
563.98	76.894
564.18	77.329
564.39	77.785
564.59	78.247
564.79	78.724
564.99	79.188
565.20	79.651
565.40	80.096
565.60	80.545
565.80	81.010
566.00	81.451
566.21	81.896
566.41	82.311
566.61	82.724
566.81	83.130
567.01	83.520
567.22	83.899
567.42	84.264
567.62	84.595
567.82	84.913
568.02	85.212
568.23	85.487
568.43	85.741
568.63	85.981
568.83	86.177
569.03	86.340
569.24	86.489
569.44	86.622
569.64	86.734
569.84	86.828
570.04	86.866
570.24	86.893
570.45	86.893
570.65	86.870
570.85	86.813
571.05	86.720
571.25	86.598
571.45	86.442
571.66	86.280
571.86	86.099
572.06	85.870
572.26	85.630
572.46	85.372
572.66	85.101
572.87	84.789
573.07	84.476
573.27	84.136
573.47	83.781
573.67	83.402
573.87	82.999
574.08	82.575
574.28	82.163
574.48	81.735
574.68	81.286
574.88	80.835
575.08	80.360
575.28	79.891
575.49	79.427
575.69	78.962
575.89	78.477
576.09	78.016
576.29	77.545
576.49	77.075
576.69	76.608
576.90	76.153
577.10	75.713
577.30	75.279
577.50	74.869
577.70	74.459
577.90	74.067
578.10	73.713
578.30	73.370
578.51	73.041
578.71	72.738
578.91	72.455
579.11	72.186
579.31	71.948
579.51	71.734
579.71	71.549
579.91	71.380
580.12	71.246
580.32	71.136
580.52	71.065
580.72	71.008
580.92	70.979
581.12	70.963
581.32	70.986
581.52	71.050
581.72	71.122
581.92	71.227
582.13	71.367
582.33	71.508
582.53	71.688
582.73	71.883
582.93	72.106
583.13	72.355
583.33	72.635
583.53	72.930
583.73	73.246
583.93	73.582
584.13	73.941
584.34	74.327
584.54	74.693
584.74	75.067
584.94	75.480
585.14	75.895
585.34	76.323
585.54	76.725
585.74	77.137
585.94	77.573
586.14	78.018
586.34	78.445
586.54	78.892
586.74	79.332
586.94	79.778
587.15	80.224
587.35	80.647
587.55	81.061
587.75	81.472
587.95	81.858
588.15	82.233
588.35	82.591
588.55	82.942
588.75	83.295
588.95	83.631
589.15	83.939
589.35	84.236
589.55	84.510
589.75	84.802
589.95	85.049
590.15	85.273
590.35	85.465
590.55	85.648
590.75	85.800
590.95	85.926
591.15	86.028
591.35	86.098
591.56	86.149
591.76	86.175
591.96	86.178
592.16	86.170
592.36	86.132
592.56	86.082
592.76	85.993
592.96	85.893
593.16	85.754
593.36	85.599
593.56	85.432
593.76	85.252
593.96	85.024
594.16	84.801
594.36	84.554
594.56	84.288
594.76	84.002
594.96	83.707
595.16	83.377
595.36	83.043
595.56	82.684
595.76	82.307
595.96	81.916
596.16	81.532
596.36	81.128
596.56	80.726
596.76	80.294
596.96	79.865
597.16	79.435
597.36	79.017
597.56	78.583
597.76	78.139
597.96	77.694
598.16	77.259
598.36	76.819
598.56	76.377
598.76	75.951
598.96	75.539
599.16	75.127
599.36	74.752
599.56	74.376
599.76	74.006
599.96	73.659
600.15	73.325
600.35	73.009
600.55	72.708
600.75	72.407
600.95	72.140
601.15	71.879
601.35	71.631
601.55	71.403
601.75	71.212
601.95	71.034
602.15	70.887
602.35	70.742
602.55	70.636
602.75	70.555
602.95	70.486
603.15	70.429
603.35	70.411
603.55	70.402
603.75	70.411
603.95	70.453
604.15	70.516
604.35	70.608
604.54	70.710
604.74	70.854
604.94	71.011
605.14	71.179
605.34	71.379
605.54	71.607
605.74	71.856
605.94	72.113
606.14	72.396
606.34	72.686
606.54	73.004
606.74	73.336
606.94	73.676
607.14	74.039
607.33	74.423
607.53	74.801
607.73	75.185
607.93	75.573
608.13	75.973
608.33	76.384
608.53	76.785
608.73	77.201
608.93	77.596
609.13	78.004
609.33	78.420
609.52	78.831
609.72	79.232
609.92	79.618
610.12	80.011
610.32	80.397
610.52	80.791
610.72	81.159
610.92	81.518
611.12	81.873
611.31	82.218
611.51	82.548
611.71	82.867
611.91	83.186
612.11	83.502
612.31	83.799
612.51	84.070
612.71	84.341
612.91	84.576
613.10	84.808
613.30	85.049
613.50	85.254
613.70	85.435
613.90	85.590
614.10	85.730
614.30	85.833
614.50	85.928
614.69	85.983
614.89	86.037
615.09	86.063
615.29	86.073
615.49	86.060
615.69	86.025
615.89	85.978
616.08	85.910
616.28	85.815
616.48	85.700
616.68	85.558
616.88	85.403
617.08	85.228
617.27	85.050
617.47	84.831
617.67	84.598
617.87	84.347
618.07	84.096
618.27	83.830
618.47	83.563
618.66	83.268
618.86	82.972
619.06	82.651
619.26	82.331
619.46	81.998
619.66	81.642
619.85	81.276
620.05	80.902
620.25	80.505
620.45	80.115
620.65	79.714
620.84	79.341
621.04	78.948
621.24	78.577
621.44	78.170
621.64	77.755
621.84	77.359
622.03	76.960
622.23	76.569
622.43	76.178
622.63	75.792
622.83	75.412
623.02	75.037
623.22	74.679
623.42	74.306
623.62	73.954
623.82	73.626
624.01	73.298
624.21	72.981
624.41	72.690
624.61	72.413
624.81	72.156
625.00	71.890
625.20	71.643
625.40	71.405
625.60	71.196
625.79	71.015
625.99	70.859
626.19	70.711
626.39	70.581
626.59	70.468
626.78	70.390
626.98	70.323
627.18	70.270
627.38	70.244
627.57	70.263
627.77	70.283
627.97	70.317
628.17	70.386
628.37	70.465
628.56	70.576
628.76	70.690
628.96	70.821
629.16	70.972
629.35	71.167
629.55	71.366
629.75	71.587
629.95	71.825
630.14	72.063
630.34	72.332
630.54	72.611
630.74	72.898
630.93	73.196
631.13	73.502
631.33	73.819
631.53	74.125
631.72	74.442
631.92	74.784
632.12	75.143
632.31	75.498
632.51	75.884
632.71	76.262
632.91	76.639
633.10	77.025
633.30	77.431
633.50	77.801
633.70	78.198
633.89	78.582
634.09	78.974
634.29	79.360
634.48	79.737
634.68	80.127
634.88	80.511
635.08	80.891
635.27	81.277
635.47	81.654
635.67	82.041
635.86	82.418
636.06	82.774
636.26	83.104
636.46	83.435
636.65	83.746
636.85	84.064
637.05	84.367
637.24	84.640
637.44	84.904
637.64	85.164
637.83	85.414
638.03	85.657
638.23	85.855
638.43	86.054
638.62	86.230
638.82	86.371
639.02	86.514
639.21	86.628
639.41	86.719
639.61	86.813
639.80	86.881
640.00	86.928
640.20	86.984
640.39	87.025
640.59	87.039
640.79	87.039
640.98	87.004
641.18	86.964
641.38	86.922
641.57	86.840
641.77	86.745
641.97	86.620
642.16	86.485
642.36	86.347
642.56	86.191
642.75	86.037
642.95	85.855
643.15	85.659
643.34	85.461
643.54	85.249
643.74	85.000
643.93	84.750
644.13	84.464
644.33	84.161
644.52	83.860
644.72	83.559
644.91	83.239
645.11	82.899
645.31	82.563
645.50	82.226
645.70	81.894
645.90	81.554
646.09	81.198
646.29	80.831
646.48	80.462
646.68	80.079
646.88	79.698
647.07	79.322
647.27	78.942
647.47	78.556
647.66	78.182
647.86	77.805
648.05	77.439
648.25	77.081
648.45	76.721
648.64	76.356
648.84	76.008
649.04	75.654
649.23	75.314
649.43	74.985
649.62	74.652
649.82	74.318
650.02	74.005
650.21	73.710
650.41	73.442
650.60	73.182
650.80	72.953
651.00	72.702
651.19	72.484
651.39	72.273
651.58	72.076
651.78	71.899
651.97	71.755
652.17	71.611
652.37	71.482
652.56	71.384
652.76	71.294
652.95	71.217
653.15	71.184
653.35	71.153
653.54	71.128
653.74	71.113
653.93	71.129
654.13	71.159
654.32	71.195
654.52	71.231
654.72	71.303
654.91	71.385
655.11	71.498
655.30	71.628
655.50	71.773
655.69	71.934
655.89	72.096
656.08	72.266
656.28	72.461
656.48	72.675
656.67	72.894
656.87	73.129
657.06	73.361
657.26	73.599
657.45	73.865
657.65	74.150
657.84	74.457
658.04	74.758
658.23	75.079
658.43	75.414
658.62	75.762
658.82	76.102
659.02	76.449
659.21	76.812
659.41	77.165
659.60	77.527
659.80	77.895
659.99	78.283
660.19	78.663
660.38	79.048
660.58	79.417
660.77	79.802
660.97	80.171
661.16	80.548
661.36	80.913
661.55	81.291
661.75	81.658
661.94	82.012
662.14	82.375
662.33	82.738
662.53	83.085
662.72	83.429
662.92	83.761
663.11	84.074
663.31	84.396
663.50	84.713
663.70	85.029
663.89	85.332
664.09	85.608
664.28	85.894
664.48	86.155
664.67	86.430
664.87	86.663
665.06	86.905
665.26	87.127
665.45	87.341
665.65	87.533
665.84	87.728
666.04	87.900
666.23	88.038
666.43	88.149
666.62	88.256
666.82	88.348
667.01	88.428
667.21	88.501
667.40	88.544
667.59	88.595
667.79	88.607
667.98	88.590
668.18	88.567
668.37	88.520
668.57	88.490
668.76	88.425
668.96	88.343
669.15	88.250
669.35	88.163
669.54	88.043
669.73	87.919
669.93	87.774
670.12	87.627
670.32	87.489
670.51	87.323
670.71	87.149
670.90	86.965
671.10	86.776
671.29	86.559
671.48	86.328
671.68	86.079
671.87	85.833
672.07	85.577
672.26	85.345
672.46	85.081
672.65	84.799
672.84	84.510
673.04	84.226
673.23	83.929
673.43	83.615
673.62	83.315
673.82	83.002
674.01	82.658
674.20	82.324
674.40	81.972
674.59	81.631
674.79	81.296
674.98	80.951
675.17	80.598
675.37	80.264
675.56	79.926
675.76	79.586
675.95	79.226
676.14	78.894
676.34	78.529
676.53	78.185
676.73	77.835
676.92	77.486
677.11	77.149
677.31	76.812
677.50	76.493
677.70	76.167
677.89	75.842
678.08	75.553
678.28	75.262
678.47	74.993
678.66	74.737
678.86	74.486
679.05	74.238
679.25	74.015
679.44	73.803
679.63	73.614
679.83	73.421
680.02	73.257
680.21	73.097
680.41	72.951
680.60	72.804
680.79	72.679
680.99	72.571
681.18	72.460
681.38	72.376
681.57	72.315
681.76	72.274
681.96	72.248
682.15	72.221
682.34	72.198
682.54	72.191
682.73	72.205
682.92	72.219
683.12	72.271
683.31	72.329
683.50	72.397
683.70	72.477
683.89	72.559
684.08	72.673
684.28	72.796
684.47	72.931
684.66	73.091
684.86	73.257
685.05	73.442
685.24	73.648
685.44	73.852
685.63	74.061
685.82	74.289
686.02	74.515
686.21	74.783
686.40	75.053
686.60	75.342
686.79	75.635
686.98	75.933
687.18	76.241
687.37	76.546
687.56	76.851
687.75	77.170
687.95	77.504
688.14	77.828
688.33	78.172
688.53	78.516
688.72	78.878
688.91	79.234
689.11	79.583
689.30	79.961
689.49	80.342
689.68	80.713
689.88	81.074
690.07	81.435
690.26	81.781
690.46	82.143
690.65	82.482
690.84	82.824
691.03	83.180
691.23	83.518
691.42	83.860
691.61	84.210
691.80	84.532
692.00	84.858
692.19	85.164
692.38	85.467
692.58	85.770
692.77	86.054
692.96	86.326
693.15	86.607
693.35	86.863
693.54	87.132
693.73	87.399
693.92	87.638
694.12	87.892
694.31	88.114
694.50	88.351
694.69	88.554
694.89	88.750
695.08	88.923
695.27	89.113
695.46	89.272
695.66	89.427
695.85	89.581
696.04	89.726
696.23	89.882
696.43	90.010
696.62	90.105
696.81	90.194
697.00	90.289
697.19	90.365
697.39	90.413
697.58	90.445
697.77	90.456
697.96	90.486
698.16	90.480
698.35	90.496
698.54	90.464
698.73	90.457
698.92	90.402
699.12	90.350
699.31	90.275
699.50	90.199
699.69	90.110
699.89	90.006
700.08	89.893
700.27	89.753
700.46	89.621
700.65	89.475
700.85	89.339
701.04	89.173
701.23	88.991
701.42	88.803
701.61	88.610
701.81	88.400
702.00	88.173
702.19	87.948
702.38	87.692
702.57	87.455
702.76	87.180
702.96	86.925
703.15	86.652
703.34	86.365
703.53	86.071
703.72	85.752
703.92	85.431
704.11	85.110
704.30	84.781
704.49	84.451
704.68	84.130
704.87	83.775
705.07	83.436
705.26	83.101
705.45	82.788
705.64	82.443
705.83	82.128
706.02	81.798
706.21	81.485
706.41	81.161
706.60	80.821
706.79	80.507
706.98	80.200
707.17	79.878
707.36	79.566
707.56	79.279
707.75	78.989
707.94	78.705
708.13	78.428
708.32	78.168
708.51	77.895
708.70	77.652
708.89	77.400
709.09	77.152
709.28	76.922
709.47	76.653
709.66	76.407
709.85	76.173
710.04	75.945
710.23	75.703
710.42	75.508
710.62	75.311
710.81	75.097
711.00	74.898
711.19	74.727
711.38	74.558
711.57	74.383
711.76	74.229
711.95	74.105
712.15	73.984
712.34	73.873
712.53	73.772
712.72	73.670
712.91	73.614
713.10	73.556
713.29	73.508
713.48	73.475
713.67	73.478
713.86	73.489
714.05	73.501
714.25	73.530
714.44	73.545
714.63	73.586
714.82	73.667
715.01	73.746
715.20	73.857
715.39	73.959
715.58	74.077
715.77	74.219
715.96	74.357
716.15	74.498
716.34	74.631
716.54	74.788
716.73	74.961
716.92	75.124
717.11	75.309
717.30	75.502
717.49	75.717
717.68	75.937
717.87	76.128
718.06	76.370
718.25	76.623
718.44	76.886
718.63	77.156
718.82	77.421
719.01	77.692
719.20	77.966
719.39	78.257
719.58	78.552
719.77	78.832
719.96	79.105
720.16	79.396
720.35	79.714
720.54	80.019
720.73	80.330
720.92	80.646
721.11	80.983
721.30	81.306
721.49	81.630
721.68	81.960
721.87	82.314
722.06	82.641
722.25	82.968
722.44	83.299
722.63	83.619
722.82	83.928
723.01	84.230
723.20	84.519
723.39	84.821
723.58	85.148
723.77	85.471
723.96	85.796
724.15	86.125
724.34	86.433
724.53	86.742
724.72	87.020
724.91	87.324
725.10	87.619
725.29	87.897
725.48	88.201
725.67	88.445
725.86	88.683
726.05	88.927
726.24	89.154
726.43	89.373
726.62	89.590
726.81	89.835
727.00	90.056
727.19	90.288
727.38	90.503
727.57	90.683
727.76	90.859
727.95	91.027
728.14	91.165
728.33	91.304
728.52	91.432
728.71	91.559
728.90	91.674
729.09	91.752
729.28	91.816
729.47	91.866
729.65	91.932
729.84	91.994
730.03	92.049
730.22	92.101
730.41	92.145
730.60	92.185
730.79	92.169
730.98	92.175
731.17	92.177
731.36	92.143
731.55	92.092
731.74	92.040
731.93	91.980
732.12	91.916
732.31	91.860
732.50	91.809
732.69	91.756
732.88	91.651
733.06	91.542
733.25	91.444
733.44	91.343
733.63	91.211
733.82	91.076
734.01	90.905
734.20	90.736
734.39	90.546
734.58	90.364
734.77	90.198
734.96	89.999
735.15	89.780
735.33	89.560
735.52	89.353
735.71	89.129
735.90	88.892
736.09	88.638
736.28	88.361
736.47	88.083
736.66	87.796
736.85	87.521
737.04	87.218
737.23	86.932
737.41	86.620
737.60	86.347
737.79	86.029
737.98	85.738
738.17	85.438
738.36	85.162
738.55	84.869
738.74	84.578
738.92	84.277
739.11	83.988
739.30	83.684
739.49	83.373
739.68	83.078
739.87	82.808
740.06	82.540
740.25	82.245
740.43	81.971
740.62	81.678
740.81	81.378
741.00	81.117
741.19	80.824
741.38	80.534
741.57	80.237
741.75	79.979
741.94	79.699
742.13	79.423
742.32	79.132
742.51	78.860
742.70	78.596
742.89	78.353
743.07	78.094
743.26	77.851
743.45	77.589
743.64	77.364
743.83	77.117
744.02	76.853
744.20	76.644
744.39	76.425
744.58	76.227
744.77	76.052
744.96	75.890
745.15	75.759
745.33	75.635
745.52	75.511
745.71	75.383
745.90	75.272
746.09	75.183
746.28	75.098
746.46	74.994
746.65	74.890
746.84	74.810
747.03	74.733
747.22	74.681
747.40	74.658
747.59	74.614
747.78	74.589
747.97	74.612
748.16	74.620
748.34	74.614
748.53	74.637
748.72	74.665
748.91	74.680
749.10	74.703
749.28	74.752
749.47	74.819
749.66	74.877
749.85	74.926
750.04	74.992
750.22	75.068
750.41	75.170
750.60	75.291
750.79	75.385
750.97	75.500
751.16	75.635
751.35	75.765
751.54	75.893
751.73	76.055
751.91	76.200
752.10	76.391
752.29	76.560
752.48	76.752
752.66	76.951
752.85	77.153
753.04	77.357
753.23	77.580
753.41	77.779
753.60	78.022
753.79	78.279
753.98	78.514
754.16	78.762
754.35	79.008
754.54	79.252
754.73	79.535
754.91	79.817
755.10	80.086
755.29	80.375
755.48	80.646
755.66	80.923
755.85	81.207
756.04	81.460
756.22	81.755
756.41	82.022
756.60	82.295
756.79	82.593
756.97	82.890
757.16	83.142
757.35	83.435
757.54	83.722
757.72	84.006
757.91	84.306
758.10	84.599
758.28	84.887
758.47	85.169
758.66	85.470
758.85	85.751
759.03	86.040
759.22	86.321
759.41	86.620
759.59	86.906
759.78	87.189
759.97	87.451
760.15	87.707
760.34	88.001
760.53	88.256
760.71	88.490
760.90	88.753
761.09	89.011
761.28	89.257
761.46	89.489
761.65	89.723
761.84	89.958
762.02	90.190
762.21	90.440
762.40	90.646
762.58	90.824
762.77	91.007
762.96	91.196
763.14	91.395
763.33	91.568
763.52	91.711
763.70	91.837
763.89	91.992
764.08	92.148
764.26	92.242
764.45	92.378
764.64	92.512
764.82	92.603
765.01	92.699
765.20	92.770
765.38	92.854
765.57	92.905
765.75	92.952
765.94	92.971
766.13	93.004
766.31	93.054
766.50	93.081
766.69	93.141
766.87	93.187
767.06	93.190
767.25	93.208
767.43	93.239
767.62	93.268
767.80	93.273
767.99	93.246
768.18	93.217
768.36	93.179
768.55	93.132
768.74	93.073
768.92	93.013
769.11	92.977
769.29	92.897
769.48	92.842
769.67	92.744
769.85	92.673
770.04	92.521
770.22	92.386
770.41	92.230
770.60	92.044
770.78	91.840
770.97	91.661
771.15	91.476
771.34	91.255
771.53	91.067
771.71	90.856
771.90	90.677
772.08	90.535
772.27	90.336
772.46	90.109
772.64	89.889
772.83	89.664
773.01	89.392
773.20	89.144
773.39	88.901
773.57	88.650
773.76	88.388
773.94	88.181
774.13	87.925
774.31	87.655
774.50	87.422
774.68	87.160
774.87	86.894
775.06	86.587
775.24	86.317
775.43	86.011
775.61	85.718
775.80	85.424
775.98	85.097
776.17	84.785
776.36	84.492
776.54	84.197
776.73	83.895
776.91	83.618
777.10	83.333
777.28	83.013
777.47	82.731
777.65	82.438
777.84	82.131
778.02	81.859
778.21	81.601
778.39	81.301
778.58	81.037
778.77	80.776
778.95	80.545
779.14	80.309
779.32	80.079
779.51	79.856
779.69	79.607
779.88	79.385
780.06	79.169
780.25	78.941
780.43	78.715
780.62	78.517
780.80	78.302
780.99	78.086
781.17	77.877
781.36	77.662
781.54	77.473
781.73	77.248
781.91	77.054
782.10	76.872
782.28	76.694
782.47	76.515
782.65	76.321
782.84	76.140
783.02	75.980
783.21	75.830
783.39	75.681
783.58	75.549
783.76	75.397
783.95	75.272
784.13	75.192
784.32	75.105
784.50	75.004
784.69	74.946
784.87	74.886
785.05	74.845
785.24	74.806
785.42	74.777
785.61	74.758
785.79	74.745
785.98	74.744
786.16	74.728
786.35	74.745
786.53	74.767
786.72	74.779
786.90	74.797
787.09	74.806
787.27	74.845
787.45	74.899
787.64	74.953
787.82	75.000
788.01	75.041
788.19	75.113
788.38	75.184
788.56	75.201
788.75	75.287
788.93	75.387
789.11	75.458
789.30	75.525
789.48	75.625
789.67	75.731
789.85	75.823
790.04	75.973
790.22	76.095
790.40	76.240
790.59	76.374
790.77	76.516
790.96	76.691
791.14	76.857
791.32	77.006
791.51	77.176
791.69	77.359
791.88	77.552
792.06	77.740
792.25	77.921
792.43	78.163
792.61	78.362
792.80	78.540
792.98	78.774
793.17	78.995
793.35	79.190
793.53	79.399
793.72	79.656
793.90	79.876
794.08	80.099
794.27	80.324
794.45	80.585
794.64	80.821
794.82	81.057
795.00	81.260
795.19	81.507
795.37	81.746
795.55	81.941
795.74	82.176
795.92	82.418
796.11	82.686
796.29	82.938
796.47	83.179
796.66	83.409
796.84	83.678
797.02	83.946
797.21	84.228
797.39	84.492
797.58	84.735
797.76	84.968
797.94	85.233
798.13	85.494
798.31	85.769
798.49	86.011
798.68	86.244
798.86	86.525
799.04	86.750
799.23	86.993
799.41	87.252
799.59	87.476
799.78	87.663
799.96	87.871
800.14	88.092
800.33	88.315
800.51	88.564
800.69	88.733
800.88	88.943
801.06	89.162
801.24	89.323
801.43	89.502
801.61	89.669
801.79	89.823
801.98	89.972
802.16	90.130
802.34	90.309
802.52	90.479
802.71	90.595
802.89	90.755
803.07	90.892
803.26	91.013
803.44	91.120
803.62	91.250
803.81	91.358
803.99	91.414
804.17	91.473
804.35	91.526
804.54	91.578
804.72	91.648
804.90	91.693
805.09	91.785
805.27	91.860
805.45	91.935
805.63	91.973
805.82	92.023
806.00	91.992
806.18	91.998
806.37	92.020
806.55	92.006
806.73	92.006
806.91	91.993
807.10	91.999
807.28	91.989
807.46	91.974
807.64	91.936
807.83	91.916
808.01	91.893
808.19	91.810
808.37	91.736
808.56	91.639
808.74	91.556
808.92	91.471
809.10	91.334
809.29	91.248
809.47	91.152
809.65	90.996
809.83	90.918
810.02	90.785
810.20	90.655
810.38	90.532
810.56	90.381
810.75	90.269
810.93	90.134
811.11	89.992
811.29	89.851
811.47	89.703
811.66	89.523
811.84	89.355
812.02	89.263
812.20	89.131
812.39	88.989
812.57	88.832
812.75	88.676
812.93	88.556
813.11	88.378
813.30	88.219
813.48	88.085
813.66	87.898
813.84	87.723
814.02	87.525
814.21	87.361
814.39	87.144
814.57	86.929
814.75	86.712
814.93	86.497
815.12	86.264
815.30	86.037
815.48	85.823
815.66	85.585
815.84	85.320
816.03	85.068
816.21	84.786
816.39	84.537
816.57	84.230
816.75	83.917
816.93	83.623
817.12	83.318
817.30	83.011
817.48	82.709
817.66	82.446
817.84	82.184
818.02	81.927
818.21	81.650
818.39	81.402
818.57	81.133
818.75	80.911
818.93	80.654
819.11	80.397
819.30	80.151
819.48	79.933
819.66	79.713
819.84	79.519
820.02	79.305
820.20	79.080
820.38	78.866
820.57	78.665
820.75	78.492
820.93	78.299
821.11	78.110
821.29	77.944
821.47	77.737
821.65	77.540
821.83	77.333
822.02	77.161
822.20	76.953
822.38	76.800
822.56	76.565
822.74	76.364
822.92	76.139
823.10	75.951
823.28	75.729
823.46	75.522
823.65	75.304
823.83	75.120
824.01	74.933
824.19	74.743
824.37	74.559
824.55	74.348
824.73	74.184
824.91	74.007
825.09	73.835
825.27	73.675
825.46	73.494
825.64	73.316
825.82	73.174
826.00	73.012
826.18	72.865
826.36	72.747
826.54	72.648
826.72	72.594
826.90	72.514
827.08	72.454
827.26	72.398
827.44	72.324
827.63	72.262
827.81	72.218
827.99	72.210
828.17	72.177
828.35	72.160
828.53	72.140
828.71	72.157
828.89	72.146
829.07	72.153
829.25	72.151
829.43	72.190
829.61	72.199
829.79	72.220
829.97	72.247
830.15	72.253
830.33	72.286
830.51	72.298
830.69	72.332
830.87	72.319
831.06	72.357
831.24	72.406
831.42	72.456
831.60	72.477
831.78	72.528
831.96	72.600
832.14	72.687
832.32	72.767
832.50	72.833
832.68	72.905
832.86	72.963
833.04	73.085
833.22	73.155
833.40	73.272
833.58	73.363
833.76	73.453
833.94	73.597
834.12	73.733
834.30	73.880
834.48	73.991
834.66	74.175
834.84	74.286
835.02	74.448
835.20	74.602
835.38	74.777
835.56	74.950
835.74	75.138
835.92	75.318
836.10	75.479
836.28	75.646
836.46	75.843
836.64	76.028
836.82	76.175
837.00	76.363
837.18	76.544
837.36	76.758
837.54	76.947
837.72	77.145
837.90	77.348
838.08	77.547
838.26	77.753
838.43	77.935
838.61	78.155
838.79	78.354
838.97	78.560
839.15	78.770
839.33	78.965
839.51	79.113
839.69	79.292
839.87	79.497
840.05	79.719
840.23	79.911
840.41	80.117
840.59	80.285
840.77	80.493
840.95	80.660
841.13	80.827
841.31	80.994
841.49	81.132
841.67	81.256
841.84	81.427
842.02	81.557
842.20	81.741
842.38	81.861
842.56	81.994
842.74	82.139
842.92	82.239
843.10	82.373
843.28	82.548
843.46	82.668
843.64	82.752
843.82	82.879
843.99	82.989
844.17	83.141
844.35	83.365
844.53	83.510
844.71	83.695
844.89	83.802
845.07	83.974
845.25	84.154
845.43	84.318
845.61	84.453
845.78	84.647
845.96	84.796
846.14	84.985
846.32	85.161
846.50	85.292
846.68	85.502
846.86	85.643
847.04	85.779
847.22	85.868
847.39	86.026
847.57	86.123
847.75	86.217
847.93	86.260
848.11	86.326
848.29	86.446
848.47	86.478
848.65	86.602
848.82	86.631
849.00	86.685
849.18	86.709
849.36	86.726
849.54	86.775
849.72	86.755
849.89	86.786
850.07	86.839
850.25	86.841
850.43	86.790
850.61	86.777
850.79	86.722
850.97	86.774
851.14	86.780
851.32	86.752
851.50	86.761
851.68	86.805
851.86	86.844
852.04	86.796
852.21	86.817
852.39	86.812
852.57	86.871
852.75	86.861
852.93	86.857
853.10	86.830
853.28	86.767
853.46	86.745
853.64	86.657
853.82	86.542
854.00	86.539
854.17	86.469
854.35	86.372
854.53	86.323
854.71	86.224
854.89	86.090
855.06	86.040
855.24	85.973
855.42	85.868
855.60	85.704
855.78	85.595
855.95	85.463
856.13	85.343
856.31	85.134
856.49	84.974
856.66	84.856
856.84	84.676
857.02	84.590
857.20	84.494
857.38	84.324
857.55	84.178
857.73	83.946
857.91	83.830
858.09	83.652
858.26	83.487
858.44	83.329
858.62	83.189
858.80	82.992
858.97	82.806
859.15	82.611
859.33	82.392
859.51	82.215
859.68	82.020
859.86	81.811
860.04	81.628
860.22	81.423
860.39	81.208
860.57	80.997
860.75	80.716
860.93	80.481
861.10	80.351
861.28	80.167
861.46	79.942
861.64	79.731
861.81	79.572
861.99	79.350
862.17	79.118
862.35	78.914
862.52	78.746
862.70	78.536
862.88	78.360
863.05	78.149
863.23	77.930
863.41	77.741
863.59	77.524
863.76	77.367
863.94	77.173
864.12	76.989
864.29	76.828
864.47	76.620
864.65	76.425
864.83	76.154
865.00	75.921
865.18	75.762
865.36	75.575
865.53	75.377
865.71	75.244
865.89	75.053
866.06	74.841
866.24	74.601
866.42	74.402
866.59	74.171
866.77	74.022
866.95	73.826
867.12	73.579
867.30	73.410
867.48	73.174
867.65	72.976
867.83	72.758
868.01	72.580
868.18	72.393
868.36	72.202
868.54	72.055
868.71	71.912
868.89	71.759
869.07	71.576
869.24	71.416
869.42	71.218
869.60	71.072
869.77	70.966
869.95	70.828
870.13	70.679
870.30	70.572
870.48	70.393
870.66	70.252
870.83	70.158
871.01	69.981
871.18	69.877
871.36	69.751
871.54	69.622
871.71	69.495
871.89	69.407
872.07	69.243
872.24	69.129
872.42	69.039
872.59	68.932
872.77	68.823
872.95	68.728
873.12	68.599
873.30	68.482
873.48	68.386
873.65	68.299
873.83	68.214
874.00	68.112
874.18	68.043
874.36	67.996
874.53	67.925
874.71	67.859
874.88	67.799
875.06	67.787
875.24	67.788
875.41	67.767
875.59	67.746
875.76	67.788
875.94	67.743
876.11	67.644
876.29	67.571
876.47	67.557
876.64	67.517
876.82	67.495
876.99	67.474
877.17	67.450
877.35	67.448
877.52	67.430
877.70	67.405
877.87	67.415
878.05	67.419
878.22	67.442
878.40	67.511
878.57	67.509
878.75	67.483
878.93	67.462
879.10	67.467
879.28	67.487
879.45	67.512
879.63	67.513
879.80	67.539
879.98	67.605
880.15	67.646
880.33	67.715
880.50	67.778
880.68	67.892
880.86	67.961
881.03	68.045
881.21	68.147
881.38	68.244
881.56	68.421
881.73	68.496
881.91	68.580
882.08	68.652
882.26	68.799
882.43	68.937
882.61	69.118
882.78	69.252
882.96	69.401
883.13	69.518
883.31	69.686
883.48	69.893
883.66	70.058
883.83	70.212
884.01	70.325
884.18	70.540
884.36	70.695
884.53	70.829
884.71	70.979
884.88	71.093
885.06	71.261
885.23	71.318
885.41	71.464
885.58	71.577
885.76	71.745
885.93	71.827
886.11	72.010
886.28	72.108
886.46	72.242
886.63	72.366
886.81	72.487
886.98	72.668
887.15	72.768
887.33	72.940
887.50	73.141
887.68	73.312
887.85	73.408
888.03	73.547
888.20	73.699
888.38	73.854
888.55	74.030
888.73	74.111
888.90	74.258
889.08	74.391
889.25	74.530
889.42	74.653
889.60	74.843
889.77	74.912
889.95	75.058
890.12	75.145
890.30	75.240
890.47	75.330
890.64	75.453
890.82	75.588
890.99	75.685
891.17	75.773
891.34	75.874
891.52	75.972
891.69	76.088
891.86	76.218
892.04	76.320
892.21	76.451
892.39	76.667
892.56	76.823
892.73	76.918
892.91	77.058
893.08	77.247
893.26	77.334
893.43	77.495
893.60	77.581
893.78	77.739
893.95	77.888
894.13	78.124
894.30	78.265
894.47	78.468
894.65	78.602
894.82	78.748
895.00	78.887
895.17	79.058
895.34	79.225
895.52	79.393
895.69	79.510
895.86	79.644
896.04	79.682
896.21	79.837
896.39	80.019
896.56	80.181
896.73	80.195
896.91	80.237
897.08	80.315
897.25	80.486
897.43	80.536
897.60	80.626
897.77	80.619
897.95	80.603
898.12	80.588
898.30	80.685
898.47	80.681
898.64	80.730
898.82	80.734
898.99	80.712
899.16	80.693
899.34	80.675
899.51	80.576
899.68	80.550
899.86	80.487
900.03	80.404
900.20	80.334
900.38	80.346
900.55	80.422
900.72	80.355
900.90	80.273
901.07	80.356
901.24	80.313
901.41	80.323
901.59	80.330
901.76	80.322
901.93	80.258
902.11	80.189
902.28	80.167
902.45	80.257
902.63	80.287
902.80	80.245
902.97	80.241
903.15	80.338
903.32	80.405
903.49	80.388
903.66	80.417
903.84	80.431
904.01	80.397
904.18	80.355
904.36	80.370
904.53	80.334
904.70	80.255
904.87	80.230
905.05	80.137
905.22	80.147
905.39	80.095
905.56	80.005
905.74	79.956
905.91	79.856
906.08	79.713
906.26	79.598
906.43	79.496
906.60	79.374
906.77	79.194
906.95	79.061
907.12	78.918
907.29	78.738
907.46	78.692
907.64	78.589
907.81	78.467
907.98	78.286
908.15	78.172
908.33	78.039
908.50	77.901
908.67	77.787
908.84	77.644
909.01	77.481
909.19	77.392
909.36	77.271
909.53	77.130
909.70	76.896
909.88	76.784
910.05	76.611
910.22	76.532
910.39	76.411
910.57	76.309
910.74	76.222
910.91	76.172
911.08	75.942
911.25	75.787
911.43	75.648
911.60	75.502
911.77	75.346
911.94	75.109
912.11	74.941
912.29	74.738
912.46	74.492
912.63	74.281
912.80	74.055
912.97	73.854
913.15	73.702
913.32	73.577
913.49	73.351
913.66	73.260
913.83	73.026
914.00	72.800
914.18	72.586
914.35	72.388
914.52	72.115
914.69	71.921
914.86	71.718
915.03	71.517
915.21	71.385
915.38	71.164
915.55	71.083
915.72	70.915
915.89	70.793
916.06	70.712
916.24	70.643
916.41	70.484
916.58	70.368
916.75	70.164
916.92	69.995
917.09	69.795
917.26	69.532
917.44	69.326
917.61	69.196
917.78	68.990
917.95	68.838
918.12	68.664
918.29	68.547
918.46	68.359
918.64	68.195
918.81	68.065
918.98	67.941
919.15	67.758
919.32	67.616
919.49	67.386
919.66	67.178
919.83	66.982
920.00	66.812
920.18	66.662
920.35	66.632
920.52	66.512
920.69	66.468
920.86	66.455
921.03	66.368
921.20	66.243
921.37	66.140
921.54	65.887
921.71	65.785
921.89	65.635
922.06	65.569
922.23	65.468
922.40	65.335
922.57	65.140
922.74	65.055
922.91	64.980
923.08	64.926
923.25	64.836
923.42	64.735
923.59	64.710
923.76	64.519
923.93	64.317
924.11	64.154
924.28	64.019
924.45	63.894
924.62	63.869
924.79	63.778
924.96	63.624
925.13	63.598
925.30	63.493
925.47	63.351
925.64	63.268
925.81	63.209
925.98	63.154
926.15	63.139
926.32	62.986
926.49	62.880
926.66	62.796
926.83	62.707
927.00	62.689
927.17	62.577
927.34	62.639
927.51	62.610
927.69	62.664
927.86	62.642
928.03	62.537
928.20	62.504
928.37	62.426
928.54	62.470
928.71	62.457
928.88	62.491
929.05	62.538
929.22	62.538
929.39	62.495
929.56	62.431
929.73	62.397
929.90	62.448
930.07	62.447
930.24	62.414
930.41	62.423
930.58	62.474
930.75	62.536
930.92	62.477
931.09	62.471
931.26	62.446
931.43	62.430
931.60	62.437
931.77	62.395
931.94	62.475
932.11	62.516
932.27	62.531
932.44	62.570
932.61	62.604
932.78	62.573
932.95	62.684
933.12	62.674
933.29	62.732
933.46	62.765
933.63	62.733
933.80	62.786
933.97	62.823
934.14	62.812
934.31	62.770
934.48	62.837
934.65	62.882
934.82	62.947
934.99	62.991
935.16	63.068
935.33	63.162
935.50	63.309
935.67	63.392
935.84	63.454
936.00	63.474
936.17	63.538
936.34	63.665
936.51	63.648
936.68	63.696
936.85	63.731
937.02	63.842
937.19	63.901
937.36	64.049
937.53	64.054
937.70	64.144
937.87	64.239
938.03	64.265
938.20	64.326
938.37	64.392
938.54	64.457
938.71	64.527
938.88	64.628
939.05	64.548
939.22	64.511
939.39	64.583
939.56	64.744
939.72	64.780
939.89	64.831
940.06	64.902
940.23	64.992
940.40	65.078
940.57	65.225
940.74	65.382
940.91	65.424
941.08	65.609
941.24	65.694
941.41	65.853
941.58	66.083
941.75	66.222
941.92	66.380
942.09	66.517
942.26	66.610
942.42	66.671
942.59	66.888
942.76	67.229
942.93	67.395
943.10	67.420
943.27	67.604
943.44	67.728
943.60	67.914
943.77	67.933
943.94	68.157
944.11	68.186
944.28	68.266
944.45	68.398
944.61	68.489
944.78	68.510
944.95	68.563
945.12	68.738
945.29	68.845
945.46	68.816
945.62	68.834
945.79	69.052
945.96	69.345
946.13	69.498
946.30	69.481
946.46	69.634
946.63	69.735
946.80	69.860
946.97	70.023
947.14	70.077
947.31	70.571
947.47	70.763
947.64	70.909
947.81	71.069
947.98	71.233
948.15	71.321
948.31	71.535
948.48	71.664
948.65	71.643
948.82	71.762
948.98	71.912
949.15	72.232
949.32	72.241
949.49	72.199
949.66	72.234
949.82	72.299
949.99	72.396
950.16	72.517
950.33	72.461
950.49	72.522
950.66	72.486
950.83	72.318
951.00	72.151
951.16	71.964
951.33	71.973
951.50	71.911
951.67	71.954
951.83	71.991
952.00	71.992
952.17	71.937
952.34	71.941
952.50	72.084
952.67	71.994
952.84	72.057
953.01	71.985
953.17	71.996
953.34	72.094
953.51	72.008
953.68	71.912
953.84	71.866
954.01	71.798
954.18	71.733
954.34	71.770
954.51	71.855
954.68	72.015
954.85	72.028
955.01	72.164
955.18	72.412
955.35	72.156
955.51	72.093
955.68	72.198
955.85	72.378
956.02	72.236
956.18	72.276
956.35	72.180
956.52	72.230
956.68	72.209
956.85	72.073
957.02	72.133
957.18	72.151
957.35	72.161
957.52	72.240
957.69	72.375
957.85	72.395
958.02	72.254
958.19	72.114
958.35	72.060
958.52	71.805
958.69	71.449
958.85	71.592
959.02	71.681
959.19	71.419
959.35	71.244
959.52	71.271
959.69	71.238
959.85	71.245
960.02	71.237
960.19	71.116
960.35	71.050
960.52	70.915
960.68	70.878
960.85	70.933
961.02	70.691
961.18	70.641
961.35	70.396
961.52	70.410
961.68	70.392
961.85	70.330
962.02	70.348
962.18	70.360
962.35	70.162
962.51	69.971
962.68	69.970
962.85	69.853
963.01	69.563
963.18	69.457
963.35	69.086
963.51	68.896
963.68	68.885
963.84	68.602
964.01	68.638
964.18	68.491
964.34	68.239
964.51	68.044
964.67	67.878
964.84	67.834
965.01	67.613
965.17	67.356
965.34	67.304
965.50	67.082
965.67	67.040
965.84	67.014
966.00	67.141
966.17	67.220
966.33	67.080
966.50	66.967
966.66	66.898
966.83	66.966
967.00	66.855
967.16	66.638
967.33	66.606
967.49	66.413
967.66	66.589
967.82	66.425
967.99	66.566
968.16	66.474
968.32	66.368
968.49	66.190
968.65	66.342
968.82	66.201
968.98	66.251
969.15	65.928
969.31	65.589
969.48	65.303
969.64	64.973
969.81	64.955
969.98	64.907
970.14	64.500
970.31	64.455
970.47	64.194
970.64	63.992
970.80	63.999
970.97	63.481
971.13	63.109
971.30	63.015
971.46	62.786
971.63	62.572
971.79	62.643
971.96	62.666
972.12	62.353
972.29	61.975
972.45	61.800
972.62	61.754
972.78	61.849
972.95	61.460
973.11	61.265
973.28	61.101
973.44	61.083
973.61	61.369
973.77	61.100
973.94	61.096
974.10	61.204
974.27	61.217
974.43	61.514
974.60	61.419
974.76	61.365
974.93	61.354
975.09	61.183
975.26	60.863
975.42	60.720
975.59	60.542
975.75	60.893
975.92	60.825
976.08	60.407
976.24	60.246
976.41	60.116
976.57	60.142
976.74	59.982
976.90	59.617
977.07	59.095
977.23	59.098
977.40	58.927
977.56	58.327
977.73	57.901
977.89	57.573
978.05	57.219
978.22	57.066
978.38	56.796
978.55	56.492
978.71	56.366
978.88	56.365
979.04	56.356
979.20	56.099
979.37	55.939
979.53	55.930
979.70	55.986
979.86	56.194
980.03	56.016
980.19	55.928
980.35	56.005
980.52	55.856
980.68	55.896
980.85	55.822
981.01	55.928
981.17	55.927
981.34	55.741
981.50	55.694
981.67	55.703
981.83	55.508
981.99	55.537
982.16	55.250
982.32	54.424
982.49	54.481
982.65	54.259
982.81	54.385
982.98	54.317
983.14	54.219
983.30	53.789
983.47	53.760
983.63	53.480
983.80	53.261
983.96	52.994
984.12	53.385
984.29	53.516
984.45	53.728
984.61	53.477
984.78	53.735
984.94	54.000
985.10	54.452
985.27	54.395
985.43	54.898
985.59	55.258
985.76	55.885
985.92	55.983
986.08	56.362
986.25	55.852
986.41	56.495
986.57	55.995
986.74	56.344
986.90	56.243
987.06	56.201
987.23	56.171
987.39	56.090
987.55	55.066
987.72	54.704
987.88	53.909
988.04	54.229
988.21	54.601
988.37	54.297
988.53	53.525
988.70	53.752
988.86	53.123
989.02	52.755
989.19	52.326
989.35	52.227
989.51	51.518
989.67	51.546
989.84	51.046
990.00	51.057
990.16	51.315
990.33	51.502
990.49	51.942
990.65	51.981
990.82	52.239
990.98	52.432
991.14	52.460
991.30	53.588
991.47	52.970
991.63	52.975
991.79	53.991
991.95	54.189
992.12	54.307
992.28	54.626
992.44	54.846
992.61	54.986
992.77	55.104
992.93	55.644
993.09	55.766
993.26	55.950
993.42	56.572
993.58	56.146
993.74	55.791
993.91	55.250
994.07	55.064
994.23	55.400
994.39	55.411
994.55	55.594
994.72	54.730
994.88	54.991
995.04	54.583
995.20	53.968
995.37	53.730
995.53	53.741
995.69	53.359
995.85	53.022
996.02	53.131
996.18	53.178
996.34	52.755
996.50	52.668
996.66	53.454
996.83	52.783
996.99	51.953
997.15	52.690
997.31	52.709
997.47	53.146
997.64	52.917
997.80	53.290
997.96	53.951
998.12	54.387
998.28	55.224
998.45	55.424
998.61	55.438
998.77	55.422
998.93	55.406
999.09	56.753
999.25	56.899
999.42	58.011
999.58	57.750
999.74	57.570
999.90	57.492
1000.06	56.534
1000.22	56.879
1000.39	57.640
1000.55	57.261
1000.71	57.889
1000.87	57.557
1001.03	57.282
1001.19	57.375
1001.36	56.534
1001.52	55.974
1001.68	55.416
1001.84	55.666
1002.00	54.484
1002.16	54.382
1002.32	53.930
1002.49	52.091
1002.65	51.767
1002.81	50.921
1002.97	51.076
1003.13	51.017
1003.29	52.034
1003.45	51.685
1003.62	52.470
1003.78	52.287
1003.94	52.598
1004.10	51.938
1004.26	52.186
1004.42	51.907
1004.58	51.667
1004.74	52.169
1004.90	53.884
1005.07	53.919
1005.23	53.035
1005.39	54.192
1005.55	54.553
1005.71	54.196
1005.87	55.466
1006.03	56.383
1006.19	56.608
1006.35	56.291
1006.51	57.138
1006.67	56.763
1006.84	56.899
1007.00	56.347
1007.16	57.620
1007.32	56.248
1007.48	57.059
1007.64	58.402
1007.80	58.301
1007.96	57.082
1008.12	57.598
1008.28	55.632
1008.44	56.713
1008.60	57.415
1008.76	56.289
1008.92	55.530
1009.09	55.542
1009.25	55.051
1009.41	54.249
1009.57	54.857
1009.73	55.429
1009.89	55.802
1010.05	56.453
1010.21	57.721
1010.37	57.398
1010.53	57.900
1010.69	59.570
1010.85	58.691
1011.01	57.151
1011.17	56.265
1011.33	58.237
1011.49	58.311
1011.65	58.393
1011.81	57.516
1011.97	57.768
1012.13	60.086
1012.29	61.016
1012.45	62.361
1012.61	65.522
1012.77	63.256
1012.93	62.260
1013.09	61.147
1013.25	61.230
1013.41	61.140
1013.57	58.840
1013.73	58.622
1013.89	55.539
1014.05	56.837
1014.21	55.154
1014.37	53.647
1014.53	52.692
1014.69	52.170
1014.85	52.103
1015.01	53.668
1015.17	56.586
1015.33	55.979
1015.49	53.916
1015.65	56.558
1015.81	56.916
1015.97	52.931
1016.13	55.901
1016.29	56.092
1016.45	56.337
1016.61	56.702
1016.77	53.963
1016.93	55.011
1017.09	53.732
1017.25	54.804
1017.41	53.830
1017.56	56.363
1017.72	61.341
1017.88	63.605
1018.04	65.176
1018.20	62.526
1018.36	62.935
1018.52	59.215
1018.68	60.860
1018.84	61.978
1019.00	58.456
1019.16	59.266
1019.32	63.513
1019.48	65.504
1019.64	66.509
1019.79	65.326
1019.95	61.410
1020.11	66.627
1020.27	66.002
1020.43	71.218
1020.59	72.406
1020.75	70.125
1020.91	73.351
1021.07	67.218
1021.23	66.184
1021.39	63.310
1021.54	68.573
1021.70	65.619
1021.86	64.113
1022.02	62.057
1022.18	59.312
1022.34	61.861
1022.50	60.767
1022.66	56.787
1022.82	55.723
1022.97	55.234
1023.13	57.410
1023.29	62.090
1023.45	60.018
1023.61	60.023
1023.77	57.384
1023.93	58.943
1024.08	59.241
1024.24	54.944
1024.40	53.412
1024.56	59.696
1024.72	55.723
1024.88	45.551
1025.04	48.474
1025.19	51.277
1025.35	49.727
1025.51	54.472
1025.67	56.868
1025.83	53.463
1025.99	56.729
1026.14	54.097
1026.30	59.013
1026.46	60.534
1026.62	57.013
1026.78	54.050
1026.94	52.765
1027.09	51.916
1027.25	48.522
1027.41	46.367
1027.57	47.316
1027.73	48.893
1027.89	45.010
1028.04	46.203
1028.20	45.977
1028.36	45.624
1028.52	44.760
1028.68	45.299
1028.83	45.378
1028.99	43.821
1029.15	45.062
1029.31	43.738
1029.47	44.273
1029.62	43.535
1029.78	41.954
1029.94	41.108
1030.10	41.653
1030.25	41.498
1030.41	42.918
1030.57	44.545
1030.73	48.220
1030.89	45.879
1031.04	49.639
1031.20	50.200
1031.36	54.781
1031.52	60.494
1031.67	64.670
1031.83	65.170
1031.99	71.775
1032.15	62.323
1032.30	66.491
1032.46	67.195
1032.62	62.205
1032.78	59.668
1032.93	62.818
1033.09	55.852
1033.25	45.015
1033.41	33.820
1033.56	27.018
1033.72	-66.618
1033.88	122.738
1034.04	18.439
1034.19	28.939
1034.35	59.797
1034.51	3.351
1034.66	42.825
1034.82	3470.833
1034.98	3470.833
1035.14	3470.833
