345.22	37.802
345.43	37.802
345.65	37.802
345.86	47.942
346.08	127.083
346.29	15.254
346.51	24.970
346.72	10.884
346.94	-240.962
347.15	-80.896
347.37	143.478
347.58	174.653
347.80	202.133
348.01	173.960
348.23	121.972
348.44	113.880
348.66	106.604
348.87	108.551
349.09	101.519
349.30	90.226
349.52	84.068
349.73	87.872
349.95	88.214
350.16	89.901
350.38	87.238
350.59	81.135
350.81	79.549
351.02	78.214
351.24	77.733
351.45	77.359
351.67	79.345
351.88	78.681
352.10	75.475
352.31	74.622
352.53	78.179
352.74	80.115
352.96	81.033
353.17	79.914
353.39	81.139
353.60	83.525
353.82	84.645
354.03	84.596
354.25	79.744
354.46	74.959
354.67	72.390
354.89	70.724
355.10	74.360
355.32	73.591
355.53	74.988
355.75	76.586
355.96	77.367
356.18	77.105
356.39	76.741
356.61	80.527
356.82	80.677
357.04	76.719
357.25	76.675
357.46	76.246
357.68	75.613
357.89	73.935
358.11	71.970
358.32	74.981
358.54	73.039
358.75	74.707
358.97	76.373
359.18	79.273
359.40	78.767
359.61	79.344
359.82	80.116
360.04	80.195
360.25	78.481
360.47	74.779
360.68	74.168
360.90	74.226
361.11	72.222
361.32	72.002
361.54	75.580
361.75	75.484
361.97	77.180
362.18	78.162
362.40	79.543
362.61	81.061
362.83	80.656
363.04	82.181
363.25	83.916
363.47	85.619
363.68	83.300
363.90	86.845
364.11	86.783
364.32	87.467
364.54	85.695
364.75	82.690
364.97	86.745
365.18	85.406
365.40	83.731
365.61	83.738
365.82	84.640
366.04	83.718
366.25	82.966
366.47	80.544
366.68	78.787
366.89	79.566
367.11	77.215
367.32	77.659
367.54	75.248
367.75	74.154
367.96	73.195
368.18	74.140
368.39	73.154
368.61	73.602
368.82	74.388
369.03	76.589
369.25	80.385
369.46	80.891
369.68	81.563
369.89	82.761
370.10	83.425
370.32	83.503
370.53	83.105
370.75	79.917
370.96	81.779
371.17	83.009
371.39	80.458
371.60	81.202
371.81	82.021
372.03	84.055
372.24	85.329
372.46	88.404
372.67	89.084
372.88	88.255
373.10	87.740
373.31	86.279
373.52	85.888
373.74	84.305
373.95	83.176
374.17	84.430
374.38	86.185
374.59	86.227
374.81	84.835
375.02	83.152
375.23	85.957
375.45	84.055
375.66	81.959
375.87	83.307
376.09	83.552
376.30	82.129
376.52	83.711
376.73	80.746
376.94	78.974
377.16	80.028
377.37	83.592
377.58	83.959
377.80	85.500
378.01	86.998
378.22	88.676
378.44	89.508
378.65	91.467
378.86	91.486
379.08	92.296
379.29	92.646
379.50	95.758
379.72	96.013
379.93	99.176
380.14	102.232
380.36	103.254
380.57	104.846
380.78	105.379
381.00	106.252
381.21	108.155
381.42	109.404
381.64	109.740
381.85	109.314
382.06	109.606
382.28	109.598
382.49	109.088
382.70	109.602
382.92	109.896
383.13	109.272
383.34	109.826
383.56	110.843
383.77	112.114
383.98	111.787
384.20	112.874
384.41	113.040
384.62	113.319
384.83	113.926
385.05	114.364
385.26	115.301
385.47	116.136
385.69	117.013
385.90	117.867
386.11	118.606
386.33	119.584
386.54	120.423
386.75	121.091
386.97	122.254
387.18	123.004
387.39	123.934
387.60	124.374
387.82	124.859
388.03	125.238
388.24	125.771
388.46	126.154
388.67	126.288
388.88	126.228
389.09	126.096
389.31	125.837
389.52	125.564
389.73	125.005
389.95	124.532
390.16	123.972
390.37	123.474
390.58	122.984
390.80	122.247
391.01	121.679
391.22	121.147
391.44	120.235
391.65	119.474
391.86	118.735
392.07	118.408
392.29	117.933
392.50	117.403
392.71	116.895
392.92	116.635
393.14	116.254
393.35	116.113
393.56	116.122
393.78	116.191
393.99	116.477
394.20	116.891
394.41	117.209
394.63	117.561
394.84	118.145
395.05	118.889
395.26	119.563
395.48	120.270
395.69	120.933
395.90	121.901
396.11	122.786
396.33	123.635
396.54	124.529
396.75	125.253
396.96	126.011
397.18	126.665
397.39	127.283
397.60	127.922
397.81	128.423
398.03	128.746
398.24	129.016
398.45	129.105
398.66	129.103
398.87	129.066
399.09	128.891
399.30	128.482
399.51	127.880
399.72	127.357
399.94	126.730
400.15	126.028
400.36	125.167
400.57	124.276
400.79	123.380
401.00	122.349
401.21	121.420
401.42	120.463
401.63	119.508
401.85	118.632
402.06	117.861
402.27	117.105
402.48	116.482
402.69	115.928
402.91	115.403
403.12	114.942
403.33	114.703
403.54	114.623
403.76	114.511
403.97	114.612
404.18	114.832
404.39	115.163
404.60	115.619
404.82	116.188
405.03	116.864
405.24	117.541
405.45	118.324
405.66	119.164
405.88	120.028
406.09	120.969
406.30	121.804
406.51	122.564
406.72	123.373
406.94	124.140
407.15	124.838
407.36	125.567
407.57	126.216
407.78	126.711
407.99	127.054
408.21	127.376
408.42	127.590
408.63	127.727
408.84	127.670
409.05	127.541
409.27	127.207
409.48	126.712
409.69	126.157
409.90	125.577
410.11	124.901
410.32	124.159
410.54	123.282
410.75	122.333
410.96	121.364
411.17	120.347
411.38	119.334
411.59	118.332
411.81	117.257
412.02	116.227
412.23	115.246
412.44	114.360
412.65	113.610
412.86	112.924
413.08	112.236
413.29	111.639
413.50	111.224
413.71	110.933
413.92	110.737
414.13	110.647
414.34	110.643
414.56	110.680
414.77	110.885
414.98	111.171
415.19	111.696
415.40	112.304
415.61	112.977
415.82	113.669
416.04	114.459
416.25	115.242
416.46	116.103
416.67	117.033
416.88	117.904
417.09	118.770
417.30	119.574
417.52	120.420
417.73	121.168
417.94	121.836
418.15	122.465
418.36	123.101
418.57	123.551
418.78	123.906
418.99	124.250
419.21	124.452
419.42	124.578
419.63	124.552
419.84	124.412
420.05	124.140
420.26	123.740
420.47	123.199
420.68	122.675
420.89	122.043
421.11	121.253
421.32	120.508
421.53	119.635
421.74	118.750
421.95	117.845
422.16	116.946
422.37	116.040
422.58	115.054
422.79	114.072
423.01	113.189
423.22	112.324
423.43	111.545
423.64	110.808
423.85	110.166
424.06	109.611
424.27	109.116
424.48	108.744
424.69	108.546
424.90	108.430
425.11	108.403
425.33	108.483
425.54	108.660
425.75	108.899
425.96	109.251
426.17	109.714
426.38	110.260
426.59	110.878
426.80	111.554
427.01	112.329
427.22	113.184
427.43	114.125
427.64	115.021
427.85	115.885
428.07	116.806
428.28	117.665
428.49	118.537
428.70	119.386
428.91	120.188
429.12	120.893
429.33	121.592
429.54	122.217
429.75	122.746
429.96	123.263
430.17	123.671
430.38	123.974
430.59	124.114
430.80	124.137
431.01	124.082
431.22	123.961
431.44	123.714
431.65	123.377
431.86	122.905
432.07	122.384
432.28	121.802
432.49	121.122
432.70	120.366
432.91	119.508
433.12	118.595
433.33	117.646
433.54	116.736
433.75	115.784
433.96	114.843
434.17	113.818
434.38	112.851
434.59	111.923
434.80	111.024
435.01	110.263
435.22	109.564
435.43	108.933
435.64	108.346
435.85	107.842
436.06	107.418
436.27	107.117
436.48	106.934
436.69	106.789
436.90	106.777
437.11	106.887
437.33	107.089
437.54	107.400
437.75	107.844
437.96	108.292
438.17	108.828
438.38	109.381
438.59	110.078
438.80	110.790
439.01	111.607
439.22	112.490
439.43	113.244
439.64	114.059
439.85	114.890
440.06	115.695
440.27	116.537
440.48	117.304
440.69	118.035
440.90	118.705
441.11	119.385
441.32	119.966
441.53	120.476
441.74	120.888
441.95	121.264
442.16	121.521
442.37	121.663
442.58	121.749
442.79	121.767
443.00	121.685
443.21	121.512
443.42	121.174
443.62	120.688
443.83	120.298
444.04	119.774
444.25	119.178
444.46	118.496
444.67	117.729
444.88	116.946
445.09	116.088
445.30	115.199
445.51	114.252
445.72	113.279
445.93	112.359
446.14	111.411
446.35	110.436
446.56	109.533
446.77	108.672
446.98	107.814
447.19	106.983
447.40	106.245
447.61	105.526
447.82	104.900
448.03	104.389
448.24	103.896
448.45	103.505
448.66	103.208
448.87	102.995
449.08	102.901
449.29	102.870
449.49	102.944
449.70	103.118
449.91	103.355
450.12	103.704
450.33	104.082
450.54	104.565
450.75	105.130
450.96	105.720
451.17	106.375
451.38	107.053
451.59	107.790
451.80	108.515
452.01	109.284
452.22	110.084
452.43	110.831
452.64	111.574
452.84	112.320
453.05	113.015
453.26	113.723
453.47	114.341
453.68	114.947
453.89	115.495
454.10	115.939
454.31	116.357
454.52	116.672
454.73	116.942
454.94	117.100
455.15	117.161
455.36	117.127
455.56	117.031
455.77	116.849
455.98	116.605
456.19	116.289
456.40	115.915
456.61	115.467
456.82	114.921
457.03	114.324
457.24	113.637
457.45	112.932
457.65	112.116
457.86	111.304
458.07	110.458
458.28	109.523
458.49	108.644
458.70	107.699
458.91	106.778
459.12	105.852
459.33	104.914
459.54	104.037
459.74	103.191
459.95	102.359
460.16	101.623
460.37	100.931
460.58	100.301
460.79	99.707
461.00	99.157
461.21	98.709
461.41	98.330
461.62	98.037
461.83	97.836
462.04	97.727
462.25	97.649
462.46	97.685
462.67	97.825
462.88	98.034
463.08	98.348
463.29	98.694
463.50	99.117
463.71	99.636
463.92	100.179
464.13	100.749
464.34	101.382
464.54	102.059
464.75	102.763
464.96	103.471
465.17	104.199
465.38	104.908
465.59	105.665
465.80	106.391
466.00	107.084
466.21	107.759
466.42	108.395
466.63	109.049
466.84	109.646
467.05	110.181
467.26	110.662
467.46	111.025
467.67	111.374
467.88	111.677
468.09	111.872
468.30	112.034
468.51	112.128
468.71	112.123
468.92	112.053
469.13	111.909
469.34	111.704
469.55	111.398
469.76	111.061
469.96	110.625
470.17	110.132
470.38	109.608
470.59	108.993
470.80	108.326
471.00	107.657
471.21	106.912
471.42	106.160
471.63	105.373
471.84	104.581
472.05	103.751
472.25	102.908
472.46	102.072
472.67	101.195
472.88	100.382
473.09	99.558
473.29	98.738
473.50	97.979
473.71	97.230
473.92	96.529
474.13	95.878
474.33	95.294
474.54	94.758
474.75	94.283
474.96	93.868
475.17	93.526
475.37	93.202
475.58	92.974
475.79	92.823
476.00	92.746
476.21	92.754
476.41	92.823
476.62	92.971
476.83	93.173
477.04	93.487
477.24	93.818
477.45	94.222
477.66	94.675
477.87	95.152
478.08	95.707
478.28	96.271
478.49	96.885
478.70	97.535
478.91	98.177
479.11	98.837
479.32	99.532
479.53	100.200
479.74	100.906
479.94	101.574
480.15	102.205
480.36	102.809
480.57	103.399
480.78	103.984
480.98	104.475
481.19	104.942
481.40	105.346
481.61	105.737
481.81	106.062
482.02	106.328
482.23	106.563
482.44	106.697
482.64	106.803
482.85	106.831
483.06	106.774
483.27	106.695
483.47	106.558
483.68	106.343
483.89	106.071
484.10	105.728
484.30	105.341
484.51	104.881
484.72	104.405
484.92	103.834
485.13	103.247
485.34	102.636
485.55	101.974
485.75	101.291
485.96	100.551
486.17	99.802
486.38	99.048
486.58	98.266
486.79	97.496
487.00	96.708
487.20	95.923
487.41	95.168
487.62	94.426
487.83	93.689
488.03	92.971
488.24	92.293
488.45	91.637
488.65	91.013
488.86	90.447
489.07	89.917
489.28	89.449
489.48	89.017
489.69	88.677
489.90	88.368
490.10	88.132
490.31	87.956
490.52	87.817
490.73	87.751
490.93	87.749
491.14	87.802
491.35	87.923
491.55	88.092
491.76	88.315
491.97	88.582
492.17	88.890
492.38	89.261
492.59	89.673
492.79	90.137
493.00	90.634
493.21	91.163
493.41	91.707
493.62	92.278
493.83	92.876
494.04	93.442
494.24	94.038
494.45	94.636
494.66	95.218
494.86	95.829
495.07	96.396
495.28	96.970
495.48	97.506
495.69	98.020
495.90	98.518
496.10	98.984
496.31	99.398
496.52	99.772
496.72	100.136
496.93	100.448
497.14	100.703
497.34	100.893
497.55	101.060
497.76	101.171
497.96	101.226
498.17	101.220
498.37	101.179
498.58	101.061
498.79	100.890
498.99	100.693
499.20	100.423
499.41	100.108
499.61	99.725
499.82	99.313
500.03	98.844
500.23	98.358
500.44	97.811
500.65	97.244
500.85	96.655
501.06	96.004
501.26	95.341
501.47	94.655
501.68	93.970
501.88	93.249
502.09	92.534
502.30	91.806
502.50	91.080
502.71	90.366
502.91	89.664
503.12	88.967
503.33	88.280
503.53	87.631
503.74	86.992
503.95	86.378
504.15	85.798
504.36	85.248
504.56	84.729
504.77	84.267
504.98	83.826
505.18	83.446
505.39	83.105
505.59	82.815
505.80	82.577
506.01	82.395
506.21	82.264
506.42	82.180
506.62	82.146
506.83	82.157
507.04	82.227
507.24	82.342
507.45	82.512
507.65	82.727
507.86	82.969
508.07	83.265
508.27	83.606
508.48	83.974
508.68	84.395
508.89	84.832
509.10	85.288
509.30	85.774
509.51	86.268
509.71	86.778
509.92	87.304
510.12	87.831
510.33	88.364
510.54	88.889
510.74	89.424
510.95	89.941
511.15	90.453
511.36	90.959
511.56	91.450
511.77	91.908
511.98	92.350
512.18	92.775
512.39	93.167
512.59	93.527
512.80	93.853
513.00	94.137
513.21	94.383
513.42	94.600
513.62	94.771
513.83	94.910
514.03	94.991
514.24	95.025
514.44	95.010
514.65	94.964
514.85	94.879
515.06	94.751
515.26	94.571
515.47	94.357
515.68	94.087
515.88	93.779
516.09	93.432
516.29	93.048
516.50	92.625
516.70	92.164
516.91	91.671
517.11	91.156
517.32	90.619
517.52	90.049
517.73	89.478
517.93	88.875
518.14	88.257
518.34	87.643
518.55	87.017
518.76	86.391
518.96	85.742
519.17	85.094
519.37	84.444
519.58	83.821
519.78	83.194
519.99	82.576
520.19	81.978
520.40	81.419
520.60	80.872
520.81	80.345
521.01	79.841
521.22	79.385
521.42	78.954
521.63	78.553
521.83	78.192
522.04	77.856
522.24	77.583
522.45	77.344
522.65	77.152
522.86	77.003
523.06	76.894
523.27	76.836
523.47	76.818
523.68	76.841
523.88	76.898
524.09	77.003
524.29	77.158
524.50	77.349
524.70	77.568
524.91	77.822
525.11	78.126
525.32	78.469
525.52	78.824
525.72	79.228
525.93	79.649
526.13	80.100
526.34	80.554
526.54	81.042
526.75	81.522
526.95	82.021
527.16	82.514
527.36	83.026
527.57	83.536
527.77	84.038
527.98	84.553
528.18	85.059
528.39	85.546
528.59	86.032
528.79	86.494
529.00	86.953
529.20	87.384
529.41	87.812
529.61	88.207
529.82	88.567
530.02	88.893
530.23	89.201
530.43	89.457
530.64	89.700
530.84	89.891
531.04	90.047
531.25	90.188
531.45	90.302
531.66	90.369
531.86	90.394
532.07	90.377
532.27	90.323
532.47	90.237
532.68	90.130
532.88	89.982
533.09	89.797
533.29	89.559
533.50	89.296
533.70	88.964
533.90	88.627
534.11	88.275
534.31	87.885
534.52	87.462
534.72	87.043
534.93	86.595
535.13	86.111
535.33	85.630
535.54	85.101
535.74	84.569
535.95	84.011
536.15	83.473
536.35	82.923
536.56	82.368
536.76	81.793
536.97	81.235
537.17	80.666
537.37	80.107
537.58	79.574
537.78	79.046
537.99	78.541
538.19	78.029
538.39	77.532
538.60	77.065
538.80	76.633
539.01	76.200
539.21	75.801
539.41	75.446
539.62	75.106
539.82	74.808
540.03	74.533
540.23	74.311
540.43	74.104
540.64	73.954
540.84	73.826
541.04	73.750
541.25	73.713
541.45	73.711
541.66	73.743
541.86	73.809
542.06	73.916
542.27	74.056
542.47	74.252
542.67	74.458
542.88	74.704
543.08	74.980
543.28	75.297
543.49	75.630
543.69	75.990
543.90	76.387
544.10	76.788
544.30	77.236
544.51	77.680
544.71	78.167
544.91	78.639
545.12	79.138
545.32	79.645
545.52	80.134
545.73	80.652
545.93	81.164
546.13	81.653
546.34	82.138
546.54	82.623
546.74	83.091
546.95	83.577
547.15	84.043
547.35	84.477
547.56	84.917
547.76	85.348
547.96	85.748
548.17	86.137
548.37	86.512
548.57	86.827
548.78	87.130
548.98	87.399
549.18	87.634
549.39	87.838
549.59	88.016
549.79	88.184
550.00	88.306
550.20	88.424
550.40	88.492
550.61	88.538
550.81	88.546
551.01	88.521
551.22	88.466
551.42	88.372
551.62	88.250
551.82	88.080
552.03	87.896
552.23	87.679
552.43	87.426
552.64	87.148
552.84	86.846
553.04	86.514
553.25	86.160
553.45	85.774
553.65	85.374
553.85	84.971
554.06	84.542
554.26	84.087
554.46	83.601
554.67	83.122
554.87	82.621
555.07	82.132
555.27	81.621
555.48	81.099
555.68	80.593
555.88	80.077
556.09	79.569
556.29	79.038
556.49	78.530
556.69	78.012
556.90	77.511
557.10	77.041
557.30	76.594
557.50	76.136
557.71	75.721
557.91	75.320
558.11	74.917
558.31	74.550
558.52	74.210
558.72	73.899
558.92	73.614
559.13	73.361
559.33	73.127
559.53	72.919
559.73	72.757
559.94	72.612
560.14	72.496
560.34	72.409
560.54	72.363
560.75	72.356
560.95	72.375
561.15	72.434
561.35	72.513
561.55	72.612
561.76	72.759
561.96	72.918
562.16	73.123
562.36	73.369
562.57	73.623
562.77	73.905
562.97	74.218
563.17	74.543
563.38	74.885
563.58	75.257
563.78	75.652
563.98	76.054
564.18	76.470
564.39	76.913
564.59	77.359
564.79	77.826
564.99	78.285
565.20	78.748
565.40	79.202
565.60	79.657
565.80	80.135
566.00	80.592
566.21	81.057
566.41	81.494
566.61	81.931
566.81	82.370
567.01	82.795
567.22	83.212
567.42	83.616
567.62	83.989
567.82	84.352
568.02	84.695
568.23	85.022
568.43	85.326
568.63	85.616
568.83	85.869
569.03	86.089
569.24	86.295
569.44	86.486
569.64	86.655
569.84	86.809
570.04	86.907
570.24	86.993
570.45	87.052
570.65	87.088
570.85	87.089
571.05	87.052
571.25	86.988
571.45	86.888
571.66	86.781
571.86	86.654
572.06	86.479
572.26	86.293
572.46	86.085
572.66	85.861
572.87	85.595
573.07	85.324
573.27	85.027
573.47	84.712
573.67	84.370
573.87	84.001
574.08	83.607
574.28	83.222
574.48	82.816
574.68	82.387
574.88	81.953
575.08	81.490
575.28	81.036
575.49	80.581
575.69	80.120
575.89	79.634
576.09	79.166
576.29	78.686
576.49	78.204
576.69	77.721
576.90	77.246
577.10	76.783
577.30	76.325
577.50	75.884
577.70	75.438
577.90	75.010
578.10	74.615
578.30	74.228
578.51	73.856
578.71	73.509
578.91	73.177
579.11	72.857
579.31	72.570
579.51	72.297
579.71	72.053
579.91	71.822
580.12	71.634
580.32	71.467
580.52	71.336
580.72	71.216
580.92	71.124
581.12	71.047
581.32	71.011
581.52	71.015
581.72	71.030
581.92	71.075
582.13	71.159
582.33	71.245
582.53	71.369
582.73	71.510
582.93	71.681
583.13	71.882
583.33	72.117
583.53	72.367
583.73	72.645
583.93	72.942
584.13	73.264
584.34	73.612
584.54	73.948
584.74	74.296
584.94	74.684
585.14	75.080
585.34	75.492
585.54	75.880
585.74	76.282
585.94	76.708
586.14	77.152
586.34	77.579
586.54	78.030
586.74	78.480
586.94	78.936
587.15	79.394
587.35	79.839
587.55	80.272
587.75	80.705
587.95	81.114
588.15	81.517
588.35	81.906
588.55	82.292
588.75	82.679
588.95	83.052
589.15	83.404
589.35	83.743
589.55	84.061
589.75	84.397
589.95	84.691
590.15	84.963
590.35	85.205
590.55	85.443
590.75	85.647
590.95	85.827
591.15	85.986
591.35	86.110
591.56	86.215
591.76	86.298
591.96	86.356
592.16	86.406
592.36	86.424
592.56	86.428
592.76	86.395
592.96	86.351
593.16	86.263
593.36	86.161
593.56	86.045
593.76	85.915
593.96	85.738
594.16	85.561
594.36	85.359
594.56	85.134
594.76	84.888
594.96	84.631
595.16	84.338
595.36	84.037
595.56	83.709
595.76	83.360
595.96	82.991
596.16	82.628
596.36	82.243
596.56	81.859
596.76	81.442
596.96	81.022
597.16	80.597
597.36	80.182
597.56	79.747
597.76	79.300
597.96	78.850
598.16	78.405
598.36	77.955
598.56	77.500
598.76	77.058
598.96	76.625
599.16	76.190
599.36	75.788
599.56	75.383
599.76	74.983
599.96	74.603
600.15	74.234
600.35	73.880
600.55	73.539
600.75	73.195
600.95	72.885
601.15	72.576
601.35	72.282
601.55	72.007
601.75	71.767
601.95	71.539
602.15	71.340
602.35	71.142
602.55	70.981
602.75	70.846
602.95	70.720
603.15	70.604
603.35	70.531
603.55	70.466
603.75	70.418
603.95	70.405
604.15	70.415
604.35	70.456
604.54	70.508
604.74	70.604
604.94	70.714
605.14	70.835
605.34	70.989
605.54	71.174
605.74	71.383
605.94	71.597
606.14	71.839
606.34	72.095
606.54	72.379
606.74	72.679
606.94	72.989
607.14	73.327
607.33	73.690
607.53	74.047
607.73	74.412
607.93	74.785
608.13	75.172
608.33	75.570
608.53	75.957
608.73	76.368
608.93	76.758
609.13	77.164
609.33	77.583
609.52	78.002
609.72	78.411
609.92	78.810
610.12	79.220
610.32	79.622
610.52	80.033
610.72	80.423
610.92	80.807
611.12	81.190
611.31	81.560
611.51	81.920
611.71	82.271
611.91	82.626
612.11	82.977
612.31	83.313
612.51	83.622
612.71	83.936
612.91	84.211
613.10	84.488
613.30	84.773
613.50	85.021
613.70	85.250
613.90	85.451
614.10	85.637
614.30	85.788
614.50	85.933
614.69	86.034
614.89	86.133
615.09	86.211
615.29	86.271
615.49	86.308
615.69	86.322
615.89	86.324
616.08	86.303
616.28	86.254
616.48	86.186
616.68	86.092
616.88	85.982
617.08	85.852
617.27	85.715
617.47	85.540
617.67	85.347
617.87	85.135
618.07	84.921
618.27	84.689
618.47	84.456
618.66	84.193
618.86	83.929
619.06	83.636
619.26	83.343
619.46	83.031
619.66	82.695
619.85	82.348
620.05	81.990
620.25	81.607
620.45	81.230
620.65	80.837
620.84	80.469
621.04	80.079
621.24	79.709
621.44	79.300
621.64	78.878
621.84	78.478
622.03	78.072
622.23	77.666
622.43	77.264
622.63	76.863
622.83	76.465
623.02	76.071
623.22	75.692
623.42	75.293
623.62	74.916
623.82	74.559
624.01	74.201
624.21	73.852
624.41	73.527
624.61	73.214
624.81	72.921
625.00	72.617
625.20	72.331
625.40	72.050
625.60	71.798
625.79	71.574
625.99	71.371
626.19	71.174
626.39	70.999
626.59	70.835
626.78	70.705
626.98	70.588
627.18	70.484
627.38	70.407
627.57	70.375
627.77	70.341
627.97	70.327
628.17	70.345
628.37	70.374
628.56	70.437
628.76	70.505
628.96	70.589
629.16	70.694
629.35	70.847
629.55	71.008
629.75	71.189
629.95	71.387
630.14	71.589
630.34	71.821
630.54	72.067
630.74	72.322
630.93	72.592
631.13	72.873
631.33	73.165
631.53	73.448
631.72	73.746
631.92	74.070
632.12	74.409
632.31	74.747
632.51	75.118
632.71	75.482
632.91	75.850
633.10	76.229
633.30	76.628
633.50	76.995
633.70	77.389
633.89	77.772
634.09	78.167
634.29	78.557
634.48	78.946
634.68	79.343
634.88	79.741
635.08	80.137
635.27	80.541
635.47	80.935
635.67	81.340
635.86	81.735
636.06	82.115
636.26	82.469
636.46	82.828
636.65	83.165
636.85	83.513
637.05	83.844
637.24	84.148
637.44	84.448
637.64	84.743
637.83	85.031
638.03	85.312
638.23	85.550
638.43	85.791
638.62	86.006
638.82	86.191
639.02	86.373
639.21	86.529
639.41	86.662
639.61	86.799
639.80	86.912
640.00	87.003
640.20	87.104
640.39	87.195
640.59	87.253
640.79	87.303
640.98	87.315
641.18	87.323
641.38	87.325
641.57	87.287
641.77	87.233
641.97	87.148
642.16	87.055
642.36	86.956
642.56	86.838
642.75	86.722
642.95	86.578
643.15	86.417
643.34	86.255
643.54	86.075
643.74	85.862
643.93	85.640
644.13	85.387
644.33	85.109
644.52	84.831
644.72	84.555
644.91	84.257
645.11	83.938
645.31	83.620
645.50	83.299
645.70	82.978
645.90	82.652
646.09	82.310
646.29	81.953
646.48	81.593
646.68	81.215
646.88	80.837
647.07	80.461
647.27	80.081
647.47	79.689
647.66	79.310
647.86	78.923
648.05	78.547
648.25	78.181
648.45	77.808
648.64	77.428
648.84	77.063
649.04	76.689
649.23	76.324
649.43	75.969
649.62	75.614
649.82	75.255
650.02	74.915
650.21	74.585
650.41	74.285
650.60	73.988
650.80	73.724
651.00	73.437
651.19	73.183
651.39	72.936
651.58	72.699
651.78	72.482
651.97	72.299
652.17	72.112
652.37	71.936
652.56	71.795
652.76	71.663
652.95	71.543
653.15	71.464
653.35	71.391
653.54	71.325
653.74	71.267
653.93	71.240
654.13	71.225
654.32	71.220
654.52	71.212
654.72	71.241
654.91	71.280
655.11	71.349
655.30	71.438
655.50	71.542
655.69	71.665
655.89	71.785
656.08	71.914
656.28	72.071
656.48	72.249
656.67	72.434
656.87	72.634
657.06	72.835
657.26	73.046
657.45	73.283
657.65	73.542
657.84	73.820
658.04	74.093
658.23	74.387
658.43	74.700
658.62	75.029
658.82	75.354
659.02	75.686
659.21	76.037
659.41	76.378
659.60	76.729
659.80	77.087
659.99	77.476
660.19	77.854
660.38	78.239
660.58	78.609
660.77	78.998
660.97	79.371
661.16	79.752
661.36	80.122
661.55	80.509
661.75	80.882
661.94	81.247
662.14	81.626
662.33	82.005
662.53	82.371
662.72	82.731
662.92	83.081
663.11	83.419
663.31	83.763
663.50	84.106
663.70	84.448
663.89	84.780
664.09	85.083
664.28	85.400
664.48	85.690
664.67	85.997
664.87	86.261
665.06	86.536
665.26	86.793
665.45	87.044
665.65	87.271
665.84	87.503
666.04	87.715
666.23	87.889
666.43	88.043
666.62	88.194
666.82	88.327
667.01	88.453
667.21	88.565
667.40	88.650
667.59	88.739
667.79	88.789
667.98	88.812
668.18	88.828
668.37	88.821
668.57	88.830
668.76	88.804
668.96	88.759
669.15	88.704
669.35	88.654
669.54	88.571
669.73	88.484
669.93	88.376
670.12	88.264
670.32	88.162
670.51	88.028
670.71	87.881
670.90	87.731
671.10	87.568
671.29	87.382
671.48	87.179
671.68	86.959
671.87	86.741
672.07	86.508
672.26	86.296
672.46	86.047
672.65	85.785
672.84	85.515
673.04	85.247
673.23	84.965
673.43	84.663
673.62	84.373
673.82	84.070
674.01	83.729
674.20	83.403
674.40	83.058
674.59	82.723
674.79	82.392
674.98	82.046
675.17	81.696
675.37	81.360
675.56	81.020
675.76	80.673
675.95	80.308
676.14	79.966
676.34	79.595
676.53	79.247
676.73	78.886
676.92	78.525
677.11	78.173
677.31	77.821
677.50	77.486
677.70	77.142
677.89	76.798
678.08	76.488
678.28	76.172
678.47	75.876
678.66	75.589
678.86	75.309
679.05	75.030
679.25	74.770
679.44	74.521
679.63	74.297
679.83	74.066
680.02	73.866
680.21	73.671
680.41	73.486
680.60	73.296
680.79	73.131
680.99	72.979
681.18	72.828
681.38	72.704
681.57	72.601
681.76	72.518
681.96	72.451
682.15	72.387
682.34	72.328
682.54	72.279
682.73	72.255
682.92	72.228
683.12	72.239
683.31	72.259
683.50	72.290
683.70	72.332
683.89	72.378
684.08	72.453
684.28	72.539
684.47	72.640
684.66	72.768
684.86	72.903
685.05	73.056
685.24	73.231
685.44	73.405
685.63	73.585
685.82	73.784
686.02	73.982
686.21	74.221
686.40	74.464
686.60	74.728
686.79	74.999
686.98	75.280
687.18	75.569
687.37	75.859
687.56	76.147
687.75	76.450
687.95	76.767
688.14	77.077
688.33	77.412
688.53	77.743
688.72	78.096
688.91	78.444
689.11	78.786
689.30	79.161
689.49	79.536
689.68	79.906
689.88	80.265
690.07	80.629
690.26	80.977
690.46	81.342
690.65	81.688
690.84	82.036
691.03	82.399
691.23	82.749
691.42	83.098
691.61	83.458
691.80	83.795
692.00	84.137
692.19	84.462
692.38	84.782
692.58	85.109
692.77	85.416
692.96	85.713
693.15	86.017
693.35	86.294
693.54	86.589
693.73	86.880
693.92	87.145
694.12	87.422
694.31	87.671
694.50	87.938
694.69	88.171
694.89	88.397
695.08	88.599
695.27	88.820
695.46	89.012
695.66	89.203
695.85	89.393
696.04	89.571
696.23	89.763
696.43	89.929
696.62	90.058
696.81	90.181
697.00	90.307
697.19	90.421
697.39	90.505
697.58	90.574
697.77	90.617
697.96	90.681
698.16	90.712
698.35	90.764
698.54	90.766
698.73	90.793
698.92	90.772
699.12	90.756
699.31	90.714
699.50	90.673
699.69	90.617
699.89	90.542
700.08	90.464
700.27	90.354
700.46	90.245
700.65	90.127
700.85	90.020
701.04	89.884
701.23	89.721
701.42	89.560
701.61	89.388
701.81	89.204
702.00	89.002
702.19	88.801
702.38	88.568
702.57	88.347
702.76	88.092
702.96	87.855
703.15	87.598
703.34	87.323
703.53	87.044
703.72	86.739
703.92	86.429
704.11	86.116
704.30	85.793
704.49	85.473
704.68	85.159
704.87	84.807
705.07	84.468
705.26	84.138
705.45	83.830
705.64	83.485
705.83	83.174
706.02	82.844
706.21	82.527
706.41	82.195
706.60	81.848
706.79	81.528
706.98	81.212
707.17	80.878
707.36	80.560
707.56	80.260
707.75	79.960
707.94	79.664
708.13	79.371
708.32	79.096
708.51	78.809
708.70	78.545
708.89	78.275
709.09	78.008
709.28	77.756
709.47	77.466
709.66	77.202
709.85	76.940
710.04	76.682
710.23	76.415
710.42	76.197
710.62	75.975
710.81	75.730
711.00	75.502
711.19	75.305
711.38	75.104
711.57	74.896
711.76	74.706
711.95	74.549
712.15	74.399
712.34	74.255
712.53	74.120
712.72	73.988
712.91	73.896
713.10	73.804
713.29	73.722
713.48	73.652
713.67	73.617
713.86	73.591
714.05	73.570
714.25	73.562
714.44	73.540
714.63	73.548
714.82	73.597
715.01	73.643
715.20	73.715
715.39	73.780
715.58	73.866
715.77	73.972
715.96	74.078
716.15	74.183
716.34	74.284
716.54	74.412
716.73	74.552
716.92	74.684
717.11	74.841
717.30	75.010
717.49	75.198
717.68	75.392
717.87	75.559
718.06	75.781
718.25	76.013
718.44	76.255
718.63	76.506
718.82	76.749
719.01	77.000
719.20	77.258
719.39	77.536
719.58	77.815
719.77	78.085
719.96	78.348
720.16	78.626
720.35	78.931
720.54	79.224
720.73	79.527
720.92	79.836
721.11	80.166
721.30	80.483
721.49	80.800
721.68	81.126
721.87	81.482
722.06	81.805
722.25	82.132
722.44	82.462
722.63	82.780
722.82	83.096
723.01	83.401
723.20	83.699
723.39	84.011
723.58	84.347
723.77	84.681
723.96	85.018
724.15	85.367
724.34	85.691
724.53	86.015
724.72	86.310
724.91	86.634
725.10	86.950
725.29	87.245
725.48	87.568
725.67	87.833
725.86	88.089
726.05	88.357
726.24	88.613
726.43	88.858
726.62	89.106
726.81	89.380
727.00	89.633
727.19	89.896
727.38	90.138
727.57	90.349
727.76	90.552
727.95	90.746
728.14	90.909
728.33	91.078
728.52	91.241
728.71	91.401
728.90	91.546
729.09	91.658
729.28	91.758
729.47	91.844
729.65	91.947
729.84	92.050
730.03	92.138
730.22	92.214
730.41	92.293
730.60	92.359
730.79	92.374
730.98	92.408
731.17	92.437
731.36	92.431
731.55	92.411
731.74	92.393
731.93	92.365
732.12	92.333
732.31	92.304
732.50	92.281
732.69	92.254
732.88	92.181
733.06	92.099
733.25	92.030
733.44	91.956
733.63	91.851
733.82	91.735
734.01	91.590
734.20	91.444
734.39	91.279
734.58	91.123
734.77	90.977
734.96	90.796
735.15	90.597
735.33	90.398
735.52	90.211
735.71	90.005
735.90	89.782
736.09	89.546
736.28	89.285
736.47	89.017
736.66	88.740
736.85	88.472
737.04	88.177
737.23	87.896
737.41	87.590
737.60	87.322
737.79	87.015
737.98	86.729
738.17	86.439
738.36	86.166
738.55	85.874
738.74	85.588
738.92	85.295
739.11	85.009
739.30	84.704
739.49	84.386
739.68	84.090
739.87	83.817
740.06	83.543
740.25	83.245
740.43	82.967
740.62	82.673
740.81	82.372
741.00	82.105
741.19	81.806
741.38	81.508
741.57	81.201
741.75	80.929
741.94	80.638
742.13	80.346
742.32	80.036
742.51	79.752
742.70	79.469
742.89	79.208
743.07	78.924
743.26	78.663
743.45	78.384
743.64	78.138
743.83	77.866
744.02	77.581
744.20	77.342
744.39	77.096
744.58	76.868
744.77	76.662
744.96	76.470
745.15	76.308
745.33	76.154
745.52	76.000
745.71	75.841
745.90	75.698
746.09	75.580
746.28	75.472
746.46	75.334
746.65	75.204
746.84	75.094
747.03	74.993
747.22	74.913
747.40	74.861
747.59	74.789
747.78	74.736
747.97	74.727
748.16	74.709
748.34	74.674
748.53	74.669
748.72	74.670
748.91	74.655
749.10	74.647
749.28	74.663
749.47	74.700
749.66	74.730
749.85	74.757
750.04	74.792
750.22	74.833
750.41	74.912
750.60	75.003
750.79	75.067
750.97	75.156
751.16	75.264
751.35	75.365
751.54	75.464
751.73	75.599
751.91	75.721
752.10	75.883
752.29	76.027
752.48	76.199
752.66	76.373
752.85	76.557
753.04	76.746
753.23	76.955
753.41	77.139
753.60	77.365
753.79	77.601
753.98	77.822
754.16	78.054
754.35	78.286
754.54	78.516
754.73	78.785
754.91	79.050
755.10	79.308
755.29	79.590
755.48	79.856
755.66	80.129
755.85	80.407
756.04	80.663
756.22	80.960
756.41	81.226
756.60	81.501
756.79	81.795
756.97	82.092
757.16	82.347
757.35	82.641
757.54	82.931
757.72	83.219
757.91	83.522
758.10	83.824
758.28	84.115
758.47	84.407
758.66	84.719
758.85	85.012
759.03	85.314
759.22	85.601
759.41	85.911
759.59	86.208
759.78	86.500
759.97	86.778
760.15	87.045
760.34	87.346
760.53	87.616
760.71	87.871
760.90	88.150
761.09	88.420
761.28	88.689
761.46	88.942
761.65	89.198
761.84	89.458
762.02	89.711
762.21	89.981
762.40	90.209
762.58	90.413
762.77	90.625
762.96	90.835
763.14	91.063
763.33	91.259
763.52	91.427
763.70	91.579
763.89	91.755
764.08	91.933
764.26	92.054
764.45	92.213
764.64	92.374
764.82	92.488
765.01	92.607
765.20	92.695
765.38	92.798
765.57	92.870
765.75	92.942
765.94	92.985
766.13	93.044
766.31	93.116
766.50	93.162
766.69	93.237
766.87	93.305
767.06	93.333
767.25	93.371
767.43	93.426
767.62	93.485
767.80	93.515
767.99	93.516
768.18	93.514
768.36	93.498
768.55	93.472
768.74	93.438
768.92	93.403
769.11	93.393
769.29	93.342
769.48	93.314
769.67	93.235
769.85	93.188
770.04	93.058
770.22	92.949
770.41	92.818
770.60	92.662
770.78	92.484
770.97	92.325
771.15	92.168
771.34	91.969
771.53	91.798
771.71	91.609
771.90	91.442
772.08	91.320
772.27	91.145
772.46	90.939
772.64	90.736
772.83	90.527
773.01	90.269
773.20	90.033
773.39	89.800
773.57	89.563
773.76	89.311
773.94	89.118
774.13	88.872
774.31	88.608
774.50	88.380
774.68	88.122
774.87	87.861
775.06	87.556
775.24	87.288
775.43	86.985
775.61	86.691
775.80	86.405
775.98	86.083
776.17	85.769
776.36	85.471
776.54	85.178
776.73	84.876
776.91	84.597
777.10	84.308
777.28	83.984
777.47	83.696
777.65	83.397
777.84	83.083
778.02	82.801
778.21	82.536
778.39	82.228
778.58	81.951
778.77	81.679
778.95	81.435
779.14	81.187
779.32	80.946
779.51	80.707
779.69	80.443
779.88	80.198
780.06	79.965
780.25	79.721
780.43	79.474
780.62	79.255
780.80	79.027
780.99	78.795
781.17	78.573
781.36	78.339
781.54	78.128
781.73	77.883
781.91	77.673
782.10	77.469
782.28	77.268
782.47	77.071
782.65	76.855
782.84	76.656
783.02	76.468
783.21	76.304
783.39	76.135
783.58	75.976
783.76	75.799
783.95	75.653
784.13	75.544
784.32	75.432
784.50	75.307
784.69	75.220
784.87	75.131
785.05	75.062
785.24	74.995
785.42	74.944
785.61	74.898
785.79	74.857
785.98	74.829
786.16	74.788
786.35	74.778
786.53	74.773
786.72	74.758
786.90	74.755
787.09	74.731
787.27	74.745
787.45	74.776
787.64	74.806
787.82	74.826
788.01	74.853
788.19	74.899
788.38	74.942
788.56	74.935
788.75	74.999
788.93	75.072
789.11	75.119
789.30	75.158
789.48	75.239
789.67	75.320
789.85	75.392
790.04	75.518
790.22	75.623
790.40	75.746
790.59	75.859
790.77	75.982
790.96	76.141
791.14	76.288
791.32	76.426
791.51	76.586
791.69	76.757
791.88	76.930
792.06	77.109
792.25	77.278
792.43	77.503
792.61	77.693
792.80	77.860
792.98	78.087
793.17	78.297
793.35	78.478
793.53	78.680
793.72	78.925
793.90	79.140
794.08	79.353
794.27	79.571
794.45	79.821
794.64	80.049
794.82	80.278
795.00	80.475
795.19	80.715
795.37	80.942
795.55	81.132
795.74	81.364
795.92	81.602
796.11	81.872
796.29	82.128
796.47	82.368
796.66	82.603
796.84	82.869
797.02	83.140
797.21	83.427
797.39	83.692
797.58	83.944
797.76	84.184
797.94	84.459
798.13	84.727
798.31	85.005
798.49	85.255
798.68	85.499
798.86	85.792
799.04	86.031
799.23	86.295
799.41	86.565
799.59	86.807
799.78	87.010
799.96	87.235
800.14	87.467
800.33	87.707
800.51	87.967
800.69	88.158
800.88	88.382
801.06	88.619
801.24	88.798
801.43	88.992
801.61	89.175
801.79	89.340
801.98	89.508
802.16	89.691
802.34	89.888
802.52	90.071
802.71	90.204
802.89	90.378
803.07	90.530
803.26	90.672
803.44	90.795
803.62	90.942
803.81	91.066
803.99	91.148
804.17	91.227
804.35	91.304
804.54	91.373
804.72	91.473
804.90	91.544
805.09	91.660
805.27	91.756
805.45	91.855
805.63	91.917
805.82	91.989
806.00	91.986
806.18	92.017
806.37	92.066
806.55	92.073
806.73	92.098
806.91	92.107
807.10	92.134
807.28	92.148
807.46	92.158
807.64	92.143
807.83	92.138
808.01	92.131
808.19	92.068
808.37	92.020
808.56	91.941
808.74	91.872
808.92	91.800
809.10	91.686
809.29	91.619
809.47	91.541
809.65	91.401
809.83	91.335
810.02	91.213
810.20	91.097
810.38	90.997
810.56	90.862
810.75	90.762
810.93	90.649
811.11	90.521
811.29	90.393
811.47	90.259
811.66	90.097
811.84	89.943
812.02	89.866
812.20	89.748
812.39	89.620
812.57	89.482
812.75	89.349
812.93	89.244
813.11	89.076
813.30	88.937
813.48	88.822
813.66	88.652
813.84	88.497
814.02	88.317
814.21	88.164
814.39	87.955
814.57	87.752
814.75	87.540
814.93	87.334
815.12	87.107
815.30	86.888
815.48	86.679
815.66	86.456
815.84	86.193
816.03	85.936
816.21	85.656
816.39	85.402
816.57	85.091
816.75	84.778
816.93	84.488
817.12	84.174
817.30	83.867
817.48	83.563
817.66	83.296
817.84	83.029
818.02	82.775
818.21	82.497
818.39	82.244
818.57	81.967
818.75	81.743
818.93	81.486
819.11	81.223
819.30	80.974
819.48	80.744
819.66	80.528
819.84	80.330
820.02	80.107
820.20	79.879
820.38	79.660
820.57	79.451
820.75	79.266
820.93	79.071
821.11	78.868
821.29	78.690
821.47	78.471
821.65	78.253
821.83	78.028
822.02	77.846
822.20	77.628
822.38	77.467
822.56	77.217
822.74	77.001
822.92	76.758
823.10	76.556
823.28	76.315
823.46	76.090
823.65	75.859
823.83	75.659
824.01	75.452
824.19	75.247
824.37	75.043
824.55	74.807
824.73	74.619
824.91	74.428
825.09	74.231
825.27	74.053
825.46	73.856
825.64	73.661
825.82	73.501
826.00	73.318
826.18	73.149
826.36	73.012
826.54	72.894
826.72	72.827
826.90	72.728
827.08	72.649
827.26	72.572
827.44	72.480
827.63	72.394
827.81	72.329
827.99	72.296
828.17	72.242
828.35	72.208
828.53	72.167
828.71	72.161
828.89	72.133
829.07	72.115
829.25	72.096
829.43	72.114
829.61	72.097
829.79	72.099
829.97	72.109
830.15	72.093
830.33	72.098
830.51	72.090
830.69	72.106
830.87	72.072
831.06	72.093
831.24	72.119
831.42	72.146
831.60	72.152
831.78	72.186
831.96	72.244
832.14	72.313
832.32	72.382
832.50	72.429
832.68	72.483
832.86	72.532
833.04	72.635
833.22	72.692
833.40	72.789
833.58	72.865
833.76	72.938
833.94	73.064
834.12	73.183
834.30	73.307
834.48	73.412
834.66	73.584
834.84	73.682
835.02	73.834
835.20	73.985
835.38	74.154
835.56	74.313
835.74	74.484
835.92	74.657
836.10	74.810
836.28	74.971
836.46	75.159
836.64	75.338
836.82	75.486
837.00	75.664
837.18	75.838
837.36	76.043
837.54	76.228
837.72	76.421
837.90	76.624
838.08	76.822
838.26	77.017
838.43	77.199
838.61	77.413
838.79	77.607
838.97	77.813
839.15	78.020
839.33	78.215
839.51	78.365
839.69	78.541
839.87	78.739
840.05	78.969
840.23	79.167
840.41	79.371
840.59	79.534
840.77	79.743
840.95	79.921
841.13	80.087
841.31	80.262
841.49	80.419
841.67	80.556
841.84	80.730
842.02	80.855
842.20	81.048
842.38	81.181
842.56	81.333
842.74	81.487
842.92	81.592
843.10	81.738
843.28	81.931
843.46	82.068
843.64	82.168
843.82	82.298
843.99	82.421
844.17	82.587
844.35	82.825
844.53	82.982
844.71	83.183
844.89	83.318
845.07	83.505
845.25	83.687
845.43	83.867
845.61	84.019
845.78	84.240
845.96	84.401
846.14	84.600
846.32	84.783
846.50	84.931
846.68	85.159
846.86	85.324
847.04	85.473
847.22	85.580
847.39	85.761
847.57	85.875
847.75	85.994
847.93	86.054
848.11	86.142
848.29	86.282
848.47	86.339
848.65	86.472
848.82	86.518
849.00	86.598
849.18	86.646
849.36	86.690
849.54	86.745
849.72	86.745
849.89	86.796
850.07	86.864
850.25	86.873
850.43	86.837
850.61	86.829
850.79	86.792
850.97	86.848
851.14	86.865
851.32	86.854
851.50	86.870
851.68	86.926
851.86	86.979
852.04	86.951
852.21	86.977
852.39	86.989
852.57	87.055
852.75	87.059
852.93	87.062
853.10	87.044
853.28	87.003
853.46	86.994
853.64	86.921
853.82	86.831
854.00	86.855
854.17	86.798
854.35	86.724
854.53	86.683
854.71	86.601
854.89	86.482
855.06	86.443
855.24	86.392
855.42	86.296
855.60	86.144
855.78	86.049
855.95	85.929
856.13	85.821
856.31	85.638
856.49	85.488
856.66	85.380
856.84	85.220
857.02	85.149
857.20	85.068
857.38	84.908
857.55	84.770
857.73	84.537
857.91	84.429
858.09	84.261
858.26	84.115
858.44	83.982
858.62	83.846
858.80	83.669
858.97	83.488
859.15	83.302
859.33	83.084
859.51	82.913
859.68	82.724
859.86	82.526
860.04	82.344
860.22	82.140
860.39	81.929
860.57	81.719
860.75	81.439
860.93	81.204
861.10	81.065
861.28	80.881
861.46	80.676
861.64	80.475
861.81	80.320
861.99	80.109
862.17	79.881
862.35	79.685
862.52	79.525
862.70	79.314
862.88	79.148
863.05	78.949
863.23	78.730
863.41	78.545
863.59	78.331
863.76	78.167
863.94	77.964
864.12	77.776
864.29	77.610
864.47	77.398
864.65	77.205
864.83	76.944
865.00	76.711
865.18	76.537
865.36	76.339
865.53	76.131
865.71	75.976
865.89	75.779
866.06	75.563
866.24	75.298
866.42	75.093
866.59	74.854
866.77	74.692
866.95	74.478
867.12	74.222
867.30	74.045
867.48	73.801
867.65	73.606
867.83	73.389
868.01	73.206
868.18	73.004
868.36	72.801
868.54	72.642
868.71	72.487
868.89	72.325
869.07	72.139
869.24	71.965
869.42	71.758
869.60	71.593
869.77	71.465
869.95	71.319
870.13	71.167
870.30	71.049
870.48	70.863
870.66	70.718
870.83	70.609
871.01	70.414
871.18	70.295
871.36	70.164
871.54	70.014
871.71	69.880
871.89	69.783
872.07	69.606
872.24	69.473
872.42	69.369
872.59	69.252
872.77	69.113
872.95	69.014
873.12	68.873
873.30	68.736
873.48	68.625
873.65	68.522
873.83	68.418
874.00	68.290
874.18	68.199
874.36	68.129
874.53	68.050
874.71	67.978
874.88	67.903
875.06	67.858
875.24	67.851
875.41	67.808
875.59	67.768
875.76	67.795
875.94	67.752
876.11	67.641
876.29	67.546
876.47	67.531
876.64	67.462
876.82	67.418
876.99	67.387
877.17	67.351
877.35	67.329
877.52	67.297
877.70	67.268
877.87	67.271
878.05	67.267
878.22	67.278
878.40	67.317
878.57	67.308
878.75	67.278
878.93	67.236
879.10	67.234
879.28	67.247
879.45	67.250
879.63	67.234
879.80	67.254
879.98	67.300
880.15	67.318
880.33	67.378
880.50	67.433
880.68	67.538
880.86	67.601
881.03	67.679
881.21	67.775
881.38	67.855
881.56	68.013
881.73	68.075
881.91	68.135
882.08	68.204
882.26	68.337
882.43	68.470
882.61	68.644
882.78	68.762
882.96	68.899
883.13	69.018
883.31	69.170
883.48	69.362
883.66	69.527
883.83	69.690
884.01	69.808
884.18	70.026
884.36	70.183
884.53	70.316
884.71	70.458
884.88	70.560
885.06	70.726
885.23	70.788
885.41	70.936
885.58	71.051
885.76	71.214
885.93	71.287
886.11	71.459
886.28	71.569
886.46	71.706
886.63	71.831
886.81	71.952
886.98	72.134
887.15	72.238
887.33	72.411
887.50	72.600
887.68	72.756
887.85	72.842
888.03	72.972
888.20	73.134
888.38	73.293
888.55	73.472
888.73	73.553
888.90	73.688
889.08	73.822
889.25	73.945
889.42	74.081
889.60	74.279
889.77	74.344
889.95	74.493
890.12	74.584
890.30	74.682
890.47	74.775
890.64	74.908
890.82	75.051
890.99	75.155
891.17	75.249
891.34	75.371
891.52	75.489
891.69	75.610
891.86	75.732
892.04	75.829
892.21	75.976
892.39	76.214
892.56	76.390
892.73	76.493
892.91	76.647
893.08	76.845
893.26	76.938
893.43	77.106
893.60	77.199
893.78	77.356
893.95	77.518
894.13	77.769
894.30	77.919
894.47	78.127
894.65	78.258
894.82	78.420
895.00	78.562
895.17	78.741
895.34	78.920
895.52	79.098
895.69	79.227
895.86	79.366
896.04	79.408
896.21	79.565
896.39	79.750
896.56	79.926
896.73	79.953
896.91	80.017
897.08	80.121
897.25	80.295
897.43	80.361
897.60	80.462
897.77	80.462
897.95	80.459
898.12	80.459
898.30	80.587
898.47	80.596
898.64	80.650
898.82	80.665
898.99	80.653
899.16	80.648
899.34	80.644
899.51	80.569
899.68	80.556
899.86	80.511
900.03	80.453
900.20	80.398
900.38	80.408
900.55	80.493
900.72	80.440
900.90	80.370
901.07	80.472
901.24	80.439
901.41	80.457
901.59	80.480
901.76	80.472
901.93	80.423
902.11	80.362
902.28	80.362
902.45	80.467
902.63	80.505
902.80	80.475
902.97	80.483
903.15	80.581
903.32	80.651
903.49	80.641
903.66	80.673
903.84	80.696
904.01	80.680
904.18	80.648
904.36	80.673
904.53	80.643
904.70	80.566
904.87	80.566
905.05	80.485
905.22	80.495
905.39	80.472
905.56	80.380
905.74	80.359
905.91	80.259
906.08	80.123
906.26	80.025
906.43	79.936
906.60	79.831
906.77	79.677
906.95	79.564
907.12	79.438
907.29	79.294
907.46	79.262
907.64	79.170
907.81	79.066
907.98	78.900
908.15	78.793
908.33	78.679
908.50	78.533
908.67	78.443
908.84	78.312
909.01	78.152
909.19	78.079
909.36	77.946
909.53	77.817
909.70	77.606
909.88	77.506
910.05	77.349
910.22	77.269
910.39	77.143
910.57	77.041
910.74	76.962
910.91	76.884
911.08	76.676
911.25	76.538
911.43	76.407
911.60	76.266
911.77	76.126
911.94	75.899
912.11	75.745
912.29	75.539
912.46	75.307
912.63	75.089
912.80	74.868
912.97	74.690
913.15	74.539
913.32	74.391
913.49	74.169
913.66	74.080
913.83	73.853
914.00	73.634
914.18	73.433
914.35	73.229
914.52	72.974
914.69	72.735
914.86	72.519
915.03	72.308
915.21	72.179
915.38	71.973
915.55	71.881
915.72	71.710
915.89	71.581
916.06	71.487
916.24	71.413
916.41	71.245
916.58	71.124
916.75	70.932
916.92	70.767
917.09	70.555
917.26	70.275
917.44	70.076
917.61	69.939
917.78	69.704
917.95	69.548
918.12	69.353
918.29	69.275
918.46	69.082
918.64	68.921
918.81	68.779
918.98	68.628
919.15	68.451
919.32	68.299
919.49	68.072
919.66	67.863
919.83	67.677
920.00	67.504
920.18	67.342
920.35	67.291
920.52	67.170
920.69	67.128
920.86	67.121
921.03	67.015
921.20	66.875
921.37	66.763
921.54	66.516
921.71	66.418
921.89	66.248
922.06	66.190
922.23	66.061
922.40	65.907
922.57	65.713
922.74	65.611
922.91	65.527
923.08	65.450
923.25	65.353
923.42	65.253
923.59	65.214
923.76	65.003
923.93	64.791
924.11	64.623
924.28	64.478
924.45	64.330
924.62	64.313
924.79	64.220
924.96	64.067
925.13	64.027
925.30	63.914
925.47	63.764
925.64	63.647
925.81	63.572
925.98	63.510
926.15	63.476
926.32	63.301
926.49	63.173
926.66	63.095
926.83	62.986
927.00	62.924
927.17	62.792
927.34	62.846
927.51	62.808
927.69	62.829
927.86	62.795
928.03	62.673
928.20	62.604
928.37	62.513
928.54	62.544
928.71	62.503
928.88	62.525
929.05	62.542
929.22	62.544
929.39	62.510
929.56	62.430
929.73	62.393
929.90	62.447
930.07	62.462
930.24	62.420
930.41	62.425
930.58	62.478
930.75	62.546
930.92	62.498
931.09	62.481
931.26	62.448
931.43	62.395
931.60	62.423
931.77	62.374
931.94	62.450
932.11	62.474
932.27	62.494
932.44	62.520
932.61	62.549
932.78	62.510
932.95	62.605
933.12	62.581
933.29	62.610
933.46	62.631
933.63	62.569
933.80	62.608
933.97	62.633
934.14	62.606
934.31	62.537
934.48	62.563
934.65	62.596
934.82	62.686
934.99	62.743
935.16	62.793
935.33	62.870
935.50	62.995
935.67	63.079
935.84	63.142
936.00	63.155
936.17	63.215
936.34	63.339
936.51	63.321
936.68	63.375
936.85	63.424
937.02	63.521
937.19	63.599
937.36	63.723
937.53	63.710
937.70	63.808
937.87	63.913
938.03	63.939
938.20	64.011
938.37	64.068
938.54	64.135
938.71	64.204
938.88	64.329
939.05	64.239
939.22	64.189
939.39	64.265
939.56	64.430
939.72	64.513
939.89	64.539
940.06	64.608
940.23	64.706
940.40	64.780
940.57	64.919
940.74	65.062
940.91	65.119
941.08	65.355
941.24	65.447
941.41	65.620
941.58	65.852
941.75	65.980
941.92	66.127
942.09	66.256
942.26	66.337
942.42	66.384
942.59	66.618
942.76	66.980
942.93	67.143
943.10	67.155
943.27	67.314
943.44	67.479
943.60	67.681
943.77	67.677
943.94	67.901
944.11	67.944
944.28	68.030
944.45	68.152
944.61	68.211
944.78	68.241
944.95	68.296
945.12	68.482
945.29	68.590
945.46	68.564
945.62	68.601
945.79	68.818
945.96	69.128
946.13	69.279
946.30	69.265
946.46	69.435
946.63	69.548
946.80	69.653
946.97	69.828
947.14	69.894
947.31	70.410
947.47	70.644
947.64	70.839
947.81	71.008
947.98	71.207
948.15	71.324
948.31	71.552
948.48	71.673
948.65	71.684
948.82	71.857
948.98	72.009
949.15	72.304
949.32	72.342
949.49	72.325
949.66	72.389
949.82	72.470
949.99	72.592
950.16	72.720
950.33	72.700
950.49	72.756
950.66	72.714
950.83	72.564
951.00	72.381
951.16	72.172
951.33	72.200
951.50	72.114
951.67	72.181
951.83	72.195
952.00	72.198
952.17	72.119
952.34	72.098
952.50	72.269
952.67	72.227
952.84	72.296
953.01	72.209
953.17	72.238
953.34	72.346
953.51	72.257
953.68	72.171
953.84	72.153
954.01	72.084
954.18	72.013
954.34	72.082
954.51	72.170
954.68	72.320
954.85	72.295
955.01	72.438
955.18	72.656
955.35	72.453
955.51	72.446
955.68	72.571
955.85	72.747
956.02	72.598
956.18	72.639
956.35	72.575
956.52	72.657
956.68	72.639
956.85	72.492
957.02	72.534
957.18	72.594
957.35	72.588
957.52	72.705
957.69	72.844
957.85	72.866
958.02	72.728
958.19	72.610
958.35	72.612
958.52	72.380
958.69	72.040
958.85	72.209
959.02	72.281
959.19	72.026
959.35	71.895
959.52	71.958
959.69	71.940
959.85	71.959
960.02	71.973
960.19	71.872
960.35	71.829
960.52	71.728
960.68	71.669
960.85	71.778
961.02	71.523
961.18	71.529
961.35	71.331
961.52	71.397
961.68	71.424
961.85	71.358
962.02	71.425
962.18	71.467
962.35	71.193
962.51	71.021
962.68	71.086
962.85	70.952
963.01	70.672
963.18	70.581
963.35	70.220
963.51	70.003
963.68	69.976
963.84	69.738
964.01	69.759
964.18	69.638
964.34	69.383
964.51	69.189
964.67	68.976
964.84	68.932
965.01	68.722
965.17	68.450
965.34	68.463
965.50	68.183
965.67	68.126
965.84	68.185
966.00	68.325
966.17	68.404
966.33	68.293
966.50	68.192
966.66	68.135
966.83	68.236
967.00	68.152
967.16	67.944
967.33	67.901
967.49	67.743
967.66	67.904
967.82	67.747
967.99	67.921
968.16	67.897
968.32	67.787
968.49	67.552
968.65	67.731
968.82	67.530
968.98	67.635
969.15	67.309
969.31	66.999
969.48	66.692
969.64	66.369
969.81	66.355
969.98	66.286
970.14	65.950
970.31	65.893
970.47	65.596
970.64	65.401
970.80	65.443
970.97	64.925
971.13	64.584
971.30	64.428
971.46	64.231
971.63	63.997
971.79	64.032
971.96	64.058
972.12	63.753
972.29	63.344
972.45	63.218
972.62	63.238
972.78	63.342
972.95	62.946
973.11	62.716
973.28	62.583
973.44	62.566
973.61	62.771
973.77	62.542
973.94	62.620
974.10	62.741
974.27	62.672
974.43	62.983
974.60	62.914
974.76	62.872
974.93	62.790
975.09	62.622
975.26	62.329
975.42	62.318
975.59	62.145
975.75	62.569
975.92	62.442
976.08	61.960
976.24	61.760
976.41	61.623
976.57	61.643
976.74	61.526
976.90	61.221
977.07	60.751
977.23	60.713
977.40	60.501
977.56	59.858
977.73	59.495
977.89	59.159
978.05	58.828
978.22	58.704
978.38	58.436
978.55	58.212
978.71	58.097
978.88	58.057
979.04	58.041
979.20	57.819
979.37	57.700
979.53	57.682
979.70	57.771
979.86	58.004
980.03	57.853
980.19	57.768
980.35	57.764
980.52	57.531
980.68	57.621
980.85	57.614
981.01	57.815
981.17	57.849
981.34	57.656
981.50	57.538
981.67	57.612
981.83	57.449
981.99	57.439
982.16	57.207
982.32	56.399
982.49	56.300
982.65	56.087
982.81	56.205
982.98	56.217
983.14	56.062
983.30	55.759
983.47	55.783
983.63	55.561
983.80	55.387
983.96	55.181
984.12	55.528
984.29	55.598
984.45	55.771
984.61	55.510
984.78	55.845
984.94	56.199
985.10	56.607
985.27	56.566
985.43	57.005
985.59	57.348
985.76	57.887
985.92	58.138
986.08	58.452
986.25	57.998
986.41	58.618
986.57	58.128
986.74	58.367
986.90	58.225
987.06	58.023
987.23	57.979
987.39	57.727
987.55	56.678
987.72	56.373
987.88	55.551
988.04	56.048
988.21	56.385
988.37	56.129
988.53	55.417
988.70	55.755
988.86	55.197
989.02	54.810
989.19	54.489
989.35	54.404
989.51	53.678
989.67	53.709
989.84	53.098
990.00	53.115
990.16	53.506
990.33	53.685
990.49	54.214
990.65	54.472
990.82	54.972
990.98	55.146
991.14	55.046
991.30	56.040
991.47	55.243
991.63	55.171
991.79	55.872
991.95	56.019
992.12	56.078
992.28	56.241
992.44	56.376
992.61	56.494
992.77	56.731
992.93	57.349
993.09	57.445
993.26	57.692
993.42	58.326
993.58	57.774
993.74	57.565
993.91	57.063
994.07	56.835
994.23	57.047
994.39	57.086
994.55	57.577
994.72	56.987
994.88	57.294
995.04	56.901
995.20	56.648
995.37	56.271
995.53	56.247
995.69	56.140
995.85	55.790
996.02	55.838
996.18	56.125
996.34	55.707
996.50	55.837
996.66	56.826
996.83	56.254
996.99	55.618
997.15	56.173
997.31	56.235
997.47	56.515
997.64	56.539
997.80	56.995
997.96	57.491
998.12	57.815
998.28	58.716
998.45	59.079
998.61	58.932
998.77	58.927
998.93	59.019
999.09	60.182
999.25	60.413
999.42	61.826
999.58	61.233
999.74	61.040
999.90	60.855
1000.06	60.023
1000.22	60.355
1000.39	61.130
1000.55	60.946
1000.71	61.589
1000.87	61.457
1001.03	61.160
1001.19	61.226
1001.36	60.545
1001.52	60.141
1001.68	59.868
1001.84	60.510
1002.00	59.623
1002.16	59.747
1002.32	59.108
1002.49	57.415
1002.65	57.293
1002.81	56.312
1002.97	56.403
1003.13	56.447
1003.29	57.167
1003.45	56.824
1003.62	57.655
1003.78	57.280
1003.94	57.482
1004.10	56.761
1004.26	56.932
1004.42	56.733
1004.58	56.500
1004.74	57.081
1004.90	58.663
1005.07	58.195
1005.23	57.073
1005.39	58.390
1005.55	59.185
1005.71	58.644
1005.87	59.994
1006.03	60.963
1006.19	61.121
1006.35	60.925
1006.51	61.910
1006.67	61.638
1006.84	61.527
1007.00	61.012
1007.16	62.266
1007.32	60.684
1007.48	61.364
1007.64	62.553
1007.80	62.674
1007.96	61.730
1008.12	61.911
1008.28	60.077
1008.44	61.352
1008.60	61.677
1008.76	60.311
1008.92	59.075
1009.09	59.170
1009.25	58.805
1009.41	58.252
1009.57	58.823
1009.73	59.159
1009.89	59.596
1010.05	60.596
1010.21	62.209
1010.37	61.587
1010.53	62.748
1010.69	65.013
1010.85	64.729
1011.01	63.302
1011.17	62.452
1011.33	64.461
1011.49	64.799
1011.65	65.303
1011.81	64.700
1011.97	65.002
1012.13	67.255
1012.29	68.869
1012.45	70.575
1012.61	73.891
1012.77	71.491
1012.93	70.812
1013.09	69.710
1013.25	69.846
1013.41	70.268
1013.57	67.655
1013.73	67.237
1013.89	63.300
1014.05	64.610
1014.21	62.686
1014.37	61.317
1014.53	60.100
1014.69	59.732
1014.85	59.848
1015.01	61.621
1015.17	64.019
1015.33	65.079
1015.49	63.503
1015.65	65.497
1015.81	66.421
1015.97	62.838
1016.13	66.335
1016.29	65.855
1016.45	66.862
1016.61	67.239
1016.77	64.696
1016.93	65.556
1017.09	64.960
1017.25	66.847
1017.41	65.896
1017.56	67.568
1017.72	73.732
1017.88	76.005
1018.04	77.434
1018.20	75.379
1018.36	75.221
1018.52	72.037
1018.68	72.678
1018.84	74.212
1019.00	71.686
1019.16	73.003
1019.32	76.071
1019.48	76.884
1019.64	80.076
1019.79	77.990
1019.95	73.954
1020.11	78.641
1020.27	78.783
1020.43	84.840
1020.59	86.452
1020.75	83.935
1020.91	88.085
1021.07	80.740
1021.23	80.072
1021.39	76.362
1021.54	81.290
1021.70	78.843
1021.86	78.091
1022.02	76.043
1022.18	72.766
1022.34	75.937
1022.50	74.584
1022.66	73.186
1022.82	72.934
1022.97	71.664
1023.13	75.149
1023.29	80.834
1023.45	79.382
1023.61	80.361
1023.77	78.180
1023.93	79.242
1024.08	80.250
1024.24	77.398
1024.40	79.766
1024.56	88.639
1024.72	91.305
1024.88	81.753
1025.04	86.968
1025.19	84.670
1025.35	80.252
1025.51	84.975
1025.67	87.581
1025.83	83.736
1025.99	85.477
1026.14	84.083
1026.30	92.996
1026.46	93.867
1026.62	86.549
1026.78	79.699
1026.94	75.814
1027.09	73.434
1027.25	70.748
1027.41	70.464
1027.57	70.115
1027.73	68.909
1027.89	62.308
1028.04	62.237
1028.20	61.267
1028.36	61.730
1028.52	61.055
1028.68	62.304
1028.83	62.780
1028.99	59.551
1029.15	59.837
1029.31	57.174
1029.47	57.197
1029.62	55.810
1029.78	54.928
1029.94	55.702
1030.10	57.416
1030.25	58.450
1030.41	63.004
1030.57	65.183
1030.73	67.829
1030.89	66.212
1031.04	70.842
1031.20	74.937
1031.36	81.619
1031.52	88.200
1031.67	90.592
1031.83	94.224
1031.99	105.697
1032.15	93.394
1032.30	102.749
1032.46	116.554
1032.62	112.228
1032.78	102.354
1032.93	115.097
1033.09	101.151
1033.25	92.265
1033.41	90.351
1033.56	87.744
1033.72	-11.961
1033.88	187.381
1034.04	59.515
1034.19	45.091
1034.35	70.608
1034.51	-11.558
1034.66	51.702
1034.82	2105.833
1034.98	2105.833
1035.14	2105.833
