345.22	38.132
345.43	38.132
345.65	38.132
345.86	51.867
346.08	129.091
346.29	6.775
346.51	24.985
346.72	56.061
346.94	-213.526
347.15	-71.219
347.37	128.031
347.58	160.357
347.80	189.450
348.01	165.999
348.23	118.653
348.44	111.054
348.66	101.569
348.87	103.105
349.09	98.382
349.30	88.096
349.52	82.360
349.73	86.420
349.95	86.374
350.16	87.829
350.38	84.271
350.59	78.832
350.81	77.972
351.02	76.961
351.24	76.432
351.45	75.350
351.67	77.288
351.88	76.279
352.10	72.807
352.31	71.771
352.53	74.756
352.74	76.314
352.96	77.110
353.17	76.579
353.39	77.416
353.60	79.351
353.82	80.025
354.03	79.946
354.25	75.378
354.46	70.779
354.67	68.541
354.89	67.413
355.10	71.178
355.32	70.238
355.53	71.224
355.75	72.929
355.96	74.360
356.18	73.989
356.39	73.883
356.61	77.723
356.82	77.249
357.04	73.527
357.25	73.594
357.46	73.121
357.68	72.802
357.89	71.619
358.11	70.281
358.32	73.488
358.54	71.631
358.75	72.988
358.97	74.853
359.18	77.624
359.40	76.922
359.61	77.004
359.82	78.561
360.04	78.929
360.25	77.103
360.47	73.041
360.68	72.660
360.90	73.129
361.11	70.970
361.32	71.018
361.54	74.944
361.75	74.550
361.97	75.654
362.18	76.601
362.40	77.935
362.61	79.003
362.83	78.203
363.04	79.493
363.25	80.695
363.47	81.501
363.68	78.952
363.90	82.761
364.11	83.076
364.32	82.869
364.54	81.627
364.75	78.915
364.97	82.604
365.18	81.146
365.40	79.415
365.61	79.625
365.82	80.486
366.04	79.181
366.25	78.694
366.47	77.238
366.68	75.978
366.89	76.948
367.11	75.217
367.32	75.677
367.54	73.590
367.75	73.247
367.96	72.592
368.18	73.816
368.39	72.803
368.61	73.030
368.82	74.190
369.03	76.445
369.25	80.286
369.46	80.730
369.68	81.882
369.89	82.795
370.10	83.036
370.32	83.094
370.53	82.986
370.75	79.416
370.96	81.128
371.17	81.589
371.39	79.260
371.60	79.658
371.81	80.297
372.03	81.943
372.24	82.756
372.46	85.821
372.67	86.567
372.88	84.940
373.10	84.365
373.31	82.688
373.52	81.609
373.74	79.691
373.95	78.959
374.17	80.125
374.38	81.984
374.59	82.544
374.81	81.136
375.02	79.332
375.23	82.696
375.45	80.569
375.66	78.544
375.87	79.669
376.09	79.949
376.30	78.822
376.52	80.708
376.73	77.770
376.94	76.102
377.16	77.263
377.37	81.418
377.58	81.607
377.80	83.316
378.01	85.006
378.22	86.840
378.44	87.729
378.65	89.560
378.86	90.139
379.08	90.773
379.29	91.350
379.50	94.380
379.72	94.521
379.93	97.862
380.14	101.262
380.36	102.198
380.57	103.743
380.78	104.229
381.00	105.109
381.21	107.009
381.42	108.286
381.64	108.680
381.85	108.367
382.06	108.716
382.28	108.890
382.49	108.607
382.70	109.237
382.92	109.591
383.13	109.022
383.34	109.451
383.56	110.432
383.77	111.799
383.98	111.451
384.20	112.647
384.41	112.751
384.62	113.059
384.83	113.724
385.05	114.227
385.26	115.218
385.47	116.039
385.69	116.976
385.90	117.846
386.11	118.589
386.33	119.556
386.54	120.357
386.75	121.020
386.97	122.164
387.18	122.889
387.39	123.805
387.60	124.232
387.82	124.735
388.03	125.120
388.24	125.614
388.46	126.043
388.67	126.147
388.88	126.126
389.09	126.011
389.31	125.754
389.52	125.448
389.73	124.896
389.95	124.426
390.16	123.858
390.37	123.387
390.58	122.894
390.80	122.156
391.01	121.613
391.22	121.053
391.44	120.150
391.65	119.409
391.86	118.679
392.07	118.345
392.29	117.855
392.50	117.349
392.71	116.857
392.92	116.586
393.14	116.197
393.35	116.036
393.56	116.031
393.78	116.085
393.99	116.383
394.20	116.778
394.41	117.113
394.63	117.469
394.84	118.055
395.05	118.782
395.26	119.440
395.48	120.173
395.69	120.862
395.90	121.818
396.11	122.707
396.33	123.542
396.54	124.440
396.75	125.159
396.96	125.908
397.18	126.553
397.39	127.187
397.60	127.840
397.81	128.366
398.03	128.707
398.24	128.985
398.45	129.070
398.66	129.078
398.87	129.034
399.09	128.876
399.30	128.470
399.51	127.887
399.72	127.377
399.94	126.745
400.15	126.028
400.36	125.180
400.57	124.278
400.79	123.393
401.00	122.379
401.21	121.460
401.42	120.497
401.63	119.545
401.85	118.648
402.06	117.887
402.27	117.108
402.48	116.480
402.69	115.928
402.91	115.403
403.12	114.946
403.33	114.714
403.54	114.624
403.76	114.494
403.97	114.587
404.18	114.798
404.39	115.126
404.60	115.588
404.82	116.167
405.03	116.860
405.24	117.535
405.45	118.282
405.66	119.111
405.88	119.982
406.09	120.931
406.30	121.776
406.51	122.524
406.72	123.346
406.94	124.101
407.15	124.792
407.36	125.521
407.57	126.174
407.78	126.667
407.99	127.011
408.21	127.350
408.42	127.565
408.63	127.705
408.84	127.643
409.05	127.510
409.27	127.172
409.48	126.676
409.69	126.122
409.90	125.563
410.11	124.895
410.32	124.157
410.54	123.278
410.75	122.331
410.96	121.362
411.17	120.345
411.38	119.332
411.59	118.342
411.81	117.270
412.02	116.229
412.23	115.240
412.44	114.345
412.65	113.580
412.86	112.895
413.08	112.211
413.29	111.616
413.50	111.198
413.71	110.910
413.92	110.702
414.13	110.616
414.34	110.623
414.56	110.661
414.77	110.863
414.98	111.151
415.19	111.659
415.40	112.267
415.61	112.933
415.82	113.629
416.04	114.426
416.25	115.213
416.46	116.084
416.67	117.017
416.88	117.887
417.09	118.761
417.30	119.561
417.52	120.412
417.73	121.161
417.94	121.828
418.15	122.442
418.36	123.080
418.57	123.521
418.78	123.870
418.99	124.217
419.21	124.427
419.42	124.555
419.63	124.537
419.84	124.393
420.05	124.128
420.26	123.740
420.47	123.191
420.68	122.670
420.89	122.034
421.11	121.253
421.32	120.513
421.53	119.639
421.74	118.759
421.95	117.845
422.16	116.936
422.37	116.034
422.58	115.050
422.79	114.069
423.01	113.194
423.22	112.323
423.43	111.528
423.64	110.787
423.85	110.133
424.06	109.582
424.27	109.090
424.48	108.710
424.69	108.505
424.90	108.381
425.11	108.354
425.33	108.444
425.54	108.612
425.75	108.848
425.96	109.199
426.17	109.657
426.38	110.202
426.59	110.830
426.80	111.507
427.01	112.284
427.22	113.139
427.43	114.085
427.64	114.984
427.85	115.856
428.07	116.772
428.28	117.644
428.49	118.514
428.70	119.362
428.91	120.169
429.12	120.873
429.33	121.565
429.54	122.193
429.75	122.718
429.96	123.234
430.17	123.644
430.38	123.950
430.59	124.089
430.80	124.126
431.01	124.071
431.22	123.954
431.44	123.708
431.65	123.374
431.86	122.897
432.07	122.388
432.28	121.804
432.49	121.123
432.70	120.363
432.91	119.509
433.12	118.602
433.33	117.654
433.54	116.747
433.75	115.806
433.96	114.857
434.17	113.829
434.38	112.864
434.59	111.934
434.80	111.034
435.01	110.280
435.22	109.571
435.43	108.941
435.64	108.356
435.85	107.852
436.06	107.429
436.27	107.131
436.48	106.931
436.69	106.790
436.90	106.780
437.11	106.887
437.33	107.088
437.54	107.398
437.75	107.841
437.96	108.283
438.17	108.818
438.38	109.378
438.59	110.079
438.80	110.792
439.01	111.619
439.22	112.505
439.43	113.255
439.64	114.074
439.85	114.901
440.06	115.701
440.27	116.541
440.48	117.303
440.69	118.027
440.90	118.704
441.11	119.384
441.32	119.966
441.53	120.479
441.74	120.888
441.95	121.260
442.16	121.516
442.37	121.661
442.58	121.751
442.79	121.761
443.00	121.673
443.21	121.502
443.42	121.159
443.62	120.673
443.83	120.284
444.04	119.756
444.25	119.158
444.46	118.481
444.67	117.715
444.88	116.934
445.09	116.083
445.30	115.195
445.51	114.244
445.72	113.269
445.93	112.351
446.14	111.408
446.35	110.439
446.56	109.544
446.77	108.686
446.98	107.822
447.19	106.997
447.40	106.255
447.61	105.534
447.82	104.906
448.03	104.393
448.24	103.903
448.45	103.512
448.66	103.220
448.87	103.005
449.08	102.908
449.29	102.880
449.49	102.947
449.70	103.118
449.91	103.358
450.12	103.712
450.33	104.083
450.54	104.563
450.75	105.122
450.96	105.706
451.17	106.358
451.38	107.040
451.59	107.774
451.80	108.500
452.01	109.273
452.22	110.076
452.43	110.831
452.64	111.573
452.84	112.323
453.05	113.021
453.26	113.725
453.47	114.348
453.68	114.952
453.89	115.501
454.10	115.945
454.31	116.368
454.52	116.681
454.73	116.955
454.94	117.109
455.15	117.171
455.36	117.137
455.56	117.044
455.77	116.860
455.98	116.621
456.19	116.305
456.40	115.925
456.61	115.477
456.82	114.921
457.03	114.324
457.24	113.643
457.45	112.932
457.65	112.113
457.86	111.299
458.07	110.454
458.28	109.521
458.49	108.638
458.70	107.690
458.91	106.769
459.12	105.850
459.33	104.917
459.54	104.042
459.74	103.196
459.95	102.361
460.16	101.623
460.37	100.929
460.58	100.302
460.79	99.703
461.00	99.151
461.21	98.703
461.41	98.322
461.62	98.022
461.83	97.827
462.04	97.723
462.25	97.642
462.46	97.677
462.67	97.824
462.88	98.037
463.08	98.351
463.29	98.697
463.50	99.112
463.71	99.621
463.92	100.163
464.13	100.734
464.34	101.367
464.54	102.041
464.75	102.744
464.96	103.452
465.17	104.181
465.38	104.887
465.59	105.646
465.80	106.370
466.00	107.066
466.21	107.736
466.42	108.369
466.63	109.022
466.84	109.620
467.05	110.147
467.26	110.627
467.46	110.990
467.67	111.344
467.88	111.648
468.09	111.850
468.30	112.015
468.51	112.110
468.71	112.105
468.92	112.038
469.13	111.891
469.34	111.687
469.55	111.385
469.76	111.056
469.96	110.620
470.17	110.131
470.38	109.604
470.59	108.994
470.80	108.333
471.00	107.665
471.21	106.917
471.42	106.166
471.63	105.379
471.84	104.583
472.05	103.751
472.25	102.908
472.46	102.074
472.67	101.199
472.88	100.384
473.09	99.564
473.29	98.746
473.50	97.987
473.71	97.242
473.92	96.543
474.13	95.887
474.33	95.298
474.54	94.764
474.75	94.289
474.96	93.868
475.17	93.519
475.37	93.196
475.58	92.972
475.79	92.823
476.00	92.744
476.21	92.753
476.41	92.822
476.62	92.968
476.83	93.168
477.04	93.478
477.24	93.806
477.45	94.209
477.66	94.659
477.87	95.136
478.08	95.686
478.28	96.245
478.49	96.858
478.70	97.508
478.91	98.151
479.11	98.807
479.32	99.506
479.53	100.175
479.74	100.884
479.94	101.551
480.15	102.180
480.36	102.790
480.57	103.375
480.78	103.958
480.98	104.456
481.19	104.922
481.40	105.327
481.61	105.720
481.81	106.044
482.02	106.308
482.23	106.546
482.44	106.681
482.64	106.792
482.85	106.822
483.06	106.766
483.27	106.686
483.47	106.556
483.68	106.340
483.89	106.066
484.10	105.720
484.30	105.333
484.51	104.872
484.72	104.395
484.92	103.828
485.13	103.246
485.34	102.630
485.55	101.970
485.75	101.288
485.96	100.550
486.17	99.803
486.38	99.052
486.58	98.265
486.79	97.495
487.00	96.707
487.20	95.921
487.41	95.169
487.62	94.427
487.83	93.685
488.03	92.971
488.24	92.294
488.45	91.642
488.65	91.017
488.86	90.453
489.07	89.921
489.28	89.454
489.48	89.020
489.69	88.680
489.90	88.371
490.10	88.133
490.31	87.955
490.52	87.815
490.73	87.749
490.93	87.750
491.14	87.801
491.35	87.920
491.55	88.088
491.76	88.307
491.97	88.573
492.17	88.884
492.38	89.250
492.59	89.664
492.79	90.125
493.00	90.622
493.21	91.149
493.41	91.696
493.62	92.264
493.83	92.858
494.04	93.427
494.24	94.024
494.45	94.624
494.66	95.205
494.86	95.814
495.07	96.382
495.28	96.959
495.48	97.497
495.69	98.013
495.90	98.514
496.10	98.979
496.31	99.394
496.52	99.766
496.72	100.132
496.93	100.444
497.14	100.700
497.34	100.889
497.55	101.061
497.76	101.170
497.96	101.224
498.17	101.222
498.37	101.180
498.58	101.063
498.79	100.892
498.99	100.698
499.20	100.428
499.41	100.112
499.61	99.728
499.82	99.316
500.03	98.846
500.23	98.361
500.44	97.815
500.65	97.248
500.85	96.658
501.06	96.007
501.26	95.346
501.47	94.662
501.68	93.981
501.88	93.257
502.09	92.541
502.30	91.816
502.50	91.088
502.71	90.374
502.91	89.668
503.12	88.970
503.33	88.282
503.53	87.635
503.74	86.995
503.95	86.381
504.15	85.803
504.36	85.253
504.56	84.731
504.77	84.270
504.98	83.829
505.18	83.450
505.39	83.110
505.59	82.817
505.80	82.577
506.01	82.392
506.21	82.261
506.42	82.178
506.62	82.142
506.83	82.154
507.04	82.224
507.24	82.340
507.45	82.511
507.65	82.726
507.86	82.965
508.07	83.260
508.27	83.599
508.48	83.966
508.68	84.387
508.89	84.825
509.10	85.279
509.30	85.764
509.51	86.258
509.71	86.767
509.92	87.292
510.12	87.821
510.33	88.351
510.54	88.878
510.74	89.412
510.95	89.931
511.15	90.442
511.36	90.949
511.56	91.436
511.77	91.891
511.98	92.333
512.18	92.760
512.39	93.155
512.59	93.517
512.80	93.842
513.00	94.126
513.21	94.369
513.42	94.587
513.62	94.759
513.83	94.900
514.03	94.986
514.24	95.019
514.44	95.005
514.65	94.962
514.85	94.875
515.06	94.744
515.26	94.565
515.47	94.352
515.68	94.082
515.88	93.777
516.09	93.431
516.29	93.051
516.50	92.629
516.70	92.168
516.91	91.676
517.11	91.161
517.32	90.623
517.52	90.059
517.73	89.488
517.93	88.884
518.14	88.267
518.34	87.647
518.55	87.023
518.76	86.397
518.96	85.749
519.17	85.101
519.37	84.454
519.58	83.832
519.78	83.207
519.99	82.589
520.19	81.993
520.40	81.436
520.60	80.886
520.81	80.358
521.01	79.850
521.22	79.392
521.42	78.959
521.63	78.559
521.83	78.196
522.04	77.859
522.24	77.585
522.45	77.347
522.65	77.154
522.86	77.005
523.06	76.892
523.27	76.832
523.47	76.814
523.68	76.837
523.88	76.894
524.09	76.997
524.29	77.151
524.50	77.340
524.70	77.559
524.91	77.812
525.11	78.116
525.32	78.460
525.52	78.817
525.72	79.223
525.93	79.642
526.13	80.093
526.34	80.546
526.54	81.034
526.75	81.512
526.95	82.010
527.16	82.504
527.36	83.017
527.57	83.525
527.77	84.028
527.98	84.544
528.18	85.050
528.39	85.537
528.59	86.022
528.79	86.484
529.00	86.939
529.20	87.368
529.41	87.796
529.61	88.190
529.82	88.549
530.02	88.872
530.23	89.180
530.43	89.441
530.64	89.688
530.84	89.879
531.04	90.036
531.25	90.181
531.45	90.294
531.66	90.362
531.86	90.388
532.07	90.371
532.27	90.315
532.47	90.230
532.68	90.126
532.88	89.983
533.09	89.800
533.29	89.564
533.50	89.302
533.70	88.972
533.90	88.635
534.11	88.284
534.31	87.897
534.52	87.474
534.72	87.053
534.93	86.605
535.13	86.120
535.33	85.639
535.54	85.111
535.74	84.580
535.95	84.023
536.15	83.487
536.35	82.937
536.56	82.383
536.76	81.805
536.97	81.244
537.17	80.673
537.37	80.114
537.58	79.579
537.78	79.053
537.99	78.546
538.19	78.036
538.39	77.539
538.60	77.071
538.80	76.640
539.01	76.208
539.21	75.808
539.41	75.453
539.62	75.113
539.82	74.817
540.03	74.541
540.23	74.318
540.43	74.111
540.64	73.960
540.84	73.831
541.04	73.751
541.25	73.715
541.45	73.710
541.66	73.739
541.86	73.807
542.06	73.913
542.27	74.054
542.47	74.246
542.67	74.451
542.88	74.697
543.08	74.972
543.28	75.288
543.49	75.618
543.69	75.979
543.90	76.376
544.10	76.774
544.30	77.219
544.51	77.665
544.71	78.149
544.91	78.622
545.12	79.120
545.32	79.631
545.52	80.118
545.73	80.637
545.93	81.151
546.13	81.641
546.34	82.125
546.54	82.609
546.74	83.079
546.95	83.566
547.15	84.032
547.35	84.466
547.56	84.905
547.76	85.339
547.96	85.739
548.17	86.126
548.37	86.501
548.57	86.820
548.78	87.122
548.98	87.393
549.18	87.630
549.39	87.837
549.59	88.014
549.79	88.185
550.00	88.308
550.20	88.427
550.40	88.494
550.61	88.542
550.81	88.550
551.01	88.528
551.22	88.471
551.42	88.378
551.62	88.256
551.82	88.088
552.03	87.901
552.23	87.684
552.43	87.430
552.64	87.154
552.84	86.852
553.04	86.519
553.25	86.164
553.45	85.777
553.65	85.379
553.85	84.979
554.06	84.547
554.26	84.090
554.46	83.604
554.67	83.125
554.87	82.624
555.07	82.135
555.27	81.622
555.48	81.102
555.68	80.595
555.88	80.077
556.09	79.568
556.29	79.038
556.49	78.533
556.69	78.016
556.90	77.513
557.10	77.042
557.30	76.593
557.50	76.135
557.71	75.722
557.91	75.318
558.11	74.913
558.31	74.546
558.52	74.205
558.72	73.893
558.92	73.610
559.13	73.355
559.33	73.121
559.53	72.913
559.73	72.751
559.94	72.607
560.14	72.495
560.34	72.411
560.54	72.365
560.75	72.357
560.95	72.377
561.15	72.440
561.35	72.517
561.55	72.618
561.76	72.765
561.96	72.918
562.16	73.123
562.36	73.368
562.57	73.623
562.77	73.907
562.97	74.218
563.17	74.541
563.38	74.881
563.58	75.251
563.78	75.645
563.98	76.047
564.18	76.461
564.39	76.901
564.59	77.347
564.79	77.815
564.99	78.272
565.20	78.734
565.40	79.185
565.60	79.643
565.80	80.122
566.00	80.580
566.21	81.046
566.41	81.484
566.61	81.922
566.81	82.359
567.01	82.782
567.22	83.198
567.42	83.603
567.62	83.980
567.82	84.342
568.02	84.686
568.23	85.013
568.43	85.318
568.63	85.610
568.83	85.862
569.03	86.082
569.24	86.289
569.44	86.480
569.64	86.647
569.84	86.799
570.04	86.895
570.24	86.981
570.45	87.041
570.65	87.079
570.85	87.082
571.05	87.046
571.25	86.984
571.45	86.886
571.66	86.780
571.86	86.653
572.06	86.481
572.26	86.295
572.46	86.087
572.66	85.864
572.87	85.596
573.07	85.325
573.27	85.029
573.47	84.715
573.67	84.369
573.87	84.003
574.08	83.610
574.28	83.227
574.48	82.822
574.68	82.393
574.88	81.960
575.08	81.499
575.28	81.043
575.49	80.586
575.69	80.125
575.89	79.639
576.09	79.173
576.29	78.692
576.49	78.209
576.69	77.727
576.90	77.251
577.10	76.789
577.30	76.329
577.50	75.888
577.70	75.443
577.90	75.016
578.10	74.623
578.30	74.237
578.51	73.863
578.71	73.514
578.91	73.179
579.11	72.859
579.31	72.568
579.51	72.297
579.71	72.054
579.91	71.823
580.12	71.633
580.32	71.464
580.52	71.334
580.72	71.214
580.92	71.122
581.12	71.045
581.32	71.009
581.52	71.014
581.72	71.028
581.92	71.073
582.13	71.160
582.33	71.245
582.53	71.371
582.73	71.510
582.93	71.681
583.13	71.884
583.33	72.119
583.53	72.370
583.73	72.646
583.93	72.945
584.13	73.268
584.34	73.616
584.54	73.951
584.74	74.298
584.94	74.688
585.14	75.083
585.34	75.494
585.54	75.879
585.74	76.282
585.94	76.708
586.14	77.151
586.34	77.576
586.54	78.027
586.74	78.476
586.94	78.932
587.15	79.390
587.35	79.832
587.55	80.265
587.75	80.698
587.95	81.110
588.15	81.511
588.35	81.899
588.55	82.283
588.75	82.671
588.95	83.046
589.15	83.397
589.35	83.736
589.55	84.053
589.75	84.392
589.95	84.686
590.15	84.957
590.35	85.199
590.55	85.432
590.75	85.636
590.95	85.814
591.15	85.975
591.35	86.101
591.56	86.207
591.76	86.290
591.96	86.350
592.16	86.399
592.36	86.417
592.56	86.422
592.76	86.389
592.96	86.344
593.16	86.258
593.36	86.155
593.56	86.038
593.76	85.909
593.96	85.730
594.16	85.551
594.36	85.353
594.56	85.130
594.76	84.885
594.96	84.630
595.16	84.339
595.36	84.037
595.56	83.708
595.76	83.361
595.96	82.995
596.16	82.629
596.36	82.245
596.56	81.860
596.76	81.444
596.96	81.027
597.16	80.606
597.36	80.189
597.56	79.755
597.76	79.308
597.96	78.858
598.16	78.415
598.36	77.968
598.56	77.510
598.76	77.065
598.96	76.634
599.16	76.199
599.36	75.796
599.56	75.392
599.76	74.993
599.96	74.611
600.15	74.240
600.35	73.885
600.55	73.543
600.75	73.198
600.95	72.888
601.15	72.580
601.35	72.283
601.55	72.009
601.75	71.770
601.95	71.542
602.15	71.345
602.35	71.148
602.55	70.984
602.75	70.849
602.95	70.724
603.15	70.609
603.35	70.534
603.55	70.471
603.75	70.425
603.95	70.410
604.15	70.418
604.35	70.460
604.54	70.512
604.74	70.607
604.94	70.715
605.14	70.836
605.34	70.988
605.54	71.172
605.74	71.378
605.94	71.592
606.14	71.831
606.34	72.085
606.54	72.368
606.74	72.668
606.94	72.979
607.14	73.316
607.33	73.677
607.53	74.035
607.73	74.400
607.93	74.772
608.13	75.159
608.33	75.559
608.53	75.949
608.73	76.360
608.93	76.751
609.13	77.157
609.33	77.577
609.52	77.995
609.72	78.405
609.92	78.805
610.12	79.212
610.32	79.615
610.52	80.028
610.72	80.419
610.92	80.803
611.12	81.184
611.31	81.558
611.51	81.917
611.71	82.266
611.91	82.620
612.11	82.971
612.31	83.306
612.51	83.615
612.71	83.925
612.91	84.202
613.10	84.479
613.30	84.765
613.50	85.012
613.70	85.240
613.90	85.442
614.10	85.627
614.30	85.781
614.50	85.927
614.69	86.029
614.89	86.129
615.09	86.209
615.29	86.270
615.49	86.309
615.69	86.323
615.89	86.326
616.08	86.308
616.28	86.261
616.48	86.195
616.68	86.104
616.88	85.996
617.08	85.866
617.27	85.730
617.47	85.556
617.67	85.367
617.87	85.157
618.07	84.941
618.27	84.713
618.47	84.477
618.66	84.215
618.86	83.951
619.06	83.659
619.26	83.363
619.46	83.051
619.66	82.714
619.85	82.370
620.05	82.013
620.25	81.626
620.45	81.249
620.65	80.856
620.84	80.484
621.04	80.091
621.24	79.720
621.44	79.310
621.64	78.886
621.84	78.483
622.03	78.075
622.23	77.673
622.43	77.271
622.63	76.870
622.83	76.472
623.02	76.078
623.22	75.698
623.42	75.298
623.62	74.923
623.82	74.566
624.01	74.208
624.21	73.859
624.41	73.534
624.61	73.220
624.81	72.927
625.00	72.624
625.20	72.341
625.40	72.060
625.60	71.809
625.79	71.585
625.99	71.381
626.19	71.184
626.39	71.006
626.59	70.844
626.78	70.713
626.98	70.596
627.18	70.490
627.38	70.412
627.57	70.378
627.77	70.344
627.97	70.325
628.17	70.344
628.37	70.371
628.56	70.434
628.76	70.502
628.96	70.586
629.16	70.691
629.35	70.843
629.55	71.001
629.75	71.181
629.95	71.379
630.14	71.582
630.34	71.816
630.54	72.059
630.74	72.312
630.93	72.581
631.13	72.862
631.33	73.152
631.53	73.438
631.72	73.736
631.92	74.063
632.12	74.405
632.31	74.739
632.51	75.111
632.71	75.474
632.91	75.837
633.10	76.214
633.30	76.613
633.50	76.978
633.70	77.373
633.89	77.756
634.09	78.153
634.29	78.543
634.48	78.930
634.68	79.331
634.88	79.729
635.08	80.126
635.27	80.530
635.47	80.927
635.67	81.332
635.86	81.727
636.06	82.105
636.26	82.459
636.46	82.818
636.65	83.156
636.85	83.505
637.05	83.843
637.24	84.149
637.44	84.447
637.64	84.744
637.83	85.034
638.03	85.317
638.23	85.554
638.43	85.796
638.62	86.009
638.82	86.194
639.02	86.378
639.21	86.533
639.41	86.662
639.61	86.800
639.80	86.911
640.00	87.002
640.20	87.103
640.39	87.196
640.59	87.255
640.79	87.302
640.98	87.316
641.18	87.321
641.38	87.323
641.57	87.287
641.77	87.235
641.97	87.150
642.16	87.052
642.36	86.956
642.56	86.836
642.75	86.720
642.95	86.574
643.15	86.416
643.34	86.259
643.54	86.082
643.74	85.866
643.93	85.647
644.13	85.394
644.33	85.117
644.52	84.839
644.72	84.562
644.91	84.264
645.11	83.942
645.31	83.626
645.50	83.306
645.70	82.987
645.90	82.661
646.09	82.317
646.29	81.964
646.48	81.600
646.68	81.223
646.88	80.847
647.07	80.475
647.27	80.091
647.47	79.698
647.66	79.317
647.86	78.933
648.05	78.557
648.25	78.189
648.45	77.817
648.64	77.438
648.84	77.074
649.04	76.700
649.23	76.336
649.43	75.984
649.62	75.626
649.82	75.267
650.02	74.924
650.21	74.597
650.41	74.296
650.60	74.002
650.80	73.738
651.00	73.454
651.19	73.199
651.39	72.953
651.58	72.716
651.78	72.500
651.97	72.314
652.17	72.127
652.37	71.953
652.56	71.813
652.76	71.682
652.95	71.562
653.15	71.485
653.35	71.412
653.54	71.344
653.74	71.285
653.93	71.258
654.13	71.244
654.32	71.237
654.52	71.230
654.72	71.258
654.91	71.294
655.11	71.360
655.30	71.447
655.50	71.549
655.69	71.670
655.89	71.790
656.08	71.920
656.28	72.078
656.48	72.253
656.67	72.435
656.87	72.634
657.06	72.832
657.26	73.039
657.45	73.274
657.65	73.529
657.84	73.808
658.04	74.080
658.23	74.376
658.43	74.688
658.62	75.014
658.82	75.338
659.02	75.670
659.21	76.022
659.41	76.363
659.60	76.714
659.80	77.073
659.99	77.459
660.19	77.838
660.38	78.220
660.58	78.594
660.77	78.984
660.97	79.356
661.16	79.740
661.36	80.112
661.55	80.498
661.75	80.873
661.94	81.239
662.14	81.619
662.33	81.996
662.53	82.362
662.72	82.724
662.92	83.076
663.11	83.413
663.31	83.757
663.50	84.099
663.70	84.443
663.89	84.774
664.09	85.078
664.28	85.393
664.48	85.684
664.67	85.988
664.87	86.252
665.06	86.531
665.26	86.786
665.45	87.036
665.65	87.265
665.84	87.500
666.04	87.711
666.23	87.884
666.43	88.038
666.62	88.188
666.82	88.322
667.01	88.445
667.21	88.561
667.40	88.647
667.59	88.738
667.79	88.788
667.98	88.810
668.18	88.827
668.37	88.821
668.57	88.831
668.76	88.805
668.96	88.762
669.15	88.705
669.35	88.655
669.54	88.572
669.73	88.484
669.93	88.376
670.12	88.263
670.32	88.162
670.51	88.028
670.71	87.884
670.90	87.735
671.10	87.572
671.29	87.387
671.48	87.182
671.68	86.963
671.87	86.744
672.07	86.514
672.26	86.306
672.46	86.060
672.65	85.794
672.84	85.523
673.04	85.256
673.23	84.976
673.43	84.673
673.62	84.384
673.82	84.080
674.01	83.743
674.20	83.414
674.40	83.067
674.59	82.733
674.79	82.401
674.98	82.053
675.17	81.705
675.37	81.366
675.56	81.025
675.76	80.677
675.95	80.310
676.14	79.969
676.34	79.590
676.53	79.238
676.73	78.880
676.92	78.517
677.11	78.163
677.31	77.806
677.50	77.473
677.70	77.128
677.89	76.783
678.08	76.471
678.28	76.159
678.47	75.866
678.66	75.578
678.86	75.298
679.05	75.020
679.25	74.761
679.44	74.512
679.63	74.287
679.83	74.056
680.02	73.857
680.21	73.660
680.41	73.476
680.60	73.289
680.79	73.122
680.99	72.973
681.18	72.823
681.38	72.699
681.57	72.598
681.76	72.515
681.96	72.448
682.15	72.382
682.34	72.320
682.54	72.272
682.73	72.247
682.92	72.220
683.12	72.231
683.31	72.252
683.50	72.282
683.70	72.325
683.89	72.371
684.08	72.447
684.28	72.534
684.47	72.635
684.66	72.761
684.86	72.898
685.05	73.053
685.24	73.228
685.44	73.401
685.63	73.582
685.82	73.779
686.02	73.977
686.21	74.217
686.40	74.460
686.60	74.723
686.79	74.993
686.98	75.273
687.18	75.560
687.37	75.849
687.56	76.135
687.75	76.438
687.95	76.755
688.14	77.063
688.33	77.392
688.53	77.727
688.72	78.078
688.91	78.426
689.11	78.765
689.30	79.139
689.49	79.515
689.68	79.884
689.88	80.244
690.07	80.608
690.26	80.955
690.46	81.319
690.65	81.663
690.84	82.015
691.03	82.379
691.23	82.728
691.42	83.080
691.61	83.441
691.80	83.776
692.00	84.116
692.19	84.443
692.38	84.764
692.58	85.090
692.77	85.397
692.96	85.691
693.15	85.996
693.35	86.273
693.54	86.571
693.73	86.862
693.92	87.130
694.12	87.409
694.31	87.661
694.50	87.927
694.69	88.160
694.89	88.383
695.08	88.584
695.27	88.806
695.46	88.997
695.66	89.188
695.85	89.379
696.04	89.560
696.23	89.750
696.43	89.916
696.62	90.046
696.81	90.170
697.00	90.298
697.19	90.412
697.39	90.498
697.58	90.567
697.77	90.609
697.96	90.673
698.16	90.703
698.35	90.756
698.54	90.761
698.73	90.788
698.92	90.772
699.12	90.754
699.31	90.711
699.50	90.670
699.69	90.616
699.89	90.545
700.08	90.462
700.27	90.354
700.46	90.250
700.65	90.132
700.85	90.026
701.04	89.887
701.23	89.728
701.42	89.565
701.61	89.392
701.81	89.207
702.00	89.005
702.19	88.804
702.38	88.566
702.57	88.347
702.76	88.092
702.96	87.853
703.15	87.600
703.34	87.326
703.53	87.046
703.72	86.740
703.92	86.432
704.11	86.121
704.30	85.798
704.49	85.478
704.68	85.165
704.87	84.814
705.07	84.477
705.26	84.144
705.45	83.836
705.64	83.494
705.83	83.182
706.02	82.850
706.21	82.530
706.41	82.202
706.60	81.855
706.79	81.535
706.98	81.219
707.17	80.885
707.36	80.566
707.56	80.266
707.75	79.964
707.94	79.666
708.13	79.376
708.32	79.101
708.51	78.810
708.70	78.542
708.89	78.273
709.09	78.002
709.28	77.750
709.47	77.458
709.66	77.191
709.85	76.928
710.04	76.672
710.23	76.405
710.42	76.184
710.62	75.963
710.81	75.717
711.00	75.486
711.19	75.287
711.38	75.086
711.57	74.877
711.76	74.689
711.95	74.530
712.15	74.377
712.34	74.229
712.53	74.096
712.72	73.966
712.91	73.873
713.10	73.783
713.29	73.700
713.48	73.633
713.67	73.599
713.86	73.576
714.05	73.554
714.25	73.547
714.44	73.527
714.63	73.530
714.82	73.577
715.01	73.622
715.20	73.699
715.39	73.764
715.58	73.852
715.77	73.958
715.96	74.064
716.15	74.170
716.34	74.271
716.54	74.398
716.73	74.539
716.92	74.671
717.11	74.826
717.30	74.996
717.49	75.181
717.68	75.375
717.87	75.541
718.06	75.760
718.25	75.993
718.44	76.235
718.63	76.489
718.82	76.736
719.01	76.989
719.20	77.243
719.39	77.517
719.58	77.797
719.77	78.069
719.96	78.329
720.16	78.608
720.35	78.916
720.54	79.211
720.73	79.515
720.92	79.824
721.11	80.154
721.30	80.471
721.49	80.790
721.68	81.114
721.87	81.470
722.06	81.793
722.25	82.119
722.44	82.451
722.63	82.769
722.82	83.084
723.01	83.393
723.20	83.690
723.39	84.004
723.58	84.339
723.77	84.674
723.96	85.012
724.15	85.360
724.34	85.683
724.53	86.009
724.72	86.303
724.91	86.625
725.10	86.942
725.29	87.237
725.48	87.562
725.67	87.834
725.86	88.089
726.05	88.358
726.24	88.614
726.43	88.860
726.62	89.104
726.81	89.379
727.00	89.627
727.19	89.889
727.38	90.131
727.57	90.342
727.76	90.544
727.95	90.739
728.14	90.905
728.33	91.078
728.52	91.238
728.71	91.396
728.90	91.541
729.09	91.650
729.28	91.754
729.47	91.838
729.65	91.937
729.84	92.041
730.03	92.133
730.22	92.209
730.41	92.285
730.60	92.356
730.79	92.367
730.98	92.402
731.17	92.436
731.36	92.431
731.55	92.411
731.74	92.390
731.93	92.364
732.12	92.329
732.31	92.299
732.50	92.272
732.69	92.245
732.88	92.175
733.06	92.094
733.25	92.021
733.44	91.946
733.63	91.840
733.82	91.726
734.01	91.578
734.20	91.435
734.39	91.268
734.58	91.113
734.77	90.969
734.96	90.789
735.15	90.589
735.33	90.388
735.52	90.199
735.71	89.995
735.90	89.772
736.09	89.536
736.28	89.276
736.47	89.010
736.66	88.733
736.85	88.464
737.04	88.174
737.23	87.894
737.41	87.589
737.60	87.323
737.79	87.012
737.98	86.724
738.17	86.433
738.36	86.163
738.55	85.871
738.74	85.590
738.92	85.296
739.11	85.008
739.30	84.705
739.49	84.388
739.68	84.093
739.87	83.820
740.06	83.545
740.25	83.246
740.43	82.971
740.62	82.677
740.81	82.372
741.00	82.106
741.19	81.806
741.38	81.509
741.57	81.205
741.75	80.937
741.94	80.646
742.13	80.353
742.32	80.044
742.51	79.759
742.70	79.475
742.89	79.210
743.07	78.932
743.26	78.674
743.45	78.397
743.64	78.147
743.83	77.878
744.02	77.592
744.20	77.354
744.39	77.106
744.58	76.881
744.77	76.679
744.96	76.487
745.15	76.326
745.33	76.174
745.52	76.018
745.71	75.862
745.90	75.723
746.09	75.605
746.28	75.495
746.46	75.358
746.65	75.226
746.84	75.117
747.03	75.013
747.22	74.926
747.40	74.872
747.59	74.800
747.78	74.743
747.97	74.731
748.16	74.711
748.34	74.674
748.53	74.663
748.72	74.661
748.91	74.645
749.10	74.637
749.28	74.653
749.47	74.690
749.66	74.718
749.85	74.738
750.04	74.773
750.22	74.813
750.41	74.887
750.60	74.978
750.79	75.046
750.97	75.136
751.16	75.247
751.35	75.347
751.54	75.447
751.73	75.581
751.91	75.703
752.10	75.867
752.29	76.016
752.48	76.192
752.66	76.367
752.85	76.549
753.04	76.734
753.23	76.937
753.41	77.116
753.60	77.341
753.79	77.579
753.98	77.798
754.16	78.029
754.35	78.264
754.54	78.491
754.73	78.758
754.91	79.026
755.10	79.283
755.29	79.564
755.48	79.831
755.66	80.101
755.85	80.380
756.04	80.633
756.22	80.930
756.41	81.194
756.60	81.470
756.79	81.770
756.97	82.070
757.16	82.327
757.35	82.626
757.54	82.919
757.72	83.205
757.91	83.507
758.10	83.810
758.28	84.099
758.47	84.391
758.66	84.706
758.85	84.996
759.03	85.297
759.22	85.591
759.41	85.898
759.59	86.198
759.78	86.494
759.97	86.774
760.15	87.039
760.34	87.343
760.53	87.612
760.71	87.865
760.90	88.144
761.09	88.418
761.28	88.683
761.46	88.935
761.65	89.191
761.84	89.455
762.02	89.707
762.21	89.982
762.40	90.209
762.58	90.412
762.77	90.624
762.96	90.837
763.14	91.063
763.33	91.261
763.52	91.427
763.70	91.578
763.89	91.751
764.08	91.930
764.26	92.052
764.45	92.213
764.64	92.375
764.82	92.485
765.01	92.601
765.20	92.693
765.38	92.795
765.57	92.865
765.75	92.932
765.94	92.977
766.13	93.033
766.31	93.110
766.50	93.152
766.69	93.226
766.87	93.293
767.06	93.318
767.25	93.359
767.43	93.417
767.62	93.475
767.80	93.505
767.99	93.508
768.18	93.503
768.36	93.484
768.55	93.456
768.74	93.420
768.92	93.387
769.11	93.375
769.29	93.321
769.48	93.293
769.67	93.219
769.85	93.171
770.04	93.042
770.22	92.932
770.41	92.802
770.60	92.646
770.78	92.463
770.97	92.302
771.15	92.141
771.34	91.936
771.53	91.765
771.71	91.579
771.90	91.411
772.08	91.285
772.27	91.110
772.46	90.901
772.64	90.704
772.83	90.498
773.01	90.240
773.20	90.005
773.39	89.773
773.57	89.533
773.76	89.285
773.94	89.091
774.13	88.842
774.31	88.583
774.50	88.355
774.68	88.103
774.87	87.848
775.06	87.544
775.24	87.278
775.43	86.975
775.61	86.679
775.80	86.389
775.98	86.070
776.17	85.757
776.36	85.462
776.54	85.166
776.73	84.861
776.91	84.579
777.10	84.291
777.28	83.971
777.47	83.687
777.65	83.384
777.84	83.066
778.02	82.787
778.21	82.514
778.39	82.207
778.58	81.929
778.77	81.658
778.95	81.413
779.14	81.167
779.32	80.929
779.51	80.692
779.69	80.429
779.88	80.190
780.06	79.955
780.25	79.713
780.43	79.469
780.62	79.248
780.80	79.020
780.99	78.784
781.17	78.561
781.36	78.328
781.54	78.115
781.73	77.876
781.91	77.662
782.10	77.466
782.28	77.269
782.47	77.071
782.65	76.854
782.84	76.654
783.02	76.472
783.21	76.300
783.39	76.132
783.58	75.976
783.76	75.796
783.95	75.645
784.13	75.537
784.32	75.422
784.50	75.300
784.69	75.216
784.87	75.131
785.05	75.060
785.24	74.994
785.42	74.945
785.61	74.895
785.79	74.854
785.98	74.823
786.16	74.780
786.35	74.772
786.53	74.764
786.72	74.750
786.90	74.742
787.09	74.721
787.27	74.731
787.45	74.759
787.64	74.786
787.82	74.811
788.01	74.833
788.19	74.878
788.38	74.922
788.56	74.914
788.75	74.975
788.93	75.047
789.11	75.089
789.30	75.130
789.48	75.210
789.67	75.299
789.85	75.373
790.04	75.497
790.22	75.598
790.40	75.724
790.59	75.837
790.77	75.960
790.96	76.120
791.14	76.266
791.32	76.406
791.51	76.564
791.69	76.736
791.88	76.914
792.06	77.092
792.25	77.262
792.43	77.491
792.61	77.681
792.80	77.851
792.98	78.077
793.17	78.287
793.35	78.470
793.53	78.669
793.72	78.909
793.90	79.122
794.08	79.338
794.27	79.555
794.45	79.804
794.64	80.034
794.82	80.261
795.00	80.458
795.19	80.697
795.37	80.923
795.55	81.112
795.74	81.346
795.92	81.583
796.11	81.849
796.29	82.098
796.47	82.336
796.66	82.570
796.84	82.839
797.02	83.107
797.21	83.390
797.39	83.656
797.58	83.907
797.76	84.151
797.94	84.423
798.13	84.691
798.31	84.969
798.49	85.218
798.68	85.465
798.86	85.762
799.04	86.000
799.23	86.265
799.41	86.539
799.59	86.782
799.78	86.987
799.96	87.211
800.14	87.449
800.33	87.693
800.51	87.950
800.69	88.139
800.88	88.366
801.06	88.603
801.24	88.783
801.43	88.976
801.61	89.154
801.79	89.326
801.98	89.492
802.16	89.673
802.34	89.872
802.52	90.055
802.71	90.189
802.89	90.367
803.07	90.522
803.26	90.660
803.44	90.776
803.62	90.921
803.81	91.047
803.99	91.131
804.17	91.209
804.35	91.289
804.54	91.362
804.72	91.454
804.90	91.526
805.09	91.645
805.27	91.747
805.45	91.846
805.63	91.908
805.82	91.978
806.00	91.976
806.18	92.009
806.37	92.053
806.55	92.059
806.73	92.081
806.91	92.091
807.10	92.120
807.28	92.131
807.46	92.142
807.64	92.126
807.83	92.119
808.01	92.114
808.19	92.046
808.37	91.996
808.56	91.919
808.74	91.853
808.92	91.775
809.10	91.658
809.29	91.588
809.47	91.509
809.65	91.375
809.83	91.307
810.02	91.181
810.20	91.070
810.38	90.966
810.56	90.830
810.75	90.726
810.93	90.610
811.11	90.479
811.29	90.350
811.47	90.217
811.66	90.054
811.84	89.898
812.02	89.824
812.20	89.708
812.39	89.589
812.57	89.450
812.75	89.316
812.93	89.212
813.11	89.051
813.30	88.911
813.48	88.795
813.66	88.630
813.84	88.472
814.02	88.290
814.21	88.138
814.39	87.930
814.57	87.728
814.75	87.517
814.93	87.319
815.12	87.095
815.30	86.875
815.48	86.669
815.66	86.446
815.84	86.184
816.03	85.930
816.21	85.647
816.39	85.398
816.57	85.090
816.75	84.781
816.93	84.490
817.12	84.177
817.30	83.864
817.48	83.558
817.66	83.296
817.84	83.030
818.02	82.779
818.21	82.505
818.39	82.248
818.57	81.971
818.75	81.744
818.93	81.485
819.11	81.223
819.30	80.975
819.48	80.743
819.66	80.523
819.84	80.322
820.02	80.100
820.20	79.865
820.38	79.645
820.57	79.429
820.75	79.243
820.93	79.044
821.11	78.851
821.29	78.673
821.47	78.460
821.65	78.250
821.83	78.022
822.02	77.836
822.20	77.626
822.38	77.464
822.56	77.216
822.74	76.999
822.92	76.757
823.10	76.551
823.28	76.320
823.46	76.094
823.65	75.863
823.83	75.664
824.01	75.458
824.19	75.252
824.37	75.047
824.55	74.820
824.73	74.636
824.91	74.438
825.09	74.244
825.27	74.059
825.46	73.855
825.64	73.653
825.82	73.491
826.00	73.304
826.18	73.139
826.36	73.006
826.54	72.884
826.72	72.819
826.90	72.725
827.08	72.638
827.26	72.563
827.44	72.469
827.63	72.382
827.81	72.320
827.99	72.287
828.17	72.241
828.35	72.201
828.53	72.156
828.71	72.151
828.89	72.125
829.07	72.106
829.25	72.088
829.43	72.112
829.61	72.102
829.79	72.104
829.97	72.108
830.15	72.089
830.33	72.100
830.51	72.085
830.69	72.098
830.87	72.064
831.06	72.083
831.24	72.107
831.42	72.127
831.60	72.131
831.78	72.163
831.96	72.215
832.14	72.285
832.32	72.355
832.50	72.402
832.68	72.452
832.86	72.500
833.04	72.606
833.22	72.657
833.40	72.751
833.58	72.830
833.76	72.902
833.94	73.027
834.12	73.149
834.30	73.281
834.48	73.380
834.66	73.552
834.84	73.651
835.02	73.806
835.20	73.965
835.38	74.129
835.56	74.293
835.74	74.461
835.92	74.632
836.10	74.787
836.28	74.953
836.46	75.138
836.64	75.314
836.82	75.456
837.00	75.629
837.18	75.809
837.36	76.015
837.54	76.201
837.72	76.393
837.90	76.583
838.08	76.781
838.26	76.976
838.43	77.161
838.61	77.374
838.79	77.569
838.97	77.774
839.15	77.979
839.33	78.174
839.51	78.331
839.69	78.506
839.87	78.710
840.05	78.927
840.23	79.118
840.41	79.321
840.59	79.487
840.77	79.701
840.95	79.875
841.13	80.037
841.31	80.211
841.49	80.364
841.67	80.502
841.84	80.671
842.02	80.808
842.20	81.000
842.38	81.132
842.56	81.282
842.74	81.429
842.92	81.541
843.10	81.680
843.28	81.864
843.46	81.994
843.64	82.085
843.82	82.223
843.99	82.347
844.17	82.520
844.35	82.758
844.53	82.924
844.71	83.121
844.89	83.258
845.07	83.446
845.25	83.634
845.43	83.817
845.61	83.973
845.78	84.194
845.96	84.356
846.14	84.553
846.32	84.738
846.50	84.889
846.68	85.108
846.86	85.276
847.04	85.430
847.22	85.545
847.39	85.722
847.57	85.836
847.75	85.958
847.93	86.018
848.11	86.110
848.29	86.244
848.47	86.305
848.65	86.439
848.82	86.491
849.00	86.568
849.18	86.616
849.36	86.656
849.54	86.711
849.72	86.706
849.89	86.764
850.07	86.828
850.25	86.832
850.43	86.799
850.61	86.796
850.79	86.761
850.97	86.826
851.14	86.849
851.32	86.845
851.50	86.864
851.68	86.919
851.86	86.969
852.04	86.935
852.21	86.965
852.39	86.973
852.57	87.036
852.75	87.044
852.93	87.053
853.10	87.040
853.28	86.993
853.46	86.989
853.64	86.916
853.82	86.826
854.00	86.855
854.17	86.807
854.35	86.731
854.53	86.697
854.71	86.607
854.89	86.489
855.06	86.449
855.24	86.398
855.42	86.306
855.60	86.157
855.78	86.058
855.95	85.934
856.13	85.828
856.31	85.638
856.49	85.490
856.66	85.382
856.84	85.221
857.02	85.144
857.20	85.069
857.38	84.907
857.55	84.766
857.73	84.533
857.91	84.425
858.09	84.255
858.26	84.098
858.44	83.954
858.62	83.828
858.80	83.641
858.97	83.461
859.15	83.269
859.33	83.056
859.51	82.888
859.68	82.703
859.86	82.510
860.04	82.333
860.22	82.125
860.39	81.914
860.57	81.698
860.75	81.427
860.93	81.190
861.10	81.059
861.28	80.885
861.46	80.676
861.64	80.478
861.81	80.334
861.99	80.117
862.17	79.894
862.35	79.692
862.52	79.528
862.70	79.321
862.88	79.157
863.05	78.950
863.23	78.731
863.41	78.532
863.59	78.312
863.76	78.147
863.94	77.954
864.12	77.760
864.29	77.602
864.47	77.382
864.65	77.182
864.83	76.916
865.00	76.685
865.18	76.525
865.36	76.329
865.53	76.106
865.71	75.961
865.89	75.759
866.06	75.535
866.24	75.287
866.42	75.075
866.59	74.839
866.77	74.685
866.95	74.477
867.12	74.232
867.30	74.065
867.48	73.828
867.65	73.619
867.83	73.403
868.01	73.215
868.18	73.021
868.36	72.824
868.54	72.661
868.71	72.501
868.89	72.326
869.07	72.133
869.24	71.961
869.42	71.759
869.60	71.597
869.77	71.477
869.95	71.318
870.13	71.165
870.30	71.045
870.48	70.846
870.66	70.704
870.83	70.597
871.01	70.399
871.18	70.274
871.36	70.147
871.54	70.001
871.71	69.864
871.89	69.767
872.07	69.591
872.24	69.455
872.42	69.351
872.59	69.236
872.77	69.098
872.95	69.001
873.12	68.858
873.30	68.726
873.48	68.609
873.65	68.507
873.83	68.406
874.00	68.273
874.18	68.186
874.36	68.111
874.53	68.027
874.71	67.955
874.88	67.882
875.06	67.839
875.24	67.833
875.41	67.784
875.59	67.739
875.76	67.759
875.94	67.717
876.11	67.603
876.29	67.512
876.47	67.493
876.64	67.433
876.82	67.389
876.99	67.353
877.17	67.320
877.35	67.313
877.52	67.271
877.70	67.238
877.87	67.233
878.05	67.238
878.22	67.244
878.40	67.279
878.57	67.264
878.75	67.237
878.93	67.187
879.10	67.190
879.28	67.212
879.45	67.214
879.63	67.204
879.80	67.217
879.98	67.265
880.15	67.282
880.33	67.331
880.50	67.376
880.68	67.485
880.86	67.543
881.03	67.608
881.21	67.696
881.38	67.784
881.56	67.954
881.73	68.007
881.91	68.068
882.08	68.138
882.26	68.278
882.43	68.394
882.61	68.571
882.78	68.691
882.96	68.825
883.13	68.950
883.31	69.090
883.48	69.292
883.66	69.465
883.83	69.626
884.01	69.742
884.18	69.962
884.36	70.113
884.53	70.253
884.71	70.406
884.88	70.524
885.06	70.687
885.23	70.756
885.41	70.904
885.58	71.021
885.76	71.187
885.93	71.259
886.11	71.434
886.28	71.553
886.46	71.686
886.63	71.810
886.81	71.927
886.98	72.108
887.15	72.205
887.33	72.356
887.50	72.552
887.68	72.711
887.85	72.801
888.03	72.935
888.20	73.094
888.38	73.236
888.55	73.406
888.73	73.483
888.90	73.619
889.08	73.759
889.25	73.888
889.42	74.023
889.60	74.223
889.77	74.298
889.95	74.434
890.12	74.528
890.30	74.628
890.47	74.720
890.64	74.854
890.82	75.006
890.99	75.116
891.17	75.202
891.34	75.326
891.52	75.444
891.69	75.578
891.86	75.700
892.04	75.821
892.21	75.971
892.39	76.213
892.56	76.385
892.73	76.475
892.91	76.627
893.08	76.829
893.26	76.921
893.43	77.101
893.60	77.194
893.78	77.363
893.95	77.527
894.13	77.775
894.30	77.944
894.47	78.140
894.65	78.283
894.82	78.446
895.00	78.587
895.17	78.764
895.34	78.933
895.52	79.109
895.69	79.220
895.86	79.363
896.04	79.405
896.21	79.557
896.39	79.762
896.56	79.934
896.73	79.945
896.91	80.013
897.08	80.106
897.25	80.287
897.43	80.343
897.60	80.432
897.77	80.444
897.95	80.419
898.12	80.419
898.30	80.526
898.47	80.539
898.64	80.606
898.82	80.621
898.99	80.615
899.16	80.605
899.34	80.601
899.51	80.512
899.68	80.505
899.86	80.463
900.03	80.392
900.20	80.350
900.38	80.371
900.55	80.453
900.72	80.390
900.90	80.315
901.07	80.420
901.24	80.389
901.41	80.406
901.59	80.425
901.76	80.422
901.93	80.381
902.11	80.319
902.28	80.310
902.45	80.414
902.63	80.452
902.80	80.427
902.97	80.437
903.15	80.546
903.32	80.616
903.49	80.609
903.66	80.641
903.84	80.665
904.01	80.655
904.18	80.619
904.36	80.654
904.53	80.631
904.70	80.560
904.87	80.556
905.05	80.471
905.22	80.503
905.39	80.474
905.56	80.391
905.74	80.370
905.91	80.279
906.08	80.154
906.26	80.046
906.43	79.953
906.60	79.852
906.77	79.686
906.95	79.562
907.12	79.439
907.29	79.281
907.46	79.243
907.64	79.134
907.81	79.022
907.98	78.834
908.15	78.720
908.33	78.599
908.50	78.457
908.67	78.363
908.84	78.219
909.01	78.066
909.19	77.988
909.36	77.863
909.53	77.726
909.70	77.494
909.88	77.392
910.05	77.226
910.22	77.157
910.39	77.043
910.57	76.948
910.74	76.864
910.91	76.815
911.08	76.593
911.25	76.454
911.43	76.337
911.60	76.221
911.77	76.086
911.94	75.853
912.11	75.700
912.29	75.493
912.46	75.257
912.63	75.041
912.80	74.812
912.97	74.621
913.15	74.475
913.32	74.341
913.49	74.115
913.66	74.033
913.83	73.797
914.00	73.576
914.18	73.372
914.35	73.163
914.52	72.891
914.69	72.689
914.86	72.476
915.03	72.267
915.21	72.131
915.38	71.910
915.55	71.825
915.72	71.660
915.89	71.528
916.06	71.441
916.24	71.357
916.41	71.198
916.58	71.073
916.75	70.870
916.92	70.684
917.09	70.489
917.26	70.215
917.44	70.011
917.61	69.888
917.78	69.663
917.95	69.509
918.12	69.327
918.29	69.219
918.46	69.031
918.64	68.875
918.81	68.728
918.98	68.587
919.15	68.411
919.32	68.252
919.49	68.020
919.66	67.815
919.83	67.633
920.00	67.458
920.18	67.302
920.35	67.261
920.52	67.162
920.69	67.114
920.86	67.098
921.03	67.001
921.20	66.846
921.37	66.742
921.54	66.490
921.71	66.376
921.89	66.200
922.06	66.136
922.23	66.000
922.40	65.865
922.57	65.668
922.74	65.544
922.91	65.460
923.08	65.401
923.25	65.300
923.42	65.195
923.59	65.152
923.76	64.955
923.93	64.737
924.11	64.558
924.28	64.407
924.45	64.276
924.62	64.238
924.79	64.141
924.96	63.971
925.13	63.931
925.30	63.824
925.47	63.667
925.64	63.546
925.81	63.469
925.98	63.395
926.15	63.365
926.32	63.193
926.49	63.076
926.66	62.979
926.83	62.866
927.00	62.815
927.17	62.687
927.34	62.731
927.51	62.691
927.69	62.723
927.86	62.671
928.03	62.546
928.20	62.512
928.37	62.423
928.54	62.463
928.71	62.423
928.88	62.451
929.05	62.498
929.22	62.505
929.39	62.459
929.56	62.391
929.73	62.352
929.90	62.425
930.07	62.420
930.24	62.396
930.41	62.410
930.58	62.467
930.75	62.538
930.92	62.485
931.09	62.475
931.26	62.436
931.43	62.412
931.60	62.427
931.77	62.348
931.94	62.423
932.11	62.453
932.27	62.477
932.44	62.492
932.61	62.522
932.78	62.480
932.95	62.579
933.12	62.536
933.29	62.576
933.46	62.576
933.63	62.519
933.80	62.534
933.97	62.543
934.14	62.523
934.31	62.454
934.48	62.491
934.65	62.522
934.82	62.601
934.99	62.648
935.16	62.690
935.33	62.780
935.50	62.888
935.67	62.954
935.84	63.011
936.00	63.023
936.17	63.087
936.34	63.218
936.51	63.201
936.68	63.267
936.85	63.291
937.02	63.390
937.19	63.449
937.36	63.593
937.53	63.596
937.70	63.689
937.87	63.787
938.03	63.809
938.20	63.855
938.37	63.912
938.54	63.988
938.71	64.064
938.88	64.159
939.05	64.079
939.22	64.037
939.39	64.106
939.56	64.287
939.72	64.329
939.89	64.364
940.06	64.428
940.23	64.503
940.40	64.604
940.57	64.772
940.74	64.946
940.91	65.012
941.08	65.206
941.24	65.297
941.41	65.475
941.58	65.692
941.75	65.835
941.92	65.985
942.09	66.122
942.26	66.216
942.42	66.287
942.59	66.521
942.76	66.866
942.93	67.035
943.10	67.043
943.27	67.204
943.44	67.355
943.60	67.546
943.77	67.561
943.94	67.775
944.11	67.804
944.28	67.865
944.45	67.980
944.61	68.104
944.78	68.115
944.95	68.166
945.12	68.376
945.29	68.527
945.46	68.500
945.62	68.524
945.79	68.725
945.96	69.021
946.13	69.178
946.30	69.185
946.46	69.326
946.63	69.444
946.80	69.587
946.97	69.744
947.14	69.828
947.31	70.355
947.47	70.590
947.64	70.776
947.81	70.946
947.98	71.155
948.15	71.221
948.31	71.455
948.48	71.564
948.65	71.561
948.82	71.677
948.98	71.863
949.15	72.180
949.32	72.229
949.49	72.237
949.66	72.310
949.82	72.381
949.99	72.501
950.16	72.624
950.33	72.579
950.49	72.670
950.66	72.629
950.83	72.470
951.00	72.297
951.16	72.074
951.33	72.107
951.50	72.003
951.67	72.068
951.83	72.083
952.00	72.098
952.17	72.007
952.34	72.025
952.50	72.148
952.67	72.064
952.84	72.122
953.01	72.041
953.17	72.052
953.34	72.140
953.51	72.073
953.68	72.010
953.84	71.969
954.01	71.898
954.18	71.838
954.34	71.886
954.51	71.951
954.68	72.134
954.85	72.143
955.01	72.280
955.18	72.527
955.35	72.285
955.51	72.264
955.68	72.372
955.85	72.536
956.02	72.400
956.18	72.446
956.35	72.388
956.52	72.400
956.68	72.398
956.85	72.286
957.02	72.374
957.18	72.407
957.35	72.418
957.52	72.484
957.69	72.607
957.85	72.651
958.02	72.524
958.19	72.422
958.35	72.408
958.52	72.177
958.69	71.870
958.85	72.061
959.02	72.160
959.19	71.949
959.35	71.794
959.52	71.872
959.69	71.840
959.85	71.854
960.02	71.884
960.19	71.770
960.35	71.704
960.52	71.586
960.68	71.509
960.85	71.591
961.02	71.345
961.18	71.356
961.35	71.159
961.52	71.196
961.68	71.170
961.85	71.057
962.02	71.121
962.18	71.130
962.35	70.888
962.51	70.732
962.68	70.758
962.85	70.675
963.01	70.380
963.18	70.293
963.35	69.935
963.51	69.770
963.68	69.755
963.84	69.535
964.01	69.528
964.18	69.392
964.34	69.159
964.51	69.020
964.67	68.797
964.84	68.721
965.01	68.536
965.17	68.299
965.34	68.349
965.50	68.119
965.67	68.053
965.84	68.054
966.00	68.129
966.17	68.215
966.33	68.075
966.50	67.965
966.66	67.915
966.83	67.975
967.00	67.885
967.16	67.704
967.33	67.630
967.49	67.424
967.66	67.630
967.82	67.459
967.99	67.604
968.16	67.581
968.32	67.470
968.49	67.261
968.65	67.441
968.82	67.275
968.98	67.318
969.15	67.013
969.31	66.758
969.48	66.512
969.64	66.175
969.81	66.128
969.98	66.032
970.14	65.675
970.31	65.638
970.47	65.358
970.64	65.153
970.80	65.211
970.97	64.741
971.13	64.378
971.30	64.281
971.46	64.057
971.63	63.814
971.79	63.833
971.96	63.857
972.12	63.585
972.29	63.141
972.45	63.045
972.62	63.067
972.78	63.097
972.95	62.708
973.11	62.534
973.28	62.390
973.44	62.481
973.61	62.684
973.77	62.459
973.94	62.453
974.10	62.568
974.27	62.499
974.43	62.827
974.60	62.763
974.76	62.712
974.93	62.671
975.09	62.531
975.26	62.313
975.42	62.231
975.59	62.018
975.75	62.381
975.92	62.285
976.08	61.801
976.24	61.644
976.41	61.435
976.57	61.415
976.74	61.345
976.90	60.963
977.07	60.519
977.23	60.548
977.40	60.426
977.56	59.815
977.73	59.473
977.89	59.124
978.05	58.738
978.22	58.619
978.38	58.358
978.55	58.125
978.71	57.944
978.88	57.889
979.04	57.827
979.20	57.611
979.37	57.411
979.53	57.324
979.70	57.386
979.86	57.638
980.03	57.466
980.19	57.311
980.35	57.345
980.52	57.185
980.68	57.140
980.85	57.026
981.01	57.078
981.17	57.017
981.34	56.916
981.50	56.884
981.67	56.820
981.83	56.747
981.99	56.644
982.16	56.366
982.32	55.611
982.49	55.614
982.65	55.424
982.81	55.532
982.98	55.601
983.14	55.558
983.30	55.179
983.47	55.129
983.63	54.995
983.80	54.733
983.96	54.516
984.12	54.994
984.29	55.130
984.45	55.454
984.61	55.234
984.78	55.468
984.94	55.668
985.10	56.107
985.27	55.928
985.43	56.419
985.59	56.853
985.76	57.418
985.92	57.629
986.08	57.965
986.25	57.566
986.41	58.102
986.57	57.478
986.74	57.775
986.90	57.795
987.06	57.545
987.23	57.605
987.39	57.351
987.55	56.233
987.72	55.990
987.88	55.096
988.04	55.479
988.21	55.869
988.37	55.696
988.53	54.942
988.70	55.364
988.86	54.776
989.02	54.437
989.19	54.033
989.35	53.900
989.51	53.271
989.67	53.278
989.84	52.779
990.00	52.970
990.16	53.336
990.33	53.475
990.49	53.974
990.65	54.182
990.82	54.577
990.98	54.720
991.14	54.570
991.30	55.457
991.47	54.818
991.63	54.619
991.79	55.411
991.95	55.718
992.12	55.615
992.28	56.002
992.44	56.163
992.61	56.428
992.77	56.466
992.93	56.929
993.09	57.080
993.26	57.300
993.42	57.683
993.58	57.184
993.74	56.890
993.91	56.366
994.07	56.086
994.23	56.439
994.39	56.534
994.55	56.913
994.72	56.415
994.88	56.695
995.04	56.351
995.20	56.088
995.37	55.688
995.53	55.694
995.69	55.458
995.85	54.994
996.02	54.964
996.18	55.291
996.34	54.731
996.50	54.692
996.66	55.537
996.83	55.170
996.99	54.372
997.15	55.003
997.31	55.180
997.47	55.500
997.64	55.175
997.80	55.696
997.96	56.229
998.12	56.546
998.28	57.274
998.45	57.645
998.61	57.280
998.77	57.221
998.93	57.324
999.09	58.415
999.25	58.717
999.42	59.946
999.58	59.607
999.74	59.685
999.90	59.491
1000.06	58.523
1000.22	58.754
1000.39	59.599
1000.55	59.240
1000.71	59.745
1000.87	59.500
1001.03	59.433
1001.19	59.293
1001.36	58.613
1001.52	58.228
1001.68	58.112
1001.84	58.523
1002.00	57.639
1002.16	57.729
1002.32	57.180
1002.49	55.540
1002.65	55.269
1002.81	54.464
1002.97	54.507
1003.13	54.481
1003.29	55.371
1003.45	55.108
1003.62	55.763
1003.78	55.661
1003.94	56.108
1004.10	55.330
1004.26	55.337
1004.42	55.275
1004.58	55.424
1004.74	55.667
1004.90	57.276
1005.07	56.904
1005.23	55.741
1005.39	57.068
1005.55	57.705
1005.71	57.391
1005.87	58.724
1006.03	59.700
1006.19	59.995
1006.35	59.788
1006.51	60.895
1006.67	60.672
1006.84	60.731
1007.00	60.567
1007.16	61.628
1007.32	60.157
1007.48	61.192
1007.64	62.637
1007.80	62.638
1007.96	61.422
1008.12	61.850
1008.28	59.882
1008.44	61.039
1008.60	61.623
1008.76	60.309
1008.92	58.940
1009.09	58.958
1009.25	58.362
1009.41	57.630
1009.57	58.023
1009.73	58.424
1009.89	58.582
1010.05	59.514
1010.21	60.916
1010.37	60.286
1010.53	61.477
1010.69	63.335
1010.85	62.555
1011.01	61.460
1011.17	60.210
1011.33	62.407
1011.49	62.880
1011.65	63.247
1011.81	62.725
1011.97	63.212
1012.13	65.635
1012.29	67.586
1012.45	69.085
1012.61	72.100
1012.77	69.622
1012.93	69.208
1013.09	68.305
1013.25	68.610
1013.41	68.556
1013.57	65.972
1013.73	65.523
1013.89	61.318
1014.05	63.075
1014.21	61.204
1014.37	59.557
1014.53	58.623
1014.69	57.911
1014.85	57.778
1015.01	59.738
1015.17	61.955
1015.33	61.815
1015.49	59.770
1015.65	61.601
1015.81	62.569
1015.97	59.244
1016.13	62.756
1016.29	62.367
1016.45	63.292
1016.61	63.919
1016.77	61.772
1016.93	62.840
1017.09	62.101
1017.25	64.064
1017.41	62.394
1017.56	64.859
1017.72	70.451
1017.88	72.970
1018.04	74.889
1018.20	72.861
1018.36	72.762
1018.52	70.244
1018.68	71.830
1018.84	73.542
1019.00	71.521
1019.16	71.761
1019.32	75.408
1019.48	76.018
1019.64	78.259
1019.79	75.610
1019.95	71.208
1020.11	75.827
1020.27	75.935
1020.43	81.916
1020.59	83.397
1020.75	80.667
1020.91	83.837
1021.07	77.359
1021.23	76.199
1021.39	71.571
1021.54	76.682
1021.70	73.579
1021.86	71.400
1022.02	69.029
1022.18	65.370
1022.34	67.852
1022.50	67.207
1022.66	64.046
1022.82	63.941
1022.97	63.370
1023.13	65.734
1023.29	70.273
1023.45	68.088
1023.61	68.331
1023.77	64.842
1023.93	66.056
1024.08	66.816
1024.24	63.400
1024.40	63.377
1024.56	70.461
1024.72	70.200
1024.88	61.593
1025.04	65.903
1025.19	66.022
1025.35	63.812
1025.51	70.067
1025.67	72.643
1025.83	69.010
1025.99	72.458
1026.14	70.645
1026.30	76.711
1026.46	80.070
1026.62	74.734
1026.78	70.202
1026.94	68.392
1027.09	66.893
1027.25	63.697
1027.41	63.926
1027.57	62.726
1027.73	62.068
1027.89	57.555
1028.04	57.148
1028.20	55.891
1028.36	56.893
1028.52	56.062
1028.68	55.833
1028.83	55.353
1028.99	53.127
1029.15	54.367
1029.31	53.383
1029.47	54.677
1029.62	54.086
1029.78	52.368
1029.94	52.535
1030.10	54.006
1030.25	55.457
1030.41	59.369
1030.57	62.787
1030.73	64.924
1030.89	65.276
1031.04	67.943
1031.20	70.549
1031.36	78.280
1031.52	83.621
1031.67	84.965
1031.83	89.886
1031.99	101.343
1032.15	89.713
1032.30	98.469
1032.46	105.791
1032.62	96.551
1032.78	87.303
1032.93	95.347
1033.09	82.613
1033.25	71.393
1033.41	61.885
1033.56	50.559
1033.72	-21.863
1033.88	190.119
1034.04	15.190
1034.19	55.909
1034.35	71.520
1034.51	-5.344
1034.66	37.400
1034.82	3578.333
1034.98	3578.333
1035.14	3578.333
