345.22	32.979
345.43	32.979
345.65	32.979
345.86	55.208
346.08	115.057
346.29	23.285
346.51	8.769
346.72	70.985
346.94	-129.103
347.15	-61.093
347.37	79.309
347.58	111.213
347.80	136.162
348.01	124.108
348.23	97.179
348.44	90.480
348.66	86.795
348.87	89.380
349.09	86.258
349.30	79.029
349.52	73.968
349.73	78.038
349.95	78.920
350.16	80.635
350.38	78.685
350.59	73.007
350.81	72.002
351.02	70.766
351.24	70.280
351.45	69.662
351.67	71.467
351.88	70.938
352.10	67.578
352.31	66.539
352.53	69.195
352.74	70.045
352.96	71.723
353.17	70.760
353.39	71.731
353.60	74.156
353.82	74.522
354.03	74.449
354.25	70.083
354.46	64.763
354.67	61.974
354.89	60.335
355.10	64.656
355.32	63.910
355.53	65.568
355.75	67.673
355.96	68.520
356.18	68.248
356.39	68.401
356.61	71.645
356.82	72.322
357.04	69.256
357.25	69.491
357.46	68.579
357.68	68.318
357.89	66.900
358.11	65.109
358.32	67.972
358.54	66.368
358.75	67.784
358.97	70.263
359.18	73.489
359.40	72.882
359.61	72.895
359.82	74.012
360.04	74.048
360.25	71.842
360.47	68.395
360.68	67.688
360.90	67.911
361.11	66.185
361.32	65.598
361.54	68.355
361.75	68.276
361.97	69.245
362.18	70.115
362.40	71.360
362.61	72.639
362.83	71.939
363.04	72.895
363.25	74.324
363.47	75.455
363.68	73.091
363.90	76.450
364.11	77.305
364.32	77.631
364.54	76.061
364.75	73.831
364.97	77.061
365.18	76.471
365.40	74.388
365.61	74.072
365.82	75.316
366.04	75.199
366.25	74.274
366.47	72.754
366.68	71.338
366.89	72.509
367.11	70.836
367.32	71.564
367.54	69.743
367.75	68.904
367.96	67.610
368.18	68.401
368.39	67.670
368.61	67.660
368.82	68.526
369.03	70.962
369.25	74.387
369.46	75.407
369.68	76.054
369.89	77.312
370.10	77.893
370.32	77.995
370.53	77.126
370.75	74.136
370.96	75.846
371.17	76.808
371.39	74.656
371.60	74.832
371.81	75.057
372.03	76.958
372.24	78.153
372.46	81.718
372.67	82.414
372.88	80.856
373.10	80.403
373.31	79.157
373.52	78.439
373.74	76.447
373.95	75.561
374.17	76.831
374.38	79.012
374.59	79.482
374.81	77.839
375.02	76.433
375.23	79.185
375.45	77.472
375.66	75.293
375.87	76.425
376.09	76.745
376.30	75.789
376.52	77.357
376.73	74.401
376.94	72.675
377.16	73.826
377.37	77.864
377.58	77.885
377.80	79.393
378.01	80.635
378.22	82.567
378.44	83.370
378.65	85.124
378.86	85.188
379.08	86.263
379.29	87.063
379.50	89.975
379.72	90.613
379.93	93.506
380.14	96.824
380.36	97.995
380.57	99.763
380.78	100.490
381.00	101.669
381.21	103.609
381.42	104.965
381.64	105.666
381.85	105.639
382.06	106.164
382.28	106.470
382.49	106.424
382.70	107.285
382.92	107.809
383.13	107.520
383.34	108.174
383.56	109.299
383.77	110.711
383.98	110.617
384.20	111.914
384.41	112.324
384.62	112.806
384.83	113.527
385.05	114.063
385.26	115.084
385.47	115.972
385.69	116.998
385.90	117.893
386.11	118.665
386.33	119.601
386.54	120.439
386.75	121.119
386.97	122.250
387.18	122.971
387.39	123.788
387.60	124.125
387.82	124.541
388.03	124.801
388.24	125.248
388.46	125.538
388.67	125.542
388.88	125.403
389.09	125.151
389.31	124.794
389.52	124.441
389.73	123.791
389.95	123.232
390.16	122.623
390.37	122.099
390.58	121.562
390.80	120.820
391.01	120.257
391.22	119.700
391.44	118.810
391.65	118.091
391.86	117.425
392.07	117.165
392.29	116.755
392.50	116.364
392.71	115.973
392.92	115.825
393.14	115.559
393.35	115.530
393.56	115.667
393.78	115.855
393.99	116.259
394.20	116.780
394.41	117.242
394.63	117.691
394.84	118.376
395.05	119.185
395.26	119.908
395.48	120.677
395.69	121.372
395.90	122.351
396.11	123.234
396.33	124.045
396.54	124.888
396.75	125.578
396.96	126.258
397.18	126.826
397.39	127.371
397.60	127.906
397.81	128.292
398.03	128.503
398.24	128.656
398.45	128.607
398.66	128.484
398.87	128.303
399.09	128.016
399.30	127.486
399.51	126.793
399.72	126.173
399.94	125.463
400.15	124.702
400.36	123.796
400.57	122.856
400.79	121.947
401.00	120.927
401.21	119.996
401.42	119.085
401.63	118.185
401.85	117.353
402.06	116.659
402.27	115.987
402.48	115.454
402.69	115.006
402.91	114.602
403.12	114.270
403.33	114.160
403.54	114.205
403.76	114.220
403.97	114.440
404.18	114.786
404.39	115.225
404.60	115.782
404.82	116.432
405.03	117.191
405.24	117.942
405.45	118.762
405.66	119.645
405.88	120.507
406.09	121.457
406.30	122.274
406.51	123.007
406.72	123.776
406.94	124.475
407.15	125.092
407.36	125.728
407.57	126.278
407.78	126.661
407.99	126.883
408.21	127.088
408.42	127.185
408.63	127.191
408.84	127.012
409.05	126.758
409.27	126.320
409.48	125.705
409.69	125.036
409.90	124.379
410.11	123.618
410.32	122.824
410.54	121.884
410.75	120.895
410.96	119.896
411.17	118.874
411.38	117.873
411.59	116.899
411.81	115.879
412.02	114.902
412.23	113.993
412.44	113.184
412.65	112.514
412.86	111.926
413.08	111.351
413.29	110.873
413.50	110.586
413.71	110.424
413.92	110.359
414.13	110.412
414.34	110.540
414.56	110.701
414.77	111.011
414.98	111.398
415.19	112.009
415.40	112.696
415.61	113.428
415.82	114.180
416.04	115.018
416.25	115.829
416.46	116.707
416.67	117.635
416.88	118.486
417.09	119.324
417.30	120.074
417.52	120.855
417.73	121.522
417.94	122.104
418.15	122.625
418.36	123.158
418.57	123.494
418.78	123.732
418.99	123.956
419.21	124.025
419.42	124.028
419.63	123.882
419.84	123.617
420.05	123.242
420.26	122.734
420.47	122.091
420.68	121.480
420.89	120.766
421.11	119.907
421.32	119.109
421.53	118.195
421.74	117.289
421.95	116.377
422.16	115.480
422.37	114.583
422.58	113.628
422.79	112.689
423.01	111.864
423.22	111.064
423.43	110.353
423.64	109.718
423.85	109.178
424.06	108.733
424.27	108.362
424.48	108.097
424.69	108.025
424.90	108.033
425.11	108.134
425.33	108.345
425.54	108.633
425.75	108.986
425.96	109.441
426.17	110.000
426.38	110.621
426.59	111.321
426.80	112.070
427.01	112.900
427.22	113.794
427.43	114.757
427.64	115.661
427.85	116.523
428.07	117.425
428.28	118.253
428.49	119.076
428.70	119.875
428.91	120.611
429.12	121.236
429.33	121.848
429.54	122.368
429.75	122.791
429.96	123.200
430.17	123.488
430.38	123.678
430.59	123.697
430.80	123.616
431.01	123.440
431.22	123.205
431.44	122.844
431.65	122.405
431.86	121.835
432.07	121.234
432.28	120.575
432.49	119.818
432.70	119.008
432.91	118.111
433.12	117.164
433.33	116.198
433.54	115.287
433.75	114.335
433.96	113.408
434.17	112.409
434.38	111.493
434.59	110.627
434.80	109.796
435.01	109.118
435.22	108.500
435.43	107.970
435.64	107.486
435.85	107.095
436.06	106.790
436.27	106.606
436.48	106.526
436.69	106.504
436.90	106.616
437.11	106.838
437.33	107.153
437.54	107.567
437.75	108.104
437.96	108.629
438.17	109.244
438.38	109.874
438.59	110.635
438.80	111.393
439.01	112.249
439.22	113.151
439.43	113.913
439.64	114.726
439.85	115.537
440.06	116.312
440.27	117.110
440.48	117.818
440.69	118.483
440.90	119.082
441.11	119.684
441.32	120.175
441.53	120.586
441.74	120.895
441.95	121.163
442.16	121.319
442.37	121.361
442.58	121.337
442.79	121.239
443.00	121.040
443.21	120.763
443.42	120.323
443.62	119.740
443.83	119.262
444.04	118.652
444.25	117.983
444.46	117.236
444.67	116.416
444.88	115.586
445.09	114.694
445.30	113.787
445.51	112.817
445.72	111.837
445.93	110.928
446.14	110.001
446.35	109.062
446.56	108.203
446.77	107.394
446.98	106.594
447.19	105.840
447.40	105.184
447.61	104.547
447.82	104.012
448.03	103.605
448.24	103.214
448.45	102.932
448.66	102.742
448.87	102.637
449.08	102.647
449.29	102.728
449.49	102.902
449.70	103.171
449.91	103.510
450.12	103.951
450.33	104.407
450.54	104.960
450.75	105.585
450.96	106.212
451.17	106.907
451.38	107.627
451.59	108.386
451.80	109.124
452.01	109.902
452.22	110.691
452.43	111.423
452.64	112.134
452.84	112.841
453.05	113.490
453.26	114.141
453.47	114.698
453.68	115.228
453.89	115.696
454.10	116.045
454.31	116.375
454.52	116.592
454.73	116.772
454.94	116.828
455.15	116.788
455.36	116.665
455.56	116.473
455.77	116.191
455.98	115.855
456.19	115.453
456.40	114.988
456.61	114.460
456.82	113.835
457.03	113.166
457.24	112.422
457.45	111.665
457.65	110.800
457.86	109.952
458.07	109.080
458.28	108.135
458.49	107.255
458.70	106.316
458.91	105.411
459.12	104.506
459.33	103.613
459.54	102.787
459.74	101.988
459.95	101.216
460.16	100.546
460.37	99.928
460.58	99.378
460.79	98.866
461.00	98.406
461.21	98.055
461.41	97.780
461.62	97.586
461.83	97.489
462.04	97.487
462.25	97.503
462.46	97.633
462.67	97.866
462.88	98.169
463.08	98.560
463.29	98.982
463.50	99.476
463.71	100.055
463.92	100.655
464.13	101.276
464.34	101.946
464.54	102.659
464.75	103.388
464.96	104.109
465.17	104.843
465.38	105.549
465.59	106.288
465.80	106.990
466.00	107.651
466.21	108.279
466.42	108.864
466.63	109.464
466.84	110.005
467.05	110.471
467.26	110.872
467.46	111.158
467.67	111.434
467.88	111.647
468.09	111.753
468.30	111.821
468.51	111.824
468.71	111.725
468.92	111.564
469.13	111.328
469.34	111.037
469.55	110.652
469.76	110.239
469.96	109.730
470.17	109.168
470.38	108.575
470.59	107.907
470.80	107.193
471.00	106.477
471.21	105.692
471.42	104.911
471.63	104.102
471.84	103.296
472.05	102.454
472.25	101.616
472.46	100.794
472.67	99.941
472.88	99.156
473.09	98.372
473.29	97.593
473.50	96.886
473.71	96.194
473.92	95.557
474.13	94.968
474.33	94.453
474.54	93.995
474.75	93.600
474.96	93.267
475.17	93.007
475.37	92.775
475.58	92.639
475.79	92.579
476.00	92.592
476.21	92.687
476.41	92.842
476.62	93.069
476.83	93.346
477.04	93.729
477.24	94.129
477.45	94.595
477.66	95.108
477.87	95.637
478.08	96.235
478.28	96.830
478.49	97.476
478.70	98.148
478.91	98.808
479.11	99.472
479.32	100.165
479.53	100.826
479.74	101.513
479.94	102.156
480.15	102.752
480.36	103.318
480.57	103.862
480.78	104.394
480.98	104.834
481.19	105.241
481.40	105.584
481.61	105.907
481.81	106.160
482.02	106.345
482.23	106.499
482.44	106.551
482.64	106.577
482.85	106.525
483.06	106.384
483.27	106.221
483.47	106.010
483.68	105.720
483.89	105.375
484.10	104.957
484.30	104.503
484.51	103.980
484.72	103.445
484.92	102.821
485.13	102.190
485.34	101.537
485.55	100.839
485.75	100.127
485.96	99.364
486.17	98.600
486.38	97.837
486.58	97.053
486.79	96.291
487.00	95.516
487.20	94.748
487.41	94.021
487.62	93.309
487.83	92.609
488.03	91.932
488.24	91.304
488.45	90.705
488.65	90.139
488.86	89.637
489.07	89.175
489.28	88.780
489.48	88.423
489.69	88.156
489.90	87.925
490.10	87.768
490.31	87.669
490.52	87.610
490.73	87.625
490.93	87.699
491.14	87.826
491.35	88.017
491.55	88.259
491.76	88.548
491.97	88.877
492.17	89.243
492.38	89.667
492.59	90.127
492.79	90.634
493.00	91.169
493.21	91.727
493.41	92.292
493.62	92.879
493.83	93.484
494.04	94.054
494.24	94.652
494.45	95.240
494.66	95.806
494.86	96.397
495.07	96.936
495.28	97.479
495.48	97.978
495.69	98.450
495.90	98.897
496.10	99.311
496.31	99.669
496.52	99.983
496.72	100.286
496.93	100.532
497.14	100.719
497.34	100.840
497.55	100.939
497.76	100.981
497.96	100.963
498.17	100.891
498.37	100.781
498.58	100.592
498.79	100.356
498.99	100.094
499.20	99.760
499.41	99.381
499.61	98.938
499.82	98.470
500.03	97.951
500.23	97.422
500.44	96.835
500.65	96.229
500.85	95.608
501.06	94.928
501.26	94.243
501.47	93.540
501.68	92.843
501.88	92.115
502.09	91.395
502.30	90.672
502.50	89.955
502.71	89.255
502.91	88.571
503.12	87.897
503.33	87.245
503.53	86.632
503.74	86.037
503.95	85.469
504.15	84.942
504.36	84.446
504.56	83.984
504.77	83.581
504.98	83.204
505.18	82.890
505.39	82.617
505.59	82.397
505.80	82.228
506.01	82.113
506.21	82.054
506.42	82.043
506.62	82.077
506.83	82.157
507.04	82.293
507.24	82.470
507.45	82.701
507.65	82.970
507.86	83.265
508.07	83.610
508.27	83.996
508.48	84.407
508.68	84.864
508.89	85.329
509.10	85.811
509.30	86.317
509.51	86.827
509.71	87.348
509.92	87.877
510.12	88.408
510.33	88.938
510.54	89.451
510.74	89.971
510.95	90.469
511.15	90.957
511.36	91.436
511.56	91.897
511.77	92.319
511.98	92.721
512.18	93.104
512.39	93.450
512.59	93.757
512.80	94.026
513.00	94.258
513.21	94.449
513.42	94.610
513.62	94.725
513.83	94.804
514.03	94.827
514.24	94.800
514.44	94.722
514.65	94.614
514.85	94.468
515.06	94.275
515.26	94.033
515.47	93.759
515.68	93.436
515.88	93.077
516.09	92.678
516.29	92.249
516.50	91.780
516.70	91.277
516.91	90.752
517.11	90.205
517.32	89.635
517.52	89.041
517.73	88.448
517.93	87.825
518.14	87.194
518.34	86.569
518.55	85.938
518.76	85.312
518.96	84.672
519.17	84.034
519.37	83.404
519.58	82.806
519.78	82.205
519.99	81.614
520.19	81.048
520.40	80.525
520.60	80.016
520.81	79.534
521.01	79.074
521.22	78.665
521.42	78.287
521.63	77.940
521.83	77.634
522.04	77.354
522.24	77.140
522.45	76.964
522.65	76.828
522.86	76.743
523.06	76.695
523.27	76.695
523.47	76.737
523.68	76.817
523.88	76.931
524.09	77.090
524.29	77.298
524.50	77.539
524.70	77.806
524.91	78.103
525.11	78.447
525.32	78.832
525.52	79.222
525.72	79.658
525.93	80.106
526.13	80.583
526.34	81.060
526.54	81.563
526.75	82.053
526.95	82.560
527.16	83.056
527.36	83.565
527.57	84.067
527.77	84.559
527.98	85.060
528.18	85.548
528.39	86.013
528.59	86.471
528.79	86.904
529.00	87.331
529.20	87.728
529.41	88.121
529.61	88.471
529.82	88.788
530.02	89.062
530.23	89.323
530.43	89.531
530.64	89.723
530.84	89.862
531.04	89.965
531.25	90.056
531.45	90.117
531.66	90.132
531.86	90.105
532.07	90.034
532.27	89.925
532.47	89.785
532.68	89.628
532.88	89.431
533.09	89.198
533.29	88.911
533.50	88.603
533.70	88.226
533.90	87.848
534.11	87.456
534.31	87.033
534.52	86.575
534.72	86.126
534.93	85.649
535.13	85.140
535.33	84.637
535.54	84.090
535.74	83.545
535.95	82.978
536.15	82.433
536.35	81.883
536.56	81.332
536.76	80.766
536.97	80.216
537.17	79.663
537.37	79.123
537.58	78.611
537.78	78.109
537.99	77.634
538.19	77.157
538.39	76.698
538.60	76.269
538.80	75.880
539.01	75.491
539.21	75.139
539.41	74.831
539.62	74.540
539.82	74.291
540.03	74.065
540.23	73.892
540.43	73.739
540.64	73.642
540.84	73.567
541.04	73.542
541.25	73.560
541.45	73.609
541.66	73.689
541.86	73.808
542.06	73.964
542.27	74.152
542.47	74.392
542.67	74.643
542.88	74.930
543.08	75.244
543.28	75.597
543.49	75.966
543.69	76.360
543.90	76.787
544.10	77.212
544.30	77.684
544.51	78.149
544.71	78.654
544.91	79.138
545.12	79.644
545.32	80.159
545.52	80.646
545.73	81.162
545.93	81.670
546.13	82.148
546.34	82.623
546.54	83.092
546.74	83.543
546.95	84.007
547.15	84.450
547.35	84.856
547.56	85.267
547.76	85.667
547.96	86.030
548.17	86.380
548.37	86.720
548.57	86.998
548.78	87.260
548.98	87.485
549.18	87.676
549.39	87.839
549.59	87.971
549.79	88.098
550.00	88.173
550.20	88.248
550.40	88.269
550.61	88.266
550.81	88.227
551.01	88.155
551.22	88.051
551.42	87.910
551.62	87.745
551.82	87.533
552.03	87.304
552.23	87.048
552.43	86.755
552.64	86.440
552.84	86.102
553.04	85.738
553.25	85.352
553.45	84.938
553.65	84.510
553.85	84.083
554.06	83.629
554.26	83.155
554.46	82.653
554.67	82.163
554.87	81.652
555.07	81.156
555.27	80.641
555.48	80.125
555.68	79.621
555.88	79.112
556.09	78.611
556.29	78.097
556.49	77.606
556.69	77.109
556.90	76.629
557.10	76.181
557.30	75.759
557.50	75.331
557.71	74.950
557.91	74.587
558.11	74.221
558.31	73.894
558.52	73.593
558.72	73.326
558.92	73.085
559.13	72.878
559.33	72.691
559.53	72.530
559.73	72.415
559.94	72.319
560.14	72.253
560.34	72.215
560.54	72.214
560.75	72.255
560.95	72.321
561.15	72.431
561.35	72.554
561.55	72.700
561.76	72.890
561.96	73.087
562.16	73.329
562.36	73.612
562.57	73.901
562.77	74.219
562.97	74.559
563.17	74.913
563.38	75.280
563.58	75.676
563.78	76.091
563.98	76.511
564.18	76.941
564.39	77.396
564.59	77.852
564.79	78.328
564.99	78.791
565.20	79.255
565.40	79.704
565.60	80.154
565.80	80.624
566.00	81.069
566.21	81.521
566.41	81.942
566.61	82.363
566.81	82.784
567.01	83.184
567.22	83.576
567.42	83.953
567.62	84.300
567.82	84.630
568.02	84.942
568.23	85.234
568.43	85.503
568.63	85.756
568.83	85.969
569.03	86.148
569.24	86.312
569.44	86.463
569.64	86.593
569.84	86.704
570.04	86.758
570.24	86.803
570.45	86.821
570.65	86.816
570.85	86.775
571.05	86.694
571.25	86.589
571.45	86.449
571.66	86.303
571.86	86.137
572.06	85.925
572.26	85.702
572.46	85.457
572.66	85.200
572.87	84.902
573.07	84.600
573.27	84.273
573.47	83.933
573.67	83.563
573.87	83.169
574.08	82.755
574.28	82.351
574.48	81.929
574.68	81.486
574.88	81.040
575.08	80.568
575.28	80.104
575.49	79.642
575.69	79.180
575.89	78.694
576.09	78.230
576.29	77.757
576.49	77.285
576.69	76.817
576.90	76.356
577.10	75.909
577.30	75.470
577.50	75.051
577.70	74.628
577.90	74.226
578.10	73.859
578.30	73.502
578.51	73.159
578.71	72.845
578.91	72.549
579.11	72.264
579.31	72.015
579.51	71.783
579.71	71.580
579.91	71.391
580.12	71.242
580.32	71.115
580.52	71.025
580.72	70.946
580.92	70.895
581.12	70.858
581.32	70.866
581.52	70.910
581.72	70.965
581.92	71.052
582.13	71.175
582.33	71.300
582.53	71.463
582.73	71.641
582.93	71.848
583.13	72.083
583.33	72.351
583.53	72.631
583.73	72.936
583.93	73.260
584.13	73.608
584.34	73.982
584.54	74.340
584.74	74.708
584.94	75.114
585.14	75.527
585.34	75.952
585.54	76.348
585.74	76.759
585.94	77.193
586.14	77.637
586.34	78.063
586.54	78.512
586.74	78.957
586.94	79.410
587.15	79.858
587.35	80.288
587.55	80.705
587.75	81.125
587.95	81.519
588.15	81.902
588.35	82.270
588.55	82.632
588.75	82.994
588.95	83.340
589.15	83.660
589.35	83.969
589.55	84.252
589.75	84.560
589.95	84.820
590.15	85.058
590.35	85.266
590.55	85.469
590.75	85.636
590.95	85.778
591.15	85.897
591.35	85.984
591.56	86.050
591.76	86.096
591.96	86.114
592.16	86.123
592.36	86.104
592.56	86.069
592.76	85.995
592.96	85.913
593.16	85.792
593.36	85.654
593.56	85.501
593.76	85.340
593.96	85.128
594.16	84.915
594.36	84.683
594.56	84.430
594.76	84.150
594.96	83.864
595.16	83.545
595.36	83.220
595.56	82.871
595.76	82.502
595.96	82.115
596.16	81.735
596.36	81.337
596.56	80.940
596.76	80.515
596.96	80.090
597.16	79.663
597.36	79.243
597.56	78.808
597.76	78.362
597.96	77.914
598.16	77.473
598.36	77.032
598.56	76.587
598.76	76.155
598.96	75.741
599.16	75.327
599.36	74.943
599.56	74.559
599.76	74.180
599.96	73.821
600.15	73.478
600.35	73.151
600.55	72.838
600.75	72.524
600.95	72.242
601.15	71.966
601.35	71.699
601.55	71.460
601.75	71.253
601.95	71.061
602.15	70.899
602.35	70.741
602.55	70.616
602.75	70.518
602.95	70.431
603.15	70.355
603.35	70.319
603.55	70.291
603.75	70.281
603.95	70.305
604.15	70.355
604.35	70.431
604.54	70.518
604.74	70.649
604.94	70.791
605.14	70.945
605.34	71.131
605.54	71.348
605.74	71.587
605.94	71.831
606.14	72.100
606.34	72.382
606.54	72.689
606.74	73.015
606.94	73.344
607.14	73.700
607.33	74.078
607.53	74.452
607.73	74.831
607.93	75.216
608.13	75.614
608.33	76.021
608.53	76.415
608.73	76.830
608.93	77.222
609.13	77.630
609.33	78.048
609.52	78.460
609.72	78.863
609.92	79.250
610.12	79.649
610.32	80.042
610.52	80.441
610.72	80.818
610.92	81.185
611.12	81.551
611.31	81.907
611.51	82.245
611.71	82.575
611.91	82.906
612.11	83.230
612.31	83.540
612.51	83.820
612.71	84.105
612.91	84.354
613.10	84.599
613.30	84.854
613.50	85.072
613.70	85.268
613.90	85.437
614.10	85.591
614.30	85.709
614.50	85.817
614.69	85.886
614.89	85.952
615.09	85.993
615.29	86.018
615.49	86.018
615.69	85.997
615.89	85.964
616.08	85.912
616.28	85.832
616.48	85.729
616.68	85.605
616.88	85.462
617.08	85.300
617.27	85.135
617.47	84.930
617.67	84.710
617.87	84.471
618.07	84.232
618.27	83.980
618.47	83.724
618.66	83.439
618.86	83.152
619.06	82.838
619.26	82.525
619.46	82.198
619.66	81.848
619.85	81.489
620.05	81.120
620.25	80.725
620.45	80.339
620.65	79.941
620.84	79.567
621.04	79.176
621.24	78.804
621.44	78.398
621.64	77.979
621.84	77.581
622.03	77.180
622.23	76.782
622.43	76.385
622.63	75.995
622.83	75.607
623.02	75.224
623.22	74.858
623.42	74.479
623.62	74.119
623.82	73.782
624.01	73.445
624.21	73.116
624.41	72.814
624.61	72.524
624.81	72.256
625.00	71.978
625.20	71.721
625.40	71.467
625.60	71.244
625.79	71.052
625.99	70.881
626.19	70.718
626.39	70.575
626.59	70.448
626.78	70.352
626.98	70.272
627.18	70.204
627.38	70.163
627.57	70.166
627.77	70.169
627.97	70.189
628.17	70.243
628.37	70.308
628.56	70.406
628.76	70.509
628.96	70.628
629.16	70.765
629.35	70.948
629.55	71.136
629.75	71.345
629.95	71.571
630.14	71.798
630.34	72.057
630.54	72.324
630.74	72.601
630.93	72.890
631.13	73.189
631.33	73.498
631.53	73.800
631.72	74.112
631.92	74.450
632.12	74.802
632.31	75.151
632.51	75.533
632.71	75.908
632.91	76.280
633.10	76.664
633.30	77.065
633.50	77.434
633.70	77.830
633.89	78.214
634.09	78.607
634.29	78.997
634.48	79.376
634.68	79.770
634.88	80.160
635.08	80.544
635.27	80.939
635.47	81.322
635.67	81.714
635.86	82.096
636.06	82.458
636.26	82.799
636.46	83.142
636.65	83.458
636.85	83.784
637.05	84.096
637.24	84.379
637.44	84.654
637.64	84.923
637.83	85.185
638.03	85.439
638.23	85.648
638.43	85.860
638.62	86.049
638.82	86.203
639.02	86.355
639.21	86.483
639.41	86.585
639.61	86.692
639.80	86.773
640.00	86.835
640.20	86.900
640.39	86.956
640.59	86.978
640.79	86.995
640.98	86.975
641.18	86.948
641.38	86.917
641.57	86.850
641.77	86.767
641.97	86.654
642.16	86.532
642.36	86.408
642.56	86.263
642.75	86.121
642.95	85.950
643.15	85.768
643.34	85.584
643.54	85.378
643.74	85.141
643.93	84.901
644.13	84.624
644.33	84.331
644.52	84.036
644.72	83.742
644.91	83.427
645.11	83.093
645.31	82.763
645.50	82.433
645.70	82.104
645.90	81.768
646.09	81.415
646.29	81.050
646.48	80.681
646.68	80.297
646.88	79.917
647.07	79.541
647.27	79.157
647.47	78.765
647.66	78.392
647.86	78.012
648.05	77.638
648.25	77.280
648.45	76.918
648.64	76.547
648.84	76.196
649.04	75.837
649.23	75.490
649.43	75.154
649.62	74.815
649.82	74.476
650.02	74.157
650.21	73.851
650.41	73.574
650.60	73.303
650.80	73.065
651.00	72.805
651.19	72.577
651.39	72.356
651.58	72.149
651.78	71.959
651.97	71.802
652.17	71.647
652.37	71.501
652.56	71.391
652.76	71.289
652.95	71.199
653.15	71.153
653.35	71.110
653.54	71.074
653.74	71.044
653.93	71.046
654.13	71.064
654.32	71.087
654.52	71.109
654.72	71.168
654.91	71.236
655.11	71.334
655.30	71.451
655.50	71.584
655.69	71.731
655.89	71.881
656.08	72.038
656.28	72.223
656.48	72.426
656.67	72.635
656.87	72.860
657.06	73.083
657.26	73.314
657.45	73.571
657.65	73.848
657.84	74.149
658.04	74.441
658.23	74.753
658.43	75.083
658.62	75.426
658.82	75.762
659.02	76.106
659.21	76.468
659.41	76.818
659.60	77.179
659.80	77.547
659.99	77.938
660.19	78.319
660.38	78.706
660.58	79.078
660.77	79.463
660.97	79.835
661.16	80.213
661.36	80.577
661.55	80.958
661.75	81.326
661.94	81.681
662.14	82.051
662.33	82.418
662.53	82.773
662.72	83.123
662.92	83.460
663.11	83.780
663.31	84.107
663.50	84.432
663.70	84.755
663.89	85.066
664.09	85.350
664.28	85.645
664.48	85.914
664.67	86.196
664.87	86.439
665.06	86.686
665.26	86.916
665.45	87.140
665.65	87.341
665.84	87.547
666.04	87.734
666.23	87.882
666.43	88.006
666.62	88.126
666.82	88.228
667.01	88.323
667.21	88.411
667.40	88.467
667.59	88.529
667.79	88.551
667.98	88.545
668.18	88.530
668.37	88.497
668.57	88.475
668.76	88.422
668.96	88.349
669.15	88.271
669.35	88.195
669.54	88.088
669.73	87.977
669.93	87.843
670.12	87.705
670.32	87.573
670.51	87.419
670.71	87.251
670.90	87.080
671.10	86.897
671.29	86.686
671.48	86.461
671.68	86.221
671.87	85.984
672.07	85.733
672.26	85.512
672.46	85.252
672.65	84.978
672.84	84.693
673.04	84.416
673.23	84.125
673.43	83.817
673.62	83.519
673.82	83.207
674.01	82.864
674.20	82.532
674.40	82.182
674.59	81.843
674.79	81.509
674.98	81.161
675.17	80.811
675.37	80.477
675.56	80.138
675.76	79.792
675.95	79.430
676.14	79.096
676.34	78.725
676.53	78.379
676.73	78.024
676.92	77.670
677.11	77.325
677.31	76.981
677.50	76.657
677.70	76.324
677.89	75.992
678.08	75.696
678.28	75.400
678.47	75.127
678.66	74.858
678.86	74.601
679.05	74.346
679.25	74.109
679.44	73.884
679.63	73.684
679.83	73.481
680.02	73.310
680.21	73.138
680.41	72.982
680.60	72.822
680.79	72.685
680.99	72.564
681.18	72.444
681.38	72.347
681.57	72.274
681.76	72.224
681.96	72.185
682.15	72.147
682.34	72.112
682.54	72.089
682.73	72.093
682.92	72.095
683.12	72.135
683.31	72.185
683.50	72.243
683.70	72.313
683.89	72.385
684.08	72.484
684.28	72.599
684.47	72.725
684.66	72.876
684.86	73.036
685.05	73.216
685.24	73.413
685.44	73.609
685.63	73.810
685.82	74.028
686.02	74.246
686.21	74.508
686.40	74.769
686.60	75.054
686.79	75.338
686.98	75.631
687.18	75.933
687.37	76.233
687.56	76.535
687.75	76.852
687.95	77.180
688.14	77.502
688.33	77.843
688.53	78.185
688.72	78.542
688.91	78.894
689.11	79.239
689.30	79.617
689.49	80.000
689.68	80.370
689.88	80.730
690.07	81.093
690.26	81.440
690.46	81.803
690.65	82.143
690.84	82.491
691.03	82.848
691.23	83.190
691.42	83.535
691.61	83.883
691.80	84.208
692.00	84.538
692.19	84.848
692.38	85.155
692.58	85.465
692.77	85.756
692.96	86.038
693.15	86.324
693.35	86.587
693.54	86.862
693.73	87.137
693.92	87.384
694.12	87.646
694.31	87.878
694.50	88.123
694.69	88.334
694.89	88.537
695.08	88.718
695.27	88.917
695.46	89.087
695.66	89.257
695.85	89.423
696.04	89.578
696.23	89.745
696.43	89.884
696.62	89.989
696.81	90.090
697.00	90.194
697.19	90.283
697.39	90.345
697.58	90.387
697.77	90.409
697.96	90.447
698.16	90.452
698.35	90.476
698.54	90.454
698.73	90.459
698.92	90.419
699.12	90.378
699.31	90.311
699.50	90.244
699.69	90.166
699.89	90.070
700.08	89.971
700.27	89.840
700.46	89.714
700.65	89.577
700.85	89.449
701.04	89.292
701.23	89.115
701.42	88.933
701.61	88.744
701.81	88.540
702.00	88.323
702.19	88.106
702.38	87.858
702.57	87.624
702.76	87.356
702.96	87.102
703.15	86.832
703.34	86.551
703.53	86.258
703.72	85.941
703.92	85.624
704.11	85.304
704.30	84.975
704.49	84.650
704.68	84.328
704.87	83.975
705.07	83.633
705.26	83.297
705.45	82.985
705.64	82.643
705.83	82.329
706.02	81.999
706.21	81.680
706.41	81.352
706.60	81.009
706.79	80.691
706.98	80.383
707.17	80.057
707.36	79.743
707.56	79.450
707.75	79.158
707.94	78.869
708.13	78.588
708.32	78.326
708.51	78.046
708.70	77.795
708.89	77.539
709.09	77.286
709.28	77.049
709.47	76.776
709.66	76.522
709.85	76.278
710.04	76.041
710.23	75.794
710.42	75.591
710.62	75.386
710.81	75.163
711.00	74.956
711.19	74.776
711.38	74.597
711.57	74.414
711.76	74.248
711.95	74.111
712.15	73.979
712.34	73.855
712.53	73.744
712.72	73.635
712.91	73.568
713.10	73.500
713.29	73.443
713.48	73.397
713.67	73.390
713.86	73.392
714.05	73.394
714.25	73.414
714.44	73.420
714.63	73.453
714.82	73.523
715.01	73.594
715.20	73.696
715.39	73.786
715.58	73.897
715.77	74.029
715.96	74.160
716.15	74.290
716.34	74.416
716.54	74.566
716.73	74.733
716.92	74.881
717.11	75.056
717.30	75.244
717.49	75.449
717.68	75.661
717.87	75.843
718.06	76.080
718.25	76.327
718.44	76.581
718.63	76.848
718.82	77.110
719.01	77.373
719.20	77.639
719.39	77.926
719.58	78.217
719.77	78.497
719.96	78.765
720.16	79.055
720.35	79.367
720.54	79.668
720.73	79.973
720.92	80.292
721.11	80.627
721.30	80.949
721.49	81.273
721.68	81.602
721.87	81.956
722.06	82.283
722.25	82.607
722.44	82.939
722.63	83.255
722.82	83.566
723.01	83.870
723.20	84.165
723.39	84.472
723.58	84.799
723.77	85.123
723.96	85.454
724.15	85.789
724.34	86.101
724.53	86.416
724.72	86.702
724.91	87.012
725.10	87.313
725.29	87.592
725.48	87.901
725.67	88.155
725.86	88.399
726.05	88.651
726.24	88.888
726.43	89.115
726.62	89.345
726.81	89.597
727.00	89.829
727.19	90.072
727.38	90.293
727.57	90.484
727.76	90.669
727.95	90.842
728.14	90.990
728.33	91.144
728.52	91.285
728.71	91.422
728.90	91.546
729.09	91.636
729.28	91.716
729.47	91.776
729.65	91.851
729.84	91.925
730.03	91.990
730.22	92.043
730.41	92.096
730.60	92.139
730.79	92.134
730.98	92.148
731.17	92.156
731.36	92.133
731.55	92.091
731.74	92.050
731.93	92.000
732.12	91.943
732.31	91.890
732.50	91.844
732.69	91.793
732.88	91.700
733.06	91.600
733.25	91.509
733.44	91.416
733.63	91.291
733.82	91.162
734.01	91.001
734.20	90.844
734.39	90.664
734.58	90.495
734.77	90.333
734.96	90.137
735.15	89.923
735.33	89.707
735.52	89.509
735.71	89.289
735.90	89.056
736.09	88.811
736.28	88.539
736.47	88.266
736.66	87.983
736.85	87.705
737.04	87.406
737.23	87.117
737.41	86.809
737.60	86.539
737.79	86.227
737.98	85.934
738.17	85.639
738.36	85.361
738.55	85.071
738.74	84.780
738.92	84.486
739.11	84.198
739.30	83.894
739.49	83.576
739.68	83.281
739.87	83.009
740.06	82.739
740.25	82.448
740.43	82.167
740.62	81.876
740.81	81.578
741.00	81.310
741.19	81.018
741.38	80.721
741.57	80.420
741.75	80.157
741.94	79.872
742.13	79.591
742.32	79.297
742.51	79.018
742.70	78.751
742.89	78.499
743.07	78.235
743.26	77.989
743.45	77.725
743.64	77.493
743.83	77.239
744.02	76.966
744.20	76.743
744.39	76.518
744.58	76.310
744.77	76.124
744.96	75.956
745.15	75.816
745.33	75.688
745.52	75.558
745.71	75.421
745.90	75.305
746.09	75.201
746.28	75.110
746.46	74.995
746.65	74.886
746.84	74.797
747.03	74.714
747.22	74.651
747.40	74.619
747.59	74.566
747.78	74.532
747.97	74.543
748.16	74.543
748.34	74.527
748.53	74.542
748.72	74.565
748.91	74.569
749.10	74.582
749.28	74.615
749.47	74.670
749.66	74.718
749.85	74.761
750.04	74.822
750.22	74.880
750.41	74.976
750.60	75.086
750.79	75.173
750.97	75.278
751.16	75.406
751.35	75.526
751.54	75.648
751.73	75.803
751.91	75.945
752.10	76.125
752.29	76.290
752.48	76.475
752.66	76.664
752.85	76.858
753.04	77.058
753.23	77.278
753.41	77.474
753.60	77.711
753.79	77.957
753.98	78.187
754.16	78.437
754.35	78.677
754.54	78.915
754.73	79.191
754.91	79.468
755.10	79.734
755.29	80.019
755.48	80.292
755.66	80.567
755.85	80.853
756.04	81.111
756.22	81.409
756.41	81.676
756.60	81.949
756.79	82.248
756.97	82.547
757.16	82.804
757.35	83.101
757.54	83.393
757.72	83.680
757.91	83.982
758.10	84.276
758.28	84.562
758.47	84.844
758.66	85.148
758.85	85.435
759.03	85.728
759.22	86.015
759.41	86.311
759.59	86.599
759.78	86.879
759.97	87.143
760.15	87.402
760.34	87.694
760.53	87.961
760.71	88.203
760.90	88.471
761.09	88.731
761.28	88.984
761.46	89.220
761.65	89.462
761.84	89.705
762.02	89.941
762.21	90.201
762.40	90.417
762.58	90.604
762.77	90.793
762.96	90.989
763.14	91.198
763.33	91.378
763.52	91.528
763.70	91.665
763.89	91.830
764.08	91.996
764.26	92.105
764.45	92.245
764.64	92.389
764.82	92.484
765.01	92.582
765.20	92.656
765.38	92.745
765.57	92.800
765.75	92.854
765.94	92.881
766.13	92.921
766.31	92.982
766.50	93.016
766.69	93.080
766.87	93.131
767.06	93.139
767.25	93.163
767.43	93.207
767.62	93.246
767.80	93.256
767.99	93.231
768.18	93.208
768.36	93.173
768.55	93.131
768.74	93.084
768.92	93.037
769.11	93.007
769.29	92.937
769.48	92.886
769.67	92.793
769.85	92.728
770.04	92.586
770.22	92.455
770.41	92.307
770.60	92.134
770.78	91.937
770.97	91.763
771.15	91.591
771.34	91.376
771.53	91.189
771.71	90.986
771.90	90.808
772.08	90.673
772.27	90.481
772.46	90.264
772.64	90.045
772.83	89.825
773.01	89.560
773.20	89.315
773.39	89.077
773.57	88.830
773.76	88.577
773.94	88.370
774.13	88.117
774.31	87.851
774.50	87.619
774.68	87.360
774.87	87.098
775.06	86.787
775.24	86.513
775.43	86.208
775.61	85.916
775.80	85.629
775.98	85.303
776.17	84.988
776.36	84.688
776.54	84.397
776.73	84.096
776.91	83.811
777.10	83.525
777.28	83.207
777.47	82.923
777.65	82.627
777.84	82.318
778.02	82.041
778.21	81.771
778.39	81.470
778.58	81.202
778.77	80.935
778.95	80.702
779.14	80.468
779.32	80.237
779.51	80.008
779.69	79.754
779.88	79.523
780.06	79.303
780.25	79.073
780.43	78.839
780.62	78.628
780.80	78.413
780.99	78.189
781.17	77.976
781.36	77.755
781.54	77.555
781.73	77.327
781.91	77.129
782.10	76.941
782.28	76.757
782.47	76.571
782.65	76.372
782.84	76.184
783.02	76.015
783.21	75.860
783.39	75.706
783.58	75.565
783.76	75.407
783.95	75.274
784.13	75.185
784.32	75.089
784.50	74.983
784.69	74.920
784.87	74.855
785.05	74.804
785.24	74.762
785.42	74.728
785.61	74.698
785.79	74.676
785.98	74.669
786.16	74.642
786.35	74.651
786.53	74.663
786.72	74.668
786.90	74.677
787.09	74.676
787.27	74.703
787.45	74.750
787.64	74.795
787.82	74.832
788.01	74.870
788.19	74.936
788.38	74.998
788.56	75.006
788.75	75.082
788.93	75.173
789.11	75.235
789.30	75.295
789.48	75.389
789.67	75.489
789.85	75.580
790.04	75.724
790.22	75.842
790.40	75.980
790.59	76.108
790.77	76.243
790.96	76.418
791.14	76.580
791.32	76.726
791.51	76.891
791.69	77.075
791.88	77.261
792.06	77.447
792.25	77.627
792.43	77.862
792.61	78.064
792.80	78.240
792.98	78.471
793.17	78.687
793.35	78.881
793.53	79.089
793.72	79.335
793.90	79.559
794.08	79.776
794.27	80.002
794.45	80.260
794.64	80.498
794.82	80.729
795.00	80.930
795.19	81.177
795.37	81.414
795.55	81.605
795.74	81.841
795.92	82.079
796.11	82.346
796.29	82.599
796.47	82.838
796.66	83.073
796.84	83.343
797.02	83.610
797.21	83.890
797.39	84.153
797.58	84.404
797.76	84.636
797.94	84.906
798.13	85.173
798.31	85.447
798.49	85.687
798.68	85.922
798.86	86.212
799.04	86.435
799.23	86.687
799.41	86.949
799.59	87.178
799.78	87.368
799.96	87.580
800.14	87.807
800.33	88.031
800.51	88.280
800.69	88.456
800.88	88.670
801.06	88.901
801.24	89.072
801.43	89.248
801.61	89.414
801.79	89.574
801.98	89.725
802.16	89.892
802.34	90.079
802.52	90.250
802.71	90.366
802.89	90.539
803.07	90.680
803.26	90.809
803.44	90.919
803.62	91.059
803.81	91.172
803.99	91.239
804.17	91.306
804.35	91.369
804.54	91.422
804.72	91.501
804.90	91.549
805.09	91.648
805.27	91.737
805.45	91.819
805.63	91.863
805.82	91.918
806.00	91.893
806.18	91.909
806.37	91.934
806.55	91.930
806.73	91.932
806.91	91.921
807.10	91.932
807.28	91.929
807.46	91.921
807.64	91.892
807.83	91.868
808.01	91.849
808.19	91.768
808.37	91.706
808.56	91.609
808.74	91.535
808.92	91.448
809.10	91.316
809.29	91.240
809.47	91.151
809.65	91.000
809.83	90.928
810.02	90.794
810.20	90.674
810.38	90.562
810.56	90.421
810.75	90.318
810.93	90.195
811.11	90.057
811.29	89.921
811.47	89.774
811.66	89.604
811.84	89.442
812.02	89.349
812.20	89.221
812.39	89.087
812.57	88.934
812.75	88.785
812.93	88.673
813.11	88.497
813.30	88.348
813.48	88.226
813.66	88.042
813.84	87.875
814.02	87.683
814.21	87.514
814.39	87.293
814.57	87.080
814.75	86.863
814.93	86.652
815.12	86.418
815.30	86.198
815.48	85.989
815.66	85.758
815.84	85.498
816.03	85.241
816.21	84.964
816.39	84.714
816.57	84.410
816.75	84.100
816.93	83.805
817.12	83.488
817.30	83.170
817.48	82.869
817.66	82.600
817.84	82.336
818.02	82.086
818.21	81.812
818.39	81.558
818.57	81.281
818.75	81.060
818.93	80.801
819.11	80.540
819.30	80.292
819.48	80.067
819.66	79.852
819.84	79.657
820.02	79.442
820.20	79.212
820.38	78.992
820.57	78.784
820.75	78.612
820.93	78.422
821.11	78.234
821.29	78.065
821.47	77.858
821.65	77.654
821.83	77.438
822.02	77.264
822.20	77.059
822.38	76.903
822.56	76.662
822.74	76.460
822.92	76.232
823.10	76.038
823.28	75.811
823.46	75.592
823.65	75.371
823.83	75.180
824.01	74.985
824.19	74.795
824.37	74.597
824.55	74.378
824.73	74.206
824.91	74.027
825.09	73.846
825.27	73.680
825.46	73.493
825.64	73.306
825.82	73.163
826.00	72.993
826.18	72.843
826.36	72.719
826.54	72.607
826.72	72.545
826.90	72.462
827.08	72.396
827.26	72.334
827.44	72.259
827.63	72.189
827.81	72.148
827.99	72.130
828.17	72.101
828.35	72.080
828.53	72.047
828.71	72.061
828.89	72.050
829.07	72.048
829.25	72.044
829.43	72.079
829.61	72.077
829.79	72.090
829.97	72.111
830.15	72.102
830.33	72.132
830.51	72.144
830.69	72.169
830.87	72.152
831.06	72.182
831.24	72.217
831.42	72.258
831.60	72.267
831.78	72.314
831.96	72.383
832.14	72.459
832.32	72.544
832.50	72.597
832.68	72.660
832.86	72.716
833.04	72.829
833.22	72.897
833.40	73.004
833.58	73.090
833.76	73.176
833.94	73.318
834.12	73.451
834.30	73.590
834.48	73.703
834.66	73.882
834.84	73.996
835.02	74.159
835.20	74.317
835.38	74.500
835.56	74.667
835.74	74.845
835.92	75.024
836.10	75.181
836.28	75.347
836.46	75.537
836.64	75.719
836.82	75.874
837.00	76.056
837.18	76.237
837.36	76.456
837.54	76.642
837.72	76.843
837.90	77.044
838.08	77.245
838.26	77.446
838.43	77.635
838.61	77.851
838.79	78.050
838.97	78.257
839.15	78.457
839.33	78.656
839.51	78.807
839.69	78.984
839.87	79.190
840.05	79.414
840.23	79.609
840.41	79.810
840.59	79.981
840.77	80.189
840.95	80.364
841.13	80.521
841.31	80.693
841.49	80.839
841.67	80.966
841.84	81.131
842.02	81.253
842.20	81.434
842.38	81.557
842.56	81.695
842.74	81.843
842.92	81.946
843.10	82.076
843.28	82.264
843.46	82.396
843.64	82.479
843.82	82.606
843.99	82.716
844.17	82.877
844.35	83.093
844.53	83.245
844.71	83.430
844.89	83.553
845.07	83.729
845.25	83.909
845.43	84.083
845.61	84.226
845.78	84.434
845.96	84.584
846.14	84.772
846.32	84.949
846.50	85.080
846.68	85.291
846.86	85.445
847.04	85.577
847.22	85.667
847.39	85.838
847.57	85.936
847.75	86.050
847.93	86.100
848.11	86.176
848.29	86.296
848.47	86.342
848.65	86.466
848.82	86.502
849.00	86.565
849.18	86.598
849.36	86.626
849.54	86.672
849.72	86.665
849.89	86.716
850.07	86.777
850.25	86.782
850.43	86.743
850.61	86.732
850.79	86.683
850.97	86.739
851.14	86.742
851.32	86.723
851.50	86.731
851.68	86.776
851.86	86.826
852.04	86.785
852.21	86.809
852.39	86.813
852.57	86.870
852.75	86.859
852.93	86.847
853.10	86.824
853.28	86.763
853.46	86.738
853.64	86.647
853.82	86.537
854.00	86.541
854.17	86.471
854.35	86.381
854.53	86.328
854.71	86.224
854.89	86.104
855.06	86.054
855.24	85.985
855.42	85.889
855.60	85.724
855.78	85.620
855.95	85.486
856.13	85.368
856.31	85.174
856.49	85.022
856.66	84.915
856.84	84.746
857.02	84.670
857.20	84.583
857.38	84.421
857.55	84.282
857.73	84.046
857.91	83.932
858.09	83.754
858.26	83.598
858.44	83.455
858.62	83.316
858.80	83.136
858.97	82.956
859.15	82.758
859.33	82.530
859.51	82.359
859.68	82.172
859.86	81.966
860.04	81.783
860.22	81.568
860.39	81.355
860.57	81.135
860.75	80.857
860.93	80.628
861.10	80.486
861.28	80.300
861.46	80.089
861.64	79.876
861.81	79.715
861.99	79.502
862.17	79.271
862.35	79.063
862.52	78.889
862.70	78.684
862.88	78.513
863.05	78.321
863.23	78.104
863.41	77.910
863.59	77.689
863.76	77.529
863.94	77.337
864.12	77.147
864.29	76.988
864.47	76.778
864.65	76.575
864.83	76.311
865.00	76.080
865.18	75.913
865.36	75.732
865.53	75.532
865.71	75.386
865.89	75.194
866.06	74.984
866.24	74.741
866.42	74.533
866.59	74.303
866.77	74.144
866.95	73.942
867.12	73.694
867.30	73.527
867.48	73.282
867.65	73.087
867.83	72.877
868.01	72.690
868.18	72.491
868.36	72.302
868.54	72.148
868.71	71.992
868.89	71.836
869.07	71.643
869.24	71.472
869.42	71.285
869.60	71.127
869.77	71.013
869.95	70.866
870.13	70.708
870.30	70.599
870.48	70.413
870.66	70.270
870.83	70.166
871.01	69.984
871.18	69.882
871.36	69.752
871.54	69.604
871.71	69.485
871.89	69.403
872.07	69.237
872.24	69.120
872.42	69.033
872.59	68.927
872.77	68.815
872.95	68.729
873.12	68.592
873.30	68.475
873.48	68.382
873.65	68.291
873.83	68.206
874.00	68.087
874.18	68.015
874.36	67.954
874.53	67.887
874.71	67.829
874.88	67.768
875.06	67.758
875.24	67.770
875.41	67.736
875.59	67.706
875.76	67.736
875.94	67.695
876.11	67.589
876.29	67.506
876.47	67.485
876.64	67.436
876.82	67.407
876.99	67.378
877.17	67.345
877.35	67.337
877.52	67.317
877.70	67.291
877.87	67.298
878.05	67.302
878.22	67.316
878.40	67.366
878.57	67.360
878.75	67.324
878.93	67.294
879.10	67.304
879.28	67.331
879.45	67.344
879.63	67.340
879.80	67.360
879.98	67.431
880.15	67.468
880.33	67.531
880.50	67.582
880.68	67.703
880.86	67.768
881.03	67.859
881.21	67.956
881.38	68.052
881.56	68.222
881.73	68.295
881.91	68.372
882.08	68.440
882.26	68.572
882.43	68.706
882.61	68.883
882.78	68.998
882.96	69.134
883.13	69.261
883.31	69.416
883.48	69.618
883.66	69.777
883.83	69.945
884.01	70.065
884.18	70.287
884.36	70.437
884.53	70.577
884.71	70.719
884.88	70.826
885.06	70.998
885.23	71.069
885.41	71.209
885.58	71.327
885.76	71.492
885.93	71.581
886.11	71.751
886.28	71.848
886.46	71.980
886.63	72.109
886.81	72.224
886.98	72.406
887.15	72.511
887.33	72.680
887.50	72.859
887.68	73.027
887.85	73.120
888.03	73.258
888.20	73.410
888.38	73.565
888.55	73.746
888.73	73.822
888.90	73.959
889.08	74.107
889.25	74.236
889.42	74.374
889.60	74.562
889.77	74.642
889.95	74.799
890.12	74.889
890.30	74.987
890.47	75.085
890.64	75.214
890.82	75.362
890.99	75.464
891.17	75.553
891.34	75.656
891.52	75.768
891.69	75.896
891.86	76.023
892.04	76.119
892.21	76.269
892.39	76.496
892.56	76.652
892.73	76.734
892.91	76.875
893.08	77.072
893.26	77.170
893.43	77.323
893.60	77.408
893.78	77.576
893.95	77.728
894.13	77.968
894.30	78.120
894.47	78.316
894.65	78.450
894.82	78.619
895.00	78.754
895.17	78.913
895.34	79.072
895.52	79.233
895.69	79.354
895.86	79.478
896.04	79.518
896.21	79.674
896.39	79.871
896.56	80.039
896.73	80.042
896.91	80.091
897.08	80.197
897.25	80.376
897.43	80.427
897.60	80.527
897.77	80.521
897.95	80.497
898.12	80.482
898.30	80.581
898.47	80.574
898.64	80.631
898.82	80.650
898.99	80.640
899.16	80.630
899.34	80.623
899.51	80.537
899.68	80.510
899.86	80.453
900.03	80.382
900.20	80.319
900.38	80.340
900.55	80.405
900.72	80.337
900.90	80.251
901.07	80.339
901.24	80.292
901.41	80.301
901.59	80.316
901.76	80.310
901.93	80.247
902.11	80.196
902.28	80.180
902.45	80.267
902.63	80.294
902.80	80.266
902.97	80.257
903.15	80.352
903.32	80.421
903.49	80.410
903.66	80.438
903.84	80.449
904.01	80.415
904.18	80.388
904.36	80.394
904.53	80.362
904.70	80.286
904.87	80.267
905.05	80.187
905.22	80.192
905.39	80.148
905.56	80.069
905.74	80.008
905.91	79.910
906.08	79.772
906.26	79.653
906.43	79.546
906.60	79.442
906.77	79.264
906.95	79.140
907.12	79.003
907.29	78.826
907.46	78.781
907.64	78.684
907.81	78.564
907.98	78.379
908.15	78.269
908.33	78.141
908.50	77.991
908.67	77.880
908.84	77.741
909.01	77.587
909.19	77.494
909.36	77.371
909.53	77.224
909.70	77.000
909.88	76.897
910.05	76.726
910.22	76.646
910.39	76.529
910.57	76.408
910.74	76.322
910.91	76.261
911.08	76.038
911.25	75.888
911.43	75.749
911.60	75.623
911.77	75.466
911.94	75.239
912.11	75.091
912.29	74.893
912.46	74.651
912.63	74.434
912.80	74.211
912.97	74.019
913.15	73.883
913.32	73.739
913.49	73.519
913.66	73.435
913.83	73.202
914.00	72.975
914.18	72.780
914.35	72.583
914.52	72.312
914.69	72.108
914.86	71.894
915.03	71.706
915.21	71.581
915.38	71.357
915.55	71.258
915.72	71.084
915.89	70.954
916.06	70.875
916.24	70.779
916.41	70.633
916.58	70.519
916.75	70.307
916.92	70.131
917.09	69.943
917.26	69.671
917.44	69.459
917.61	69.333
917.78	69.121
917.95	68.952
918.12	68.783
918.29	68.692
918.46	68.506
918.64	68.327
918.81	68.176
918.98	68.051
919.15	67.879
919.32	67.719
919.49	67.477
919.66	67.262
919.83	67.093
920.00	66.904
920.18	66.746
920.35	66.708
920.52	66.598
920.69	66.525
920.86	66.505
921.03	66.412
921.20	66.277
921.37	66.165
921.54	65.931
921.71	65.827
921.89	65.656
922.06	65.598
922.23	65.481
922.40	65.368
922.57	65.174
922.74	65.085
922.91	65.021
923.08	64.962
923.25	64.873
923.42	64.773
923.59	64.734
923.76	64.528
923.93	64.337
924.11	64.176
924.28	64.061
924.45	63.934
924.62	63.926
924.79	63.838
924.96	63.684
925.13	63.650
925.30	63.541
925.47	63.393
925.64	63.292
925.81	63.226
925.98	63.156
926.15	63.140
926.32	62.972
926.49	62.850
926.66	62.780
926.83	62.680
927.00	62.645
927.17	62.537
927.34	62.612
927.51	62.580
927.69	62.628
927.86	62.595
928.03	62.489
928.20	62.445
928.37	62.368
928.54	62.405
928.71	62.379
928.88	62.421
929.05	62.444
929.22	62.454
929.39	62.435
929.56	62.360
929.73	62.326
929.90	62.389
930.07	62.401
930.24	62.367
930.41	62.383
930.58	62.451
930.75	62.510
930.92	62.451
931.09	62.432
931.26	62.405
931.43	62.373
931.60	62.389
931.77	62.338
931.94	62.401
932.11	62.450
932.27	62.493
932.44	62.523
932.61	62.580
932.78	62.556
932.95	62.650
933.12	62.644
933.29	62.691
933.46	62.703
933.63	62.665
933.80	62.699
933.97	62.738
934.14	62.722
934.31	62.690
934.48	62.736
934.65	62.766
934.82	62.829
934.99	62.886
935.16	62.961
935.33	63.037
935.50	63.179
935.67	63.273
935.84	63.319
936.00	63.324
936.17	63.387
936.34	63.499
936.51	63.470
936.68	63.513
936.85	63.551
937.02	63.665
937.19	63.716
937.36	63.862
937.53	63.861
937.70	63.926
937.87	64.024
938.03	64.051
938.20	64.129
938.37	64.215
938.54	64.272
938.71	64.345
938.88	64.464
939.05	64.378
939.22	64.313
939.39	64.395
939.56	64.567
939.72	64.616
939.89	64.658
940.06	64.744
940.23	64.842
940.40	64.918
940.57	65.073
940.74	65.217
940.91	65.258
941.08	65.451
941.24	65.544
941.41	65.702
941.58	65.930
941.75	66.071
941.92	66.211
942.09	66.334
942.26	66.429
942.42	66.494
942.59	66.720
942.76	67.085
942.93	67.224
943.10	67.247
943.27	67.421
943.44	67.552
943.60	67.716
943.77	67.724
943.94	67.950
944.11	67.964
944.28	68.054
944.45	68.205
944.61	68.302
944.78	68.344
944.95	68.397
945.12	68.561
945.29	68.680
945.46	68.641
945.62	68.671
945.79	68.872
945.96	69.154
946.13	69.288
946.30	69.254
946.46	69.405
946.63	69.507
946.80	69.633
946.97	69.818
947.14	69.898
947.31	70.410
947.47	70.616
947.64	70.813
947.81	70.983
947.98	71.135
948.15	71.210
948.31	71.434
948.48	71.572
948.65	71.592
948.82	71.706
948.98	71.867
949.15	72.180
949.32	72.190
949.49	72.164
949.66	72.243
949.82	72.308
949.99	72.449
950.16	72.558
950.33	72.510
950.49	72.557
950.66	72.536
950.83	72.361
951.00	72.195
951.16	71.966
951.33	71.975
951.50	71.907
951.67	71.975
951.83	72.003
952.00	71.992
952.17	71.925
952.34	71.912
952.50	72.045
952.67	71.981
952.84	72.047
953.01	72.004
953.17	72.005
953.34	72.112
953.51	71.989
953.68	71.907
953.84	71.862
954.01	71.814
954.18	71.746
954.34	71.800
954.51	71.890
954.68	72.044
954.85	72.083
955.01	72.233
955.18	72.476
955.35	72.237
955.51	72.200
955.68	72.290
955.85	72.467
956.02	72.345
956.18	72.394
956.35	72.320
956.52	72.330
956.68	72.328
956.85	72.161
957.02	72.212
957.18	72.238
957.35	72.262
957.52	72.322
957.69	72.413
957.85	72.448
958.02	72.308
958.19	72.159
958.35	72.110
958.52	71.856
958.69	71.496
958.85	71.688
959.02	71.772
959.19	71.486
959.35	71.361
959.52	71.416
959.69	71.359
959.85	71.388
960.02	71.390
960.19	71.261
960.35	71.203
960.52	71.123
960.68	71.082
960.85	71.162
961.02	70.935
961.18	70.914
961.35	70.639
961.52	70.672
961.68	70.721
961.85	70.587
962.02	70.636
962.18	70.618
962.35	70.307
962.51	70.157
962.68	70.250
962.85	70.109
963.01	69.801
963.18	69.728
963.35	69.349
963.51	69.136
963.68	69.107
963.84	68.855
964.01	68.881
964.18	68.728
964.34	68.438
964.51	68.271
964.67	68.091
964.84	68.039
965.01	67.827
965.17	67.545
965.34	67.558
965.50	67.291
965.67	67.230
965.84	67.273
966.00	67.366
966.17	67.399
966.33	67.264
966.50	67.171
966.66	67.034
966.83	67.081
967.00	66.999
967.16	66.812
967.33	66.780
967.49	66.552
967.66	66.723
967.82	66.566
967.99	66.690
968.16	66.663
968.32	66.580
968.49	66.334
968.65	66.491
968.82	66.364
968.98	66.429
969.15	66.129
969.31	65.781
969.48	65.520
969.64	65.185
969.81	65.167
969.98	65.079
970.14	64.773
970.31	64.737
970.47	64.450
970.64	64.199
970.80	64.244
970.97	63.762
971.13	63.445
971.30	63.353
971.46	63.101
971.63	62.857
971.79	62.877
971.96	62.903
972.12	62.569
972.29	62.127
972.45	61.976
972.62	61.991
972.78	62.097
972.95	61.657
973.11	61.444
973.28	61.338
973.44	61.345
973.61	61.558
973.77	61.333
973.94	61.376
974.10	61.557
974.27	61.486
974.43	61.817
974.60	61.739
974.76	61.690
974.93	61.696
975.09	61.587
975.26	61.393
975.42	61.339
975.59	61.212
975.75	61.627
975.92	61.500
976.08	61.030
976.24	60.820
976.41	60.669
976.57	60.714
976.74	60.511
976.90	60.130
977.07	59.593
977.23	59.566
977.40	59.351
977.56	58.699
977.73	58.418
977.89	58.026
978.05	57.643
978.22	57.454
978.38	57.168
978.55	56.883
978.71	56.630
978.88	56.612
979.04	56.538
979.20	56.275
979.37	56.110
979.53	56.100
979.70	56.126
979.86	56.340
980.03	56.136
980.19	56.062
980.35	56.027
980.52	55.867
980.68	55.949
980.85	55.885
981.01	56.047
981.17	55.936
981.34	55.791
981.50	55.688
981.67	55.629
981.83	55.449
981.99	55.396
982.16	55.134
982.32	54.244
982.49	54.201
982.65	54.044
982.81	54.320
982.98	54.322
983.14	54.317
983.30	53.932
983.47	53.980
983.63	53.727
983.80	53.634
983.96	53.406
984.12	53.664
984.29	53.853
984.45	54.099
984.61	53.939
984.78	54.167
984.94	54.459
985.10	54.889
985.27	54.778
985.43	55.227
985.59	55.658
985.76	56.290
985.92	56.521
986.08	56.785
986.25	56.151
986.41	56.598
986.57	56.021
986.74	56.244
986.90	56.090
987.06	55.944
987.23	55.966
987.39	55.882
987.55	54.894
987.72	54.586
987.88	53.748
988.04	54.081
988.21	54.468
988.37	54.250
988.53	53.600
988.70	53.937
988.86	53.304
989.02	52.900
989.19	52.593
989.35	52.482
989.51	51.823
989.67	51.885
989.84	51.436
990.00	51.575
990.16	51.970
990.33	52.155
990.49	52.635
990.65	52.761
990.82	53.086
990.98	53.200
991.14	53.065
991.30	53.988
991.47	53.228
991.63	53.133
991.79	53.855
991.95	54.140
992.12	54.199
992.28	54.563
992.44	54.854
992.61	54.964
992.77	54.935
992.93	55.508
993.09	55.618
993.26	55.799
993.42	56.268
993.58	55.829
993.74	55.583
993.91	55.132
994.07	54.774
994.23	55.054
994.39	55.111
994.55	55.331
994.72	54.583
994.88	54.859
995.04	54.352
995.20	53.952
995.37	53.478
995.53	53.422
995.69	53.149
995.85	52.617
996.02	52.415
996.18	52.806
996.34	52.430
996.50	52.471
996.66	53.437
996.83	52.915
996.99	52.190
997.15	52.958
997.31	53.113
997.47	53.537
997.64	53.484
997.80	53.767
997.96	54.371
998.12	54.909
998.28	55.600
998.45	56.057
998.61	56.012
998.77	55.971
998.93	56.013
999.09	57.146
999.25	57.368
999.42	58.718
999.58	58.524
999.74	58.242
999.90	58.120
1000.06	57.242
1000.22	57.524
1000.39	58.267
1000.55	57.714
1000.71	57.940
1000.87	57.792
1001.03	57.391
1001.19	57.751
1001.36	57.113
1001.52	56.584
1001.68	56.266
1001.84	56.759
1002.00	55.604
1002.16	55.917
1002.32	55.323
1002.49	53.416
1002.65	53.234
1002.81	52.593
1002.97	52.530
1003.13	52.488
1003.29	53.248
1003.45	52.845
1003.62	53.545
1003.78	53.181
1003.94	53.371
1004.10	52.608
1004.26	52.702
1004.42	52.581
1004.58	52.330
1004.74	52.894
1004.90	54.455
1005.07	54.284
1005.23	53.375
1005.39	54.529
1005.55	54.746
1005.71	54.543
1005.87	56.097
1006.03	56.983
1006.19	57.217
1006.35	56.778
1006.51	57.588
1006.67	57.172
1006.84	57.263
1007.00	56.845
1007.16	58.141
1007.32	56.868
1007.48	57.800
1007.64	59.086
1007.80	58.849
1007.96	57.594
1008.12	58.031
1008.28	56.260
1008.44	57.340
1008.60	57.612
1008.76	56.507
1008.92	55.626
1009.09	55.395
1009.25	54.722
1009.41	54.116
1009.57	54.778
1009.73	55.632
1009.89	56.109
1010.05	56.908
1010.21	58.067
1010.37	57.526
1010.53	58.469
1010.69	60.242
1010.85	59.614
1011.01	57.985
1011.17	57.048
1011.33	58.641
1011.49	58.518
1011.65	58.325
1011.81	57.637
1011.97	58.050
1012.13	60.384
1012.29	61.820
1012.45	63.190
1012.61	66.315
1012.77	63.935
1012.93	62.916
1013.09	61.214
1013.25	61.203
1013.41	61.388
1013.57	59.077
1013.73	58.857
1013.89	55.268
1014.05	56.492
1014.21	54.932
1014.37	53.918
1014.53	53.324
1014.69	53.375
1014.85	53.897
1015.01	56.012
1015.17	58.927
1015.33	58.827
1015.49	57.123
1015.65	58.513
1015.81	59.875
1015.97	56.466
1016.13	59.524
1016.29	59.086
1016.45	59.567
1016.61	59.822
1016.77	57.104
1016.93	57.855
1017.09	57.111
1017.25	58.579
1017.41	57.366
1017.56	60.006
1017.72	65.578
1017.88	67.539
1018.04	69.260
1018.20	65.943
1018.36	66.279
1018.52	62.765
1018.68	64.522
1018.84	65.405
1019.00	62.406
1019.16	62.416
1019.32	66.004
1019.48	67.313
1019.64	69.141
1019.79	67.702
1019.95	64.418
1020.11	69.378
1020.27	68.748
1020.43	74.059
1020.59	75.797
1020.75	72.829
1020.91	75.462
1021.07	69.711
1021.23	68.441
1021.39	64.966
1021.54	70.740
1021.70	67.290
1021.86	65.370
1022.02	62.985
1022.18	59.995
1022.34	63.749
1022.50	62.877
1022.66	58.961
1022.82	57.911
1022.97	57.746
1023.13	61.122
1023.29	64.904
1023.45	62.243
1023.61	61.970
1023.77	58.856
1023.93	59.146
1024.08	61.521
1024.24	58.024
1024.40	56.034
1024.56	64.219
1024.72	61.984
1024.88	49.929
1025.04	54.150
1025.19	56.682
1025.35	54.748
1025.51	60.213
1025.67	62.594
1025.83	58.586
1025.99	62.219
1026.14	60.244
1026.30	63.185
1026.46	63.906
1026.62	60.511
1026.78	59.114
1026.94	58.608
1027.09	57.587
1027.25	55.679
1027.41	53.388
1027.57	53.302
1027.73	52.352
1027.89	47.535
1028.04	48.656
1028.20	49.260
1028.36	49.540
1028.52	48.960
1028.68	48.777
1028.83	48.442
1028.99	46.574
1029.15	48.502
1029.31	46.532
1029.47	48.008
1029.62	48.336
1029.78	46.363
1029.94	45.664
1030.10	46.293
1030.25	47.840
1030.41	50.915
1030.57	51.385
1030.73	54.680
1030.89	52.722
1031.04	58.277
1031.20	59.612
1031.36	65.221
1031.52	72.945
1031.67	74.605
1031.83	76.013
1031.99	85.335
1032.15	75.261
1032.30	80.911
1032.46	83.586
1032.62	80.649
1032.78	73.359
1032.93	78.329
1033.09	68.490
1033.25	58.125
1033.41	47.021
1033.56	36.464
1033.72	-43.578
1033.88	153.929
1034.04	21.498
1034.19	46.545
1034.35	65.203
1034.51	-4.040
1034.66	33.251
1034.82	3755.000
1034.98	3755.000
1035.14	3755.000
