345.22	38.092
345.43	38.092
345.65	38.092
345.86	43.000
346.08	131.477
346.29	8.720
346.51	30.285
346.72	36.616
346.94	-167.500
347.15	-78.369
347.37	148.354
347.58	180.513
347.80	208.528
348.01	180.047
348.23	124.515
348.44	115.205
348.66	106.790
348.87	107.691
349.09	102.506
349.30	92.042
349.52	85.650
349.73	87.970
349.95	87.938
350.16	90.071
350.38	87.052
350.59	80.900
350.81	80.216
351.02	78.797
351.24	77.950
351.45	76.654
351.67	78.583
351.88	77.436
352.10	74.122
352.31	73.323
352.53	76.766
352.74	78.130
352.96	78.928
353.17	78.119
353.39	79.529
353.60	81.265
353.82	81.725
354.03	82.152
354.25	77.723
354.46	73.082
354.67	69.889
354.89	68.196
355.10	71.886
355.32	70.207
355.53	72.039
355.75	73.765
355.96	75.363
356.18	74.925
356.39	74.815
356.61	78.474
356.82	77.920
357.04	74.269
357.25	74.787
357.46	74.553
357.68	73.954
357.89	72.239
358.11	70.745
358.32	74.238
358.54	72.167
358.75	74.036
358.97	76.428
359.18	79.770
359.40	78.736
359.61	79.229
359.82	80.635
360.04	80.331
360.25	78.049
360.47	74.299
360.68	74.148
360.90	74.182
361.11	72.394
361.32	72.827
361.54	76.478
361.75	76.267
361.97	77.395
362.18	78.464
362.40	79.871
362.61	80.944
362.83	80.203
363.04	81.442
363.25	82.466
363.47	83.475
363.68	80.804
363.90	84.767
364.11	84.685
364.32	84.783
364.54	83.106
364.75	80.449
364.97	84.189
365.18	82.372
365.40	80.922
365.61	80.418
365.82	80.811
366.04	79.912
366.25	79.471
366.47	77.942
366.68	76.355
366.89	77.164
367.11	75.058
367.32	75.561
367.54	73.505
367.75	73.122
367.96	72.104
368.18	73.273
368.39	72.368
368.61	72.786
368.82	73.913
369.03	76.630
369.25	80.588
369.46	80.957
369.68	81.415
369.89	82.425
370.10	83.446
370.32	83.667
370.53	82.732
370.75	79.296
370.96	81.212
371.17	81.902
371.39	79.858
371.60	79.867
371.81	80.526
372.03	82.341
372.24	83.481
372.46	86.342
372.67	87.035
372.88	85.797
373.10	85.370
373.31	83.801
373.52	82.804
373.74	81.544
373.95	80.872
374.17	82.214
374.38	84.452
374.59	84.570
374.81	83.042
375.02	81.808
375.23	84.830
375.45	82.757
375.66	80.727
375.87	81.790
376.09	82.552
376.30	81.108
376.52	82.633
376.73	79.738
376.94	78.285
377.16	79.114
377.37	82.936
377.58	83.008
377.80	84.758
378.01	86.049
378.22	87.651
378.44	88.313
378.65	90.322
378.86	90.477
379.08	91.173
379.29	91.772
379.50	94.788
379.72	94.917
379.93	98.031
380.14	101.210
380.36	102.436
380.57	103.901
380.78	104.507
381.00	105.450
381.21	107.136
381.42	108.301
381.64	108.784
381.85	108.457
382.06	108.790
382.28	108.760
382.49	108.410
382.70	108.932
382.92	109.445
383.13	108.971
383.34	109.487
383.56	110.479
383.77	111.793
383.98	111.508
384.20	112.683
384.41	112.908
384.62	113.283
384.83	113.907
385.05	114.440
385.26	115.458
385.47	116.358
385.69	117.374
385.90	118.254
386.11	119.056
386.33	120.028
386.54	120.887
386.75	121.596
386.97	122.752
387.18	123.487
387.39	124.337
387.60	124.726
387.82	125.201
388.03	125.528
388.24	126.010
388.46	126.356
388.67	126.434
388.88	126.368
389.09	126.182
389.31	125.875
389.52	125.574
389.73	124.954
389.95	124.412
390.16	123.792
390.37	123.313
390.58	122.791
390.80	122.015
391.01	121.435
391.22	120.851
391.44	119.968
391.65	119.211
391.86	118.486
392.07	118.199
392.29	117.708
392.50	117.216
392.71	116.738
392.92	116.509
393.14	116.160
393.35	116.029
393.56	116.076
393.78	116.188
393.99	116.504
394.20	116.938
394.41	117.303
394.63	117.678
394.84	118.273
395.05	119.041
395.26	119.736
395.48	120.472
395.69	121.171
395.90	122.120
396.11	123.027
396.33	123.863
396.54	124.714
396.75	125.438
396.96	126.183
397.18	126.820
397.39	127.435
397.60	128.058
397.81	128.536
398.03	128.846
398.24	129.067
398.45	129.114
398.66	129.094
398.87	129.015
399.09	128.828
399.30	128.404
399.51	127.774
399.72	127.226
399.94	126.567
400.15	125.838
400.36	124.976
400.57	124.064
400.79	123.160
401.00	122.145
401.21	121.225
401.42	120.278
401.63	119.347
401.85	118.459
402.06	117.712
402.27	116.973
402.48	116.363
402.69	115.834
402.91	115.345
403.12	114.913
403.33	114.720
403.54	114.672
403.76	114.582
403.97	114.707
404.18	114.963
404.39	115.333
404.60	115.819
404.82	116.410
405.03	117.115
405.24	117.818
405.45	118.598
405.66	119.445
405.88	120.315
406.09	121.266
406.30	122.106
406.51	122.847
406.72	123.651
406.94	124.397
407.15	125.084
407.36	125.778
407.57	126.413
407.78	126.875
407.99	127.180
408.21	127.482
408.42	127.665
408.63	127.770
408.84	127.673
409.05	127.512
409.27	127.150
409.48	126.618
409.69	126.028
409.90	125.441
410.11	124.735
410.32	123.972
410.54	123.062
410.75	122.103
410.96	121.123
411.17	120.103
411.38	119.092
411.59	118.095
411.81	117.047
412.02	116.021
412.23	115.053
412.44	114.186
412.65	113.439
412.86	112.779
413.08	112.129
413.29	111.566
413.50	111.179
413.71	110.925
413.92	110.762
414.13	110.719
414.34	110.749
414.56	110.824
414.77	111.061
414.98	111.384
415.19	111.923
415.40	112.565
415.61	113.256
415.82	113.967
416.04	114.773
416.25	115.565
416.46	116.433
416.67	117.365
416.88	118.240
417.09	119.109
417.30	119.904
417.52	120.731
417.73	121.455
417.94	122.107
418.15	122.707
418.36	123.313
418.57	123.730
418.78	124.061
418.99	124.378
419.21	124.550
419.42	124.643
419.63	124.591
419.84	124.407
420.05	124.100
420.26	123.679
420.47	123.103
420.68	122.557
420.89	121.897
421.11	121.088
421.32	120.322
421.53	119.434
421.74	118.542
421.95	117.623
422.16	116.725
422.37	115.812
422.58	114.829
422.79	113.859
423.01	112.984
423.22	112.118
423.43	111.346
423.64	110.626
423.85	109.999
424.06	109.469
424.27	109.003
424.48	108.657
424.69	108.488
424.90	108.405
425.11	108.402
425.33	108.528
425.54	108.736
425.75	109.004
425.96	109.380
426.17	109.867
426.38	110.436
426.59	111.075
426.80	111.774
427.01	112.570
427.22	113.436
427.43	114.395
427.64	115.301
427.85	116.167
428.07	117.088
428.28	117.944
428.49	118.807
428.70	119.649
428.91	120.437
429.12	121.118
429.33	121.796
429.54	122.398
429.75	122.889
429.96	123.368
430.17	123.744
430.38	124.025
430.59	124.136
430.80	124.135
431.01	124.050
431.22	123.905
431.44	123.625
431.65	123.261
431.86	122.756
432.07	122.222
432.28	121.619
432.49	120.914
432.70	120.147
432.91	119.279
433.12	118.354
433.33	117.404
433.54	116.493
433.75	115.542
433.96	114.604
434.17	113.590
434.38	112.648
434.59	111.732
434.80	110.844
435.01	110.105
435.22	109.423
435.43	108.814
435.64	108.251
435.85	107.773
436.06	107.383
436.27	107.112
436.48	106.944
436.69	106.833
436.90	106.858
437.11	106.999
437.33	107.230
437.54	107.565
437.75	108.032
437.96	108.500
438.17	109.058
438.38	109.634
438.59	110.355
438.80	111.079
439.01	111.915
439.22	112.811
439.43	113.566
439.64	114.387
439.85	115.220
440.06	116.008
440.27	116.843
440.48	117.589
440.69	118.307
440.90	118.968
441.11	119.631
441.32	120.189
441.53	120.670
441.74	121.058
441.95	121.410
442.16	121.638
442.37	121.757
442.58	121.813
442.79	121.796
443.00	121.681
443.21	121.474
443.42	121.110
443.62	120.589
443.83	120.176
444.04	119.622
444.25	119.005
444.46	118.313
444.67	117.528
444.88	116.736
445.09	115.871
445.30	114.974
445.51	114.021
445.72	113.041
445.93	112.123
446.14	111.178
446.35	110.211
446.56	109.323
446.77	108.471
446.98	107.626
447.19	106.818
447.40	106.098
447.61	105.400
447.82	104.795
448.03	104.315
448.24	103.850
448.45	103.493
448.66	103.224
448.87	103.039
449.08	102.969
449.29	102.969
449.49	103.064
449.70	103.262
449.91	103.523
450.12	103.900
450.33	104.299
450.54	104.795
450.75	105.375
450.96	105.975
451.17	106.642
451.38	107.332
451.59	108.072
451.80	108.801
452.01	109.577
452.22	110.376
452.43	111.122
452.64	111.858
452.84	112.597
453.05	113.277
453.26	113.968
453.47	114.570
453.68	115.150
453.89	115.684
454.10	116.099
454.31	116.497
454.52	116.785
454.73	117.032
454.94	117.171
455.15	117.203
455.36	117.145
455.56	117.019
455.77	116.812
455.98	116.545
456.19	116.203
456.40	115.799
456.61	115.333
456.82	114.759
457.03	114.137
457.24	113.433
457.45	112.715
457.65	111.889
457.86	111.066
458.07	110.217
458.28	109.273
458.49	108.391
458.70	107.446
458.91	106.525
459.12	105.605
459.33	104.672
459.54	103.813
459.74	102.976
459.95	102.161
460.16	101.438
460.37	100.763
460.58	100.155
460.79	99.581
461.00	99.046
461.21	98.623
461.41	98.274
461.62	98.007
461.83	97.833
462.04	97.755
462.25	97.706
462.46	97.768
462.67	97.932
462.88	98.171
463.08	98.504
463.29	98.871
463.50	99.311
463.71	99.842
463.92	100.400
464.13	100.985
464.34	101.627
464.54	102.316
464.75	103.030
464.96	103.741
465.17	104.473
465.38	105.190
465.59	105.946
465.80	106.667
466.00	107.354
466.21	108.018
466.42	108.637
466.63	109.276
466.84	109.857
467.05	110.376
467.26	110.833
467.46	111.178
467.67	111.512
467.88	111.792
468.09	111.966
468.30	112.103
468.51	112.175
468.71	112.147
468.92	112.053
469.13	111.883
469.34	111.653
469.55	111.328
469.76	110.967
469.96	110.510
470.17	110.000
470.38	109.452
470.59	108.824
470.80	108.145
471.00	107.462
471.21	106.702
471.42	105.939
471.63	105.146
471.84	104.346
472.05	103.511
472.25	102.663
472.46	101.832
472.67	100.961
472.88	100.152
473.09	99.334
473.29	98.524
473.50	97.774
473.71	97.044
473.92	96.360
474.13	95.722
474.33	95.154
474.54	94.637
474.75	94.185
474.96	93.789
475.17	93.465
475.37	93.166
475.58	92.965
475.79	92.839
476.00	92.786
476.21	92.818
476.41	92.909
476.62	93.083
476.83	93.304
477.04	93.634
477.24	93.988
477.45	94.413
477.66	94.881
477.87	95.373
478.08	95.938
478.28	96.508
478.49	97.132
478.70	97.788
478.91	98.435
479.11	99.091
479.32	99.787
479.53	100.453
479.74	101.158
479.94	101.822
480.15	102.444
480.36	103.038
480.57	103.617
480.78	104.187
480.98	104.666
481.19	105.117
481.40	105.505
481.61	105.881
481.81	106.186
482.02	106.428
482.23	106.646
482.44	106.761
482.64	106.847
482.85	106.855
483.06	106.777
483.27	106.678
483.47	106.527
483.68	106.292
483.89	106.001
484.10	105.632
484.30	105.225
484.51	104.749
484.72	104.258
484.92	103.676
485.13	103.077
485.34	102.450
485.55	101.778
485.75	101.085
485.96	100.334
486.17	99.580
486.38	98.825
486.58	98.037
486.79	97.266
487.00	96.480
487.20	95.697
487.41	94.950
487.62	94.209
487.83	93.478
488.03	92.772
488.24	92.105
488.45	91.467
488.65	90.856
488.86	90.304
489.07	89.791
489.28	89.337
489.48	88.926
489.69	88.607
489.90	88.316
490.10	88.099
490.31	87.943
490.52	87.827
490.73	87.783
490.93	87.802
491.14	87.875
491.35	88.015
491.55	88.201
491.76	88.439
491.97	88.724
492.17	89.049
492.38	89.432
492.59	89.857
492.79	90.331
493.00	90.840
493.21	91.378
493.41	91.929
493.62	92.506
493.83	93.102
494.04	93.672
494.24	94.273
494.45	94.871
494.66	95.450
494.86	96.058
495.07	96.618
495.28	97.189
495.48	97.715
495.69	98.219
495.90	98.704
496.10	99.158
496.31	99.560
496.52	99.920
496.72	100.271
496.93	100.568
497.14	100.804
497.34	100.976
497.55	101.129
497.76	101.218
497.96	101.255
498.17	101.234
498.37	101.175
498.58	101.038
498.79	100.849
498.99	100.636
499.20	100.345
499.41	100.012
499.61	99.609
499.82	99.184
500.03	98.700
500.23	98.207
500.44	97.649
500.65	97.068
500.85	96.469
501.06	95.809
501.26	95.140
501.47	94.451
501.68	93.763
501.88	93.035
502.09	92.319
502.30	91.590
502.50	90.866
502.71	90.152
502.91	89.453
503.12	88.763
503.33	88.084
503.53	87.445
503.74	86.819
503.95	86.214
504.15	85.646
504.36	85.110
504.56	84.603
504.77	84.156
504.98	83.733
505.18	83.371
505.39	83.047
505.59	82.774
505.80	82.554
506.01	82.390
506.21	82.279
506.42	82.215
506.62	82.199
506.83	82.227
507.04	82.315
507.24	82.444
507.45	82.632
507.65	82.864
507.86	83.121
508.07	83.430
508.27	83.784
508.48	84.166
508.68	84.598
508.89	85.044
509.10	85.508
509.30	85.996
509.51	86.493
509.71	87.009
509.92	87.534
510.12	88.064
510.33	88.594
510.54	89.118
510.74	89.650
510.95	90.164
511.15	90.670
511.36	91.172
511.56	91.657
511.77	92.104
511.98	92.532
512.18	92.945
512.39	93.323
512.59	93.671
512.80	93.981
513.00	94.250
513.21	94.478
513.42	94.679
513.62	94.838
513.83	94.960
514.03	95.026
514.24	95.045
514.44	95.013
514.65	94.950
514.85	94.847
515.06	94.700
515.26	94.504
515.47	94.274
515.68	93.987
515.88	93.667
516.09	93.306
516.29	92.912
516.50	92.476
516.70	92.004
516.91	91.503
517.11	90.976
517.32	90.427
517.52	89.853
517.73	89.275
517.93	88.664
518.14	88.045
518.34	87.424
518.55	86.795
518.76	86.168
518.96	85.524
519.17	84.877
519.37	84.231
519.58	83.613
519.78	82.992
519.99	82.382
520.19	81.788
520.40	81.237
520.60	80.698
520.81	80.183
521.01	79.689
521.22	79.244
521.42	78.828
521.63	78.442
521.83	78.093
522.04	77.774
522.24	77.517
522.45	77.294
522.65	77.115
522.86	76.983
523.06	76.888
523.27	76.841
523.47	76.840
523.68	76.880
523.88	76.954
524.09	77.074
524.29	77.244
524.50	77.449
524.70	77.683
524.91	77.950
525.11	78.266
525.32	78.620
525.52	78.987
525.72	79.399
525.93	79.829
526.13	80.290
526.34	80.751
526.54	81.242
526.75	81.722
526.95	82.226
527.16	82.722
527.36	83.234
527.57	83.743
527.77	84.242
527.98	84.753
528.18	85.254
528.39	85.735
528.59	86.213
528.79	86.666
529.00	87.114
529.20	87.535
529.41	87.955
529.61	88.336
529.82	88.680
530.02	88.991
530.23	89.287
530.43	89.534
530.64	89.763
530.84	89.943
531.04	90.088
531.25	90.217
531.45	90.316
531.66	90.369
531.86	90.382
532.07	90.352
532.27	90.282
532.47	90.181
532.68	90.061
532.88	89.902
533.09	89.708
533.29	89.460
533.50	89.184
533.70	88.841
533.90	88.495
534.11	88.136
534.31	87.741
534.52	87.303
534.72	86.874
534.93	86.419
535.13	85.922
535.33	85.435
535.54	84.901
535.74	84.365
535.95	83.804
536.15	83.265
536.35	82.712
536.56	82.158
536.76	81.586
536.97	81.029
537.17	80.463
537.37	79.908
537.58	79.379
537.78	78.860
537.99	78.359
538.19	77.857
538.39	77.370
538.60	76.911
538.80	76.493
539.01	76.071
539.21	75.685
539.41	75.344
539.62	75.016
539.82	74.730
540.03	74.468
540.23	74.260
540.43	74.066
540.64	73.932
540.84	73.819
541.04	73.755
541.25	73.735
541.45	73.744
541.66	73.785
541.86	73.863
542.06	73.982
542.27	74.135
542.47	74.340
542.67	74.558
542.88	74.814
543.08	75.100
543.28	75.427
543.49	75.767
543.69	76.138
543.90	76.544
544.10	76.951
544.30	77.404
544.51	77.853
544.71	78.345
544.91	78.821
545.12	79.321
545.32	79.832
545.52	80.318
545.73	80.837
545.93	81.350
546.13	81.840
546.34	82.325
546.54	82.808
546.74	83.272
546.95	83.754
547.15	84.215
547.35	84.640
547.56	85.073
547.76	85.498
547.96	85.888
548.17	86.266
548.37	86.634
548.57	86.941
548.78	87.234
548.98	87.490
549.18	87.714
549.39	87.908
549.59	88.073
549.79	88.232
550.00	88.342
550.20	88.449
550.40	88.504
550.61	88.537
550.81	88.530
551.01	88.493
551.22	88.422
551.42	88.315
551.62	88.183
551.82	87.999
552.03	87.802
552.23	87.574
552.43	87.311
552.64	87.024
552.84	86.712
553.04	86.371
553.25	86.009
553.45	85.615
553.65	85.207
553.85	84.798
554.06	84.360
554.26	83.898
554.46	83.406
554.67	82.924
554.87	82.420
555.07	81.926
555.27	81.412
555.48	80.892
555.68	80.386
555.88	79.872
556.09	79.365
556.29	78.839
556.49	78.337
556.69	77.822
556.90	77.325
557.10	76.859
557.30	76.418
557.50	75.968
557.71	75.562
557.91	75.170
558.11	74.778
558.31	74.422
558.52	74.094
558.72	73.795
558.92	73.521
559.13	73.279
559.33	73.058
559.53	72.865
559.73	72.716
559.94	72.584
560.14	72.480
560.34	72.407
560.54	72.369
560.75	72.374
560.95	72.405
561.15	72.477
561.35	72.566
561.55	72.678
561.76	72.836
561.96	73.004
562.16	73.217
562.36	73.470
562.57	73.735
562.77	74.024
562.97	74.340
563.17	74.673
563.38	75.023
563.58	75.401
563.78	75.799
563.98	76.206
564.18	76.626
564.39	77.072
564.59	77.524
564.79	77.997
564.99	78.456
565.20	78.920
565.40	79.371
565.60	79.828
565.80	80.306
566.00	80.762
566.21	81.223
566.41	81.657
566.61	82.091
566.81	82.525
567.01	82.946
567.22	83.358
567.42	83.755
567.62	84.120
567.82	84.474
568.02	84.812
568.23	85.128
568.43	85.424
568.63	85.707
568.83	85.949
569.03	86.159
569.24	86.356
569.44	86.537
569.64	86.695
569.84	86.835
570.04	86.919
570.24	86.994
570.45	87.043
570.65	87.070
570.85	87.061
571.05	87.012
571.25	86.938
571.45	86.828
571.66	86.712
571.86	86.574
572.06	86.389
572.26	86.190
572.46	85.973
572.66	85.741
572.87	85.463
573.07	85.184
573.27	84.877
573.47	84.553
573.67	84.202
573.87	83.829
574.08	83.431
574.28	83.042
574.48	82.632
574.68	82.198
574.88	81.760
575.08	81.296
575.28	80.839
575.49	80.378
575.69	79.917
575.89	79.430
576.09	78.967
576.29	78.489
576.49	78.012
576.69	77.531
576.90	77.058
577.10	76.600
577.30	76.145
577.50	75.709
577.70	75.271
577.90	74.853
578.10	74.463
578.30	74.083
578.51	73.715
578.71	73.372
578.91	73.048
579.11	72.737
579.31	72.455
579.51	72.191
579.71	71.959
579.91	71.740
580.12	71.560
580.32	71.403
580.52	71.283
580.72	71.171
580.92	71.090
581.12	71.026
581.32	71.000
581.52	71.016
581.72	71.041
581.92	71.097
582.13	71.191
582.33	71.287
582.53	71.423
582.73	71.575
582.93	71.760
583.13	71.971
583.33	72.215
583.53	72.474
583.73	72.761
583.93	73.066
584.13	73.396
584.34	73.752
584.54	74.093
584.74	74.444
584.94	74.841
585.14	75.242
585.34	75.657
585.54	76.047
585.74	76.454
585.94	76.882
586.14	77.325
586.34	77.750
586.54	78.202
586.74	78.649
586.94	79.104
587.15	79.559
587.35	79.999
587.55	80.427
587.75	80.856
587.95	81.264
588.15	81.661
588.35	82.045
588.55	82.424
588.75	82.805
588.95	83.172
589.15	83.514
589.35	83.843
589.55	84.152
589.75	84.480
589.95	84.764
590.15	85.026
590.35	85.258
590.55	85.483
590.75	85.679
590.95	85.849
591.15	85.997
591.35	86.109
591.56	86.206
591.76	86.277
591.96	86.327
592.16	86.363
592.36	86.371
592.56	86.364
592.76	86.318
592.96	86.263
593.16	86.166
593.36	86.055
593.56	85.928
593.76	85.790
593.96	85.604
594.16	85.416
594.36	85.209
594.56	84.979
594.76	84.726
594.96	84.461
595.16	84.159
595.36	83.852
595.56	83.521
595.76	83.164
595.96	82.790
596.16	82.422
596.36	82.032
596.56	81.645
596.76	81.226
596.96	80.807
597.16	80.382
597.36	79.965
597.56	79.531
597.76	79.086
597.96	78.638
598.16	78.194
598.36	77.749
598.56	77.295
598.76	76.855
598.96	76.427
599.16	75.997
599.36	75.601
599.56	75.201
599.76	74.805
599.96	74.431
600.15	74.069
600.35	73.723
600.55	73.389
600.75	73.053
600.95	72.751
601.15	72.451
601.35	72.164
601.55	71.899
601.75	71.666
601.95	71.447
602.15	71.255
602.35	71.068
602.55	70.914
602.75	70.789
602.95	70.673
603.15	70.568
603.35	70.504
603.55	70.449
603.75	70.413
603.95	70.410
604.15	70.428
604.35	70.478
604.54	70.537
604.74	70.641
604.94	70.758
605.14	70.887
605.34	71.048
605.54	71.240
605.74	71.457
605.94	71.679
606.14	71.929
606.34	72.191
606.54	72.483
606.74	72.793
606.94	73.109
607.14	73.453
607.33	73.817
607.53	74.179
607.73	74.549
607.93	74.922
608.13	75.313
608.33	75.716
608.53	76.106
608.73	76.520
608.93	76.913
609.13	77.322
609.33	77.742
609.52	78.160
609.72	78.568
609.92	78.963
610.12	79.370
610.32	79.771
610.52	80.182
610.72	80.567
610.92	80.946
611.12	81.320
611.31	81.688
611.51	82.045
611.71	82.391
611.91	82.739
612.11	83.086
612.31	83.415
612.51	83.717
612.71	84.025
612.91	84.294
613.10	84.564
613.30	84.842
613.50	85.083
613.70	85.303
613.90	85.499
614.10	85.677
614.30	85.819
614.50	85.954
614.69	86.047
614.89	86.139
615.09	86.206
615.29	86.259
615.49	86.286
615.69	86.289
615.89	86.280
616.08	86.251
616.28	86.195
616.48	86.118
616.68	86.016
616.88	85.895
617.08	85.756
617.27	85.611
617.47	85.427
617.67	85.226
617.87	85.006
618.07	84.784
618.27	84.549
618.47	84.309
618.66	84.041
618.86	83.770
619.06	83.470
619.26	83.170
619.46	82.852
619.66	82.513
619.85	82.162
620.05	81.802
620.25	81.416
620.45	81.035
620.65	80.640
620.84	80.269
621.04	79.880
621.24	79.509
621.44	79.101
621.64	78.680
621.84	78.281
622.03	77.875
622.23	77.471
622.43	77.070
622.63	76.673
622.83	76.276
623.02	75.886
623.22	75.511
623.42	75.118
623.62	74.746
623.82	74.393
624.01	74.042
624.21	73.698
624.41	73.377
624.61	73.071
624.81	72.783
625.00	72.486
625.20	72.208
625.40	71.934
625.60	71.689
625.79	71.473
625.99	71.279
626.19	71.089
626.39	70.923
626.59	70.768
626.78	70.647
626.98	70.540
627.18	70.445
627.38	70.379
627.57	70.355
627.77	70.333
627.97	70.326
628.17	70.354
628.37	70.393
628.56	70.466
628.76	70.542
628.96	70.637
629.16	70.750
629.35	70.911
629.55	71.079
629.75	71.267
629.95	71.470
630.14	71.679
630.34	71.918
630.54	72.168
630.74	72.428
630.93	72.702
631.13	72.987
631.33	73.283
631.53	73.571
631.72	73.873
631.92	74.199
632.12	74.543
632.31	74.882
632.51	75.256
632.71	75.624
632.91	75.992
633.10	76.370
633.30	76.770
633.50	77.136
633.70	77.530
633.89	77.916
634.09	78.313
634.29	78.704
634.48	79.089
634.68	79.488
634.88	79.882
635.08	80.274
635.27	80.675
635.47	81.068
635.67	81.470
635.86	81.861
636.06	82.238
636.26	82.590
636.46	82.946
636.65	83.279
636.85	83.622
637.05	83.953
637.24	84.254
637.44	84.547
637.64	84.838
637.83	85.119
638.03	85.391
638.23	85.621
638.43	85.854
638.62	86.062
638.82	86.238
639.02	86.415
639.21	86.563
639.41	86.686
639.61	86.814
639.80	86.920
640.00	87.003
640.20	87.094
640.39	87.174
640.59	87.224
640.79	87.261
640.98	87.263
641.18	87.259
641.38	87.252
641.57	87.208
641.77	87.145
641.97	87.052
642.16	86.951
642.36	86.843
642.56	86.717
642.75	86.594
642.95	86.443
643.15	86.277
643.34	86.113
643.54	85.929
643.74	85.710
643.93	85.483
644.13	85.224
644.33	84.942
644.52	84.658
644.72	84.376
644.91	84.077
645.11	83.754
645.31	83.432
645.50	83.107
645.70	82.784
645.90	82.456
646.09	82.109
646.29	81.748
646.48	81.386
646.68	81.007
646.88	80.628
647.07	80.253
647.27	79.869
647.47	79.477
647.66	79.096
647.86	78.709
648.05	78.331
648.25	77.965
648.45	77.595
648.64	77.217
648.84	76.856
649.04	76.485
649.23	76.125
649.43	75.776
649.62	75.425
649.82	75.073
650.02	74.737
650.21	74.418
650.41	74.125
650.60	73.836
650.80	73.580
651.00	73.302
651.19	73.053
651.39	72.814
651.58	72.583
651.78	72.376
651.97	72.199
652.17	72.022
652.37	71.852
652.56	71.720
652.76	71.598
652.95	71.485
653.15	71.415
653.35	71.347
653.54	71.290
653.74	71.240
653.93	71.218
654.13	71.212
654.32	71.211
654.52	71.210
654.72	71.247
654.91	71.293
655.11	71.367
655.30	71.461
655.50	71.571
655.69	71.700
655.89	71.827
656.08	71.966
656.28	72.130
656.48	72.317
656.67	72.507
656.87	72.711
657.06	72.919
657.26	73.132
657.45	73.378
657.65	73.639
657.84	73.924
658.04	74.203
658.23	74.507
658.43	74.825
658.62	75.157
658.82	75.485
659.02	75.820
659.21	76.177
659.41	76.523
659.60	76.877
659.80	77.240
659.99	77.629
660.19	78.010
660.38	78.397
660.58	78.768
660.77	79.157
660.97	79.531
661.16	79.911
661.36	80.282
661.55	80.661
661.75	81.036
661.94	81.396
662.14	81.773
662.33	82.143
662.53	82.508
662.72	82.869
662.92	83.217
663.11	83.551
663.31	83.889
663.50	84.228
663.70	84.568
663.89	84.893
664.09	85.191
664.28	85.501
664.48	85.786
664.67	86.086
664.87	86.346
665.06	86.615
665.26	86.865
665.45	87.110
665.65	87.335
665.84	87.561
666.04	87.769
666.23	87.936
666.43	88.084
666.62	88.223
666.82	88.347
667.01	88.464
667.21	88.571
667.40	88.648
667.59	88.730
667.79	88.774
667.98	88.790
668.18	88.798
668.37	88.783
668.57	88.782
668.76	88.749
668.96	88.695
669.15	88.633
669.35	88.577
669.54	88.487
669.73	88.391
669.93	88.276
670.12	88.157
670.32	88.049
670.51	87.906
670.71	87.757
670.90	87.600
671.10	87.430
671.29	87.235
671.48	87.027
671.68	86.800
671.87	86.575
672.07	86.339
672.26	86.127
672.46	85.878
672.65	85.611
672.84	85.334
673.04	85.066
673.23	84.783
673.43	84.475
673.62	84.183
673.82	83.878
674.01	83.537
674.20	83.207
674.40	82.858
674.59	82.523
674.79	82.189
674.98	81.844
675.17	81.497
675.37	81.161
675.56	80.821
675.76	80.475
675.95	80.111
676.14	79.770
676.34	79.397
676.53	79.047
676.73	78.688
676.92	78.329
677.11	77.975
677.31	77.623
677.50	77.290
677.70	76.947
677.89	76.606
678.08	76.300
678.28	75.992
678.47	75.702
678.66	75.421
678.86	75.148
679.05	74.875
679.25	74.621
679.44	74.377
679.63	74.158
679.83	73.934
680.02	73.739
680.21	73.550
680.41	73.372
680.60	73.192
680.79	73.038
680.99	72.898
681.18	72.756
681.38	72.641
681.57	72.550
681.76	72.475
681.96	72.414
682.15	72.357
682.34	72.301
682.54	72.259
682.73	72.243
682.92	72.226
683.12	72.243
683.31	72.271
683.50	72.309
683.70	72.361
683.89	72.415
684.08	72.497
684.28	72.590
684.47	72.697
684.66	72.832
684.86	72.970
685.05	73.128
685.24	73.309
685.44	73.488
685.63	73.673
685.82	73.882
686.02	74.088
686.21	74.333
686.40	74.582
686.60	74.853
686.79	75.127
686.98	75.409
687.18	75.702
687.37	75.994
687.56	76.287
687.75	76.594
687.95	76.913
688.14	77.226
688.33	77.561
688.53	77.897
688.72	78.252
688.91	78.603
689.11	78.948
689.30	79.324
689.49	79.703
689.68	80.071
689.88	80.429
690.07	80.795
690.26	81.140
690.46	81.505
690.65	81.848
690.84	82.194
691.03	82.556
691.23	82.904
691.42	83.254
691.61	83.611
691.80	83.943
692.00	84.281
692.19	84.604
692.38	84.920
692.58	85.239
692.77	85.540
692.96	85.833
693.15	86.133
693.35	86.408
693.54	86.697
693.73	86.985
693.92	87.247
694.12	87.519
694.31	87.767
694.50	88.028
694.69	88.256
694.89	88.480
695.08	88.679
695.27	88.897
695.46	89.082
695.66	89.270
695.85	89.459
696.04	89.635
696.23	89.821
696.43	89.980
696.62	90.107
696.81	90.225
697.00	90.348
697.19	90.453
697.39	90.533
697.58	90.596
697.77	90.634
697.96	90.690
698.16	90.719
698.35	90.762
698.54	90.756
698.73	90.776
698.92	90.750
699.12	90.724
699.31	90.674
699.50	90.626
699.69	90.563
699.89	90.479
700.08	90.392
700.27	90.276
700.46	90.166
700.65	90.042
700.85	89.928
701.04	89.781
701.23	89.617
701.42	89.448
701.61	89.271
701.81	89.084
702.00	88.879
702.19	88.671
702.38	88.433
702.57	88.211
702.76	87.953
702.96	87.712
703.15	87.452
703.34	87.175
703.53	86.891
703.72	86.580
703.92	86.271
704.11	85.956
704.30	85.630
704.49	85.307
704.68	84.991
704.87	84.639
705.07	84.303
705.26	83.969
705.45	83.661
705.64	83.315
705.83	83.001
706.02	82.669
706.21	82.349
706.41	82.020
706.60	81.676
706.79	81.354
706.98	81.037
707.17	80.707
707.36	80.388
707.56	80.088
707.75	79.791
707.94	79.495
708.13	79.205
708.32	78.936
708.51	78.647
708.70	78.388
708.89	78.121
709.09	77.858
709.28	77.610
709.47	77.322
709.66	77.059
709.85	76.800
710.04	76.551
710.23	76.288
710.42	76.070
710.62	75.852
710.81	75.613
711.00	75.390
711.19	75.196
711.38	75.001
711.57	74.798
711.76	74.615
711.95	74.462
712.15	74.313
712.34	74.170
712.53	74.039
712.72	73.909
712.91	73.821
713.10	73.730
713.29	73.655
713.48	73.593
713.67	73.563
713.86	73.547
714.05	73.531
714.25	73.531
714.44	73.517
714.63	73.531
714.82	73.587
715.01	73.641
715.20	73.723
715.39	73.794
715.58	73.891
715.77	74.005
715.96	74.118
716.15	74.231
716.34	74.342
716.54	74.476
716.73	74.626
716.92	74.766
717.11	74.932
717.30	75.105
717.49	75.296
717.68	75.496
717.87	75.666
718.06	75.889
718.25	76.126
718.44	76.373
718.63	76.629
718.82	76.877
719.01	77.133
719.20	77.389
719.39	77.669
719.58	77.948
719.77	78.220
719.96	78.485
720.16	78.768
720.35	79.074
720.54	79.373
720.73	79.675
720.92	79.985
721.11	80.316
721.30	80.634
721.49	80.954
721.68	81.279
721.87	81.635
722.06	81.960
722.25	82.282
722.44	82.614
722.63	82.930
722.82	83.243
723.01	83.550
723.20	83.849
723.39	84.161
723.58	84.497
723.77	84.830
723.96	85.163
724.15	85.503
724.34	85.827
724.53	86.148
724.72	86.444
724.91	86.766
725.10	87.075
725.29	87.367
725.48	87.690
725.67	87.960
725.86	88.212
726.05	88.477
726.24	88.730
726.43	88.969
726.62	89.211
726.81	89.478
727.00	89.723
727.19	89.977
727.38	90.209
727.57	90.411
727.76	90.609
727.95	90.802
728.14	90.962
728.33	91.125
728.52	91.282
728.71	91.433
728.90	91.569
729.09	91.675
729.28	91.772
729.47	91.846
729.65	91.937
729.84	92.030
730.03	92.113
730.22	92.185
730.41	92.258
730.60	92.321
730.79	92.333
730.98	92.365
731.17	92.393
731.36	92.390
731.55	92.367
731.74	92.341
731.93	92.306
732.12	92.269
732.31	92.236
732.50	92.207
732.69	92.174
732.88	92.094
733.06	92.010
733.25	91.934
733.44	91.854
733.63	91.740
733.82	91.622
734.01	91.473
734.20	91.328
734.39	91.156
734.58	90.993
734.77	90.845
734.96	90.657
735.15	90.453
735.33	90.248
735.52	90.059
735.71	89.851
735.90	89.625
736.09	89.386
736.28	89.121
736.47	88.854
736.66	88.578
736.85	88.312
737.04	88.018
737.23	87.737
737.41	87.433
737.60	87.167
737.79	86.861
737.98	86.573
738.17	86.274
738.36	86.003
738.55	85.715
738.74	85.427
738.92	85.133
739.11	84.845
739.30	84.539
739.49	84.222
739.68	83.926
739.87	83.654
740.06	83.383
740.25	83.087
740.43	82.805
740.62	82.510
740.81	82.204
741.00	81.935
741.19	81.638
741.38	81.341
741.57	81.038
741.75	80.766
741.94	80.475
742.13	80.189
742.32	79.884
742.51	79.597
742.70	79.320
742.89	79.059
743.07	78.786
743.26	78.529
743.45	78.252
743.64	78.008
743.83	77.741
744.02	77.458
744.20	77.224
744.39	76.983
744.58	76.765
744.77	76.567
744.96	76.383
745.15	76.225
745.33	76.080
745.52	75.931
745.71	75.781
745.90	75.647
746.09	75.533
746.28	75.428
746.46	75.298
746.65	75.169
746.84	75.064
747.03	74.966
747.22	74.888
747.40	74.843
747.59	74.776
747.78	74.726
747.97	74.723
748.16	74.708
748.34	74.674
748.53	74.671
748.72	74.676
748.91	74.663
749.10	74.658
749.28	74.680
749.47	74.721
749.66	74.754
749.85	74.784
750.04	74.828
750.22	74.874
750.41	74.952
750.60	75.049
750.79	75.123
750.97	75.211
751.16	75.327
751.35	75.429
751.54	75.537
751.73	75.678
751.91	75.805
752.10	75.973
752.29	76.124
752.48	76.297
752.66	76.476
752.85	76.663
753.04	76.852
753.23	77.061
753.41	77.250
753.60	77.476
753.79	77.715
753.98	77.934
754.16	78.169
754.35	78.405
754.54	78.637
754.73	78.906
754.91	79.184
755.10	79.443
755.29	79.730
755.48	79.998
755.66	80.268
755.85	80.549
756.04	80.803
756.22	81.101
756.41	81.369
756.60	81.644
756.79	81.944
756.97	82.245
757.16	82.498
757.35	82.795
757.54	83.088
757.72	83.373
757.91	83.677
758.10	83.976
758.28	84.264
758.47	84.553
758.66	84.862
758.85	85.149
759.03	85.449
759.22	85.740
759.41	86.042
759.59	86.340
759.78	86.630
759.97	86.906
760.15	87.172
760.34	87.473
760.53	87.744
760.71	87.994
760.90	88.268
761.09	88.540
761.28	88.801
761.46	89.047
761.65	89.303
761.84	89.560
762.02	89.809
762.21	90.082
762.40	90.310
762.58	90.508
762.77	90.715
762.96	90.922
763.14	91.139
763.33	91.334
763.52	91.497
763.70	91.642
763.89	91.814
764.08	91.989
764.26	92.106
764.45	92.261
764.64	92.419
764.82	92.529
765.01	92.641
765.20	92.725
765.38	92.825
765.57	92.889
765.75	92.957
765.94	92.999
766.13	93.051
766.31	93.121
766.50	93.166
766.69	93.240
766.87	93.306
767.06	93.333
767.25	93.373
767.43	93.426
767.62	93.480
767.80	93.508
767.99	93.501
768.18	93.494
768.36	93.472
768.55	93.440
768.74	93.404
768.92	93.367
769.11	93.350
769.29	93.294
769.48	93.261
769.67	93.178
769.85	93.123
770.04	92.995
770.22	92.879
770.41	92.740
770.60	92.577
770.78	92.390
770.97	92.222
771.15	92.055
771.34	91.852
771.53	91.678
771.71	91.485
771.90	91.317
772.08	91.191
772.27	91.010
772.46	90.802
772.64	90.597
772.83	90.386
773.01	90.130
773.20	89.892
773.39	89.662
773.57	89.424
773.76	89.173
773.94	88.972
774.13	88.720
774.31	88.458
774.50	88.234
774.68	87.978
774.87	87.719
775.06	87.415
775.24	87.146
775.43	86.843
775.61	86.553
775.80	86.268
775.98	85.942
776.17	85.627
776.36	85.327
776.54	85.030
776.73	84.727
776.91	84.445
777.10	84.157
777.28	83.834
777.47	83.543
777.65	83.243
777.84	82.928
778.02	82.645
778.21	82.376
778.39	82.067
778.58	81.792
778.77	81.519
778.95	81.277
779.14	81.030
779.32	80.794
779.51	80.550
779.69	80.289
779.88	80.053
780.06	79.820
780.25	79.582
780.43	79.338
780.62	79.122
780.80	78.895
780.99	78.667
781.17	78.449
781.36	78.223
781.54	78.016
781.73	77.780
781.91	77.572
782.10	77.373
782.28	77.176
782.47	76.980
782.65	76.770
782.84	76.571
783.02	76.389
783.21	76.225
783.39	76.061
783.58	75.905
783.76	75.732
783.95	75.594
784.13	75.487
784.32	75.383
784.50	75.263
784.69	75.184
784.87	75.100
785.05	75.032
785.24	74.973
785.42	74.926
785.61	74.881
785.79	74.847
785.98	74.825
786.16	74.787
786.35	74.789
786.53	74.787
786.72	74.782
786.90	74.780
787.09	74.766
787.27	74.785
787.45	74.820
787.64	74.849
787.82	74.872
788.01	74.900
788.19	74.950
788.38	75.006
788.56	75.002
788.75	75.071
788.93	75.146
789.11	75.194
789.30	75.238
789.48	75.318
789.67	75.410
789.85	75.490
790.04	75.623
790.22	75.729
790.40	75.859
790.59	75.970
790.77	76.098
790.96	76.256
791.14	76.409
791.32	76.547
791.51	76.711
791.69	76.887
791.88	77.065
792.06	77.246
792.25	77.412
792.43	77.642
792.61	77.833
792.80	78.005
792.98	78.238
793.17	78.450
793.35	78.639
793.53	78.842
793.72	79.087
793.90	79.300
794.08	79.513
794.27	79.731
794.45	79.985
794.64	80.216
794.82	80.444
795.00	80.642
795.19	80.886
795.37	81.117
795.55	81.299
795.74	81.538
795.92	81.778
796.11	82.043
796.29	82.296
796.47	82.539
796.66	82.778
796.84	83.039
797.02	83.309
797.21	83.590
797.39	83.856
797.58	84.102
797.76	84.342
797.94	84.614
798.13	84.882
798.31	85.161
798.49	85.408
798.68	85.654
798.86	85.948
799.04	86.179
799.23	86.438
799.41	86.710
799.59	86.944
799.78	87.138
799.96	87.359
800.14	87.587
800.33	87.825
800.51	88.083
800.69	88.273
800.88	88.495
801.06	88.734
801.24	88.913
801.43	89.105
801.61	89.283
801.79	89.450
801.98	89.615
802.16	89.791
802.34	89.984
802.52	90.168
802.71	90.295
802.89	90.478
803.07	90.629
803.26	90.771
803.44	90.890
803.62	91.038
803.81	91.163
803.99	91.242
804.17	91.319
804.35	91.386
804.54	91.454
804.72	91.548
804.90	91.610
805.09	91.723
805.27	91.820
805.45	91.913
805.63	91.972
805.82	92.034
806.00	92.022
806.18	92.048
806.37	92.088
806.55	92.093
806.73	92.103
806.91	92.109
807.10	92.134
807.28	92.146
807.46	92.150
807.64	92.131
807.83	92.122
808.01	92.109
808.19	92.041
808.37	91.983
808.56	91.904
808.74	91.842
808.92	91.761
809.10	91.641
809.29	91.570
809.47	91.492
809.65	91.357
809.83	91.290
810.02	91.171
810.20	91.056
810.38	90.950
810.56	90.820
810.75	90.718
810.93	90.603
811.11	90.470
811.29	90.342
811.47	90.208
811.66	90.045
811.84	89.892
812.02	89.812
812.20	89.691
812.39	89.564
812.57	89.416
812.75	89.278
812.93	89.170
813.11	89.006
813.30	88.861
813.48	88.743
813.66	88.574
813.84	88.414
814.02	88.229
814.21	88.075
814.39	87.857
814.57	87.650
814.75	87.426
814.93	87.214
815.12	86.990
815.30	86.771
815.48	86.561
815.66	86.327
815.84	86.063
816.03	85.815
816.21	85.529
816.39	85.280
816.57	84.971
816.75	84.656
816.93	84.364
817.12	84.046
817.30	83.736
817.48	83.428
817.66	83.158
817.84	82.892
818.02	82.636
818.21	82.364
818.39	82.111
818.57	81.840
818.75	81.621
818.93	81.362
819.11	81.098
819.30	80.844
819.48	80.621
819.66	80.406
819.84	80.202
820.02	79.984
820.20	79.753
820.38	79.529
820.57	79.322
820.75	79.140
820.93	78.944
821.11	78.746
821.29	78.568
821.47	78.353
821.65	78.137
821.83	77.920
822.02	77.737
822.20	77.522
822.38	77.363
822.56	77.116
822.74	76.901
822.92	76.664
823.10	76.467
823.28	76.231
823.46	76.001
823.65	75.772
823.83	75.573
824.01	75.369
824.19	75.170
824.37	74.968
824.55	74.733
824.73	74.556
824.91	74.366
825.09	74.179
825.27	74.009
825.46	73.813
825.64	73.613
825.82	73.454
826.00	73.274
826.18	73.113
826.36	72.978
826.54	72.861
826.72	72.793
826.90	72.696
827.08	72.621
827.26	72.554
827.44	72.469
827.63	72.385
827.81	72.328
827.99	72.297
828.17	72.251
828.35	72.219
828.53	72.180
828.71	72.176
828.89	72.154
829.07	72.138
829.25	72.125
829.43	72.149
829.61	72.137
829.79	72.138
829.97	72.147
830.15	72.129
830.33	72.146
830.51	72.138
830.69	72.157
830.87	72.127
831.06	72.148
831.24	72.173
831.42	72.208
831.60	72.208
831.78	72.246
831.96	72.305
832.14	72.378
832.32	72.442
832.50	72.493
832.68	72.545
832.86	72.587
833.04	72.693
833.22	72.744
833.40	72.847
833.58	72.934
833.76	73.012
833.94	73.151
834.12	73.277
834.30	73.407
834.48	73.509
834.66	73.686
834.84	73.790
835.02	73.950
835.20	74.100
835.38	74.279
835.56	74.445
835.74	74.615
835.92	74.784
836.10	74.943
836.28	75.104
836.46	75.297
836.64	75.479
836.82	75.627
837.00	75.809
837.18	75.987
837.36	76.195
837.54	76.379
837.72	76.574
837.90	76.767
838.08	76.968
838.26	77.176
838.43	77.355
838.61	77.574
838.79	77.769
838.97	77.972
839.15	78.175
839.33	78.375
839.51	78.529
839.69	78.713
839.87	78.916
840.05	79.142
840.23	79.337
840.41	79.544
840.59	79.710
840.77	79.927
840.95	80.098
841.13	80.261
841.31	80.436
841.49	80.576
841.67	80.710
841.84	80.878
842.02	80.998
842.20	81.194
842.38	81.318
842.56	81.463
842.74	81.617
842.92	81.722
843.10	81.857
843.28	82.046
843.46	82.178
843.64	82.274
843.82	82.406
843.99	82.526
844.17	82.689
844.35	82.919
844.53	83.084
844.71	83.285
844.89	83.417
845.07	83.596
845.25	83.784
845.43	83.962
845.61	84.120
845.78	84.330
845.96	84.485
846.14	84.681
846.32	84.861
846.50	85.007
846.68	85.230
846.86	85.392
847.04	85.536
847.22	85.637
847.39	85.815
847.57	85.928
847.75	86.045
847.93	86.107
848.11	86.187
848.29	86.307
848.47	86.361
848.65	86.491
848.82	86.541
849.00	86.620
849.18	86.663
849.36	86.696
849.54	86.762
849.72	86.762
849.89	86.812
850.07	86.881
850.25	86.892
850.43	86.854
850.61	86.852
850.79	86.813
850.97	86.879
851.14	86.890
851.32	86.872
851.50	86.889
851.68	86.943
851.86	86.993
852.04	86.968
852.21	86.998
852.39	87.009
852.57	87.068
852.75	87.067
852.93	87.074
853.10	87.054
853.28	87.000
853.46	86.988
853.64	86.909
853.82	86.814
854.00	86.827
854.17	86.770
854.35	86.686
854.53	86.651
854.71	86.564
854.89	86.448
855.06	86.412
855.24	86.358
855.42	86.265
855.60	86.120
855.78	86.012
855.95	85.884
856.13	85.769
856.31	85.578
856.49	85.435
856.66	85.327
856.84	85.168
857.02	85.103
857.20	85.016
857.38	84.859
857.55	84.720
857.73	84.495
857.91	84.384
858.09	84.215
858.26	84.056
858.44	83.907
858.62	83.768
858.80	83.582
858.97	83.396
859.15	83.198
859.33	82.977
859.51	82.816
859.68	82.623
859.86	82.427
860.04	82.254
860.22	82.046
860.39	81.836
860.57	81.620
860.75	81.334
860.93	81.102
861.10	80.963
861.28	80.773
861.46	80.555
861.64	80.349
861.81	80.193
861.99	79.979
862.17	79.751
862.35	79.556
862.52	79.394
862.70	79.190
862.88	79.024
863.05	78.820
863.23	78.601
863.41	78.411
863.59	78.194
863.76	78.031
863.94	77.828
864.12	77.634
864.29	77.470
864.47	77.259
864.65	77.069
864.83	76.803
865.00	76.569
865.18	76.401
865.36	76.213
865.53	76.008
865.71	75.862
865.89	75.667
866.06	75.447
866.24	75.194
866.42	74.988
866.59	74.756
866.77	74.598
866.95	74.392
867.12	74.148
867.30	73.973
867.48	73.730
867.65	73.531
867.83	73.317
868.01	73.135
868.18	72.940
868.36	72.736
868.54	72.587
868.71	72.438
868.89	72.279
869.07	72.091
869.24	71.920
869.42	71.720
869.60	71.562
869.77	71.441
869.95	71.290
870.13	71.131
870.30	71.026
870.48	70.838
870.66	70.696
870.83	70.584
871.01	70.392
871.18	70.266
871.36	70.139
871.54	69.991
871.71	69.864
871.89	69.760
872.07	69.584
872.24	69.446
872.42	69.348
872.59	69.226
872.77	69.103
872.95	68.999
873.12	68.857
873.30	68.720
873.48	68.617
873.65	68.514
873.83	68.418
874.00	68.282
874.18	68.198
874.36	68.128
874.53	68.050
874.71	67.987
874.88	67.926
875.06	67.890
875.24	67.891
875.41	67.842
875.59	67.808
875.76	67.842
875.94	67.806
876.11	67.699
876.29	67.612
876.47	67.574
876.64	67.532
876.82	67.492
876.99	67.461
877.17	67.418
877.35	67.406
877.52	67.370
877.70	67.334
877.87	67.330
878.05	67.324
878.22	67.331
878.40	67.359
878.57	67.349
878.75	67.313
878.93	67.271
879.10	67.281
879.28	67.297
879.45	67.298
879.63	67.280
879.80	67.287
879.98	67.342
880.15	67.374
880.33	67.417
880.50	67.468
880.68	67.580
880.86	67.639
881.03	67.717
881.21	67.806
881.38	67.906
881.56	68.074
881.73	68.132
881.91	68.203
882.08	68.280
882.26	68.416
882.43	68.549
882.61	68.722
882.78	68.837
882.96	68.990
883.13	69.114
883.31	69.269
883.48	69.474
883.66	69.645
883.83	69.802
884.01	69.915
884.18	70.137
884.36	70.292
884.53	70.434
884.71	70.579
884.88	70.700
885.06	70.856
885.23	70.928
885.41	71.073
885.58	71.192
885.76	71.357
885.93	71.431
886.11	71.592
886.28	71.704
886.46	71.834
886.63	71.946
886.81	72.065
886.98	72.249
887.15	72.353
887.33	72.517
887.50	72.715
887.68	72.887
887.85	72.974
888.03	73.118
888.20	73.278
888.38	73.433
888.55	73.610
888.73	73.695
888.90	73.835
889.08	73.983
889.25	74.113
889.42	74.241
889.60	74.442
889.77	74.532
889.95	74.673
890.12	74.766
890.30	74.859
890.47	74.944
890.64	75.063
890.82	75.209
890.99	75.311
891.17	75.406
891.34	75.525
891.52	75.638
891.69	75.753
891.86	75.876
892.04	75.988
892.21	76.125
892.39	76.361
892.56	76.519
892.73	76.610
892.91	76.754
893.08	76.960
893.26	77.038
893.43	77.200
893.60	77.288
893.78	77.448
893.95	77.626
894.13	77.865
894.30	78.025
894.47	78.228
894.65	78.369
894.82	78.522
895.00	78.659
895.17	78.837
895.34	79.013
895.52	79.186
895.69	79.294
895.86	79.450
896.04	79.485
896.21	79.644
896.39	79.844
896.56	80.030
896.73	80.051
896.91	80.127
897.08	80.222
897.25	80.418
897.43	80.473
897.60	80.557
897.77	80.578
897.95	80.572
898.12	80.556
898.30	80.662
898.47	80.669
898.64	80.724
898.82	80.739
898.99	80.721
899.16	80.720
899.34	80.712
899.51	80.614
899.68	80.599
899.86	80.539
900.03	80.457
900.20	80.394
900.38	80.418
900.55	80.494
900.72	80.444
900.90	80.360
901.07	80.464
901.24	80.432
901.41	80.439
901.59	80.451
901.76	80.458
901.93	80.398
902.11	80.338
902.28	80.329
902.45	80.421
902.63	80.463
902.80	80.425
902.97	80.426
903.15	80.521
903.32	80.598
903.49	80.613
903.66	80.655
903.84	80.672
904.01	80.646
904.18	80.613
904.36	80.626
904.53	80.589
904.70	80.521
904.87	80.505
905.05	80.434
905.22	80.446
905.39	80.404
905.56	80.331
905.74	80.301
905.91	80.210
906.08	80.083
906.26	79.975
906.43	79.885
906.60	79.789
906.77	79.636
906.95	79.506
907.12	79.371
907.29	79.208
907.46	79.166
907.64	79.058
907.81	78.950
907.98	78.771
908.15	78.667
908.33	78.550
908.50	78.415
908.67	78.310
908.84	78.180
909.01	78.023
909.19	77.936
909.36	77.805
909.53	77.667
909.70	77.434
909.88	77.323
910.05	77.149
910.22	77.064
910.39	76.935
910.57	76.841
910.74	76.749
910.91	76.686
911.08	76.475
911.25	76.324
911.43	76.195
911.60	76.071
911.77	75.920
911.94	75.671
912.11	75.519
912.29	75.311
912.46	75.072
912.63	74.864
912.80	74.633
912.97	74.447
913.15	74.311
913.32	74.177
913.49	73.968
913.66	73.889
913.83	73.668
914.00	73.444
914.18	73.236
914.35	73.037
914.52	72.780
914.69	72.561
914.86	72.370
915.03	72.157
915.21	72.024
915.38	71.819
915.55	71.751
915.72	71.571
915.89	71.439
916.06	71.348
916.24	71.275
916.41	71.123
916.58	71.007
916.75	70.802
916.92	70.640
917.09	70.433
917.26	70.161
917.44	69.947
917.61	69.826
917.78	69.607
917.95	69.453
918.12	69.257
918.29	69.165
918.46	68.962
918.64	68.803
918.81	68.649
918.98	68.503
919.15	68.313
919.32	68.172
919.49	67.943
919.66	67.726
919.83	67.535
920.00	67.366
920.18	67.207
920.35	67.154
920.52	67.033
920.69	66.984
920.86	66.967
921.03	66.874
921.20	66.732
921.37	66.630
921.54	66.370
921.71	66.278
921.89	66.114
922.06	66.056
922.23	65.934
922.40	65.806
922.57	65.631
922.74	65.531
922.91	65.437
923.08	65.372
923.25	65.298
923.42	65.200
923.59	65.168
923.76	64.964
923.93	64.759
924.11	64.585
924.28	64.448
924.45	64.310
924.62	64.289
924.79	64.194
924.96	64.029
925.13	63.997
925.30	63.882
925.47	63.729
925.64	63.636
925.81	63.574
925.98	63.507
926.15	63.448
926.32	63.278
926.49	63.181
926.66	63.094
926.83	62.976
927.00	62.931
927.17	62.788
927.34	62.839
927.51	62.803
927.69	62.849
927.86	62.808
928.03	62.689
928.20	62.643
928.37	62.551
928.54	62.586
928.71	62.551
928.88	62.573
929.05	62.596
929.22	62.579
929.39	62.530
929.56	62.463
929.73	62.436
929.90	62.505
930.07	62.491
930.24	62.460
930.41	62.470
930.58	62.523
930.75	62.596
930.92	62.535
931.09	62.526
931.26	62.488
931.43	62.445
931.60	62.464
931.77	62.419
931.94	62.488
932.11	62.519
932.27	62.567
932.44	62.601
932.61	62.640
932.78	62.607
932.95	62.691
933.12	62.667
933.29	62.712
933.46	62.717
933.63	62.667
933.80	62.709
933.97	62.723
934.14	62.696
934.31	62.651
934.48	62.706
934.65	62.734
934.82	62.800
934.99	62.868
935.16	62.924
935.33	62.987
935.50	63.121
935.67	63.215
935.84	63.235
936.00	63.262
936.17	63.322
936.34	63.446
936.51	63.446
936.68	63.489
936.85	63.517
937.02	63.628
937.19	63.707
937.36	63.840
937.53	63.850
937.70	63.940
937.87	64.024
938.03	64.034
938.20	64.089
938.37	64.165
938.54	64.215
938.71	64.279
938.88	64.405
939.05	64.321
939.22	64.262
939.39	64.342
939.56	64.488
939.72	64.549
939.89	64.591
940.06	64.651
940.23	64.740
940.40	64.832
940.57	64.973
940.74	65.116
940.91	65.169
941.08	65.367
941.24	65.447
941.41	65.620
941.58	65.851
941.75	66.017
941.92	66.168
942.09	66.332
942.26	66.450
942.42	66.498
942.59	66.712
942.76	67.045
942.93	67.208
943.10	67.238
943.27	67.396
943.44	67.518
943.60	67.705
943.77	67.731
943.94	67.957
944.11	67.986
944.28	68.058
944.45	68.174
944.61	68.272
944.78	68.297
944.95	68.328
945.12	68.511
945.29	68.607
945.46	68.572
945.62	68.554
945.79	68.742
945.96	69.075
946.13	69.244
946.30	69.256
946.46	69.436
946.63	69.553
946.80	69.690
946.97	69.898
947.14	69.974
947.31	70.466
947.47	70.683
947.64	70.877
947.81	71.052
947.98	71.237
948.15	71.333
948.31	71.561
948.48	71.716
948.65	71.724
948.82	71.868
948.98	72.035
949.15	72.375
949.32	72.405
949.49	72.338
949.66	72.407
949.82	72.471
949.99	72.562
950.16	72.651
950.33	72.607
950.49	72.662
950.66	72.628
950.83	72.474
951.00	72.310
951.16	72.109
951.33	72.146
951.50	72.074
951.67	72.152
951.83	72.173
952.00	72.169
952.17	72.105
952.34	72.136
952.50	72.300
952.67	72.234
952.84	72.289
953.01	72.229
953.17	72.257
953.34	72.380
953.51	72.292
953.68	72.259
953.84	72.256
954.01	72.191
954.18	72.131
954.34	72.201
954.51	72.290
954.68	72.406
954.85	72.441
955.01	72.573
955.18	72.797
955.35	72.578
955.51	72.543
955.68	72.643
955.85	72.798
956.02	72.653
956.18	72.690
956.35	72.630
956.52	72.699
956.68	72.659
956.85	72.529
957.02	72.623
957.18	72.626
957.35	72.609
957.52	72.682
957.69	72.792
957.85	72.826
958.02	72.692
958.19	72.600
958.35	72.531
958.52	72.302
958.69	71.954
958.85	72.130
959.02	72.238
959.19	72.007
959.35	71.873
959.52	71.890
959.69	71.883
959.85	71.904
960.02	71.877
960.19	71.765
960.35	71.708
960.52	71.585
960.68	71.559
960.85	71.616
961.02	71.395
961.18	71.401
961.35	71.215
961.52	71.261
961.68	71.267
961.85	71.195
962.02	71.272
962.18	71.296
962.35	71.049
962.51	70.878
962.68	70.934
962.85	70.828
963.01	70.586
963.18	70.468
963.35	70.089
963.51	69.934
963.68	69.947
963.84	69.681
964.01	69.682
964.18	69.540
964.34	69.322
964.51	69.149
964.67	68.946
964.84	68.851
965.01	68.622
965.17	68.367
965.34	68.326
965.50	68.044
965.67	67.958
965.84	67.968
966.00	68.053
966.17	68.141
966.33	67.943
966.50	67.809
966.66	67.787
966.83	67.864
967.00	67.725
967.16	67.511
967.33	67.443
967.49	67.228
967.66	67.427
967.82	67.255
967.99	67.437
968.16	67.419
968.32	67.327
968.49	67.127
968.65	67.330
968.82	67.207
968.98	67.297
969.15	67.001
969.31	66.728
969.48	66.467
969.64	66.135
969.81	66.200
969.98	66.183
970.14	65.776
970.31	65.760
970.47	65.540
970.64	65.357
970.80	65.429
970.97	64.984
971.13	64.584
971.30	64.485
971.46	64.260
971.63	64.025
971.79	64.055
971.96	64.069
972.12	63.725
972.29	63.325
972.45	63.200
972.62	63.233
972.78	63.274
972.95	62.905
973.11	62.641
973.28	62.414
973.44	62.407
973.61	62.600
973.77	62.338
973.94	62.371
974.10	62.526
974.27	62.462
974.43	62.750
974.60	62.725
974.76	62.715
974.93	62.641
975.09	62.549
975.26	62.272
975.42	62.207
975.59	62.049
975.75	62.441
975.92	62.285
976.08	61.809
976.24	61.685
976.41	61.487
976.57	61.546
976.74	61.474
976.90	61.089
977.07	60.646
977.23	60.675
977.40	60.463
977.56	59.795
977.73	59.449
977.89	59.118
978.05	58.761
978.22	58.609
978.38	58.362
978.55	58.056
978.71	57.871
978.88	57.939
979.04	57.947
979.20	57.667
979.37	57.648
979.53	57.658
979.70	57.692
979.86	57.948
980.03	57.754
980.19	57.644
980.35	57.631
980.52	57.514
980.68	57.620
980.85	57.598
981.01	57.749
981.17	57.753
981.34	57.648
981.50	57.540
981.67	57.555
981.83	57.407
981.99	57.310
982.16	57.119
982.32	56.168
982.49	56.035
982.65	55.864
982.81	55.881
982.98	55.918
983.14	55.767
983.30	55.341
983.47	55.335
983.63	55.050
983.80	54.911
983.96	54.702
984.12	55.085
984.29	55.217
984.45	55.398
984.61	55.158
984.78	55.427
984.94	55.734
985.10	56.097
985.27	55.911
985.43	56.355
985.59	56.721
985.76	57.417
985.92	57.588
986.08	57.958
986.25	57.490
986.41	58.001
986.57	57.554
986.74	57.952
986.90	57.914
987.06	57.839
987.23	57.771
987.39	57.510
987.55	56.406
987.72	56.119
987.88	55.293
988.04	55.740
988.21	56.085
988.37	55.825
988.53	55.130
988.70	55.522
988.86	55.062
989.02	54.628
989.19	54.146
989.35	54.216
989.51	53.438
989.67	53.445
989.84	52.898
990.00	52.945
990.16	53.323
990.33	53.457
990.49	53.938
990.65	54.257
990.82	54.677
990.98	54.679
991.14	54.575
991.30	55.624
991.47	54.934
991.63	54.885
991.79	55.799
991.95	56.027
992.12	56.069
992.28	56.285
992.44	56.563
992.61	56.795
992.77	56.829
992.93	57.417
993.09	57.548
993.26	57.808
993.42	58.393
993.58	57.847
993.74	57.634
993.91	57.120
994.07	56.855
994.23	57.233
994.39	57.396
994.55	57.674
994.72	57.067
994.88	57.300
995.04	56.770
995.20	56.271
995.37	55.908
995.53	55.811
995.69	55.570
995.85	55.051
996.02	55.121
996.18	55.418
996.34	55.091
996.50	55.291
996.66	56.102
996.83	55.611
996.99	54.951
997.15	55.608
997.31	55.675
997.47	55.861
997.64	55.592
997.80	56.054
997.96	56.731
998.12	57.062
998.28	58.020
998.45	58.606
998.61	58.396
998.77	58.337
998.93	58.498
999.09	59.676
999.25	60.112
999.42	61.293
999.58	60.792
999.74	60.434
999.90	60.106
1000.06	59.428
1000.22	59.699
1000.39	60.476
1000.55	60.074
1000.71	60.711
1000.87	60.615
1001.03	60.527
1001.19	60.550
1001.36	59.809
1001.52	59.341
1001.68	58.891
1001.84	59.265
1002.00	58.484
1002.16	58.521
1002.32	58.125
1002.49	56.597
1002.65	56.349
1002.81	55.528
1002.97	55.745
1003.13	55.730
1003.29	56.715
1003.45	56.285
1003.62	57.096
1003.78	56.762
1003.94	57.142
1004.10	56.181
1004.26	56.490
1004.42	56.145
1004.58	56.100
1004.74	56.612
1004.90	58.100
1005.07	57.710
1005.23	56.573
1005.39	57.879
1005.55	58.428
1005.71	58.000
1005.87	59.336
1006.03	60.146
1006.19	60.315
1006.35	59.826
1006.51	60.793
1006.67	60.204
1006.84	59.880
1007.00	59.205
1007.16	60.433
1007.32	58.672
1007.48	59.685
1007.64	60.958
1007.80	60.919
1007.96	59.772
1008.12	60.149
1008.28	58.309
1008.44	59.220
1008.60	59.913
1008.76	58.527
1008.92	57.498
1009.09	57.592
1009.25	56.992
1009.41	56.077
1009.57	56.465
1009.73	57.122
1009.89	57.753
1010.05	58.831
1010.21	60.793
1010.37	60.663
1010.53	61.866
1010.69	64.127
1010.85	63.769
1011.01	62.181
1011.17	61.552
1011.33	63.597
1011.49	64.002
1011.65	64.269
1011.81	63.927
1011.97	63.987
1012.13	66.291
1012.29	68.010
1012.45	69.421
1012.61	72.710
1012.77	71.057
1012.93	70.760
1013.09	69.467
1013.25	69.648
1013.41	69.869
1013.57	67.196
1013.73	66.310
1013.89	62.211
1014.05	64.072
1014.21	62.409
1014.37	60.735
1014.53	59.732
1014.69	59.456
1014.85	59.287
1015.01	61.254
1015.17	63.773
1015.33	64.303
1015.49	62.842
1015.65	64.272
1015.81	65.136
1015.97	61.796
1016.13	65.205
1016.29	64.765
1016.45	66.145
1016.61	66.262
1016.77	63.892
1016.93	64.787
1017.09	64.574
1017.25	66.397
1017.41	64.958
1017.56	66.563
1017.72	73.057
1017.88	74.885
1018.04	76.243
1018.20	73.786
1018.36	73.640
1018.52	70.332
1018.68	71.888
1018.84	73.442
1019.00	71.514
1019.16	71.898
1019.32	75.881
1019.48	76.547
1019.64	78.884
1019.79	76.055
1019.95	72.196
1020.11	77.223
1020.27	76.808
1020.43	82.188
1020.59	84.135
1020.75	81.168
1020.91	84.456
1021.07	77.685
1021.23	76.960
1021.39	72.974
1021.54	78.274
1021.70	75.937
1021.86	74.113
1022.02	71.752
1022.18	68.221
1022.34	70.656
1022.50	70.117
1022.66	66.430
1022.82	65.615
1022.97	65.674
1023.13	68.770
1023.29	73.865
1023.45	71.706
1023.61	72.670
1023.77	70.525
1023.93	71.029
1024.08	71.855
1024.24	69.834
1024.40	69.724
1024.56	77.457
1024.72	78.217
1024.88	67.695
1025.04	70.808
1025.19	72.559
1025.35	69.401
1025.51	73.620
1025.67	75.912
1025.83	71.769
1025.99	73.138
1026.14	72.538
1026.30	78.208
1026.46	80.319
1026.62	74.330
1026.78	69.869
1026.94	68.222
1027.09	66.603
1027.25	64.859
1027.41	66.292
1027.57	65.816
1027.73	64.598
1027.89	60.155
1028.04	60.325
1028.20	60.674
1028.36	61.071
1028.52	60.257
1028.68	60.325
1028.83	62.162
1028.99	60.291
1029.15	61.355
1029.31	60.735
1029.47	61.496
1029.62	59.786
1029.78	58.069
1029.94	58.841
1030.10	60.507
1030.25	61.235
1030.41	64.781
1030.57	65.180
1030.73	67.120
1030.89	65.959
1031.04	70.673
1031.20	73.056
1031.36	80.448
1031.52	85.432
1031.67	90.012
1031.83	95.419
1031.99	105.004
1032.15	91.050
1032.30	100.082
1032.46	109.972
1032.62	103.742
1032.78	93.521
1032.93	106.624
1033.09	96.636
1033.25	88.185
1033.41	84.997
1033.56	80.531
1033.72	-5.931
1033.88	252.738
1034.04	43.608
1034.19	55.364
1034.35	73.525
1034.51	-22.844
1034.66	54.433
1034.82	2446.667
1034.98	2446.667
1035.14	2446.667
