345.22	42.955
345.43	42.955
345.65	42.955
345.86	47.908
346.08	129.299
346.29	0.145
346.51	20.856
346.72	42.096
346.94	-178.718
347.15	-63.280
347.37	141.522
347.58	173.108
347.80	198.097
348.01	171.998
348.23	121.776
348.44	112.816
348.66	103.099
348.87	105.758
349.09	99.812
349.30	89.074
349.52	83.263
349.73	86.699
349.95	86.639
350.16	88.029
350.38	84.607
350.59	78.659
350.81	77.944
351.02	76.611
351.24	76.352
351.45	75.513
351.67	77.357
351.88	76.691
352.10	72.799
352.31	72.247
352.53	75.068
352.74	76.575
352.96	77.352
353.17	76.147
353.39	77.378
353.60	79.739
353.82	80.930
354.03	81.554
354.25	77.000
354.46	72.783
354.67	70.455
354.89	68.837
355.10	73.130
355.32	71.505
355.53	73.130
355.75	74.978
355.96	76.272
356.18	76.302
356.39	76.130
356.61	80.484
356.82	79.871
357.04	76.285
357.25	76.029
357.46	75.482
357.68	75.417
357.89	73.444
358.11	71.675
358.32	74.500
358.54	72.440
358.75	73.835
358.97	75.655
359.18	78.527
359.40	78.134
359.61	78.107
359.82	79.849
360.04	79.159
360.25	76.883
360.47	72.860
360.68	72.320
360.90	72.769
361.11	70.734
361.32	70.750
361.54	74.154
361.75	74.146
361.97	75.695
362.18	76.521
362.40	78.201
362.61	79.424
362.83	78.991
363.04	80.165
363.25	81.756
363.47	82.649
363.68	80.078
363.90	84.020
364.11	84.268
364.32	84.445
364.54	83.313
364.75	80.653
364.97	84.108
365.18	82.791
365.40	81.170
365.61	81.033
365.82	81.914
366.04	80.970
366.25	80.235
366.47	78.519
366.68	76.985
366.89	77.950
367.11	76.167
367.32	76.421
367.54	74.121
367.75	73.530
367.96	72.919
368.18	73.987
368.39	73.419
368.61	73.548
368.82	74.418
369.03	76.429
369.25	80.243
369.46	81.432
369.68	82.171
369.89	82.832
370.10	83.211
370.32	83.262
370.53	82.828
370.75	79.543
370.96	81.704
371.17	82.644
371.39	79.877
371.60	80.173
371.81	81.080
372.03	82.987
372.24	83.695
372.46	86.545
372.67	87.384
372.88	85.527
373.10	85.172
373.31	83.537
373.52	82.995
373.74	81.244
373.95	80.110
374.17	81.092
374.38	82.906
374.59	83.493
374.81	81.944
375.02	80.440
375.23	82.970
375.45	80.731
375.66	78.501
375.87	79.810
376.09	80.240
376.30	79.130
376.52	80.736
376.73	78.183
376.94	76.533
377.16	77.555
377.37	81.296
377.58	81.433
377.80	83.189
378.01	84.899
378.22	86.619
378.44	87.366
378.65	89.269
378.86	89.570
379.08	90.426
379.29	91.221
379.50	94.152
379.72	94.807
379.93	97.850
380.14	101.179
380.36	102.403
380.57	104.051
380.78	104.389
381.00	105.165
381.21	106.909
381.42	108.105
381.64	108.525
381.85	108.276
382.06	108.667
382.28	108.816
382.49	108.402
382.70	108.955
382.92	109.409
383.13	108.874
383.34	109.420
383.56	110.384
383.77	111.718
383.98	111.472
384.20	112.596
384.41	112.867
384.62	113.251
384.83	113.825
385.05	114.264
385.26	115.285
385.47	116.199
385.69	117.178
385.90	118.044
386.11	118.835
386.33	119.842
386.54	120.681
386.75	121.322
386.97	122.456
387.18	123.195
387.39	124.068
387.60	124.491
387.82	124.935
388.03	125.255
388.24	125.742
388.46	126.101
388.67	126.162
388.88	126.099
389.09	125.923
389.31	125.664
389.52	125.394
389.73	124.788
389.95	124.278
390.16	123.689
390.37	123.199
390.58	122.676
390.80	121.891
391.01	121.337
391.22	120.786
391.44	119.897
391.65	119.156
391.86	118.444
392.07	118.123
392.29	117.660
392.50	117.192
392.71	116.720
392.92	116.483
393.14	116.161
393.35	116.043
393.56	116.087
393.78	116.179
393.99	116.482
394.20	116.923
394.41	117.276
394.63	117.650
394.84	118.254
395.05	119.021
395.26	119.740
395.48	120.478
395.69	121.166
395.90	122.123
396.11	123.021
396.33	123.855
396.54	124.737
396.75	125.449
396.96	126.194
397.18	126.824
397.39	127.438
397.60	128.051
397.81	128.516
398.03	128.807
398.24	129.042
398.45	129.092
398.66	129.061
398.87	128.990
399.09	128.791
399.30	128.366
399.51	127.733
399.72	127.176
399.94	126.513
400.15	125.781
400.36	124.909
400.57	123.978
400.79	123.071
401.00	122.045
401.21	121.131
401.42	120.181
401.63	119.239
401.85	118.352
402.06	117.595
402.27	116.865
402.48	116.270
402.69	115.754
402.91	115.252
403.12	114.826
403.33	114.628
403.54	114.586
403.76	114.490
403.97	114.621
404.18	114.875
404.39	115.241
404.60	115.742
404.82	116.342
405.03	117.060
405.24	117.769
405.45	118.558
405.66	119.401
405.88	120.266
406.09	121.217
406.30	122.054
406.51	122.806
406.72	123.603
406.94	124.340
407.15	125.014
407.36	125.721
407.57	126.355
407.78	126.822
407.99	127.131
408.21	127.435
408.42	127.619
408.63	127.721
408.84	127.619
409.05	127.447
409.27	127.077
409.48	126.542
409.69	125.950
409.90	125.347
410.11	124.651
410.32	123.886
410.54	122.981
410.75	122.027
410.96	121.047
411.17	120.030
411.38	119.017
411.59	118.018
411.81	116.961
412.02	115.937
412.23	114.965
412.44	114.096
412.65	113.358
412.86	112.709
413.08	112.060
413.29	111.500
413.50	111.124
413.71	110.876
413.92	110.717
414.13	110.674
414.34	110.709
414.56	110.774
414.77	111.020
414.98	111.345
415.19	111.883
415.40	112.517
415.61	113.206
415.82	113.932
416.04	114.737
416.25	115.541
416.46	116.405
416.67	117.339
416.88	118.207
417.09	119.074
417.30	119.851
417.52	120.676
417.73	121.403
417.94	122.051
418.15	122.642
418.36	123.255
418.57	123.673
418.78	124.005
418.99	124.322
419.21	124.490
419.42	124.577
419.63	124.521
419.84	124.343
420.05	124.040
420.26	123.604
420.47	123.030
420.68	122.475
420.89	121.818
421.11	121.007
421.32	120.244
421.53	119.348
421.74	118.460
421.95	117.541
422.16	116.637
422.37	115.733
422.58	114.757
422.79	113.779
423.01	112.909
423.22	112.052
423.43	111.283
423.64	110.563
423.85	109.943
424.06	109.420
424.27	108.959
424.48	108.619
424.69	108.456
424.90	108.378
425.11	108.385
425.33	108.509
425.54	108.724
425.75	108.995
425.96	109.381
426.17	109.872
426.38	110.441
426.59	111.081
426.80	111.777
427.01	112.572
427.22	113.439
427.43	114.388
427.64	115.293
427.85	116.163
428.07	117.083
428.28	117.939
428.49	118.802
428.70	119.638
428.91	120.419
429.12	121.099
429.33	121.776
429.54	122.378
429.75	122.871
429.96	123.361
430.17	123.736
430.38	124.006
430.59	124.111
430.80	124.115
431.01	124.031
431.22	123.878
431.44	123.595
431.65	123.226
431.86	122.734
432.07	122.194
432.28	121.586
432.49	120.876
432.70	120.105
432.91	119.237
433.12	118.311
433.33	117.354
433.54	116.438
433.75	115.488
433.96	114.546
434.17	113.528
434.38	112.574
434.59	111.661
434.80	110.783
435.01	110.048
435.22	109.368
435.43	108.768
435.64	108.206
435.85	107.742
436.06	107.357
436.27	107.085
436.48	106.924
436.69	106.818
436.90	106.845
437.11	106.983
437.33	107.212
437.54	107.552
437.75	108.026
437.96	108.505
438.17	109.055
438.38	109.637
438.59	110.355
438.80	111.078
439.01	111.911
439.22	112.803
439.43	113.561
439.64	114.373
439.85	115.198
440.06	115.999
440.27	116.821
440.48	117.567
440.69	118.278
440.90	118.933
441.11	119.591
441.32	120.145
441.53	120.632
441.74	121.016
441.95	121.370
442.16	121.595
442.37	121.705
442.58	121.768
442.79	121.747
443.00	121.634
443.21	121.432
443.42	121.065
443.62	120.549
443.83	120.132
444.04	119.579
444.25	118.960
444.46	118.255
444.67	117.477
444.88	116.683
445.09	115.817
445.30	114.923
445.51	113.970
445.72	112.998
445.93	112.080
446.14	111.142
446.35	110.167
446.56	109.281
446.77	108.432
446.98	107.584
447.19	106.769
447.40	106.050
447.61	105.350
447.82	104.749
448.03	104.265
448.24	103.800
448.45	103.447
448.66	103.185
448.87	103.006
449.08	102.940
449.29	102.943
449.49	103.047
449.70	103.244
449.91	103.511
450.12	103.884
450.33	104.281
450.54	104.785
450.75	105.368
450.96	105.969
451.17	106.641
451.38	107.337
451.59	108.083
451.80	108.813
452.01	109.588
452.22	110.389
452.43	111.136
452.64	111.875
452.84	112.614
453.05	113.294
453.26	113.984
453.47	114.584
453.68	115.168
453.89	115.686
454.10	116.100
454.31	116.496
454.52	116.784
454.73	117.029
454.94	117.155
455.15	117.192
455.36	117.131
455.56	117.006
455.77	116.796
455.98	116.524
456.19	116.182
456.40	115.777
456.61	115.301
456.82	114.727
457.03	114.101
457.24	113.394
457.45	112.672
457.65	111.842
457.86	111.016
458.07	110.161
458.28	109.222
458.49	108.339
458.70	107.393
458.91	106.477
459.12	105.557
459.33	104.634
459.54	103.770
459.74	102.932
459.95	102.114
460.16	101.396
460.37	100.725
460.58	100.114
460.79	99.540
461.00	99.012
461.21	98.591
461.41	98.246
461.62	97.981
461.83	97.814
462.04	97.735
462.25	97.686
462.46	97.753
462.67	97.922
462.88	98.166
463.08	98.502
463.29	98.867
463.50	99.308
463.71	99.839
463.92	100.394
464.13	100.983
464.34	101.628
464.54	102.315
464.75	103.032
464.96	103.752
465.17	104.487
465.38	105.198
465.59	105.953
465.80	106.674
466.00	107.361
466.21	108.017
466.42	108.636
466.63	109.277
466.84	109.856
467.05	110.373
467.26	110.828
467.46	111.168
467.67	111.501
467.88	111.785
468.09	111.957
468.30	112.101
468.51	112.175
468.71	112.138
468.92	112.042
469.13	111.865
469.34	111.629
469.55	111.298
469.76	110.939
469.96	110.480
470.17	109.964
470.38	109.413
470.59	108.786
470.80	108.109
471.00	107.424
471.21	106.662
471.42	105.899
471.63	105.100
471.84	104.301
472.05	103.464
472.25	102.617
472.46	101.781
472.67	100.907
472.88	100.096
473.09	99.287
473.29	98.478
473.50	97.733
473.71	97.002
473.92	96.322
474.13	95.686
474.33	95.119
474.54	94.605
474.75	94.153
474.96	93.762
475.17	93.439
475.37	93.143
475.58	92.945
475.79	92.820
476.00	92.767
476.21	92.801
476.41	92.894
476.62	93.065
476.83	93.291
477.04	93.623
477.24	93.977
477.45	94.401
477.66	94.872
477.87	95.369
478.08	95.935
478.28	96.503
478.49	97.127
478.70	97.786
478.91	98.435
479.11	99.096
479.32	99.790
479.53	100.460
479.74	101.162
479.94	101.824
480.15	102.449
480.36	103.051
480.57	103.628
480.78	104.200
480.98	104.682
481.19	105.131
481.40	105.518
481.61	105.888
481.81	106.194
482.02	106.432
482.23	106.646
482.44	106.756
482.64	106.842
482.85	106.851
483.06	106.769
483.27	106.667
483.47	106.513
483.68	106.274
483.89	105.978
484.10	105.612
484.30	105.204
484.51	104.723
484.72	104.227
484.92	103.643
485.13	103.042
485.34	102.414
485.55	101.740
485.75	101.047
485.96	100.299
486.17	99.543
486.38	98.785
486.58	98.000
486.79	97.232
487.00	96.449
487.20	95.665
487.41	94.918
487.62	94.181
487.83	93.449
488.03	92.746
488.24	92.083
488.45	91.441
488.65	90.835
488.86	90.284
489.07	89.771
489.28	89.322
489.48	88.911
489.69	88.593
489.90	88.308
490.10	88.094
490.31	87.939
490.52	87.825
490.73	87.786
490.93	87.804
491.14	87.879
491.35	88.019
491.55	88.212
491.76	88.454
491.97	88.741
492.17	89.068
492.38	89.451
492.59	89.875
492.79	90.352
493.00	90.857
493.21	91.396
493.41	91.948
493.62	92.526
493.83	93.126
494.04	93.694
494.24	94.294
494.45	94.892
494.66	95.469
494.86	96.073
495.07	96.632
495.28	97.199
495.48	97.724
495.69	98.226
495.90	98.707
496.10	99.157
496.31	99.555
496.52	99.910
496.72	100.261
496.93	100.555
497.14	100.787
497.34	100.961
497.55	101.111
497.76	101.199
497.96	101.231
498.17	101.207
498.37	101.146
498.58	101.004
498.79	100.811
498.99	100.596
499.20	100.307
499.41	99.973
499.61	99.570
499.82	99.143
500.03	98.662
500.23	98.165
500.44	97.605
500.65	97.026
500.85	96.429
501.06	95.766
501.26	95.098
501.47	94.409
501.68	93.720
501.88	92.993
502.09	92.276
502.30	91.551
502.50	90.826
502.71	90.109
502.91	89.412
503.12	88.724
503.33	88.047
503.53	87.407
503.74	86.779
503.95	86.180
504.15	85.613
504.36	85.075
504.56	84.570
504.77	84.127
504.98	83.705
505.18	83.344
505.39	83.026
505.59	82.753
505.80	82.534
506.01	82.368
506.21	82.260
506.42	82.200
506.62	82.184
506.83	82.214
507.04	82.309
507.24	82.442
507.45	82.629
507.65	82.862
507.86	83.119
508.07	83.431
508.27	83.784
508.48	84.166
508.68	84.599
508.89	85.045
509.10	85.508
509.30	85.999
509.51	86.498
509.71	87.012
509.92	87.537
510.12	88.066
510.33	88.600
510.54	89.122
510.74	89.653
510.95	90.164
511.15	90.673
511.36	91.173
511.56	91.655
511.77	92.103
511.98	92.533
512.18	92.945
512.39	93.322
512.59	93.668
512.80	93.978
513.00	94.247
513.21	94.477
513.42	94.678
513.62	94.835
513.83	94.955
514.03	95.022
514.24	95.042
514.44	95.010
514.65	94.946
514.85	94.843
515.06	94.696
515.26	94.498
515.47	94.263
515.68	93.976
515.88	93.651
516.09	93.287
516.29	92.892
516.50	92.458
516.70	91.985
516.91	91.482
517.11	90.954
517.32	90.407
517.52	89.831
517.73	89.253
517.93	88.642
518.14	88.021
518.34	87.399
518.55	86.769
518.76	86.142
518.96	85.495
519.17	84.849
519.37	84.203
519.58	83.588
519.78	82.970
519.99	82.360
520.19	81.771
520.40	81.222
520.60	80.684
520.81	80.169
521.01	79.677
521.22	79.232
521.42	78.818
521.63	78.433
521.83	78.087
522.04	77.767
522.24	77.509
522.45	77.288
522.65	77.112
522.86	76.981
523.06	76.888
523.27	76.845
523.47	76.842
523.68	76.885
523.88	76.958
524.09	77.078
524.29	77.249
524.50	77.458
524.70	77.692
524.91	77.959
525.11	78.273
525.32	78.627
525.52	78.997
525.72	79.412
525.93	79.841
526.13	80.300
526.34	80.759
526.54	81.253
526.75	81.735
526.95	82.236
527.16	82.733
527.36	83.246
527.57	83.753
527.77	84.253
527.98	84.763
528.18	85.265
528.39	85.745
528.59	86.221
528.79	86.674
529.00	87.123
529.20	87.547
529.41	87.967
529.61	88.351
529.82	88.696
530.02	89.004
530.23	89.300
530.43	89.544
530.64	89.775
530.84	89.951
531.04	90.093
531.25	90.221
531.45	90.318
531.66	90.371
531.86	90.382
532.07	90.351
532.27	90.275
532.47	90.173
532.68	90.055
532.88	89.896
533.09	89.698
533.29	89.443
533.50	89.163
533.70	88.818
533.90	88.468
534.11	88.103
534.31	87.707
534.52	87.270
534.72	86.840
534.93	86.383
535.13	85.892
535.33	85.403
535.54	84.870
535.74	84.334
535.95	83.772
536.15	83.233
536.35	82.682
536.56	82.131
536.76	81.557
536.97	81.000
537.17	80.432
537.37	79.877
537.58	79.355
537.78	78.837
537.99	78.340
538.19	77.839
538.39	77.351
538.60	76.894
538.80	76.475
539.01	76.056
539.21	75.669
539.41	75.326
539.62	75.000
539.82	74.716
540.03	74.453
540.23	74.244
540.43	74.051
540.64	73.914
540.84	73.802
541.04	73.740
541.25	73.720
541.45	73.731
541.66	73.775
541.86	73.856
542.06	73.977
542.27	74.129
542.47	74.336
542.67	74.556
542.88	74.815
543.08	75.100
543.28	75.428
543.49	75.771
543.69	76.143
543.90	76.548
544.10	76.957
544.30	77.413
544.51	77.866
544.71	78.361
544.91	78.837
545.12	79.337
545.32	79.848
545.52	80.336
545.73	80.857
545.93	81.368
546.13	81.855
546.34	82.336
546.54	82.819
546.74	83.284
546.95	83.765
547.15	84.224
547.35	84.653
547.56	85.086
547.76	85.511
547.96	85.899
548.17	86.278
548.37	86.641
548.57	86.947
548.78	87.239
548.98	87.492
549.18	87.715
549.39	87.909
549.59	88.074
549.79	88.231
550.00	88.339
550.20	88.444
550.40	88.497
550.61	88.530
550.81	88.525
551.01	88.487
551.22	88.415
551.42	88.305
551.62	88.170
551.82	87.985
552.03	87.784
552.23	87.554
552.43	87.288
552.64	87.002
552.84	86.690
553.04	86.348
553.25	85.984
553.45	85.590
553.65	85.182
553.85	84.772
554.06	84.335
554.26	83.871
554.46	83.381
554.67	82.898
554.87	82.394
555.07	81.898
555.27	81.383
555.48	80.864
555.68	80.360
555.88	79.845
556.09	79.338
556.29	78.814
556.49	78.314
556.69	77.803
556.90	77.307
557.10	76.839
557.30	76.398
557.50	75.948
557.71	75.543
557.91	75.151
558.11	74.759
558.31	74.402
558.52	74.075
558.72	73.777
558.92	73.505
559.13	73.263
559.33	73.044
559.53	72.850
559.73	72.701
559.94	72.570
560.14	72.468
560.34	72.396
560.54	72.361
560.75	72.365
560.95	72.397
561.15	72.471
561.35	72.565
561.55	72.678
561.76	72.838
561.96	73.007
562.16	73.223
562.36	73.478
562.57	73.743
562.77	74.035
562.97	74.354
563.17	74.687
563.38	75.036
563.58	75.413
563.78	75.813
563.98	76.222
564.18	76.641
564.39	77.085
564.59	77.535
564.79	78.006
564.99	78.466
565.20	78.931
565.40	79.384
565.60	79.838
565.80	80.315
566.00	80.770
566.21	81.233
566.41	81.665
566.61	82.099
566.81	82.534
567.01	82.951
567.22	83.362
567.42	83.759
567.62	84.128
567.82	84.483
568.02	84.820
568.23	85.137
568.43	85.431
568.63	85.715
568.83	85.957
569.03	86.165
569.24	86.361
569.44	86.540
569.64	86.697
569.84	86.838
570.04	86.922
570.24	86.996
570.45	87.043
570.65	87.070
570.85	87.059
571.05	87.009
571.25	86.934
571.45	86.822
571.66	86.705
571.86	86.567
572.06	86.380
572.26	86.181
572.46	85.962
572.66	85.730
572.87	85.453
573.07	85.172
573.27	84.866
573.47	84.542
573.67	84.189
573.87	83.811
574.08	83.411
574.28	83.022
574.48	82.611
574.68	82.178
574.88	81.740
575.08	81.276
575.28	80.818
575.49	80.358
575.69	79.895
575.89	79.408
576.09	78.943
576.29	78.465
576.49	77.985
576.69	77.506
576.90	77.033
577.10	76.573
577.30	76.120
577.50	75.685
577.70	75.246
577.90	74.825
578.10	74.440
578.30	74.060
578.51	73.696
578.71	73.354
578.91	73.029
579.11	72.718
579.31	72.437
579.51	72.176
579.71	71.946
579.91	71.729
580.12	71.549
580.32	71.392
580.52	71.275
580.72	71.167
580.92	71.086
581.12	71.022
581.32	70.999
581.52	71.017
581.72	71.043
581.92	71.101
582.13	71.199
582.33	71.296
582.53	71.434
582.73	71.583
582.93	71.767
583.13	71.982
583.33	72.228
583.53	72.489
583.73	72.775
583.93	73.078
584.13	73.409
584.34	73.769
584.54	74.111
584.74	74.462
584.94	74.858
585.14	75.260
585.34	75.676
585.54	76.065
585.74	76.470
585.94	76.899
586.14	77.344
586.34	77.770
586.54	78.219
586.74	78.666
586.94	79.123
587.15	79.578
587.35	80.016
587.55	80.444
587.75	80.873
587.95	81.282
588.15	81.680
588.35	82.062
588.55	82.439
588.75	82.821
588.95	83.187
589.15	83.526
589.35	83.857
589.55	84.165
589.75	84.494
589.95	84.778
590.15	85.041
590.35	85.271
590.55	85.496
590.75	85.689
590.95	85.860
591.15	86.008
591.35	86.120
591.56	86.214
591.76	86.285
591.96	86.333
592.16	86.370
592.36	86.377
592.56	86.369
592.76	86.325
592.96	86.268
593.16	86.173
593.36	86.062
593.56	85.935
593.76	85.794
593.96	85.606
594.16	85.419
594.36	85.208
594.56	84.977
594.76	84.722
594.96	84.459
595.16	84.157
595.36	83.849
595.56	83.515
595.76	83.159
595.96	82.785
596.16	82.415
596.36	82.025
596.56	81.636
596.76	81.217
596.96	80.794
597.16	80.372
597.36	79.953
597.56	79.516
597.76	79.067
597.96	78.620
598.16	78.176
598.36	77.731
598.56	77.277
598.76	76.839
598.96	76.411
599.16	75.981
599.36	75.584
599.56	75.184
599.76	74.789
599.96	74.417
600.15	74.055
600.35	73.708
600.55	73.375
600.75	73.040
600.95	72.738
601.15	72.438
601.35	72.147
601.55	71.884
601.75	71.655
601.95	71.439
602.15	71.251
602.35	71.064
602.55	70.911
602.75	70.785
602.95	70.670
603.15	70.567
603.35	70.504
603.55	70.451
603.75	70.417
603.95	70.413
604.15	70.435
604.35	70.486
604.54	70.548
604.74	70.654
604.94	70.773
605.14	70.904
605.34	71.066
605.54	71.260
605.74	71.478
605.94	71.700
606.14	71.952
606.34	72.214
606.54	72.507
606.74	72.814
606.94	73.134
607.14	73.477
607.33	73.843
607.53	74.205
607.73	74.573
607.93	74.950
608.13	75.342
608.33	75.743
608.53	76.134
608.73	76.547
608.93	76.938
609.13	77.345
609.33	77.764
609.52	78.181
609.72	78.590
609.92	78.986
610.12	79.393
610.32	79.790
610.52	80.198
610.72	80.583
610.92	80.964
611.12	81.339
611.31	81.707
611.51	82.061
611.71	82.407
611.91	82.755
612.11	83.099
612.31	83.428
612.51	83.729
612.71	84.033
612.91	84.304
613.10	84.572
613.30	84.849
613.50	85.091
613.70	85.310
613.90	85.505
614.10	85.682
614.30	85.826
614.50	85.961
614.69	86.053
614.89	86.143
615.09	86.208
615.29	86.257
615.49	86.284
615.69	86.290
615.89	86.282
616.08	86.251
616.28	86.192
616.48	86.113
616.68	86.010
616.88	85.892
617.08	85.752
617.27	85.609
617.47	85.426
617.67	85.224
617.87	85.004
618.07	84.783
618.27	84.545
618.47	84.301
618.66	84.034
618.86	83.763
619.06	83.464
619.26	83.163
619.46	82.847
619.66	82.506
619.85	82.152
620.05	81.789
620.25	81.403
620.45	81.023
620.65	80.628
620.84	80.255
621.04	79.864
621.24	79.492
621.44	79.080
621.64	78.656
621.84	78.258
622.03	77.850
622.23	77.446
622.43	77.045
622.63	76.647
622.83	76.250
623.02	75.859
623.22	75.485
623.42	75.093
623.62	74.721
623.82	74.372
624.01	74.018
624.21	73.675
624.41	73.357
624.61	73.050
624.81	72.763
625.00	72.468
625.20	72.189
625.40	71.916
625.60	71.674
625.79	71.458
625.99	71.262
626.19	71.077
626.39	70.912
626.59	70.760
626.78	70.642
626.98	70.539
627.18	70.445
627.38	70.377
627.57	70.354
627.77	70.332
627.97	70.324
628.17	70.354
628.37	70.393
628.56	70.467
628.76	70.546
628.96	70.642
629.16	70.757
629.35	70.920
629.55	71.089
629.75	71.278
629.95	71.484
630.14	71.694
630.34	71.934
630.54	72.183
630.74	72.443
630.93	72.716
631.13	73.001
631.33	73.297
631.53	73.587
631.72	73.891
631.92	74.217
632.12	74.564
632.31	74.903
632.51	75.278
632.71	75.644
632.91	76.009
633.10	76.389
633.30	76.789
633.50	77.156
633.70	77.551
633.89	77.936
634.09	78.333
634.29	78.724
634.48	79.109
634.68	79.508
634.88	79.904
635.08	80.295
635.27	80.697
635.47	81.092
635.67	81.493
635.86	81.884
636.06	82.260
636.26	82.610
636.46	82.967
636.65	83.301
636.85	83.643
637.05	83.974
637.24	84.275
637.44	84.568
637.64	84.855
637.83	85.134
638.03	85.408
638.23	85.639
638.43	85.871
638.62	86.081
638.82	86.255
639.02	86.429
639.21	86.577
639.41	86.698
639.61	86.824
639.80	86.927
640.00	87.011
640.20	87.099
640.39	87.179
640.59	87.229
640.79	87.264
640.98	87.266
641.18	87.261
641.38	87.249
641.57	87.204
641.77	87.140
641.97	87.048
642.16	86.947
642.36	86.838
642.56	86.711
642.75	86.587
642.95	86.432
643.15	86.267
643.34	86.102
643.54	85.915
643.74	85.695
643.93	85.467
644.13	85.207
644.33	84.925
644.52	84.641
644.72	84.356
644.91	84.055
645.11	83.731
645.31	83.409
645.50	83.090
645.70	82.765
645.90	82.440
646.09	82.091
646.29	81.730
646.48	81.366
646.68	80.988
646.88	80.605
647.07	80.233
647.27	79.848
647.47	79.455
647.66	79.075
647.86	78.689
648.05	78.314
648.25	77.949
648.45	77.581
648.64	77.204
648.84	76.842
649.04	76.474
649.23	76.116
649.43	75.768
649.62	75.415
649.82	75.062
650.02	74.728
650.21	74.407
650.41	74.115
650.60	73.828
650.80	73.571
651.00	73.293
651.19	73.043
651.39	72.807
651.58	72.577
651.78	72.372
651.97	72.199
652.17	72.022
652.37	71.855
652.56	71.722
652.76	71.598
652.95	71.489
653.15	71.419
653.35	71.352
653.54	71.294
653.74	71.243
653.93	71.223
654.13	71.216
654.32	71.217
654.52	71.215
654.72	71.250
654.91	71.297
655.11	71.375
655.30	71.472
655.50	71.585
655.69	71.715
655.89	71.844
656.08	71.979
656.28	72.143
656.48	72.328
656.67	72.519
656.87	72.728
657.06	72.936
657.26	73.152
657.45	73.397
657.65	73.661
657.84	73.948
658.04	74.228
658.23	74.531
658.43	74.851
658.62	75.185
658.82	75.517
659.02	75.855
659.21	76.211
659.41	76.555
659.60	76.910
659.80	77.273
659.99	77.659
660.19	78.038
660.38	78.423
660.58	78.796
660.77	79.185
660.97	79.557
661.16	79.938
661.36	80.308
661.55	80.689
661.75	81.063
661.94	81.423
662.14	81.801
662.33	82.177
662.53	82.539
662.72	82.898
662.92	83.245
663.11	83.577
663.31	83.916
663.50	84.253
663.70	84.588
663.89	84.910
664.09	85.209
664.28	85.521
664.48	85.809
664.67	86.107
664.87	86.365
665.06	86.634
665.26	86.883
665.45	87.126
665.65	87.349
665.84	87.576
666.04	87.784
666.23	87.950
666.43	88.092
666.62	88.232
666.82	88.359
667.01	88.474
667.21	88.579
667.40	88.655
667.59	88.737
667.79	88.781
667.98	88.799
668.18	88.808
668.37	88.791
668.57	88.789
668.76	88.755
668.96	88.702
669.15	88.640
669.35	88.583
669.54	88.493
669.73	88.396
669.93	88.279
670.12	88.159
670.32	88.049
670.51	87.909
670.71	87.757
670.90	87.600
671.10	87.432
671.29	87.240
671.48	87.030
671.68	86.805
671.87	86.579
672.07	86.341
672.26	86.129
672.46	85.881
672.65	85.615
672.84	85.341
673.04	85.073
673.23	84.788
673.43	84.482
673.62	84.189
673.82	83.882
674.01	83.541
674.20	83.212
674.40	82.863
674.59	82.528
674.79	82.196
674.98	81.847
675.17	81.496
675.37	81.159
675.56	80.819
675.76	80.472
675.95	80.106
676.14	79.766
676.34	79.391
676.53	79.040
676.73	78.680
676.92	78.320
677.11	77.967
677.31	77.614
677.50	77.282
677.70	76.940
677.89	76.599
678.08	76.292
678.28	75.984
678.47	75.693
678.66	75.412
678.86	75.139
679.05	74.867
679.25	74.617
679.44	74.374
679.63	74.157
679.83	73.935
680.02	73.746
680.21	73.556
680.41	73.378
680.60	73.201
680.79	73.043
680.99	72.901
681.18	72.759
681.38	72.644
681.57	72.551
681.76	72.477
681.96	72.420
682.15	72.362
682.34	72.305
682.54	72.266
682.73	72.248
682.92	72.231
683.12	72.249
683.31	72.275
683.50	72.316
683.70	72.367
683.89	72.421
684.08	72.499
684.28	72.594
684.47	72.703
684.66	72.836
684.86	72.978
685.05	73.138
685.24	73.319
685.44	73.498
685.63	73.683
685.82	73.890
686.02	74.095
686.21	74.344
686.40	74.595
686.60	74.865
686.79	75.140
686.98	75.421
687.18	75.714
687.37	76.008
687.56	76.300
687.75	76.606
687.95	76.925
688.14	77.241
688.33	77.576
688.53	77.913
688.72	78.270
688.91	78.621
689.11	78.966
689.30	79.342
689.49	79.719
689.68	80.088
689.88	80.447
690.07	80.812
690.26	81.158
690.46	81.524
690.65	81.868
690.84	82.217
691.03	82.580
691.23	82.925
691.42	83.273
691.61	83.628
691.80	83.959
692.00	84.296
692.19	84.621
692.38	84.940
692.58	85.257
692.77	85.558
692.96	85.851
693.15	86.150
693.35	86.425
693.54	86.718
693.73	87.008
693.92	87.272
694.12	87.546
694.31	87.792
694.50	88.049
694.69	88.275
694.89	88.495
695.08	88.694
695.27	88.912
695.46	89.099
695.66	89.286
695.85	89.474
696.04	89.651
696.23	89.833
696.43	89.990
696.62	90.116
696.81	90.232
697.00	90.352
697.19	90.457
697.39	90.533
697.58	90.596
697.77	90.632
697.96	90.688
698.16	90.710
698.35	90.753
698.54	90.749
698.73	90.770
698.92	90.744
699.12	90.721
699.31	90.671
699.50	90.622
699.69	90.561
699.89	90.478
700.08	90.390
700.27	90.273
700.46	90.161
700.65	90.037
700.85	89.925
701.04	89.782
701.23	89.618
701.42	89.453
701.61	89.275
701.81	89.086
702.00	88.878
702.19	88.671
702.38	88.431
702.57	88.206
702.76	87.947
702.96	87.706
703.15	87.443
703.34	87.167
703.53	86.884
703.72	86.569
703.92	86.258
704.11	85.942
704.30	85.619
704.49	85.296
704.68	84.980
704.87	84.626
705.07	84.286
705.26	83.952
705.45	83.641
705.64	83.292
705.83	82.978
706.02	82.646
706.21	82.330
706.41	82.000
706.60	81.655
706.79	81.333
706.98	81.017
707.17	80.685
707.36	80.366
707.56	80.067
707.75	79.768
707.94	79.477
708.13	79.188
708.32	78.916
708.51	78.627
708.70	78.368
708.89	78.101
709.09	77.837
709.28	77.590
709.47	77.302
709.66	77.040
709.85	76.784
710.04	76.533
710.23	76.271
710.42	76.054
710.62	75.837
710.81	75.600
711.00	75.376
711.19	75.183
711.38	74.990
711.57	74.788
711.76	74.609
711.95	74.453
712.15	74.307
712.34	74.162
712.53	74.034
712.72	73.905
712.91	73.819
713.10	73.734
713.29	73.659
713.48	73.599
713.67	73.574
713.86	73.555
714.05	73.539
714.25	73.537
714.44	73.526
714.63	73.541
714.82	73.594
715.01	73.648
715.20	73.733
715.39	73.801
715.58	73.897
715.77	74.011
715.96	74.126
716.15	74.239
716.34	74.351
716.54	74.487
716.73	74.638
716.92	74.777
717.11	74.939
717.30	75.109
717.49	75.303
717.68	75.504
717.87	75.675
718.06	75.902
718.25	76.142
718.44	76.391
718.63	76.648
718.82	76.897
719.01	77.153
719.20	77.410
719.39	77.692
719.58	77.972
719.77	78.244
719.96	78.505
720.16	78.786
720.35	79.093
720.54	79.391
720.73	79.695
720.92	80.008
721.11	80.343
721.30	80.663
721.49	80.983
721.68	81.307
721.87	81.662
722.06	81.986
722.25	82.309
722.44	82.637
722.63	82.953
722.82	83.269
723.01	83.577
723.20	83.871
723.39	84.184
723.58	84.516
723.77	84.848
723.96	85.186
724.15	85.532
724.34	85.853
724.53	86.174
724.72	86.464
724.91	86.785
725.10	87.093
725.29	87.385
725.48	87.701
725.67	87.968
725.86	88.221
726.05	88.488
726.24	88.739
726.43	88.980
726.62	89.219
726.81	89.487
727.00	89.733
727.19	89.994
727.38	90.226
727.57	90.430
727.76	90.629
727.95	90.818
728.14	90.976
728.33	91.140
728.52	91.297
728.71	91.448
728.90	91.584
729.09	91.692
729.28	91.786
729.47	91.866
729.65	91.960
729.84	92.054
730.03	92.135
730.22	92.205
730.41	92.277
730.60	92.344
730.79	92.352
730.98	92.384
731.17	92.410
731.36	92.403
731.55	92.381
731.74	92.357
731.93	92.324
732.12	92.285
732.31	92.249
732.50	92.219
732.69	92.188
732.88	92.107
733.06	92.020
733.25	91.941
733.44	91.859
733.63	91.744
733.82	91.626
734.01	91.475
734.20	91.328
734.39	91.155
734.58	90.993
734.77	90.845
734.96	90.657
735.15	90.450
735.33	90.245
735.52	90.052
735.71	89.843
735.90	89.618
736.09	89.378
736.28	89.115
736.47	88.845
736.66	88.566
736.85	88.296
737.04	88.001
737.23	87.722
737.41	87.413
737.60	87.148
737.79	86.839
737.98	86.552
738.17	86.255
738.36	85.983
738.55	85.691
738.74	85.401
738.92	85.106
739.11	84.820
739.30	84.514
739.49	84.197
739.68	83.900
739.87	83.626
740.06	83.354
740.25	83.058
740.43	82.779
740.62	82.483
740.81	82.182
741.00	81.912
741.19	81.617
741.38	81.320
741.57	81.018
741.75	80.748
741.94	80.456
742.13	80.171
742.32	79.868
742.51	79.584
742.70	79.306
742.89	79.045
743.07	78.771
743.26	78.515
743.45	78.236
743.64	77.991
743.83	77.723
744.02	77.440
744.20	77.207
744.39	76.966
744.58	76.749
744.77	76.551
744.96	76.368
745.15	76.210
745.33	76.068
745.52	75.918
745.71	75.768
745.90	75.634
746.09	75.519
746.28	75.413
746.46	75.284
746.65	75.157
746.84	75.053
747.03	74.955
747.22	74.876
747.40	74.835
747.59	74.769
747.78	74.722
747.97	74.721
748.16	74.706
748.34	74.676
748.53	74.675
748.72	74.680
748.91	74.668
749.10	74.666
749.28	74.684
749.47	74.725
749.66	74.760
749.85	74.787
750.04	74.830
750.22	74.878
750.41	74.962
750.60	75.058
750.79	75.132
750.97	75.225
751.16	75.339
751.35	75.443
751.54	75.551
751.73	75.690
751.91	75.817
752.10	75.988
752.29	76.140
752.48	76.315
752.66	76.495
752.85	76.682
753.04	76.872
753.23	77.086
753.41	77.273
753.60	77.500
753.79	77.741
753.98	77.963
754.16	78.202
754.35	78.433
754.54	78.664
754.73	78.935
754.91	79.206
755.10	79.468
755.29	79.753
755.48	80.022
755.66	80.295
755.85	80.570
756.04	80.827
756.22	81.126
756.41	81.389
756.60	81.665
756.79	81.967
756.97	82.266
757.16	82.518
757.35	82.815
757.54	83.110
757.72	83.400
757.91	83.704
758.10	84.001
758.28	84.295
758.47	84.581
758.66	84.893
758.85	85.182
759.03	85.483
759.22	85.772
759.41	86.079
759.59	86.375
759.78	86.672
759.97	86.946
760.15	87.209
760.34	87.512
760.53	87.784
760.71	88.031
760.90	88.310
761.09	88.578
761.28	88.839
761.46	89.082
761.65	89.332
761.84	89.589
762.02	89.838
762.21	90.106
762.40	90.334
762.58	90.530
762.77	90.732
762.96	90.940
763.14	91.164
763.33	91.354
763.52	91.518
763.70	91.661
763.89	91.832
764.08	92.007
764.26	92.128
764.45	92.276
764.64	92.434
764.82	92.541
765.01	92.659
765.20	92.746
765.38	92.848
765.57	92.913
765.75	92.975
765.94	93.015
766.13	93.065
766.31	93.139
766.50	93.183
766.69	93.263
766.87	93.325
767.06	93.347
767.25	93.384
767.43	93.437
767.62	93.497
767.80	93.520
767.99	93.517
768.18	93.503
768.36	93.484
768.55	93.453
768.74	93.414
768.92	93.375
769.11	93.359
769.29	93.303
769.48	93.273
769.67	93.193
769.85	93.142
770.04	93.012
770.22	92.895
770.41	92.756
770.60	92.592
770.78	92.408
770.97	92.242
771.15	92.076
771.34	91.867
771.53	91.684
771.71	91.490
771.90	91.317
772.08	91.195
772.27	91.011
772.46	90.801
772.64	90.594
772.83	90.381
773.01	90.123
773.20	89.881
773.39	89.645
773.57	89.405
773.76	89.152
773.94	88.955
774.13	88.701
774.31	88.442
774.50	88.209
774.68	87.949
774.87	87.689
775.06	87.387
775.24	87.123
775.43	86.820
775.61	86.530
775.80	86.243
775.98	85.921
776.17	85.608
776.36	85.312
776.54	85.015
776.73	84.712
776.91	84.431
777.10	84.149
777.28	83.828
777.47	83.541
777.65	83.239
777.84	82.928
778.02	82.650
778.21	82.379
778.39	82.078
778.58	81.805
778.77	81.536
778.95	81.290
779.14	81.038
779.32	80.803
779.51	80.565
779.69	80.303
779.88	80.063
780.06	79.833
780.25	79.590
780.43	79.348
780.62	79.129
780.80	78.904
780.99	78.669
781.17	78.446
781.36	78.218
781.54	78.011
781.73	77.767
781.91	77.554
782.10	77.357
782.28	77.159
782.47	76.962
782.65	76.746
782.84	76.552
783.02	76.374
783.21	76.208
783.39	76.044
783.58	75.892
783.76	75.722
783.95	75.577
784.13	75.475
784.32	75.370
784.50	75.254
784.69	75.174
784.87	75.096
785.05	75.031
785.24	74.974
785.42	74.926
785.61	74.890
785.79	74.860
785.98	74.837
786.16	74.803
786.35	74.805
786.53	74.804
786.72	74.796
786.90	74.796
787.09	74.779
787.27	74.794
787.45	74.831
787.64	74.860
787.82	74.886
788.01	74.915
788.19	74.965
788.38	75.015
788.56	75.012
788.75	75.076
788.93	75.154
789.11	75.202
789.30	75.246
789.48	75.320
789.67	75.408
789.85	75.485
790.04	75.616
790.22	75.723
790.40	75.854
790.59	75.974
790.77	76.104
790.96	76.272
791.14	76.424
791.32	76.562
791.51	76.724
791.69	76.901
791.88	77.081
792.06	77.257
792.25	77.432
792.43	77.664
792.61	77.856
792.80	78.030
792.98	78.259
793.17	78.479
793.35	78.667
793.53	78.871
793.72	79.119
793.90	79.335
794.08	79.545
794.27	79.764
794.45	80.016
794.64	80.243
794.82	80.468
795.00	80.666
795.19	80.908
795.37	81.139
795.55	81.326
795.74	81.559
795.92	81.796
796.11	82.059
796.29	82.308
796.47	82.547
796.66	82.782
796.84	83.050
797.02	83.316
797.21	83.600
797.39	83.868
797.58	84.117
797.76	84.358
797.94	84.631
798.13	84.901
798.31	85.181
798.49	85.427
798.68	85.669
798.86	85.963
799.04	86.194
799.23	86.455
799.41	86.723
799.59	86.960
799.78	87.167
799.96	87.390
800.14	87.623
800.33	87.862
800.51	88.120
800.69	88.304
800.88	88.524
801.06	88.762
801.24	88.934
801.43	89.120
801.61	89.295
801.79	89.464
801.98	89.624
802.16	89.799
802.34	89.994
802.52	90.179
802.71	90.307
802.89	90.485
803.07	90.635
803.26	90.773
803.44	90.894
803.62	91.036
803.81	91.160
803.99	91.239
804.17	91.310
804.35	91.381
804.54	91.451
804.72	91.546
804.90	91.608
805.09	91.724
805.27	91.822
805.45	91.919
805.63	91.978
805.82	92.046
806.00	92.037
806.18	92.061
806.37	92.099
806.55	92.104
806.73	92.118
806.91	92.123
807.10	92.148
807.28	92.155
807.46	92.159
807.64	92.133
807.83	92.124
808.01	92.113
808.19	92.041
808.37	91.992
808.56	91.908
808.74	91.841
808.92	91.758
809.10	91.639
809.29	91.564
809.47	91.476
809.65	91.336
809.83	91.267
810.02	91.150
810.20	91.033
810.38	90.935
810.56	90.801
810.75	90.699
810.93	90.581
811.11	90.452
811.29	90.318
811.47	90.185
811.66	90.021
811.84	89.870
812.02	89.791
812.20	89.659
812.39	89.531
812.57	89.388
812.75	89.254
812.93	89.141
813.11	88.977
813.30	88.836
813.48	88.722
813.66	88.548
813.84	88.382
814.02	88.197
814.21	88.033
814.39	87.822
814.57	87.613
814.75	87.399
814.93	87.192
815.12	86.966
815.30	86.748
815.48	86.536
815.66	86.308
815.84	86.044
816.03	85.793
816.21	85.509
816.39	85.254
816.57	84.943
816.75	84.634
816.93	84.341
817.12	84.028
817.30	83.711
817.48	83.403
817.66	83.141
817.84	82.874
818.02	82.623
818.21	82.345
818.39	82.092
818.57	81.815
818.75	81.588
818.93	81.331
819.11	81.067
819.30	80.817
819.48	80.587
819.66	80.372
819.84	80.175
820.02	79.959
820.20	79.729
820.38	79.510
820.57	79.302
820.75	79.119
820.93	78.920
821.11	78.726
821.29	78.556
821.47	78.338
821.65	78.130
821.83	77.907
822.02	77.726
822.20	77.511
822.38	77.356
822.56	77.110
822.74	76.895
822.92	76.659
823.10	76.461
823.28	76.230
823.46	76.005
823.65	75.772
823.83	75.577
824.01	75.372
824.19	75.171
824.37	74.969
824.55	74.743
824.73	74.564
824.91	74.371
825.09	74.179
825.27	74.005
825.46	73.807
825.64	73.607
825.82	73.445
826.00	73.270
826.18	73.107
826.36	72.975
826.54	72.861
826.72	72.799
826.90	72.702
827.08	72.627
827.26	72.552
827.44	72.464
827.63	72.380
827.81	72.325
827.99	72.298
828.17	72.251
828.35	72.220
828.53	72.184
828.71	72.188
828.89	72.167
829.07	72.154
829.25	72.143
829.43	72.169
829.61	72.168
829.79	72.171
829.97	72.180
830.15	72.169
830.33	72.183
830.51	72.166
830.69	72.183
830.87	72.147
831.06	72.173
831.24	72.202
831.42	72.232
831.60	72.237
831.78	72.276
831.96	72.334
832.14	72.404
832.32	72.474
832.50	72.524
832.68	72.575
832.86	72.623
833.04	72.730
833.22	72.787
833.40	72.882
833.58	72.963
833.76	73.038
833.94	73.165
834.12	73.292
834.30	73.431
834.48	73.541
834.66	73.716
834.84	73.817
835.02	73.974
835.20	74.132
835.38	74.303
835.56	74.469
835.74	74.643
835.92	74.813
836.10	74.967
836.28	75.124
836.46	75.314
836.64	75.497
836.82	75.635
837.00	75.816
837.18	75.993
837.36	76.196
837.54	76.387
837.72	76.584
837.90	76.781
838.08	76.975
838.26	77.175
838.43	77.363
838.61	77.578
838.79	77.777
838.97	77.980
839.15	78.185
839.33	78.378
839.51	78.532
839.69	78.709
839.87	78.914
840.05	79.144
840.23	79.339
840.41	79.537
840.59	79.706
840.77	79.921
840.95	80.102
841.13	80.272
841.31	80.441
841.49	80.589
841.67	80.725
841.84	80.900
842.02	81.021
842.20	81.210
842.38	81.344
842.56	81.488
842.74	81.634
842.92	81.736
843.10	81.877
843.28	82.062
843.46	82.200
843.64	82.293
843.82	82.423
843.99	82.544
844.17	82.714
844.35	82.947
844.53	83.099
844.71	83.287
844.89	83.419
845.07	83.597
845.25	83.782
845.43	83.958
845.61	84.110
845.78	84.333
845.96	84.494
846.14	84.683
846.32	84.864
846.50	85.010
846.68	85.231
846.86	85.392
847.04	85.534
847.22	85.627
847.39	85.801
847.57	85.913
847.75	86.032
847.93	86.089
848.11	86.177
848.29	86.312
848.47	86.365
848.65	86.498
848.82	86.553
849.00	86.627
849.18	86.669
849.36	86.706
849.54	86.761
849.72	86.755
849.89	86.813
850.07	86.874
850.25	86.885
850.43	86.853
850.61	86.845
850.79	86.815
850.97	86.884
851.14	86.905
851.32	86.891
851.50	86.906
851.68	86.952
851.86	87.002
852.04	86.976
852.21	87.007
852.39	87.012
852.57	87.073
852.75	87.074
852.93	87.078
853.10	87.058
853.28	87.004
853.46	86.991
853.64	86.910
853.82	86.821
854.00	86.839
854.17	86.781
854.35	86.701
854.53	86.657
854.71	86.562
854.89	86.441
855.06	86.400
855.24	86.346
855.42	86.262
855.60	86.104
855.78	86.003
855.95	85.874
856.13	85.762
856.31	85.560
856.49	85.414
856.66	85.311
856.84	85.150
857.02	85.074
857.20	84.994
857.38	84.834
857.55	84.688
857.73	84.449
857.91	84.340
858.09	84.168
858.26	84.020
858.44	83.880
858.62	83.741
858.80	83.552
858.97	83.368
859.15	83.175
859.33	82.960
859.51	82.788
859.68	82.599
859.86	82.398
860.04	82.227
860.22	82.021
860.39	81.806
860.57	81.587
860.75	81.316
860.93	81.074
861.10	80.936
861.28	80.764
861.46	80.562
861.64	80.357
861.81	80.207
861.99	79.989
862.17	79.759
862.35	79.555
862.52	79.398
862.70	79.188
862.88	79.020
863.05	78.818
863.23	78.597
863.41	78.412
863.59	78.199
863.76	78.036
863.94	77.834
864.12	77.641
864.29	77.485
864.47	77.264
864.65	77.072
864.83	76.808
865.00	76.569
865.18	76.402
865.36	76.210
865.53	76.000
865.71	75.852
865.89	75.649
866.06	75.432
866.24	75.185
866.42	74.980
866.59	74.738
866.77	74.577
866.95	74.370
867.12	74.116
867.30	73.949
867.48	73.709
867.65	73.515
867.83	73.296
868.01	73.112
868.18	72.913
868.36	72.715
868.54	72.559
868.71	72.402
868.89	72.235
869.07	72.052
869.24	71.882
869.42	71.688
869.60	71.539
869.77	71.429
869.95	71.274
870.13	71.121
870.30	71.011
870.48	70.825
870.66	70.681
870.83	70.569
871.01	70.374
871.18	70.247
871.36	70.110
871.54	69.971
871.71	69.839
871.89	69.744
872.07	69.573
872.24	69.444
872.42	69.348
872.59	69.230
872.77	69.101
872.95	68.999
873.12	68.853
873.30	68.716
873.48	68.607
873.65	68.505
873.83	68.404
874.00	68.274
874.18	68.184
874.36	68.118
874.53	68.049
874.71	67.975
874.88	67.906
875.06	67.879
875.24	67.876
875.41	67.829
875.59	67.796
875.76	67.822
875.94	67.771
876.11	67.662
876.29	67.580
876.47	67.551
876.64	67.496
876.82	67.455
876.99	67.428
877.17	67.394
877.35	67.378
877.52	67.339
877.70	67.312
877.87	67.309
878.05	67.303
878.22	67.305
878.40	67.352
878.57	67.342
878.75	67.303
878.93	67.258
879.10	67.270
879.28	67.292
879.45	67.300
879.63	67.298
879.80	67.315
879.98	67.370
880.15	67.390
880.33	67.449
880.50	67.502
880.68	67.615
880.86	67.671
881.03	67.742
881.21	67.846
881.38	67.939
881.56	68.119
881.73	68.190
881.91	68.265
882.08	68.338
882.26	68.482
882.43	68.606
882.61	68.781
882.78	68.889
882.96	69.026
883.13	69.142
883.31	69.289
883.48	69.477
883.66	69.638
883.83	69.801
884.01	69.911
884.18	70.124
884.36	70.280
884.53	70.410
884.71	70.561
884.88	70.670
885.06	70.824
885.23	70.880
885.41	71.015
885.58	71.136
885.76	71.305
885.93	71.377
886.11	71.560
886.28	71.663
886.46	71.790
886.63	71.908
886.81	72.023
886.98	72.207
887.15	72.316
887.33	72.475
887.50	72.664
887.68	72.830
887.85	72.927
888.03	73.060
888.20	73.225
888.38	73.384
888.55	73.565
888.73	73.654
888.90	73.800
889.08	73.940
889.25	74.060
889.42	74.177
889.60	74.388
889.77	74.464
889.95	74.610
890.12	74.712
890.30	74.818
890.47	74.922
890.64	75.057
890.82	75.198
890.99	75.318
891.17	75.421
891.34	75.544
891.52	75.645
891.69	75.763
891.86	75.881
892.04	75.994
892.21	76.137
892.39	76.373
892.56	76.528
892.73	76.626
892.91	76.771
893.08	76.971
893.26	77.048
893.43	77.212
893.60	77.309
893.78	77.482
893.95	77.629
894.13	77.855
894.30	78.009
894.47	78.211
894.65	78.336
894.82	78.491
895.00	78.630
895.17	78.808
895.34	78.986
895.52	79.170
895.69	79.289
895.86	79.419
896.04	79.465
896.21	79.626
896.39	79.826
896.56	80.010
896.73	80.030
896.91	80.102
897.08	80.203
897.25	80.388
897.43	80.439
897.60	80.531
897.77	80.554
897.95	80.543
898.12	80.542
898.30	80.654
898.47	80.660
898.64	80.705
898.82	80.720
898.99	80.706
899.16	80.699
899.34	80.683
899.51	80.604
899.68	80.573
899.86	80.517
900.03	80.434
900.20	80.373
900.38	80.393
900.55	80.470
900.72	80.414
900.90	80.332
901.07	80.435
901.24	80.407
901.41	80.413
901.59	80.432
901.76	80.435
901.93	80.387
902.11	80.335
902.28	80.331
902.45	80.433
902.63	80.456
902.80	80.430
902.97	80.429
903.15	80.536
903.32	80.614
903.49	80.624
903.66	80.676
903.84	80.692
904.01	80.682
904.18	80.655
904.36	80.680
904.53	80.646
904.70	80.581
904.87	80.571
905.05	80.499
905.22	80.514
905.39	80.473
905.56	80.395
905.74	80.349
905.91	80.264
906.08	80.140
906.26	80.054
906.43	79.938
906.60	79.838
906.77	79.660
906.95	79.541
907.12	79.403
907.29	79.227
907.46	79.187
907.64	79.080
907.81	78.967
907.98	78.776
908.15	78.681
908.33	78.545
908.50	78.416
908.67	78.319
908.84	78.180
909.01	78.023
909.19	77.937
909.36	77.811
909.53	77.672
909.70	77.441
909.88	77.328
910.05	77.175
910.22	77.102
910.39	76.982
910.57	76.879
910.74	76.795
910.91	76.752
911.08	76.549
911.25	76.390
911.43	76.251
911.60	76.127
911.77	75.970
911.94	75.742
912.11	75.579
912.29	75.354
912.46	75.118
912.63	74.902
912.80	74.667
912.97	74.482
913.15	74.342
913.32	74.206
913.49	73.989
913.66	73.901
913.83	73.673
914.00	73.456
914.18	73.250
914.35	73.036
914.52	72.756
914.69	72.537
914.86	72.332
915.03	72.131
915.21	71.994
915.38	71.783
915.55	71.696
915.72	71.519
915.89	71.400
916.06	71.317
916.24	71.246
916.41	71.093
916.58	70.976
916.75	70.773
916.92	70.602
917.09	70.406
917.26	70.129
917.44	69.922
917.61	69.802
917.78	69.589
917.95	69.446
918.12	69.268
918.29	69.179
918.46	68.992
918.64	68.837
918.81	68.692
918.98	68.555
919.15	68.379
919.32	68.237
919.49	68.014
919.66	67.803
919.83	67.613
920.00	67.449
920.18	67.297
920.35	67.244
920.52	67.129
920.69	67.069
920.86	67.048
921.03	66.946
921.20	66.794
921.37	66.680
921.54	66.421
921.71	66.319
921.89	66.135
922.06	66.067
922.23	65.934
922.40	65.811
922.57	65.612
922.74	65.499
922.91	65.418
923.08	65.350
923.25	65.249
923.42	65.151
923.59	65.104
923.76	64.895
923.93	64.689
924.11	64.516
924.28	64.379
924.45	64.256
924.62	64.233
924.79	64.148
924.96	63.986
925.13	63.944
925.30	63.839
925.47	63.688
925.64	63.598
925.81	63.522
925.98	63.447
926.15	63.417
926.32	63.255
926.49	63.130
926.66	63.046
926.83	62.950
927.00	62.908
927.17	62.784
927.34	62.843
927.51	62.805
927.69	62.838
927.86	62.790
928.03	62.671
928.20	62.617
928.37	62.516
928.54	62.543
928.71	62.524
928.88	62.537
929.05	62.568
929.22	62.561
929.39	62.519
929.56	62.449
929.73	62.425
929.90	62.486
930.07	62.491
930.24	62.455
930.41	62.457
930.58	62.505
930.75	62.583
930.92	62.514
931.09	62.501
931.26	62.462
931.43	62.440
931.60	62.453
931.77	62.415
931.94	62.503
932.11	62.546
932.27	62.578
932.44	62.613
932.61	62.648
932.78	62.606
932.95	62.722
933.12	62.691
933.29	62.721
933.46	62.740
933.63	62.678
933.80	62.706
933.97	62.717
934.14	62.695
934.31	62.637
934.48	62.702
934.65	62.738
934.82	62.814
934.99	62.862
935.16	62.920
935.33	62.983
935.50	63.109
935.67	63.191
935.84	63.234
936.00	63.234
936.17	63.310
936.34	63.444
936.51	63.406
936.68	63.481
936.85	63.516
937.02	63.609
937.19	63.682
937.36	63.817
937.53	63.817
937.70	63.900
937.87	63.975
938.03	63.978
938.20	64.038
938.37	64.109
938.54	64.172
938.71	64.238
938.88	64.353
939.05	64.258
939.22	64.211
939.39	64.283
939.56	64.465
939.72	64.521
939.89	64.567
940.06	64.643
940.23	64.711
940.40	64.784
940.57	64.932
940.74	65.098
940.91	65.155
941.08	65.345
941.24	65.426
941.41	65.601
941.58	65.835
941.75	65.986
941.92	66.128
942.09	66.261
942.26	66.373
942.42	66.433
942.59	66.669
942.76	67.015
942.93	67.174
943.10	67.195
943.27	67.347
943.44	67.469
943.60	67.671
943.77	67.683
943.94	67.923
944.11	67.952
944.28	68.013
944.45	68.144
944.61	68.257
944.78	68.282
944.95	68.329
945.12	68.508
945.29	68.604
945.46	68.571
945.62	68.606
945.79	68.791
945.96	69.102
946.13	69.234
946.30	69.230
946.46	69.383
946.63	69.494
946.80	69.627
946.97	69.799
947.14	69.863
947.31	70.382
947.47	70.590
947.64	70.793
947.81	70.973
947.98	71.176
948.15	71.254
948.31	71.504
948.48	71.634
948.65	71.641
948.82	71.780
948.98	71.946
949.15	72.258
949.32	72.305
949.49	72.272
949.66	72.363
949.82	72.419
949.99	72.544
950.16	72.667
950.33	72.639
950.49	72.710
950.66	72.677
950.83	72.488
951.00	72.329
951.16	72.112
951.33	72.120
951.50	72.039
951.67	72.140
951.83	72.160
952.00	72.185
952.17	72.138
952.34	72.179
952.50	72.341
952.67	72.281
952.84	72.336
953.01	72.255
953.17	72.253
953.34	72.364
953.51	72.296
953.68	72.222
953.84	72.163
954.01	72.121
954.18	72.049
954.34	72.123
954.51	72.223
954.68	72.357
954.85	72.378
955.01	72.516
955.18	72.763
955.35	72.509
955.51	72.472
955.68	72.557
955.85	72.709
956.02	72.563
956.18	72.591
956.35	72.539
956.52	72.616
956.68	72.618
956.85	72.466
957.02	72.535
957.18	72.553
957.35	72.589
957.52	72.651
957.69	72.763
957.85	72.799
958.02	72.649
958.19	72.577
958.35	72.553
958.52	72.300
958.69	71.938
958.85	72.152
959.02	72.238
959.19	72.014
959.35	71.871
959.52	71.903
959.69	71.868
959.85	71.921
960.02	71.875
960.19	71.754
960.35	71.712
960.52	71.564
960.68	71.544
960.85	71.594
961.02	71.358
961.18	71.376
961.35	71.181
961.52	71.226
961.68	71.218
961.85	71.129
962.02	71.186
962.18	71.198
962.35	70.929
962.51	70.758
962.68	70.811
962.85	70.691
963.01	70.427
963.18	70.376
963.35	70.000
963.51	69.840
963.68	69.818
963.84	69.611
964.01	69.651
964.18	69.472
964.34	69.262
964.51	69.111
964.67	68.875
964.84	68.828
965.01	68.604
965.17	68.376
965.34	68.430
965.50	68.199
965.67	68.205
965.84	68.222
966.00	68.310
966.17	68.338
966.33	68.184
966.50	68.116
966.66	68.064
966.83	68.111
967.00	68.012
967.16	67.837
967.33	67.768
967.49	67.562
967.66	67.779
967.82	67.595
967.99	67.766
968.16	67.787
968.32	67.674
968.49	67.463
968.65	67.578
968.82	67.376
968.98	67.401
969.15	66.975
969.31	66.704
969.48	66.485
969.64	66.176
969.81	66.175
969.98	66.084
970.14	65.678
970.31	65.612
970.47	65.371
970.64	65.185
970.80	65.232
970.97	64.739
971.13	64.371
971.30	64.299
971.46	64.053
971.63	63.809
971.79	63.814
971.96	63.852
972.12	63.584
972.29	63.185
972.45	63.032
972.62	63.085
972.78	63.159
972.95	62.739
973.11	62.484
973.28	62.330
973.44	62.387
973.61	62.606
973.77	62.390
973.94	62.386
974.10	62.497
974.27	62.439
974.43	62.741
974.60	62.645
974.76	62.557
974.93	62.500
975.09	62.357
975.26	62.111
975.42	62.012
975.59	61.803
975.75	62.150
975.92	62.099
976.08	61.621
976.24	61.410
976.41	61.210
976.57	61.292
976.74	61.168
976.90	60.790
977.07	60.311
977.23	60.331
977.40	60.170
977.56	59.538
977.73	59.176
977.89	58.891
978.05	58.557
978.22	58.427
978.38	58.122
978.55	57.875
978.71	57.727
978.88	57.772
979.04	57.736
979.20	57.552
979.37	57.437
979.53	57.464
979.70	57.573
979.86	57.875
980.03	57.699
980.19	57.562
980.35	57.528
980.52	57.373
980.68	57.389
980.85	57.321
981.01	57.467
981.17	57.429
981.34	57.274
981.50	57.241
981.67	57.232
981.83	57.112
981.99	57.101
982.16	56.824
982.32	55.899
982.49	55.836
982.65	55.620
982.81	55.735
982.98	55.666
983.14	55.527
983.30	55.056
983.47	55.025
983.63	54.846
983.80	54.708
983.96	54.428
984.12	54.832
984.29	54.967
984.45	55.119
984.61	54.962
984.78	55.195
984.94	55.347
985.10	55.745
985.27	55.625
985.43	56.003
985.59	56.461
985.76	57.117
985.92	57.308
986.08	57.686
986.25	57.176
986.41	57.775
986.57	57.180
986.74	57.622
986.90	57.520
987.06	57.433
987.23	57.381
987.39	57.344
987.55	56.149
987.72	55.915
987.88	55.196
988.04	55.479
988.21	55.830
988.37	55.630
988.53	54.999
988.70	55.369
988.86	54.743
989.02	54.255
989.19	53.882
989.35	53.921
989.51	53.134
989.67	53.180
989.84	52.706
990.00	52.933
990.16	53.197
990.33	53.420
990.49	53.850
990.65	54.045
990.82	54.370
990.98	54.582
991.14	54.505
991.30	55.346
991.47	54.679
991.63	54.574
991.79	55.565
991.95	55.918
992.12	55.994
992.28	56.365
992.44	56.601
992.61	56.747
992.77	56.948
992.93	57.541
993.09	57.679
993.26	57.882
993.42	58.313
993.58	57.840
993.74	57.539
993.91	56.968
994.07	56.715
994.23	57.083
994.39	57.141
994.55	57.355
994.72	56.867
994.88	57.217
995.04	56.767
995.20	56.227
995.37	55.712
995.53	55.590
995.69	55.324
995.85	54.928
996.02	54.887
996.18	55.023
996.34	54.531
996.50	54.652
996.66	55.480
996.83	55.151
996.99	54.314
997.15	54.937
997.31	55.099
997.47	55.362
997.64	55.092
997.80	55.499
997.96	56.243
998.12	56.479
998.28	57.466
998.45	57.901
998.61	57.713
998.77	57.552
998.93	57.804
999.09	58.952
999.25	59.216
999.42	60.524
999.58	60.227
999.74	60.142
999.90	59.928
1000.06	58.991
1000.22	59.149
1000.39	59.889
1000.55	59.751
1000.71	60.276
1000.87	60.089
1001.03	59.951
1001.19	60.127
1001.36	59.414
1001.52	58.910
1001.68	58.320
1001.84	58.740
1002.00	57.791
1002.16	57.840
1002.32	57.203
1002.49	55.509
1002.65	55.274
1002.81	54.429
1002.97	54.372
1003.13	54.460
1003.29	55.241
1003.45	55.041
1003.62	55.762
1003.78	55.580
1003.94	55.810
1004.10	55.044
1004.26	55.344
1004.42	54.967
1004.58	54.778
1004.74	55.165
1004.90	56.867
1005.07	56.766
1005.23	55.891
1005.39	57.166
1005.55	57.820
1005.71	57.353
1005.87	58.662
1006.03	59.837
1006.19	59.981
1006.35	59.713
1006.51	60.532
1006.67	60.248
1006.84	60.041
1007.00	59.542
1007.16	61.085
1007.32	59.461
1007.48	60.520
1007.64	61.907
1007.80	61.798
1007.96	60.523
1008.12	60.908
1008.28	58.852
1008.44	59.609
1008.60	60.131
1008.76	58.776
1008.92	57.755
1009.09	57.816
1009.25	57.556
1009.41	56.616
1009.57	57.257
1009.73	57.901
1009.89	58.372
1010.05	59.189
1010.21	61.008
1010.37	60.902
1010.53	61.794
1010.69	63.978
1010.85	63.664
1011.01	62.231
1011.17	61.687
1011.33	63.836
1011.49	63.855
1011.65	64.134
1011.81	63.486
1011.97	63.720
1012.13	66.300
1012.29	68.182
1012.45	69.741
1012.61	72.952
1012.77	70.490
1012.93	69.790
1013.09	68.257
1013.25	68.514
1013.41	69.013
1013.57	65.960
1013.73	65.229
1013.89	60.974
1014.05	62.427
1014.21	60.168
1014.37	58.330
1014.53	57.068
1014.69	57.061
1014.85	57.584
1015.01	59.499
1015.17	62.669
1015.33	62.971
1015.49	61.110
1015.65	62.666
1015.81	63.511
1015.97	59.895
1016.13	63.721
1016.29	63.600
1016.45	64.670
1016.61	64.583
1016.77	62.154
1016.93	63.244
1017.09	62.715
1017.25	64.670
1017.41	62.842
1017.56	65.325
1017.72	71.353
1017.88	73.540
1018.04	74.820
1018.20	72.180
1018.36	72.684
1018.52	69.526
1018.68	70.847
1018.84	72.604
1019.00	71.353
1019.16	72.286
1019.32	75.788
1019.48	76.075
1019.64	78.469
1019.79	76.514
1019.95	73.016
1020.11	77.934
1020.27	77.941
1020.43	83.538
1020.59	85.662
1020.75	83.660
1020.91	86.655
1021.07	79.780
1021.23	80.056
1021.39	75.396
1021.54	80.562
1021.70	78.282
1021.86	77.648
1022.02	75.631
1022.18	72.535
1022.34	73.730
1022.50	72.882
1022.66	69.324
1022.82	69.258
1022.97	68.464
1023.13	70.905
1023.29	76.417
1023.45	74.888
1023.61	75.409
1023.77	71.723
1023.93	72.195
1024.08	73.229
1024.24	70.230
1024.40	71.313
1024.56	77.638
1024.72	78.890
1024.88	68.793
1025.04	72.615
1025.19	70.707
1025.35	68.187
1025.51	72.419
1025.67	75.740
1025.83	70.823
1025.99	74.946
1026.14	72.575
1026.30	79.809
1026.46	83.246
1026.62	77.792
1026.78	71.287
1026.94	69.499
1027.09	68.451
1027.25	65.258
1027.41	63.747
1027.57	63.399
1027.73	62.374
1027.89	57.620
1028.04	57.685
1028.20	56.898
1028.36	57.411
1028.52	57.060
1028.68	56.362
1028.83	57.075
1028.99	54.206
1029.15	54.999
1029.31	53.341
1029.47	54.560
1029.62	53.627
1029.78	52.006
1029.94	50.855
1030.10	52.663
1030.25	54.035
1030.41	58.351
1030.57	60.873
1030.73	65.117
1030.89	64.423
1031.04	68.192
1031.20	71.703
1031.36	78.813
1031.52	86.131
1031.67	89.307
1031.83	93.467
1031.99	105.438
1032.15	92.390
1032.30	102.929
1032.46	117.318
1032.62	109.478
1032.78	97.875
1032.93	106.631
1033.09	92.013
1033.25	82.937
1033.41	77.191
1033.56	68.387
1033.72	-16.275
1033.88	233.095
1034.04	41.435
1034.19	46.545
1034.35	66.059
1034.51	-2.971
1034.66	46.714
1034.82	3050.000
1034.98	3050.000
1035.14	3050.000
