345.22	45.266
345.43	45.266
345.65	45.266
345.86	51.917
346.08	129.489
346.29	10.205
346.51	21.261
346.72	53.687
346.94	-210.321
347.15	-68.746
347.37	150.842
347.58	179.366
347.80	207.126
348.01	175.553
348.23	123.728
348.44	115.013
348.66	105.313
348.87	107.577
349.09	101.998
349.30	91.683
349.52	85.813
349.73	89.060
349.95	88.507
350.16	90.498
350.38	86.776
350.59	80.259
350.81	78.997
351.02	77.396
351.24	76.784
351.45	76.028
351.67	77.861
351.88	77.272
352.10	73.886
352.31	72.966
352.53	76.587
352.74	77.957
352.96	79.042
353.17	78.638
353.39	79.379
353.60	81.621
353.82	82.105
354.03	82.224
354.25	77.648
354.46	72.983
354.67	70.395
354.89	68.841
355.10	73.178
355.32	71.774
355.53	73.423
355.75	75.177
355.96	76.368
356.18	75.833
356.39	75.751
356.61	79.656
356.82	78.932
357.04	75.238
357.25	75.509
357.46	74.931
357.68	74.359
357.89	73.220
358.11	71.651
358.32	74.398
358.54	72.443
358.75	73.939
358.97	76.308
359.18	79.010
359.40	78.922
359.61	78.901
359.82	80.215
360.04	79.744
360.25	77.774
360.47	73.696
360.68	73.177
360.90	73.195
361.11	70.929
361.32	70.974
361.54	73.991
361.75	73.854
361.97	75.134
362.18	76.020
362.40	77.124
362.61	78.246
362.83	78.216
363.04	79.396
363.25	80.595
363.47	81.374
363.68	78.774
363.90	82.344
364.11	83.080
364.32	83.781
364.54	82.440
364.75	79.741
364.97	83.852
365.18	82.826
365.40	80.839
365.61	80.678
365.82	81.645
366.04	80.892
366.25	80.318
366.47	78.056
366.68	76.271
366.89	77.216
367.11	75.214
367.32	75.227
367.54	72.753
367.75	72.346
367.96	71.182
368.18	72.450
368.39	71.403
368.61	71.696
368.82	72.552
369.03	74.829
369.25	78.529
369.46	78.947
369.68	79.926
369.89	81.158
370.10	81.875
370.32	81.980
370.53	81.396
370.75	77.969
370.96	80.303
371.17	81.238
371.39	78.758
371.60	79.190
371.81	80.434
372.03	82.373
372.24	83.077
372.46	86.406
372.67	86.914
372.88	85.586
373.10	85.336
373.31	83.874
373.52	83.097
373.74	81.551
373.95	81.061
374.17	81.821
374.38	83.877
374.59	84.561
374.81	83.187
375.02	81.921
375.23	85.217
375.45	82.902
375.66	81.104
375.87	82.776
376.09	83.076
376.30	81.527
376.52	83.743
376.73	81.184
376.94	79.420
377.16	80.440
377.37	84.117
377.58	84.110
377.80	85.465
378.01	86.794
378.22	88.197
378.44	88.903
378.65	90.940
378.86	91.021
379.08	91.502
379.29	92.062
379.50	95.181
379.72	95.358
379.93	98.773
380.14	102.004
380.36	102.851
380.57	104.426
380.78	104.736
381.00	105.522
381.21	107.314
381.42	108.670
381.64	109.278
381.85	109.096
382.06	109.378
382.28	109.541
382.49	109.228
382.70	109.857
382.92	110.291
383.13	109.670
383.34	110.179
383.56	111.167
383.77	112.340
383.98	111.938
384.20	113.025
384.41	113.126
384.62	113.395
384.83	113.999
385.05	114.494
385.26	115.515
385.47	116.396
385.69	117.325
385.90	118.079
386.11	118.797
386.33	119.715
386.54	120.510
386.75	121.189
386.97	122.312
387.18	123.089
387.39	123.970
387.60	124.385
387.82	124.845
388.03	125.215
388.24	125.708
388.46	126.126
388.67	126.249
388.88	126.208
389.09	126.079
389.31	125.823
389.52	125.546
389.73	124.951
389.95	124.434
390.16	123.872
390.37	123.439
390.58	122.931
390.80	122.199
391.01	121.633
391.22	121.060
391.44	120.186
391.65	119.417
391.86	118.680
392.07	118.385
392.29	117.911
392.50	117.414
392.71	116.932
392.92	116.652
393.14	116.277
393.35	116.134
393.56	116.143
393.78	116.226
393.99	116.523
394.20	116.924
394.41	117.238
394.63	117.594
394.84	118.176
395.05	118.909
395.26	119.573
395.48	120.317
395.69	120.997
395.90	121.939
396.11	122.835
396.33	123.666
396.54	124.530
396.75	125.251
396.96	125.994
397.18	126.646
397.39	127.281
397.60	127.923
397.81	128.424
398.03	128.735
398.24	128.987
398.45	129.054
398.66	129.068
398.87	129.038
399.09	128.864
399.30	128.456
399.51	127.874
399.72	127.358
399.94	126.715
400.15	126.017
400.36	125.168
400.57	124.261
400.79	123.361
401.00	122.343
401.21	121.428
401.42	120.482
401.63	119.538
401.85	118.645
402.06	117.871
402.27	117.110
402.48	116.503
402.69	115.945
402.91	115.423
403.12	114.948
403.33	114.723
403.54	114.641
403.76	114.514
403.97	114.599
404.18	114.818
404.39	115.158
404.60	115.611
404.82	116.190
405.03	116.872
405.24	117.570
405.45	118.332
405.66	119.157
405.88	120.011
406.09	120.960
406.30	121.792
406.51	122.551
406.72	123.358
406.94	124.114
407.15	124.823
407.36	125.549
407.57	126.205
407.78	126.690
407.99	127.036
408.21	127.364
408.42	127.578
408.63	127.722
408.84	127.661
409.05	127.530
409.27	127.190
409.48	126.696
409.69	126.132
409.90	125.566
410.11	124.896
410.32	124.155
410.54	123.265
410.75	122.319
410.96	121.349
411.17	120.340
411.38	119.326
411.59	118.326
411.81	117.258
412.02	116.232
412.23	115.263
412.44	114.371
412.65	113.619
412.86	112.940
413.08	112.246
413.29	111.649
413.50	111.227
413.71	110.943
413.92	110.746
414.13	110.671
414.34	110.676
414.56	110.715
414.77	110.927
414.98	111.223
415.19	111.744
415.40	112.354
415.61	113.018
415.82	113.715
416.04	114.509
416.25	115.299
416.46	116.164
416.67	117.091
416.88	117.966
417.09	118.835
417.30	119.634
417.52	120.482
417.73	121.215
417.94	121.886
418.15	122.504
418.36	123.139
418.57	123.578
418.78	123.926
418.99	124.270
419.21	124.466
419.42	124.593
419.63	124.571
419.84	124.427
420.05	124.157
420.26	123.759
420.47	123.206
420.68	122.678
420.89	122.037
421.11	121.239
421.32	120.482
421.53	119.613
421.74	118.729
421.95	117.812
422.16	116.921
422.37	116.011
422.58	115.024
422.79	114.044
423.01	113.157
423.22	112.292
423.43	111.504
423.64	110.767
423.85	110.112
424.06	109.564
424.27	109.068
424.48	108.695
424.69	108.497
424.90	108.388
425.11	108.364
425.33	108.461
425.54	108.637
425.75	108.880
425.96	109.221
426.17	109.685
426.38	110.230
426.59	110.858
426.80	111.543
427.01	112.325
427.22	113.180
427.43	114.132
427.64	115.035
427.85	115.902
428.07	116.824
428.28	117.694
428.49	118.563
428.70	119.415
428.91	120.212
429.12	120.915
429.33	121.606
429.54	122.229
429.75	122.747
429.96	123.259
430.17	123.665
430.38	123.976
430.59	124.116
430.80	124.152
431.01	124.088
431.22	123.966
431.44	123.713
431.65	123.373
431.86	122.897
432.07	122.382
432.28	121.794
432.49	121.110
432.70	120.345
432.91	119.489
433.12	118.575
433.33	117.636
433.54	116.728
433.75	115.779
433.96	114.833
434.17	113.812
434.38	112.855
434.59	111.932
434.80	111.033
435.01	110.274
435.22	109.565
435.43	108.937
435.64	108.348
435.85	107.851
436.06	107.433
436.27	107.131
436.48	106.937
436.69	106.799
436.90	106.796
437.11	106.916
437.33	107.116
437.54	107.433
437.75	107.876
437.96	108.321
438.17	108.862
438.38	109.421
438.59	110.117
438.80	110.826
439.01	111.651
439.22	112.537
439.43	113.290
439.64	114.107
439.85	114.941
440.06	115.746
440.27	116.578
440.48	117.337
440.69	118.066
440.90	118.741
441.11	119.426
441.32	120.001
441.53	120.502
441.74	120.906
441.95	121.273
442.16	121.526
442.37	121.671
442.58	121.754
442.79	121.768
443.00	121.682
443.21	121.511
443.42	121.164
443.62	120.675
443.83	120.287
444.04	119.763
444.25	119.164
444.46	118.481
444.67	117.715
444.88	116.937
445.09	116.086
445.30	115.193
445.51	114.239
445.72	113.266
445.93	112.348
446.14	111.407
446.35	110.434
446.56	109.537
446.77	108.679
446.98	107.816
447.19	106.991
447.40	106.255
447.61	105.536
447.82	104.908
448.03	104.394
448.24	103.905
448.45	103.517
448.66	103.223
448.87	103.014
449.08	102.922
449.29	102.895
449.49	102.964
449.70	103.139
449.91	103.380
450.12	103.735
450.33	104.111
450.54	104.595
450.75	105.160
450.96	105.746
451.17	106.399
451.38	107.082
451.59	107.817
451.80	108.544
452.01	109.315
452.22	110.118
452.43	110.870
452.64	111.609
452.84	112.359
453.05	113.053
453.26	113.754
453.47	114.373
453.68	114.976
453.89	115.525
454.10	115.958
454.31	116.378
454.52	116.689
454.73	116.963
454.94	117.119
455.15	117.184
455.36	117.150
455.56	117.051
455.77	116.869
455.98	116.623
456.19	116.306
456.40	115.921
456.61	115.473
456.82	114.920
457.03	114.317
457.24	113.633
457.45	112.931
457.65	112.116
457.86	111.302
458.07	110.451
458.28	109.514
458.49	108.638
458.70	107.692
458.91	106.771
459.12	105.849
459.33	104.914
459.54	104.041
459.74	103.198
459.95	102.367
460.16	101.628
460.37	100.935
460.58	100.308
460.79	99.716
461.00	99.163
461.21	98.720
461.41	98.345
461.62	98.046
461.83	97.845
462.04	97.739
462.25	97.659
462.46	97.697
462.67	97.839
462.88	98.053
463.08	98.366
463.29	98.710
463.50	99.131
463.71	99.640
463.92	100.178
464.13	100.747
464.34	101.380
464.54	102.057
464.75	102.765
464.96	103.474
465.17	104.207
465.38	104.920
465.59	105.678
465.80	106.402
466.00	107.099
466.21	107.776
466.42	108.408
466.63	109.063
466.84	109.659
467.05	110.192
467.26	110.673
467.46	111.036
467.67	111.392
467.88	111.691
468.09	111.890
468.30	112.053
468.51	112.148
468.71	112.140
468.92	112.072
469.13	111.921
469.34	111.709
469.55	111.400
469.76	111.063
469.96	110.624
470.17	110.131
470.38	109.600
470.59	108.982
470.80	108.323
471.00	107.653
471.21	106.905
471.42	106.154
471.63	105.365
471.84	104.571
472.05	103.737
472.25	102.887
472.46	102.054
472.67	101.180
472.88	100.365
473.09	99.540
473.29	98.720
473.50	97.964
473.71	97.219
473.92	96.523
474.13	95.869
474.33	95.285
474.54	94.751
474.75	94.276
474.96	93.857
475.17	93.510
475.37	93.190
475.58	92.966
475.79	92.821
476.00	92.743
476.21	92.751
476.41	92.819
476.62	92.971
476.83	93.175
477.04	93.488
477.24	93.820
477.45	94.227
477.66	94.680
477.87	95.161
478.08	95.713
478.28	96.272
478.49	96.889
478.70	97.539
478.91	98.185
479.11	98.845
479.32	99.545
479.53	100.213
479.74	100.921
479.94	101.586
480.15	102.211
480.36	102.819
480.57	103.406
480.78	103.988
480.98	104.483
481.19	104.948
481.40	105.351
481.61	105.744
481.81	106.067
482.02	106.330
482.23	106.565
482.44	106.699
482.64	106.809
482.85	106.836
483.06	106.776
483.27	106.691
483.47	106.555
483.68	106.335
483.89	106.065
484.10	105.716
484.30	105.331
484.51	104.866
484.72	104.391
484.92	103.823
485.13	103.239
485.34	102.626
485.55	101.964
485.75	101.283
485.96	100.540
486.17	99.791
486.38	99.037
486.58	98.251
486.79	97.482
487.00	96.693
487.20	95.907
487.41	95.158
487.62	94.416
487.83	93.679
488.03	92.963
488.24	92.286
488.45	91.633
488.65	91.009
488.86	90.447
489.07	89.914
489.28	89.447
489.48	89.016
489.69	88.677
489.90	88.367
490.10	88.130
490.31	87.954
490.52	87.816
490.73	87.753
490.93	87.752
491.14	87.807
491.35	87.927
491.55	88.098
491.76	88.318
491.97	88.588
492.17	88.897
492.38	89.268
492.59	89.680
492.79	90.142
493.00	90.640
493.21	91.170
493.41	91.717
493.62	92.288
493.83	92.884
494.04	93.449
494.24	94.049
494.45	94.650
494.66	95.232
494.86	95.842
495.07	96.410
495.28	96.986
495.48	97.522
495.69	98.037
495.90	98.533
496.10	98.998
496.31	99.411
496.52	99.786
496.72	100.150
496.93	100.459
497.14	100.712
497.34	100.899
497.55	101.069
497.76	101.179
497.96	101.231
498.17	101.226
498.37	101.184
498.58	101.064
498.79	100.888
498.99	100.688
499.20	100.416
499.41	100.098
499.61	99.710
499.82	99.299
500.03	98.828
500.23	98.342
500.44	97.797
500.65	97.228
500.85	96.637
501.06	95.985
501.26	95.324
501.47	94.641
501.68	93.958
501.88	93.233
502.09	92.515
502.30	91.789
502.50	91.064
502.71	90.348
502.91	89.645
503.12	88.950
503.33	88.268
503.53	87.622
503.74	86.984
503.95	86.371
504.15	85.792
504.36	85.241
504.56	84.722
504.77	84.262
504.98	83.825
505.18	83.448
505.39	83.110
505.59	82.819
505.80	82.580
506.01	82.398
506.21	82.268
506.42	82.187
506.62	82.152
506.83	82.165
507.04	82.238
507.24	82.354
507.45	82.526
507.65	82.741
507.86	82.983
508.07	83.278
508.27	83.619
508.48	83.989
508.68	84.412
508.89	84.851
509.10	85.305
509.30	85.788
509.51	86.280
509.71	86.793
509.92	87.318
510.12	87.846
510.33	88.379
510.54	88.907
510.74	89.442
510.95	89.960
511.15	90.471
511.36	90.978
511.56	91.465
511.77	91.921
511.98	92.364
512.18	92.790
512.39	93.183
512.59	93.544
512.80	93.867
513.00	94.153
513.21	94.394
513.42	94.611
513.62	94.782
513.83	94.918
514.03	94.998
514.24	95.033
514.44	95.018
514.65	94.970
514.85	94.882
515.06	94.749
515.26	94.569
515.47	94.352
515.68	94.081
515.88	93.773
516.09	93.425
516.29	93.039
516.50	92.616
516.70	92.155
516.91	91.661
517.11	91.145
517.32	90.605
517.52	90.037
517.73	89.466
517.93	88.863
518.14	88.248
518.34	87.631
518.55	87.003
518.76	86.376
518.96	85.731
519.17	85.082
519.37	84.434
519.58	83.811
519.78	83.186
519.99	82.569
520.19	81.972
520.40	81.412
520.60	80.865
520.81	80.339
521.01	79.833
521.22	79.376
521.42	78.944
521.63	78.545
521.83	78.186
522.04	77.851
522.24	77.580
522.45	77.342
522.65	77.147
522.86	77.001
523.06	76.892
523.27	76.834
523.47	76.817
523.68	76.842
523.88	76.902
524.09	77.010
524.29	77.166
524.50	77.358
524.70	77.580
524.91	77.833
525.11	78.136
525.32	78.480
525.52	78.840
525.72	79.245
525.93	79.666
526.13	80.119
526.34	80.574
526.54	81.063
526.75	81.543
526.95	82.045
527.16	82.539
527.36	83.051
527.57	83.559
527.77	84.063
527.98	84.576
528.18	85.082
528.39	85.566
528.59	86.052
528.79	86.512
529.00	86.969
529.20	87.402
529.41	87.830
529.61	88.224
529.82	88.580
530.02	88.903
530.23	89.210
530.43	89.463
530.64	89.706
530.84	89.894
531.04	90.048
531.25	90.189
531.45	90.300
531.66	90.366
531.86	90.393
532.07	90.373
532.27	90.314
532.47	90.224
532.68	90.116
532.88	89.966
533.09	89.781
533.29	89.541
533.50	89.276
533.70	88.945
533.90	88.606
534.11	88.252
534.31	87.863
534.52	87.439
534.72	87.022
534.93	86.572
535.13	86.087
535.33	85.608
535.54	85.077
535.74	84.546
535.95	83.989
536.15	83.450
536.35	82.898
536.56	82.349
536.76	81.776
536.97	81.218
537.17	80.649
537.37	80.093
537.58	79.561
537.78	79.035
537.99	78.531
538.19	78.019
538.39	77.526
538.60	77.061
538.80	76.630
539.01	76.197
539.21	75.802
539.41	75.447
539.62	75.104
539.82	74.806
540.03	74.529
540.23	74.308
540.43	74.102
540.64	73.954
540.84	73.825
541.04	73.749
541.25	73.716
541.45	73.715
541.66	73.742
541.86	73.811
542.06	73.920
542.27	74.061
542.47	74.255
542.67	74.461
542.88	74.708
543.08	74.981
543.28	75.297
543.49	75.629
543.69	75.991
543.90	76.389
544.10	76.791
544.30	77.242
544.51	77.688
544.71	78.173
544.91	78.644
545.12	79.142
545.32	79.652
545.52	80.137
545.73	80.655
545.93	81.169
546.13	81.661
546.34	82.146
546.54	82.628
546.74	83.098
546.95	83.582
547.15	84.047
547.35	84.482
547.56	84.925
547.76	85.355
547.96	85.754
548.17	86.142
548.37	86.516
548.57	86.832
548.78	87.134
548.98	87.403
549.18	87.640
549.39	87.845
549.59	88.020
549.79	88.191
550.00	88.311
550.20	88.430
550.40	88.494
550.61	88.537
550.81	88.545
551.01	88.521
551.22	88.464
551.42	88.368
551.62	88.248
551.82	88.075
552.03	87.892
552.23	87.674
552.43	87.420
552.64	87.145
552.84	86.840
553.04	86.509
553.25	86.152
553.45	85.765
553.65	85.365
553.85	84.962
554.06	84.530
554.26	84.074
554.46	83.587
554.67	83.106
554.87	82.607
555.07	82.114
555.27	81.601
555.48	81.081
555.68	80.572
555.88	80.055
556.09	79.545
556.29	79.014
556.49	78.506
556.69	77.991
556.90	77.487
557.10	77.017
557.30	76.567
557.50	76.111
557.71	75.698
557.91	75.297
558.11	74.896
558.31	74.529
558.52	74.189
558.72	73.879
558.92	73.595
559.13	73.341
559.33	73.110
559.53	72.906
559.73	72.744
559.94	72.604
560.14	72.490
560.34	72.407
560.54	72.363
560.75	72.356
560.95	72.377
561.15	72.440
561.35	72.518
561.55	72.620
561.76	72.766
561.96	72.923
562.16	73.125
562.36	73.367
562.57	73.621
562.77	73.905
562.97	74.218
563.17	74.544
563.38	74.886
563.58	75.257
563.78	75.648
563.98	76.051
564.18	76.465
564.39	76.906
564.59	77.350
564.79	77.818
564.99	78.274
565.20	78.739
565.40	79.190
565.60	79.647
565.80	80.128
566.00	80.585
566.21	81.051
566.41	81.489
566.61	81.930
566.81	82.371
567.01	82.794
567.22	83.207
567.42	83.610
567.62	83.985
567.82	84.349
568.02	84.691
568.23	85.017
568.43	85.321
568.63	85.613
568.83	85.866
569.03	86.086
569.24	86.291
569.44	86.481
569.64	86.649
569.84	86.801
570.04	86.895
570.24	86.983
570.45	87.041
570.65	87.079
570.85	87.080
571.05	87.043
571.25	86.981
571.45	86.884
571.66	86.779
571.86	86.651
572.06	86.477
572.26	86.292
572.46	86.085
572.66	85.860
572.87	85.591
573.07	85.320
573.27	85.021
573.47	84.709
573.67	84.363
573.87	83.994
574.08	83.602
574.28	83.217
574.48	82.809
574.68	82.380
574.88	81.947
575.08	81.484
575.28	81.029
575.49	80.572
575.69	80.111
575.89	79.624
576.09	79.159
576.29	78.678
576.49	78.198
576.69	77.714
576.90	77.239
577.10	76.778
577.30	76.318
577.50	75.877
577.70	75.432
577.90	75.004
578.10	74.609
578.30	74.222
578.51	73.850
578.71	73.501
578.91	73.170
579.11	72.849
579.31	72.560
579.51	72.288
579.71	72.044
579.91	71.814
580.12	71.623
580.32	71.454
580.52	71.326
580.72	71.206
580.92	71.116
581.12	71.039
581.32	71.002
581.52	71.008
581.72	71.021
581.92	71.069
582.13	71.155
582.33	71.242
582.53	71.370
582.73	71.510
582.93	71.684
583.13	71.888
583.33	72.122
583.53	72.373
583.73	72.651
583.93	72.949
584.13	73.272
584.34	73.623
584.54	73.959
584.74	74.305
584.94	74.694
585.14	75.090
585.34	75.503
585.54	75.890
585.74	76.293
585.94	76.720
586.14	77.163
586.34	77.588
586.54	78.038
586.74	78.485
586.94	78.941
587.15	79.398
587.35	79.838
587.55	80.270
587.75	80.705
587.95	81.116
588.15	81.516
588.35	81.905
588.55	82.288
588.75	82.676
588.95	83.051
589.15	83.402
589.35	83.742
589.55	84.060
589.75	84.397
589.95	84.690
590.15	84.963
590.35	85.204
590.55	85.440
590.75	85.645
590.95	85.827
591.15	85.986
591.35	86.109
591.56	86.214
591.76	86.295
591.96	86.353
592.16	86.401
592.36	86.421
592.56	86.424
592.76	86.390
592.96	86.344
593.16	86.258
593.36	86.152
593.56	86.032
593.76	85.901
593.96	85.723
594.16	85.545
594.36	85.343
594.56	85.119
594.76	84.871
594.96	84.614
595.16	84.318
595.36	84.016
595.56	83.689
595.76	83.341
595.96	82.974
596.16	82.612
596.36	82.227
596.56	81.840
596.76	81.423
596.96	81.005
597.16	80.582
597.36	80.164
597.56	79.731
597.76	79.285
597.96	78.835
598.16	78.392
598.36	77.944
598.56	77.489
598.76	77.045
598.96	76.613
599.16	76.178
599.36	75.777
599.56	75.373
599.76	74.973
599.96	74.593
600.15	74.225
600.35	73.869
600.55	73.529
600.75	73.187
600.95	72.878
601.15	72.571
601.35	72.273
601.55	72.000
601.75	71.760
601.95	71.533
602.15	71.335
602.35	71.136
602.55	70.974
602.75	70.838
602.95	70.712
603.15	70.600
603.35	70.526
603.55	70.463
603.75	70.417
603.95	70.403
604.15	70.414
604.35	70.458
604.54	70.508
604.74	70.604
604.94	70.712
605.14	70.834
605.34	70.987
605.54	71.174
605.74	71.382
605.94	71.597
606.14	71.841
606.34	72.096
606.54	72.380
606.74	72.681
606.94	72.992
607.14	73.330
607.33	73.690
607.53	74.049
607.73	74.413
607.93	74.784
608.13	75.172
608.33	75.570
608.53	75.956
608.73	76.369
608.93	76.759
609.13	77.166
609.33	77.585
609.52	78.003
609.72	78.412
609.92	78.811
610.12	79.219
610.32	79.621
610.52	80.032
610.72	80.424
610.92	80.807
611.12	81.191
611.31	81.564
611.51	81.925
611.71	82.271
611.91	82.625
612.11	82.978
612.31	83.315
612.51	83.623
612.71	83.937
612.91	84.213
613.10	84.491
613.30	84.777
613.50	85.027
613.70	85.255
613.90	85.456
614.10	85.641
614.30	85.790
614.50	85.932
614.69	86.035
614.89	86.137
615.09	86.214
615.29	86.274
615.49	86.309
615.69	86.323
615.89	86.327
616.08	86.304
616.28	86.255
616.48	86.186
616.68	86.092
616.88	85.978
617.08	85.845
617.27	85.708
617.47	85.530
617.67	85.336
617.87	85.124
618.07	84.911
618.27	84.681
618.47	84.446
618.66	84.186
618.86	83.920
619.06	83.624
619.26	83.327
619.46	83.012
619.66	82.676
619.85	82.327
620.05	81.969
620.25	81.587
620.45	81.208
620.65	80.814
620.84	80.445
621.04	80.056
621.24	79.686
621.44	79.276
621.64	78.856
621.84	78.456
622.03	78.049
622.23	77.644
622.43	77.241
622.63	76.844
622.83	76.445
623.02	76.051
623.22	75.672
623.42	75.277
623.62	74.902
623.82	74.547
624.01	74.190
624.21	73.842
624.41	73.516
624.61	73.203
624.81	72.911
625.00	72.610
625.20	72.326
625.40	72.046
625.60	71.795
625.79	71.572
625.99	71.367
626.19	71.171
626.39	70.994
626.59	70.832
626.78	70.702
626.98	70.585
627.18	70.482
627.38	70.405
627.57	70.373
627.77	70.340
627.97	70.324
628.17	70.344
628.37	70.374
628.56	70.440
628.76	70.510
628.96	70.595
629.16	70.702
629.35	70.855
629.55	71.014
629.75	71.192
629.95	71.390
630.14	71.590
630.34	71.823
630.54	72.071
630.74	72.325
630.93	72.594
631.13	72.874
631.33	73.168
631.53	73.451
631.72	73.748
631.92	74.072
632.12	74.412
632.31	74.749
632.51	75.119
632.71	75.482
632.91	75.847
633.10	76.224
633.30	76.621
633.50	76.988
633.70	77.384
633.89	77.771
634.09	78.167
634.29	78.561
634.48	78.948
634.68	79.346
634.88	79.743
635.08	80.141
635.27	80.546
635.47	80.940
635.67	81.345
635.86	81.739
636.06	82.118
636.26	82.473
636.46	82.830
636.65	83.167
636.85	83.516
637.05	83.851
637.24	84.156
637.44	84.457
637.64	84.751
637.83	85.037
638.03	85.319
638.23	85.556
638.43	85.796
638.62	86.011
638.82	86.192
639.02	86.373
639.21	86.525
639.41	86.654
639.61	86.789
639.80	86.903
640.00	86.995
640.20	87.094
640.39	87.186
640.59	87.247
640.79	87.295
640.98	87.305
641.18	87.310
641.38	87.312
641.57	87.276
641.77	87.222
641.97	87.135
642.16	87.039
642.36	86.940
642.56	86.822
642.75	86.705
642.95	86.561
643.15	86.404
643.34	86.247
643.54	86.069
643.74	85.854
643.93	85.633
644.13	85.378
644.33	85.101
644.52	84.822
644.72	84.541
644.91	84.243
645.11	83.924
645.31	83.604
645.50	83.282
645.70	82.961
645.90	82.638
646.09	82.294
646.29	81.936
646.48	81.574
646.68	81.195
646.88	80.818
647.07	80.444
647.27	80.062
647.47	79.668
647.66	79.285
647.86	78.900
648.05	78.522
648.25	78.154
648.45	77.782
648.64	77.400
648.84	77.038
649.04	76.664
649.23	76.300
649.43	75.948
649.62	75.593
649.82	75.233
650.02	74.891
650.21	74.564
650.41	74.264
650.60	73.970
650.80	73.708
651.00	73.424
651.19	73.169
651.39	72.921
651.58	72.684
651.78	72.470
651.97	72.286
652.17	72.103
652.37	71.927
652.56	71.787
652.76	71.655
652.95	71.536
653.15	71.461
653.35	71.388
653.54	71.322
653.74	71.264
653.93	71.237
654.13	71.224
654.32	71.220
654.52	71.214
654.72	71.245
654.91	71.283
655.11	71.352
655.30	71.440
655.50	71.545
655.69	71.668
655.89	71.790
656.08	71.921
656.28	72.079
656.48	72.258
656.67	72.442
656.87	72.644
657.06	72.846
657.26	73.054
657.45	73.292
657.65	73.548
657.84	73.825
658.04	74.098
658.23	74.394
658.43	74.706
658.62	75.033
658.82	75.355
659.02	75.687
659.21	76.038
659.41	76.380
659.60	76.731
659.80	77.089
659.99	77.477
660.19	77.855
660.38	78.239
660.58	78.611
660.77	78.998
660.97	79.372
661.16	79.753
661.36	80.123
661.55	80.509
661.75	80.887
661.94	81.252
662.14	81.632
662.33	82.008
662.53	82.373
662.72	82.736
662.92	83.088
663.11	83.423
663.31	83.766
663.50	84.108
663.70	84.450
663.89	84.781
664.09	85.086
664.28	85.402
664.48	85.693
664.67	85.997
664.87	86.264
665.06	86.542
665.26	86.796
665.45	87.046
665.65	87.273
665.84	87.504
666.04	87.717
666.23	87.892
666.43	88.043
666.62	88.193
666.82	88.323
667.01	88.446
667.21	88.562
667.40	88.646
667.59	88.735
667.79	88.786
667.98	88.808
668.18	88.820
668.37	88.812
668.57	88.818
668.76	88.792
668.96	88.747
669.15	88.689
669.35	88.639
669.54	88.556
669.73	88.468
669.93	88.359
670.12	88.247
670.32	88.143
670.51	88.010
670.71	87.865
670.90	87.717
671.10	87.556
671.29	87.367
671.48	87.164
671.68	86.946
671.87	86.726
672.07	86.494
672.26	86.287
672.46	86.040
672.65	85.776
672.84	85.501
673.04	85.232
673.23	84.950
673.43	84.648
673.62	84.356
673.82	84.053
674.01	83.717
674.20	83.389
674.40	83.041
674.59	82.705
674.79	82.374
674.98	82.026
675.17	81.676
675.37	81.337
675.56	80.998
675.76	80.649
675.95	80.283
676.14	79.942
676.34	79.567
676.53	79.220
676.73	78.860
676.92	78.500
677.11	78.146
677.31	77.794
677.50	77.457
677.70	77.114
677.89	76.772
678.08	76.459
678.28	76.146
678.47	75.853
678.66	75.567
678.86	75.286
679.05	75.009
679.25	74.751
679.44	74.506
679.63	74.280
679.83	74.053
680.02	73.854
680.21	73.661
680.41	73.475
680.60	73.287
680.79	73.123
680.99	72.976
681.18	72.825
681.38	72.701
681.57	72.598
681.76	72.517
681.96	72.446
682.15	72.383
682.34	72.321
682.54	72.272
682.73	72.248
682.92	72.223
683.12	72.236
683.31	72.256
683.50	72.286
683.70	72.329
683.89	72.375
684.08	72.450
684.28	72.534
684.47	72.634
684.66	72.759
684.86	72.895
685.05	73.048
685.24	73.226
685.44	73.399
685.63	73.582
685.82	73.780
686.02	73.979
686.21	74.220
686.40	74.463
686.60	74.730
686.79	75.002
686.98	75.282
687.18	75.570
687.37	75.858
687.56	76.148
687.75	76.451
687.95	76.770
688.14	77.080
688.33	77.410
688.53	77.747
688.72	78.101
688.91	78.450
689.11	78.791
689.30	79.166
689.49	79.545
689.68	79.915
689.88	80.274
690.07	80.641
690.26	80.990
690.46	81.356
690.65	81.701
690.84	82.051
691.03	82.411
691.23	82.760
691.42	83.113
691.61	83.472
691.80	83.809
692.00	84.151
692.19	84.476
692.38	84.800
692.58	85.124
692.77	85.429
692.96	85.724
693.15	86.030
693.35	86.304
693.54	86.597
693.73	86.887
693.92	87.155
694.12	87.430
694.31	87.677
694.50	87.941
694.69	88.172
694.89	88.396
695.08	88.600
695.27	88.819
695.46	89.007
695.66	89.199
695.85	89.388
696.04	89.566
696.23	89.756
696.43	89.920
696.62	90.048
696.81	90.173
697.00	90.301
697.19	90.414
697.39	90.500
697.58	90.566
697.77	90.609
697.96	90.670
698.16	90.700
698.35	90.751
698.54	90.753
698.73	90.782
698.92	90.763
699.12	90.746
699.31	90.704
699.50	90.662
699.69	90.606
699.89	90.532
700.08	90.451
700.27	90.342
700.46	90.235
700.65	90.119
700.85	90.009
701.04	89.871
701.23	89.708
701.42	89.547
701.61	89.375
701.81	89.192
702.00	88.991
702.19	88.792
702.38	88.560
702.57	88.341
702.76	88.083
702.96	87.844
703.15	87.585
703.34	87.312
703.53	87.032
703.72	86.725
703.92	86.416
704.11	86.104
704.30	85.781
704.49	85.459
704.68	85.144
704.87	84.793
705.07	84.454
705.26	84.123
705.45	83.815
705.64	83.472
705.83	83.160
706.02	82.831
706.21	82.510
706.41	82.179
706.60	81.834
706.79	81.514
706.98	81.200
707.17	80.870
707.36	80.548
707.56	80.248
707.75	79.945
707.94	79.647
708.13	79.358
708.32	79.085
708.51	78.797
708.70	78.534
708.89	78.264
709.09	77.997
709.28	77.744
709.47	77.452
709.66	77.185
709.85	76.921
710.04	76.664
710.23	76.397
710.42	76.174
710.62	75.947
710.81	75.704
711.00	75.475
711.19	75.274
711.38	75.078
711.57	74.872
711.76	74.685
711.95	74.528
712.15	74.374
712.34	74.230
712.53	74.093
712.72	73.960
712.91	73.869
713.10	73.778
713.29	73.695
713.48	73.626
713.67	73.592
713.86	73.569
714.05	73.548
714.25	73.543
714.44	73.523
714.63	73.532
714.82	73.578
715.01	73.624
715.20	73.701
715.39	73.766
715.58	73.853
715.77	73.960
715.96	74.064
716.15	74.169
716.34	74.270
716.54	74.400
716.73	74.540
716.92	74.674
717.11	74.828
717.30	74.999
717.49	75.187
717.68	75.385
717.87	75.550
718.06	75.771
718.25	76.004
718.44	76.248
718.63	76.501
718.82	76.747
719.01	77.001
719.20	77.255
719.39	77.533
719.58	77.815
719.77	78.084
719.96	78.348
720.16	78.630
720.35	78.935
720.54	79.230
720.73	79.532
720.92	79.842
721.11	80.174
721.30	80.489
721.49	80.810
721.68	81.136
721.87	81.492
722.06	81.817
722.25	82.141
722.44	82.469
722.63	82.786
722.82	83.100
723.01	83.406
723.20	83.704
723.39	84.013
723.58	84.348
723.77	84.683
723.96	85.022
724.15	85.367
724.34	85.693
724.53	86.019
724.72	86.314
724.91	86.637
725.10	86.951
725.29	87.247
725.48	87.568
725.67	87.834
725.86	88.089
726.05	88.357
726.24	88.614
726.43	88.860
726.62	89.107
726.81	89.382
727.00	89.635
727.19	89.899
727.38	90.141
727.57	90.349
727.76	90.552
727.95	90.748
728.14	90.913
728.33	91.081
728.52	91.242
728.71	91.399
728.90	91.541
729.09	91.654
729.28	91.756
729.47	91.842
729.65	91.940
729.84	92.044
730.03	92.130
730.22	92.208
730.41	92.287
730.60	92.357
730.79	92.367
730.98	92.403
731.17	92.433
731.36	92.432
731.55	92.415
731.74	92.398
731.93	92.367
732.12	92.333
732.31	92.302
732.50	92.275
732.69	92.250
732.88	92.177
733.06	92.095
733.25	92.027
733.44	91.950
733.63	91.845
733.82	91.730
734.01	91.586
734.20	91.439
734.39	91.270
734.58	91.112
734.77	90.970
734.96	90.785
735.15	90.585
735.33	90.379
735.52	90.191
735.71	89.981
735.90	89.760
736.09	89.525
736.28	89.263
736.47	88.999
736.66	88.723
736.85	88.457
737.04	88.162
737.23	87.878
737.41	87.573
737.60	87.305
737.79	86.997
737.98	86.711
738.17	86.419
738.36	86.150
738.55	85.861
738.74	85.577
738.92	85.283
739.11	84.996
739.30	84.692
739.49	84.377
739.68	84.081
739.87	83.808
740.06	83.534
740.25	83.238
740.43	82.958
740.62	82.661
740.81	82.358
741.00	82.090
741.19	81.791
741.38	81.495
741.57	81.191
741.75	80.920
741.94	80.627
742.13	80.337
742.32	80.026
742.51	79.737
742.70	79.452
742.89	79.187
743.07	78.908
743.26	78.649
743.45	78.366
743.64	78.119
743.83	77.846
744.02	77.558
744.20	77.319
744.39	77.072
744.58	76.848
744.77	76.644
744.96	76.455
745.15	76.293
745.33	76.138
745.52	75.982
745.71	75.830
745.90	75.690
746.09	75.575
746.28	75.465
746.46	75.331
746.65	75.203
746.84	75.099
747.03	74.997
747.22	74.912
747.40	74.862
747.59	74.792
747.78	74.740
747.97	74.731
748.16	74.711
748.34	74.675
748.53	74.669
748.72	74.669
748.91	74.652
749.10	74.646
749.28	74.665
749.47	74.704
749.66	74.730
749.85	74.755
750.04	74.788
750.22	74.834
750.41	74.909
750.60	74.997
750.79	75.063
750.97	75.148
751.16	75.258
751.35	75.359
751.54	75.460
751.73	75.594
751.91	75.715
752.10	75.884
752.29	76.031
752.48	76.201
752.66	76.377
752.85	76.563
753.04	76.751
753.23	76.956
753.41	77.137
753.60	77.364
753.79	77.597
753.98	77.816
754.16	78.044
754.35	78.278
754.54	78.510
754.73	78.777
754.91	79.048
755.10	79.307
755.29	79.589
755.48	79.853
755.66	80.127
755.85	80.408
756.04	80.660
756.22	80.956
756.41	81.222
756.60	81.493
756.79	81.788
756.97	82.085
757.16	82.343
757.35	82.639
757.54	82.930
757.72	83.217
757.91	83.522
758.10	83.822
758.28	84.110
758.47	84.399
758.66	84.710
758.85	85.000
759.03	85.303
759.22	85.597
759.41	85.906
759.59	86.198
759.78	86.490
759.97	86.767
760.15	87.036
760.34	87.339
760.53	87.615
760.71	87.866
760.90	88.147
761.09	88.419
761.28	88.688
761.46	88.938
761.65	89.192
761.84	89.453
762.02	89.706
762.21	89.981
762.40	90.209
762.58	90.412
762.77	90.621
762.96	90.831
763.14	91.054
763.33	91.251
763.52	91.421
763.70	91.569
763.89	91.745
764.08	91.922
764.26	92.043
764.45	92.197
764.64	92.358
764.82	92.470
765.01	92.585
765.20	92.673
765.38	92.778
765.57	92.848
765.75	92.914
765.94	92.962
766.13	93.019
766.31	93.091
766.50	93.139
766.69	93.217
766.87	93.282
767.06	93.306
767.25	93.348
767.43	93.406
767.62	93.469
767.80	93.498
767.99	93.499
768.18	93.497
768.36	93.480
768.55	93.455
768.74	93.422
768.92	93.390
769.11	93.379
769.29	93.330
769.48	93.307
769.67	93.233
769.85	93.183
770.04	93.057
770.22	92.947
770.41	92.811
770.60	92.653
770.78	92.474
770.97	92.315
771.15	92.154
771.34	91.950
771.53	91.774
771.71	91.587
771.90	91.420
772.08	91.294
772.27	91.121
772.46	90.912
772.64	90.711
772.83	90.503
773.01	90.246
773.20	90.008
773.39	89.775
773.57	89.535
773.76	89.288
773.94	89.091
774.13	88.844
774.31	88.589
774.50	88.363
774.68	88.108
774.87	87.850
775.06	87.546
775.24	87.285
775.43	86.987
775.61	86.694
775.80	86.407
775.98	86.085
776.17	85.768
776.36	85.473
776.54	85.180
776.73	84.874
776.91	84.591
777.10	84.303
777.28	83.978
777.47	83.692
777.65	83.387
777.84	83.074
778.02	82.794
778.21	82.522
778.39	82.215
778.58	81.938
778.77	81.668
778.95	81.423
779.14	81.171
779.32	80.925
779.51	80.686
779.69	80.421
779.88	80.180
780.06	79.948
780.25	79.704
780.43	79.454
780.62	79.236
780.80	79.011
780.99	78.777
781.17	78.553
781.36	78.319
781.54	78.111
781.73	77.866
781.91	77.653
782.10	77.452
782.28	77.253
782.47	77.055
782.65	76.839
782.84	76.640
783.02	76.457
783.21	76.294
783.39	76.124
783.58	75.967
783.76	75.792
783.95	75.643
784.13	75.537
784.32	75.425
784.50	75.299
784.69	75.212
784.87	75.125
785.05	75.057
785.24	74.993
785.42	74.942
785.61	74.897
785.79	74.853
785.98	74.824
786.16	74.781
786.35	74.769
786.53	74.762
786.72	74.749
786.90	74.744
787.09	74.720
787.27	74.734
787.45	74.767
787.64	74.793
787.82	74.816
788.01	74.841
788.19	74.887
788.38	74.935
788.56	74.925
788.75	74.983
788.93	75.059
789.11	75.103
789.30	75.143
789.48	75.220
789.67	75.310
789.85	75.383
790.04	75.509
790.22	75.619
790.40	75.744
790.59	75.860
790.77	75.982
790.96	76.141
791.14	76.292
791.32	76.429
791.51	76.589
791.69	76.760
791.88	76.934
792.06	77.111
792.25	77.277
792.43	77.509
792.61	77.699
792.80	77.867
792.98	78.096
793.17	78.307
793.35	78.491
793.53	78.694
793.72	78.936
793.90	79.151
794.08	79.360
794.27	79.581
794.45	79.828
794.64	80.059
794.82	80.289
795.00	80.486
795.19	80.726
795.37	80.955
795.55	81.143
795.74	81.376
795.92	81.620
796.11	81.889
796.29	82.137
796.47	82.381
796.66	82.619
796.84	82.885
797.02	83.156
797.21	83.440
797.39	83.704
797.58	83.957
797.76	84.194
797.94	84.471
798.13	84.732
798.31	85.013
798.49	85.262
798.68	85.505
798.86	85.798
799.04	86.032
799.23	86.292
799.41	86.570
799.59	86.810
799.78	87.012
799.96	87.238
800.14	87.477
800.33	87.716
800.51	87.972
800.69	88.159
800.88	88.388
801.06	88.623
801.24	88.798
801.43	88.991
801.61	89.171
801.79	89.336
801.98	89.502
802.16	89.686
802.34	89.881
802.52	90.067
802.71	90.197
802.89	90.375
803.07	90.528
803.26	90.665
803.44	90.783
803.62	90.929
803.81	91.048
803.99	91.127
804.17	91.202
804.35	91.279
804.54	91.352
804.72	91.447
804.90	91.522
805.09	91.643
805.27	91.737
805.45	91.841
805.63	91.907
805.82	91.983
806.00	91.972
806.18	92.004
806.37	92.049
806.55	92.056
806.73	92.078
806.91	92.083
807.10	92.110
807.28	92.126
807.46	92.129
807.64	92.118
807.83	92.117
808.01	92.114
808.19	92.045
808.37	91.994
808.56	91.911
808.74	91.845
808.92	91.769
809.10	91.662
809.29	91.592
809.47	91.511
809.65	91.372
809.83	91.309
810.02	91.186
810.20	91.072
810.38	90.978
810.56	90.843
810.75	90.742
810.93	90.626
811.11	90.496
811.29	90.370
811.47	90.233
811.66	90.065
811.84	89.914
812.02	89.840
812.20	89.717
812.39	89.595
812.57	89.450
812.75	89.313
812.93	89.202
813.11	89.035
813.30	88.898
813.48	88.782
813.66	88.614
813.84	88.458
814.02	88.272
814.21	88.115
814.39	87.905
814.57	87.710
814.75	87.496
814.93	87.291
815.12	87.067
815.30	86.851
815.48	86.649
815.66	86.418
815.84	86.154
816.03	85.909
816.21	85.624
816.39	85.376
816.57	85.067
816.75	84.757
816.93	84.462
817.12	84.148
817.30	83.838
817.48	83.532
817.66	83.269
817.84	83.008
818.02	82.753
818.21	82.479
818.39	82.222
818.57	81.952
818.75	81.730
818.93	81.475
819.11	81.211
819.30	80.955
819.48	80.728
819.66	80.509
819.84	80.304
820.02	80.091
820.20	79.862
820.38	79.640
820.57	79.431
820.75	79.250
820.93	79.049
821.11	78.851
821.29	78.675
821.47	78.452
821.65	78.239
821.83	78.014
822.02	77.828
822.20	77.619
822.38	77.455
822.56	77.209
822.74	76.991
822.92	76.750
823.10	76.552
823.28	76.314
823.46	76.089
823.65	75.854
823.83	75.647
824.01	75.439
824.19	75.234
824.37	75.029
824.55	74.801
824.73	74.620
824.91	74.428
825.09	74.236
825.27	74.063
825.46	73.862
825.64	73.658
825.82	73.500
826.00	73.313
826.18	73.143
826.36	73.005
826.54	72.881
826.72	72.809
826.90	72.712
827.08	72.637
827.26	72.563
827.44	72.478
827.63	72.395
827.81	72.334
827.99	72.304
828.17	72.251
828.35	72.212
828.53	72.167
828.71	72.161
828.89	72.131
829.07	72.112
829.25	72.095
829.43	72.117
829.61	72.105
829.79	72.103
829.97	72.115
830.15	72.096
830.33	72.113
830.51	72.101
830.69	72.110
830.87	72.076
831.06	72.101
831.24	72.125
831.42	72.153
831.60	72.157
831.78	72.194
831.96	72.250
832.14	72.318
832.32	72.392
832.50	72.438
832.68	72.487
832.86	72.535
833.04	72.637
833.22	72.697
833.40	72.792
833.58	72.871
833.76	72.937
833.94	73.066
834.12	73.183
834.30	73.323
834.48	73.430
834.66	73.599
834.84	73.696
835.02	73.850
835.20	74.002
835.38	74.170
835.56	74.331
835.74	74.503
835.92	74.673
836.10	74.822
836.28	74.983
836.46	75.170
836.64	75.348
836.82	75.489
837.00	75.665
837.18	75.842
837.36	76.050
837.54	76.242
837.72	76.430
837.90	76.619
838.08	76.804
838.26	76.996
838.43	77.177
838.61	77.386
838.79	77.580
838.97	77.780
839.15	77.984
839.33	78.179
839.51	78.333
839.69	78.511
839.87	78.712
840.05	78.937
840.23	79.133
840.41	79.335
840.59	79.507
840.77	79.716
840.95	79.892
841.13	80.051
841.31	80.223
841.49	80.381
841.67	80.523
841.84	80.704
842.02	80.839
842.20	81.039
842.38	81.174
842.56	81.321
842.74	81.479
842.92	81.583
843.10	81.727
843.28	81.920
843.46	82.055
843.64	82.152
843.82	82.289
843.99	82.411
844.17	82.579
844.35	82.812
844.53	82.974
844.71	83.170
844.89	83.307
845.07	83.495
845.25	83.682
845.43	83.863
845.61	84.015
845.78	84.231
845.96	84.389
846.14	84.582
846.32	84.768
846.50	84.917
846.68	85.144
846.86	85.305
847.04	85.451
847.22	85.558
847.39	85.742
847.57	85.857
847.75	85.981
847.93	86.040
848.11	86.135
848.29	86.278
848.47	86.333
848.65	86.469
848.82	86.522
849.00	86.599
849.18	86.647
849.36	86.685
849.54	86.742
849.72	86.736
849.89	86.790
850.07	86.854
850.25	86.859
850.43	86.828
850.61	86.829
850.79	86.798
850.97	86.862
851.14	86.869
851.32	86.853
851.50	86.874
851.68	86.934
851.86	86.982
852.04	86.945
852.21	86.974
852.39	86.980
852.57	87.047
852.75	87.046
852.93	87.053
853.10	87.045
853.28	86.996
853.46	86.992
853.64	86.917
853.82	86.825
854.00	86.847
854.17	86.792
854.35	86.708
854.53	86.662
854.71	86.579
854.89	86.466
855.06	86.429
855.24	86.369
855.42	86.280
855.60	86.128
855.78	86.030
855.95	85.912
856.13	85.812
856.31	85.614
856.49	85.472
856.66	85.360
856.84	85.195
857.02	85.125
857.20	85.040
857.38	84.880
857.55	84.751
857.73	84.525
857.91	84.419
858.09	84.249
858.26	84.106
858.44	83.964
858.62	83.833
858.80	83.643
858.97	83.465
859.15	83.273
859.33	83.065
859.51	82.896
859.68	82.712
859.86	82.506
860.04	82.335
860.22	82.129
860.39	81.923
860.57	81.706
860.75	81.432
860.93	81.202
861.10	81.077
861.28	80.890
861.46	80.675
861.64	80.474
861.81	80.337
861.99	80.121
862.17	79.887
862.35	79.690
862.52	79.536
862.70	79.330
862.88	79.157
863.05	78.947
863.23	78.727
863.41	78.534
863.59	78.321
863.76	78.153
863.94	77.955
864.12	77.767
864.29	77.615
864.47	77.393
864.65	77.198
864.83	76.927
865.00	76.702
865.18	76.541
865.36	76.343
865.53	76.119
865.71	75.965
865.89	75.767
866.06	75.546
866.24	75.295
866.42	75.084
866.59	74.850
866.77	74.686
866.95	74.483
867.12	74.233
867.30	74.062
867.48	73.822
867.65	73.618
867.83	73.403
868.01	73.209
868.18	73.019
868.36	72.818
868.54	72.653
868.71	72.493
868.89	72.327
869.07	72.138
869.24	71.968
869.42	71.769
869.60	71.605
869.77	71.486
869.95	71.332
870.13	71.179
870.30	71.063
870.48	70.871
870.66	70.722
870.83	70.611
871.01	70.419
871.18	70.295
871.36	70.162
871.54	70.010
871.71	69.882
871.89	69.781
872.07	69.605
872.24	69.473
872.42	69.370
872.59	69.243
872.77	69.112
872.95	69.011
873.12	68.866
873.30	68.735
873.48	68.619
873.65	68.518
873.83	68.417
874.00	68.285
874.18	68.210
874.36	68.143
874.53	68.064
874.71	67.986
874.88	67.922
875.06	67.892
875.24	67.889
875.41	67.839
875.59	67.799
875.76	67.822
875.94	67.778
876.11	67.666
876.29	67.581
876.47	67.545
876.64	67.490
876.82	67.445
876.99	67.414
877.17	67.382
877.35	67.354
877.52	67.311
877.70	67.279
877.87	67.273
878.05	67.262
878.22	67.269
878.40	67.309
878.57	67.290
878.75	67.251
878.93	67.208
879.10	67.216
879.28	67.233
879.45	67.235
879.63	67.222
879.80	67.229
879.98	67.278
880.15	67.310
880.33	67.363
880.50	67.409
880.68	67.509
880.86	67.569
881.03	67.642
881.21	67.740
881.38	67.830
881.56	67.989
881.73	68.053
881.91	68.117
882.08	68.180
882.26	68.315
882.43	68.439
882.61	68.612
882.78	68.719
882.96	68.861
883.13	68.978
883.31	69.131
883.48	69.332
883.66	69.495
883.83	69.657
884.01	69.766
884.18	69.988
884.36	70.150
884.53	70.287
884.71	70.439
884.88	70.550
885.06	70.706
885.23	70.773
885.41	70.920
885.58	71.036
885.76	71.206
885.93	71.292
886.11	71.457
886.28	71.566
886.46	71.692
886.63	71.821
886.81	71.947
886.98	72.141
887.15	72.244
887.33	72.407
887.50	72.588
887.68	72.744
887.85	72.832
888.03	72.958
888.20	73.114
888.38	73.265
888.55	73.439
888.73	73.513
888.90	73.655
889.08	73.789
889.25	73.917
889.42	74.053
889.60	74.248
889.77	74.333
889.95	74.467
890.12	74.569
890.30	74.656
890.47	74.747
890.64	74.869
890.82	75.011
890.99	75.123
891.17	75.223
891.34	75.350
891.52	75.477
891.69	75.601
891.86	75.720
892.04	75.831
892.21	75.980
892.39	76.217
892.56	76.380
892.73	76.482
892.91	76.631
893.08	76.837
893.26	76.927
893.43	77.102
893.60	77.206
893.78	77.371
893.95	77.530
894.13	77.775
894.30	77.927
894.47	78.131
894.65	78.276
894.82	78.432
895.00	78.575
895.17	78.749
895.34	78.927
895.52	79.109
895.69	79.238
895.86	79.370
896.04	79.426
896.21	79.586
896.39	79.788
896.56	79.965
896.73	79.971
896.91	80.029
897.08	80.120
897.25	80.291
897.43	80.351
897.60	80.450
897.77	80.464
897.95	80.457
898.12	80.451
898.30	80.550
898.47	80.564
898.64	80.616
898.82	80.628
898.99	80.622
899.16	80.616
899.34	80.606
899.51	80.537
899.68	80.523
899.86	80.470
900.03	80.385
900.20	80.324
900.38	80.339
900.55	80.425
900.72	80.374
900.90	80.312
901.07	80.418
901.24	80.391
901.41	80.400
901.59	80.417
901.76	80.421
901.93	80.372
902.11	80.324
902.28	80.325
902.45	80.418
902.63	80.452
902.80	80.431
902.97	80.437
903.15	80.530
903.32	80.601
903.49	80.603
903.66	80.648
903.84	80.675
904.01	80.676
904.18	80.651
904.36	80.676
904.53	80.648
904.70	80.574
904.87	80.557
905.05	80.485
905.22	80.509
905.39	80.479
905.56	80.417
905.74	80.380
905.91	80.299
906.08	80.174
906.26	80.078
906.43	79.964
906.60	79.858
906.77	79.699
906.95	79.575
907.12	79.445
907.29	79.282
907.46	79.249
907.64	79.136
907.81	79.019
907.98	78.841
908.15	78.732
908.33	78.610
908.50	78.474
908.67	78.375
908.84	78.246
909.01	78.090
909.19	78.006
909.36	77.883
909.53	77.731
909.70	77.504
909.88	77.394
910.05	77.256
910.22	77.183
910.39	77.060
910.57	76.965
910.74	76.881
910.91	76.842
911.08	76.631
911.25	76.486
911.43	76.369
911.60	76.245
911.77	76.097
911.94	75.862
912.11	75.707
912.29	75.502
912.46	75.256
912.63	75.049
912.80	74.811
912.97	74.622
913.15	74.481
913.32	74.359
913.49	74.142
913.66	74.047
913.83	73.827
914.00	73.611
914.18	73.394
914.35	73.197
914.52	72.918
914.69	72.702
914.86	72.498
915.03	72.278
915.21	72.141
915.38	71.931
915.55	71.861
915.72	71.696
915.89	71.563
916.06	71.469
916.24	71.391
916.41	71.241
916.58	71.116
916.75	70.914
916.92	70.730
917.09	70.537
917.26	70.245
917.44	70.033
917.61	69.919
917.78	69.717
917.95	69.553
918.12	69.363
918.29	69.269
918.46	69.070
918.64	68.910
918.81	68.756
918.98	68.615
919.15	68.414
919.32	68.261
919.49	68.033
919.66	67.831
919.83	67.639
920.00	67.455
920.18	67.311
920.35	67.263
920.52	67.156
920.69	67.095
920.86	67.096
921.03	66.986
921.20	66.827
921.37	66.710
921.54	66.461
921.71	66.353
921.89	66.174
922.06	66.118
922.23	65.992
922.40	65.868
922.57	65.670
922.74	65.571
922.91	65.488
923.08	65.424
923.25	65.321
923.42	65.212
923.59	65.172
923.76	64.961
923.93	64.770
924.11	64.598
924.28	64.450
924.45	64.321
924.62	64.301
924.79	64.205
924.96	64.049
925.13	64.011
925.30	63.902
925.47	63.740
925.64	63.635
925.81	63.574
925.98	63.499
926.15	63.463
926.32	63.305
926.49	63.187
926.66	63.098
926.83	63.008
927.00	62.968
927.17	62.850
927.34	62.886
927.51	62.828
927.69	62.851
927.86	62.800
928.03	62.665
928.20	62.609
928.37	62.523
928.54	62.551
928.71	62.510
928.88	62.526
929.05	62.563
929.22	62.551
929.39	62.500
929.56	62.437
929.73	62.392
929.90	62.444
930.07	62.445
930.24	62.392
930.41	62.398
930.58	62.457
930.75	62.500
930.92	62.459
931.09	62.436
931.26	62.407
931.43	62.388
931.60	62.405
931.77	62.351
931.94	62.421
932.11	62.445
932.27	62.469
932.44	62.498
932.61	62.523
932.78	62.502
932.95	62.602
933.12	62.552
933.29	62.586
933.46	62.598
933.63	62.529
933.80	62.564
933.97	62.564
934.14	62.515
934.31	62.484
934.48	62.521
934.65	62.550
934.82	62.614
934.99	62.660
935.16	62.717
935.33	62.815
935.50	62.920
935.67	62.992
935.84	63.038
936.00	63.060
936.17	63.125
936.34	63.249
936.51	63.229
936.68	63.295
936.85	63.342
937.02	63.438
937.19	63.510
937.36	63.676
937.53	63.680
937.70	63.775
937.87	63.867
938.03	63.889
938.20	63.959
938.37	64.041
938.54	64.098
938.71	64.154
938.88	64.243
939.05	64.178
939.22	64.140
939.39	64.231
939.56	64.405
939.72	64.450
939.89	64.480
940.06	64.539
940.23	64.608
940.40	64.695
940.57	64.843
940.74	64.998
940.91	65.030
941.08	65.244
941.24	65.334
941.41	65.491
941.58	65.718
941.75	65.881
941.92	66.015
942.09	66.141
942.26	66.256
942.42	66.331
942.59	66.587
942.76	66.952
942.93	67.100
943.10	67.114
943.27	67.303
943.44	67.445
943.60	67.634
943.77	67.664
943.94	67.895
944.11	67.932
944.28	68.006
944.45	68.141
944.61	68.202
944.78	68.227
944.95	68.260
945.12	68.437
945.29	68.545
945.46	68.513
945.62	68.552
945.79	68.741
945.96	69.013
946.13	69.152
946.30	69.127
946.46	69.314
946.63	69.446
946.80	69.595
946.97	69.765
947.14	69.853
947.31	70.366
947.47	70.581
947.64	70.764
947.81	70.940
947.98	71.138
948.15	71.274
948.31	71.498
948.48	71.643
948.65	71.655
948.82	71.781
948.98	71.945
949.15	72.272
949.32	72.335
949.49	72.335
949.66	72.388
949.82	72.474
949.99	72.577
950.16	72.683
950.33	72.631
950.49	72.709
950.66	72.661
950.83	72.501
951.00	72.301
951.16	72.097
951.33	72.100
951.50	72.008
951.67	72.026
951.83	72.070
952.00	72.085
952.17	72.014
952.34	72.046
952.50	72.220
952.67	72.141
952.84	72.184
953.01	72.132
953.17	72.145
953.34	72.257
953.51	72.167
953.68	72.081
953.84	72.046
954.01	71.981
954.18	71.930
954.34	71.991
954.51	72.127
954.68	72.298
954.85	72.333
955.01	72.457
955.18	72.717
955.35	72.484
955.51	72.449
955.68	72.577
955.85	72.734
956.02	72.584
956.18	72.653
956.35	72.609
956.52	72.622
956.68	72.628
956.85	72.449
957.02	72.518
957.18	72.550
957.35	72.584
957.52	72.673
957.69	72.800
957.85	72.827
958.02	72.683
958.19	72.574
958.35	72.556
958.52	72.338
958.69	72.008
958.85	72.195
959.02	72.280
959.19	72.010
959.35	71.897
959.52	71.937
959.69	71.919
959.85	71.927
960.02	71.949
960.19	71.808
960.35	71.777
960.52	71.644
960.68	71.610
960.85	71.679
961.02	71.439
961.18	71.440
961.35	71.248
961.52	71.322
961.68	71.330
961.85	71.231
962.02	71.300
962.18	71.311
962.35	71.050
962.51	70.911
962.68	70.988
962.85	70.850
963.01	70.579
963.18	70.443
963.35	70.064
963.51	69.895
963.68	69.897
963.84	69.648
964.01	69.713
964.18	69.549
964.34	69.274
964.51	69.087
964.67	68.902
964.84	68.840
965.01	68.589
965.17	68.339
965.34	68.373
965.50	68.080
965.67	68.045
965.84	68.038
966.00	68.153
966.17	68.240
966.33	68.108
966.50	68.008
966.66	67.981
966.83	68.086
967.00	67.980
967.16	67.824
967.33	67.794
967.49	67.578
967.66	67.768
967.82	67.603
967.99	67.794
968.16	67.744
968.32	67.594
968.49	67.338
968.65	67.493
968.82	67.344
968.98	67.463
969.15	67.105
969.31	66.854
969.48	66.556
969.64	66.227
969.81	66.185
969.98	66.131
970.14	65.751
970.31	65.701
970.47	65.484
970.64	65.250
970.80	65.317
970.97	64.872
971.13	64.518
971.30	64.443
971.46	64.201
971.63	63.969
971.79	64.079
971.96	64.192
972.12	63.870
972.29	63.425
972.45	63.271
972.62	63.316
972.78	63.401
972.95	63.026
973.11	62.751
973.28	62.638
973.44	62.656
973.61	62.925
973.77	62.673
973.94	62.611
974.10	62.704
974.27	62.606
974.43	62.870
974.60	62.853
974.76	62.803
974.93	62.767
975.09	62.612
975.26	62.285
975.42	62.191
975.59	61.995
975.75	62.360
975.92	62.303
976.08	61.858
976.24	61.672
976.41	61.482
976.57	61.564
976.74	61.422
976.90	61.028
977.07	60.545
977.23	60.550
977.40	60.436
977.56	59.820
977.73	59.539
977.89	59.225
978.05	58.845
978.22	58.657
978.38	58.357
978.55	58.139
978.71	57.960
978.88	57.967
979.04	57.940
979.20	57.732
979.37	57.577
979.53	57.466
979.70	57.533
979.86	57.810
980.03	57.662
980.19	57.561
980.35	57.649
980.52	57.487
980.68	57.526
980.85	57.483
981.01	57.656
981.17	57.615
981.34	57.398
981.50	57.340
981.67	57.320
981.83	57.212
981.99	57.214
982.16	57.064
982.32	56.190
982.49	56.232
982.65	56.026
982.81	56.192
982.98	56.334
983.14	56.217
983.30	55.843
983.47	55.803
983.63	55.557
983.80	55.241
983.96	55.072
984.12	55.416
984.29	55.505
984.45	55.726
984.61	55.470
984.78	55.822
984.94	56.047
985.10	56.469
985.27	56.313
985.43	56.650
985.59	56.957
985.76	57.554
985.92	57.687
986.08	57.961
986.25	57.418
986.41	57.964
986.57	57.435
986.74	57.702
986.90	57.628
987.06	57.484
987.23	57.549
987.39	57.255
987.55	56.333
987.72	56.016
987.88	55.169
988.04	55.494
988.21	55.823
988.37	55.637
988.53	55.010
988.70	55.389
988.86	54.843
989.02	54.511
989.19	54.105
989.35	54.043
989.51	53.372
989.67	53.348
989.84	52.734
990.00	52.776
990.16	53.021
990.33	53.249
990.49	53.764
990.65	53.955
990.82	54.404
990.98	54.534
991.14	54.552
991.30	55.557
991.47	54.880
991.63	54.801
991.79	55.527
991.95	55.805
992.12	55.837
992.28	56.236
992.44	56.327
992.61	56.525
992.77	56.607
992.93	57.229
993.09	57.403
993.26	57.679
993.42	58.273
993.58	57.834
993.74	57.529
993.91	57.008
994.07	56.771
994.23	56.940
994.39	56.906
994.55	57.155
994.72	56.622
994.88	56.975
995.04	56.403
995.20	56.131
995.37	55.608
995.53	55.623
995.69	55.220
995.85	54.914
996.02	54.974
996.18	55.183
996.34	54.749
996.50	54.740
996.66	55.642
996.83	55.067
996.99	54.352
997.15	55.011
997.31	55.038
997.47	55.274
997.64	55.338
997.80	55.772
997.96	56.268
998.12	56.568
998.28	57.412
998.45	57.967
998.61	57.919
998.77	57.998
998.93	58.076
999.09	59.356
999.25	59.684
999.42	60.845
999.58	60.632
999.74	60.473
999.90	60.109
1000.06	59.139
1000.22	59.506
1000.39	60.462
1000.55	60.010
1000.71	60.785
1000.87	60.742
1001.03	60.273
1001.19	60.352
1001.36	59.672
1001.52	59.020
1001.68	58.504
1001.84	58.993
1002.00	57.924
1002.16	58.143
1002.32	57.717
1002.49	55.930
1002.65	55.729
1002.81	55.067
1002.97	55.059
1003.13	55.064
1003.29	56.280
1003.45	55.975
1003.62	56.718
1003.78	56.281
1003.94	56.775
1004.10	56.013
1004.26	56.029
1004.42	56.105
1004.58	55.752
1004.74	56.237
1004.90	57.883
1005.07	57.913
1005.23	56.757
1005.39	58.007
1005.55	58.507
1005.71	57.950
1005.87	59.278
1006.03	60.263
1006.19	60.271
1006.35	59.828
1006.51	60.759
1006.67	60.504
1006.84	60.350
1007.00	59.925
1007.16	61.229
1007.32	59.733
1007.48	60.420
1007.64	61.924
1007.80	61.647
1007.96	60.761
1008.12	61.481
1008.28	59.788
1008.44	60.729
1008.60	61.472
1008.76	60.144
1008.92	59.149
1009.09	59.388
1009.25	58.974
1009.41	58.038
1009.57	58.718
1009.73	59.584
1009.89	60.249
1010.05	60.915
1010.21	62.735
1010.37	62.439
1010.53	63.483
1010.69	65.308
1010.85	64.604
1011.01	63.311
1011.17	62.491
1011.33	64.488
1011.49	64.526
1011.65	64.857
1011.81	64.364
1011.97	64.421
1012.13	66.869
1012.29	68.321
1012.45	69.678
1012.61	73.379
1012.77	71.405
1012.93	70.918
1013.09	69.901
1013.25	69.691
1013.41	69.936
1013.57	67.285
1013.73	66.614
1013.89	62.618
1014.05	64.527
1014.21	62.798
1014.37	60.710
1014.53	59.795
1014.69	59.473
1014.85	59.382
1015.01	61.038
1015.17	63.333
1015.33	64.105
1015.49	62.374
1015.65	64.057
1015.81	64.576
1015.97	60.886
1016.13	63.968
1016.29	63.456
1016.45	63.909
1016.61	64.283
1016.77	62.006
1016.93	62.887
1017.09	62.627
1017.25	63.989
1017.41	62.634
1017.56	65.049
1017.72	72.169
1017.88	74.090
1018.04	75.889
1018.20	73.118
1018.36	73.052
1018.52	69.988
1018.68	71.376
1018.84	72.803
1019.00	70.142
1019.16	71.303
1019.32	74.615
1019.48	76.258
1019.64	78.657
1019.79	76.829
1019.95	73.303
1020.11	77.967
1020.27	77.589
1020.43	82.899
1020.59	85.549
1020.75	82.702
1020.91	86.055
1021.07	78.714
1021.23	78.164
1021.39	74.395
1021.54	80.290
1021.70	78.057
1021.86	77.576
1022.02	75.086
1022.18	72.620
1022.34	75.561
1022.50	74.500
1022.66	71.362
1022.82	70.688
1022.97	69.721
1023.13	72.648
1023.29	78.040
1023.45	76.782
1023.61	77.913
1023.77	75.789
1023.93	77.287
1024.08	78.171
1024.24	75.718
1024.40	76.145
1024.56	83.695
1024.72	85.258
1024.88	74.206
1025.04	78.316
1025.19	76.561
1025.35	72.939
1025.51	76.825
1025.67	80.563
1025.83	76.496
1025.99	79.059
1026.14	76.659
1026.30	83.373
1026.46	84.747
1026.62	78.567
1026.78	73.174
1026.94	71.089
1027.09	69.754
1027.25	66.878
1027.41	66.302
1027.57	66.755
1027.73	66.503
1027.89	62.450
1028.04	61.536
1028.20	60.656
1028.36	61.615
1028.52	61.637
1028.68	61.236
1028.83	62.325
1028.99	59.396
1029.15	60.267
1029.31	58.927
1029.47	60.425
1029.62	59.421
1029.78	59.076
1029.94	59.105
1030.10	60.089
1030.25	62.313
1030.41	64.147
1030.57	64.894
1030.73	68.688
1030.89	66.857
1031.04	69.305
1031.20	72.229
1031.36	80.162
1031.52	89.024
1031.67	91.999
1031.83	96.963
1031.99	108.614
1032.15	93.934
1032.30	103.360
1032.46	112.427
1032.62	107.339
1032.78	95.916
1032.93	109.620
1033.09	95.163
1033.25	87.082
1033.41	84.832
1033.56	76.951
1033.72	-24.216
1033.88	229.405
1034.04	24.030
1034.19	58.212
1034.35	71.002
1034.51	-26.395
1034.66	51.430
1034.82	2551.667
1034.98	2551.667
1035.14	2551.667
