345.22	37.037
345.43	37.037
345.65	37.037
345.86	44.875
346.08	124.413
346.29	2.319
346.51	24.760
346.72	28.081
346.94	-243.013
347.15	-83.656
347.37	154.498
347.58	187.051
347.80	217.484
348.01	186.423
348.23	130.376
348.44	121.591
348.66	110.539
348.87	112.074
349.09	105.140
349.30	93.117
349.52	86.857
349.73	90.271
349.95	90.103
350.16	91.783
350.38	88.789
350.59	82.186
350.81	80.489
351.02	79.179
351.24	77.734
351.45	76.983
351.67	79.199
351.88	78.228
352.10	75.032
352.31	74.009
352.53	77.905
352.74	79.159
352.96	79.987
353.17	79.187
353.39	80.730
353.60	82.699
353.82	83.745
354.03	83.930
354.25	79.084
354.46	74.080
354.67	71.164
354.89	69.969
355.10	73.662
355.32	72.913
355.53	74.385
355.75	76.408
355.96	77.707
356.18	77.317
356.39	77.124
356.61	80.745
356.82	80.491
357.04	76.632
357.25	76.519
357.46	76.335
357.68	75.879
357.89	74.227
358.11	72.662
358.32	75.719
358.54	73.479
358.75	74.906
358.97	76.793
359.18	80.063
359.40	78.658
359.61	79.437
359.82	81.146
360.04	81.187
360.25	79.157
360.47	75.160
360.68	74.459
360.90	74.677
361.11	72.293
361.32	72.419
361.54	75.712
361.75	75.755
361.97	76.469
362.18	77.496
362.40	78.696
362.61	80.151
362.83	79.469
363.04	81.194
363.25	82.518
363.47	84.141
363.68	81.676
363.90	86.003
364.11	85.871
364.32	85.819
364.54	83.835
364.75	81.342
364.97	85.143
365.18	84.000
365.40	82.422
365.61	82.538
365.82	82.970
366.04	82.002
366.25	81.314
366.47	79.805
366.68	78.196
366.89	79.174
367.11	76.951
367.32	77.415
367.54	74.660
367.75	74.388
367.96	73.295
368.18	74.003
368.39	73.052
368.61	73.259
368.82	74.039
369.03	76.470
369.25	80.214
369.46	81.026
369.68	81.681
369.89	82.569
370.10	83.572
370.32	83.864
370.53	83.379
370.75	80.086
370.96	82.198
371.17	82.869
371.39	80.589
371.60	81.361
371.81	82.229
372.03	84.216
372.24	85.195
372.46	88.417
372.67	89.769
372.88	88.231
373.10	87.748
373.31	86.476
373.52	85.991
373.74	84.092
373.95	83.018
374.17	84.184
374.38	86.088
374.59	86.217
374.81	84.780
375.02	83.377
375.23	86.535
375.45	84.328
375.66	82.262
375.87	83.244
376.09	83.528
376.30	82.019
376.52	83.650
376.73	80.570
376.94	78.747
377.16	79.215
377.37	82.974
377.58	83.384
377.80	84.968
378.01	86.270
378.22	87.920
378.44	88.750
378.65	90.916
378.86	91.149
379.08	91.750
379.29	92.323
379.50	95.173
379.72	95.307
379.93	98.424
380.14	101.686
380.36	102.743
380.57	104.267
380.78	104.816
381.00	105.709
381.21	107.529
381.42	108.699
381.64	109.194
381.85	108.946
382.06	109.195
382.28	109.301
382.49	108.928
382.70	109.493
382.92	109.830
383.13	109.154
383.34	109.780
383.56	110.816
383.77	112.130
383.98	111.834
384.20	112.906
384.41	113.195
384.62	113.457
384.83	114.051
385.05	114.472
385.26	115.400
385.47	116.233
385.69	117.191
385.90	118.065
386.11	118.888
386.33	119.828
386.54	120.645
386.75	121.266
386.97	122.409
387.18	123.176
387.39	124.042
387.60	124.472
387.82	124.889
388.03	125.236
388.24	125.726
388.46	126.116
388.67	126.233
388.88	126.144
389.09	126.015
389.31	125.770
389.52	125.513
389.73	124.936
389.95	124.442
390.16	123.865
390.37	123.377
390.58	122.845
390.80	122.087
391.01	121.523
391.22	120.953
391.44	120.051
391.65	119.310
391.86	118.596
392.07	118.269
392.29	117.811
392.50	117.320
392.71	116.828
392.92	116.559
393.14	116.188
393.35	116.055
393.56	116.075
393.78	116.148
393.99	116.427
394.20	116.855
394.41	117.203
394.63	117.563
394.84	118.152
395.05	118.883
395.26	119.585
395.48	120.321
395.69	121.015
395.90	121.977
396.11	122.851
396.33	123.683
396.54	124.564
396.75	125.295
396.96	126.044
397.18	126.689
397.39	127.304
397.60	127.941
397.81	128.419
398.03	128.724
398.24	128.978
398.45	129.057
398.66	129.040
398.87	128.980
399.09	128.788
399.30	128.366
399.51	127.763
399.72	127.215
399.94	126.565
400.15	125.845
400.36	124.971
400.57	124.067
400.79	123.167
401.00	122.146
401.21	121.218
401.42	120.264
401.63	119.320
401.85	118.440
402.06	117.683
402.27	116.936
402.48	116.339
402.69	115.805
402.91	115.297
403.12	114.849
403.33	114.627
403.54	114.572
403.76	114.472
403.97	114.591
404.18	114.830
404.39	115.180
404.60	115.648
404.82	116.235
405.03	116.927
405.24	117.625
405.45	118.399
405.66	119.233
405.88	120.100
406.09	121.046
406.30	121.891
406.51	122.630
406.72	123.452
406.94	124.203
407.15	124.879
407.36	125.574
407.57	126.214
407.78	126.691
407.99	127.017
408.21	127.337
408.42	127.528
408.63	127.645
408.84	127.559
409.05	127.417
409.27	127.068
409.48	126.567
409.69	125.983
409.90	125.403
410.11	124.715
410.32	123.956
410.54	123.062
410.75	122.105
410.96	121.133
411.17	120.108
411.38	119.084
411.59	118.094
411.81	117.039
412.02	116.014
412.23	115.049
412.44	114.163
412.65	113.410
412.86	112.738
413.08	112.073
413.29	111.505
413.50	111.105
413.71	110.841
413.92	110.657
414.13	110.600
414.34	110.621
414.56	110.677
414.77	110.907
414.98	111.207
415.19	111.741
415.40	112.370
415.61	113.045
415.82	113.754
416.04	114.558
416.25	115.362
416.46	116.230
416.67	117.160
416.88	118.035
417.09	118.907
417.30	119.709
417.52	120.539
417.73	121.275
417.94	121.939
418.15	122.548
418.36	123.164
418.57	123.598
418.78	123.934
418.99	124.257
419.21	124.437
419.42	124.549
419.63	124.500
419.84	124.329
420.05	124.045
420.26	123.633
420.47	123.060
420.68	122.521
420.89	121.870
421.11	121.067
421.32	120.306
421.53	119.424
421.74	118.535
421.95	117.623
422.16	116.723
422.37	115.813
422.58	114.823
422.79	113.848
423.01	112.976
423.22	112.115
423.43	111.341
423.64	110.612
423.85	109.979
424.06	109.443
424.27	108.976
424.48	108.609
424.69	108.429
424.90	108.340
425.11	108.330
425.33	108.438
425.54	108.635
425.75	108.902
425.96	109.272
426.17	109.748
426.38	110.311
426.59	110.938
426.80	111.631
427.01	112.419
427.22	113.278
427.43	114.226
427.64	115.129
427.85	116.002
428.07	116.919
428.28	117.777
428.49	118.647
428.70	119.486
428.91	120.287
429.12	120.982
429.33	121.656
429.54	122.261
429.75	122.772
429.96	123.267
430.17	123.645
430.38	123.928
430.59	124.047
430.80	124.058
431.01	123.988
431.22	123.851
431.44	123.587
431.65	123.238
431.86	122.744
432.07	122.212
432.28	121.614
432.49	120.926
432.70	120.159
432.91	119.296
433.12	118.380
433.33	117.426
433.54	116.512
433.75	115.568
433.96	114.629
434.17	113.606
434.38	112.658
434.59	111.748
434.80	110.860
435.01	110.119
435.22	109.428
435.43	108.811
435.64	108.240
435.85	107.758
436.06	107.352
436.27	107.074
436.48	106.899
436.69	106.781
436.90	106.787
437.11	106.923
437.33	107.139
437.54	107.467
437.75	107.930
437.96	108.392
438.17	108.939
438.38	109.508
438.59	110.222
438.80	110.938
439.01	111.759
439.22	112.648
439.43	113.405
439.64	114.219
439.85	115.047
440.06	115.843
440.27	116.670
440.48	117.424
440.69	118.142
440.90	118.805
441.11	119.469
441.32	120.038
441.53	120.525
441.74	120.924
441.95	121.281
442.16	121.513
442.37	121.640
442.58	121.709
442.79	121.696
443.00	121.591
443.21	121.397
443.42	121.041
443.62	120.535
443.83	120.124
444.04	119.587
444.25	118.978
444.46	118.284
444.67	117.509
444.88	116.720
445.09	115.858
445.30	114.964
445.51	114.009
445.72	113.033
445.93	112.112
446.14	111.167
446.35	110.195
446.56	109.310
446.77	108.459
446.98	107.608
447.19	106.803
447.40	106.077
447.61	105.371
447.82	104.766
448.03	104.273
448.24	103.804
448.45	103.433
448.66	103.157
448.87	102.962
449.08	102.885
449.29	102.875
449.49	102.960
449.70	103.151
449.91	103.403
450.12	103.776
450.33	104.172
450.54	104.664
450.75	105.239
450.96	105.825
451.17	106.481
451.38	107.170
451.59	107.904
451.80	108.633
452.01	109.408
452.22	110.203
452.43	110.954
452.64	111.686
452.84	112.427
453.05	113.111
453.26	113.813
453.47	114.424
453.68	115.012
453.89	115.550
454.10	115.974
454.31	116.385
454.52	116.675
454.73	116.930
454.94	117.073
455.15	117.118
455.36	117.073
455.56	116.965
455.77	116.763
455.98	116.508
456.19	116.177
456.40	115.781
456.61	115.322
456.82	114.752
457.03	114.144
457.24	113.448
457.45	112.734
457.65	111.907
457.86	111.085
458.07	110.238
458.28	109.299
458.49	108.423
458.70	107.474
458.91	106.559
459.12	105.637
459.33	104.704
459.54	103.835
459.74	102.996
459.95	102.174
460.16	101.447
460.37	100.766
460.58	100.148
460.79	99.569
461.00	99.031
461.21	98.603
461.41	98.244
461.62	97.964
461.83	97.780
462.04	97.693
462.25	97.632
462.46	97.684
462.67	97.844
462.88	98.071
463.08	98.401
463.29	98.757
463.50	99.190
463.71	99.715
463.92	100.270
464.13	100.847
464.34	101.482
464.54	102.170
464.75	102.875
464.96	103.585
465.17	104.315
465.38	105.026
465.59	105.780
465.80	106.499
466.00	107.191
466.21	107.857
466.42	108.481
466.63	109.128
466.84	109.717
467.05	110.239
467.26	110.702
467.46	111.049
467.67	111.394
467.88	111.678
468.09	111.863
468.30	112.008
468.51	112.090
468.71	112.073
468.92	111.990
469.13	111.832
469.34	111.611
469.55	111.294
469.76	110.946
469.96	110.498
470.17	109.996
470.38	109.452
470.59	108.835
470.80	108.163
471.00	107.484
471.21	106.724
471.42	105.968
471.63	105.176
471.84	104.383
472.05	103.548
472.25	102.706
472.46	101.871
472.67	100.996
472.88	100.185
473.09	99.365
473.29	98.547
473.50	97.799
473.71	97.064
473.92	96.373
474.13	95.727
474.33	95.154
474.54	94.631
474.75	94.170
474.96	93.764
475.17	93.432
475.37	93.126
475.58	92.921
475.79	92.784
476.00	92.721
476.21	92.744
476.41	92.827
476.62	92.990
476.83	93.206
477.04	93.532
477.24	93.877
477.45	94.294
477.66	94.757
477.87	95.239
478.08	95.797
478.28	96.360
478.49	96.983
478.70	97.636
478.91	98.285
479.11	98.943
479.32	99.640
479.53	100.307
479.74	101.011
479.94	101.675
480.15	102.303
480.36	102.908
480.57	103.482
480.78	104.055
480.98	104.540
481.19	104.994
481.40	105.389
481.61	105.769
481.81	106.080
482.02	106.329
482.23	106.554
482.44	106.678
482.64	106.775
482.85	106.790
483.06	106.716
483.27	106.620
483.47	106.475
483.68	106.245
483.89	105.958
484.10	105.597
484.30	105.197
484.51	104.720
484.72	104.231
484.92	103.658
485.13	103.069
485.34	102.448
485.55	101.781
485.75	101.092
485.96	100.346
486.17	99.595
486.38	98.842
486.58	98.055
486.79	97.283
487.00	96.496
487.20	95.713
487.41	94.967
487.62	94.228
487.83	93.494
488.03	92.785
488.24	92.118
488.45	91.472
488.65	90.855
488.86	90.302
489.07	89.783
489.28	89.327
489.48	88.904
489.69	88.577
489.90	88.281
490.10	88.059
490.31	87.897
490.52	87.773
490.73	87.721
490.93	87.733
491.14	87.801
491.35	87.933
491.55	88.115
491.76	88.346
491.97	88.626
492.17	88.944
492.38	89.326
492.59	89.746
492.79	90.220
493.00	90.726
493.21	91.258
493.41	91.809
493.62	92.383
493.83	92.980
494.04	93.545
494.24	94.145
494.45	94.742
494.66	95.319
494.86	95.929
495.07	96.489
495.28	97.062
495.48	97.592
495.69	98.102
495.90	98.589
496.10	99.043
496.31	99.447
496.52	99.814
496.72	100.169
496.93	100.473
497.14	100.714
497.34	100.893
497.55	101.052
497.76	101.150
497.96	101.192
498.17	101.177
498.37	101.128
498.58	100.998
498.79	100.814
498.99	100.609
499.20	100.327
499.41	100.002
499.61	99.606
499.82	99.183
500.03	98.704
500.23	98.215
500.44	97.662
500.65	97.088
500.85	96.492
501.06	95.834
501.26	95.167
501.47	94.481
501.68	93.795
501.88	93.069
502.09	92.352
502.30	91.626
502.50	90.902
502.71	90.187
502.91	89.486
503.12	88.793
503.33	88.112
503.53	87.468
503.74	86.838
503.95	86.229
504.15	85.658
504.36	85.116
504.56	84.603
504.77	84.154
504.98	83.725
505.18	83.358
505.39	83.029
505.59	82.749
505.80	82.521
506.01	82.350
506.21	82.231
506.42	82.163
506.62	82.139
506.83	82.161
507.04	82.241
507.24	82.368
507.45	82.550
507.65	82.776
507.86	83.025
508.07	83.330
508.27	83.681
508.48	84.056
508.68	84.486
508.89	84.929
509.10	85.389
509.30	85.878
509.51	86.373
509.71	86.886
509.92	87.410
510.12	87.939
510.33	88.471
510.54	88.996
510.74	89.526
510.95	90.040
511.15	90.552
511.36	91.058
511.56	91.543
511.77	91.994
511.98	92.429
512.18	92.848
512.39	93.235
512.59	93.584
512.80	93.898
513.00	94.171
513.21	94.405
513.42	94.616
513.62	94.779
513.83	94.905
514.03	94.980
514.24	95.007
514.44	94.981
514.65	94.925
514.85	94.829
515.06	94.689
515.26	94.498
515.47	94.271
515.68	93.991
515.88	93.673
516.09	93.315
516.29	92.926
516.50	92.495
516.70	92.024
516.91	91.528
517.11	91.009
517.32	90.464
517.52	89.895
517.73	89.318
517.93	88.710
518.14	88.092
518.34	87.470
518.55	86.841
518.76	86.214
518.96	85.569
519.17	84.922
519.37	84.274
519.58	83.658
519.78	83.035
519.99	82.418
520.19	81.826
520.40	81.274
520.60	80.730
520.81	80.213
521.01	79.715
521.22	79.264
521.42	78.839
521.63	78.450
521.83	78.096
522.04	77.769
522.24	77.505
522.45	77.277
522.65	77.095
522.86	76.957
523.06	76.856
523.27	76.806
523.47	76.800
523.68	76.835
523.88	76.901
524.09	77.015
524.29	77.182
524.50	77.383
524.70	77.611
524.91	77.875
525.11	78.183
525.32	78.535
525.52	78.900
525.72	79.314
525.93	79.740
526.13	80.195
526.34	80.653
526.54	81.144
526.75	81.624
526.95	82.124
527.16	82.623
527.36	83.135
527.57	83.644
527.77	84.144
527.98	84.655
528.18	85.158
528.39	85.642
528.59	86.123
528.79	86.579
529.00	87.031
529.20	87.455
529.41	87.879
529.61	88.266
529.82	88.616
530.02	88.928
530.23	89.228
530.43	89.482
530.64	89.718
530.84	89.902
531.04	90.049
531.25	90.188
531.45	90.289
531.66	90.348
531.86	90.364
532.07	90.340
532.27	90.274
532.47	90.178
532.68	90.064
532.88	89.908
533.09	89.717
533.29	89.469
533.50	89.199
533.70	88.859
533.90	88.514
534.11	88.154
534.31	87.763
534.52	87.332
534.72	86.903
534.93	86.449
535.13	85.959
535.33	85.474
535.54	84.940
535.74	84.405
535.95	83.847
536.15	83.308
536.35	82.756
536.56	82.205
536.76	81.632
536.97	81.075
537.17	80.508
537.37	79.952
537.58	79.424
537.78	78.900
537.99	78.399
538.19	77.895
538.39	77.407
538.60	76.944
538.80	76.520
539.01	76.095
539.21	75.704
539.41	75.355
539.62	75.024
539.82	74.732
540.03	74.466
540.23	74.252
540.43	74.053
540.64	73.912
540.84	73.791
541.04	73.721
541.25	73.693
541.45	73.698
541.66	73.736
541.86	73.811
542.06	73.928
542.27	74.077
542.47	74.278
542.67	74.492
542.88	74.746
543.08	75.028
543.28	75.350
543.49	75.690
543.69	76.059
543.90	76.461
544.10	76.870
544.30	77.322
544.51	77.771
544.71	78.262
544.91	78.736
545.12	79.234
545.32	79.746
545.52	80.235
545.73	80.753
545.93	81.266
546.13	81.753
546.34	82.235
546.54	82.719
546.74	83.184
546.95	83.667
547.15	84.128
547.35	84.558
547.56	84.995
547.76	85.420
547.96	85.813
548.17	86.196
548.37	86.563
548.57	86.872
548.78	87.167
548.98	87.428
549.18	87.656
549.39	87.855
549.59	88.024
549.79	88.187
550.00	88.302
550.20	88.415
550.40	88.475
550.61	88.514
550.81	88.510
551.01	88.479
551.22	88.414
551.42	88.311
551.62	88.181
551.82	88.001
552.03	87.808
552.23	87.585
552.43	87.323
552.64	87.040
552.84	86.731
553.04	86.394
553.25	86.032
553.45	85.641
553.65	85.237
553.85	84.833
554.06	84.398
554.26	83.939
554.46	83.447
554.67	82.966
554.87	82.462
555.07	81.970
555.27	81.456
555.48	80.939
555.68	80.434
555.88	79.919
556.09	79.414
556.29	78.887
556.49	78.381
556.69	77.867
556.90	77.368
557.10	76.900
557.30	76.456
557.50	76.005
557.71	75.598
557.91	75.202
558.11	74.805
558.31	74.445
558.52	74.110
558.72	73.808
558.92	73.530
559.13	73.286
559.33	73.061
559.53	72.864
559.73	72.707
559.94	72.571
560.14	72.463
560.34	72.386
560.54	72.347
560.75	72.348
560.95	72.375
561.15	72.446
561.35	72.532
561.55	72.639
561.76	72.792
561.96	72.955
562.16	73.167
562.36	73.416
562.57	73.675
562.77	73.964
562.97	74.280
563.17	74.610
563.38	74.954
563.58	75.329
563.78	75.725
563.98	76.132
564.18	76.548
564.39	76.991
564.59	77.438
564.79	77.908
564.99	78.365
565.20	78.830
565.40	79.279
565.60	79.737
565.80	80.216
566.00	80.671
566.21	81.135
566.41	81.569
566.61	82.008
566.81	82.445
567.01	82.865
567.22	83.276
567.42	83.677
567.62	84.048
567.82	84.406
568.02	84.745
568.23	85.065
568.43	85.365
568.63	85.650
568.83	85.898
569.03	86.112
569.24	86.312
569.44	86.497
569.64	86.661
569.84	86.805
570.04	86.892
570.24	86.974
570.45	87.026
570.65	87.057
570.85	87.049
571.05	87.005
571.25	86.936
571.45	86.832
571.66	86.719
571.86	86.585
572.06	86.405
572.26	86.211
572.46	85.996
572.66	85.767
572.87	85.496
573.07	85.218
573.27	84.914
573.47	84.594
573.67	84.245
573.87	83.873
574.08	83.475
574.28	83.090
574.48	82.681
574.68	82.251
574.88	81.813
575.08	81.350
575.28	80.892
575.49	80.434
575.69	79.971
575.89	79.481
576.09	79.015
576.29	78.535
576.49	78.056
576.69	77.576
576.90	77.103
577.10	76.641
577.30	76.185
577.50	75.748
577.70	75.307
577.90	74.883
578.10	74.495
578.30	74.112
578.51	73.743
578.71	73.399
578.91	73.072
579.11	72.756
579.31	72.472
579.51	72.208
579.71	71.971
579.91	71.749
580.12	71.567
580.32	71.405
580.52	71.282
580.72	71.168
580.92	71.082
581.12	71.014
581.32	70.985
581.52	70.998
581.72	71.018
581.92	71.071
582.13	71.160
582.33	71.252
582.53	71.386
582.73	71.532
582.93	71.709
583.13	71.918
583.33	72.160
583.53	72.418
583.73	72.698
583.93	72.999
584.13	73.326
584.34	73.680
584.54	74.019
584.74	74.370
584.94	74.766
585.14	75.167
585.34	75.580
585.54	75.970
585.74	76.375
585.94	76.803
586.14	77.247
586.34	77.675
586.54	78.123
586.74	78.573
586.94	79.029
587.15	79.487
587.35	79.926
587.55	80.358
587.75	80.788
587.95	81.196
588.15	81.595
588.35	81.980
588.55	82.361
588.75	82.745
588.95	83.114
589.15	83.457
589.35	83.787
589.55	84.099
589.75	84.430
589.95	84.717
590.15	84.984
590.35	85.221
590.55	85.450
590.75	85.650
590.95	85.821
591.15	85.972
591.35	86.088
591.56	86.187
591.76	86.262
591.96	86.313
592.16	86.355
592.36	86.368
592.56	86.365
592.76	86.325
592.96	86.273
593.16	86.183
593.36	86.073
593.56	85.952
593.76	85.819
593.96	85.634
594.16	85.450
594.36	85.244
594.56	85.013
594.76	84.761
594.96	84.500
595.16	84.205
595.36	83.900
595.56	83.569
595.76	83.217
595.96	82.846
596.16	82.480
596.36	82.092
596.56	81.704
596.76	81.287
596.96	80.866
597.16	80.443
597.36	80.027
597.56	79.594
597.76	79.144
597.96	78.693
598.16	78.249
598.36	77.801
598.56	77.346
598.76	76.904
598.96	76.475
599.16	76.045
599.36	75.644
599.56	75.243
599.76	74.848
599.96	74.470
600.15	74.105
600.35	73.755
600.55	73.418
600.75	73.079
600.95	72.772
601.15	72.469
601.35	72.177
601.55	71.908
601.75	71.672
601.95	71.452
602.15	71.259
602.35	71.069
602.55	70.914
602.75	70.784
602.95	70.667
603.15	70.561
603.35	70.493
603.55	70.437
603.75	70.398
603.95	70.389
604.15	70.406
604.35	70.451
604.54	70.508
604.74	70.612
604.94	70.727
605.14	70.855
605.34	71.015
605.54	71.208
605.74	71.421
605.94	71.641
606.14	71.890
606.34	72.149
606.54	72.437
606.74	72.744
606.94	73.062
607.14	73.401
607.33	73.765
607.53	74.126
607.73	74.493
607.93	74.866
608.13	75.254
608.33	75.656
608.53	76.047
608.73	76.460
608.93	76.851
609.13	77.261
609.33	77.680
609.52	78.098
609.72	78.505
609.92	78.903
610.12	79.310
610.32	79.711
610.52	80.122
610.72	80.509
610.92	80.888
611.12	81.264
611.31	81.635
611.51	81.991
611.71	82.338
611.91	82.688
612.11	83.037
612.31	83.370
612.51	83.674
612.71	83.982
612.91	84.254
613.10	84.527
613.30	84.806
613.50	85.051
613.70	85.273
613.90	85.471
614.10	85.653
614.30	85.800
614.50	85.938
614.69	86.033
614.89	86.129
615.09	86.201
615.29	86.257
615.49	86.287
615.69	86.296
615.89	86.292
616.08	86.266
616.28	86.211
616.48	86.138
616.68	86.041
616.88	85.925
617.08	85.789
617.27	85.648
617.47	85.466
617.67	85.269
617.87	85.050
618.07	84.831
618.27	84.596
618.47	84.356
618.66	84.091
618.86	83.823
619.06	83.525
619.26	83.224
619.46	82.909
619.66	82.568
619.85	82.215
620.05	81.855
620.25	81.472
620.45	81.091
620.65	80.696
620.84	80.325
621.04	79.936
621.24	79.566
621.44	79.159
621.64	78.737
621.84	78.339
622.03	77.936
622.23	77.534
622.43	77.131
622.63	76.734
622.83	76.336
623.02	75.943
623.22	75.565
623.42	75.172
623.62	74.798
623.82	74.448
624.01	74.095
624.21	73.750
624.41	73.426
624.61	73.116
624.81	72.827
625.00	72.526
625.20	72.243
625.40	71.965
625.60	71.718
625.79	71.499
625.99	71.298
626.19	71.106
626.39	70.933
626.59	70.776
626.78	70.651
626.98	70.543
627.18	70.444
627.38	70.376
627.57	70.349
627.77	70.322
627.97	70.311
628.17	70.337
628.37	70.370
628.56	70.440
628.76	70.514
628.96	70.606
629.16	70.719
629.35	70.877
629.55	71.041
629.75	71.226
629.95	71.425
630.14	71.630
630.34	71.866
630.54	72.115
630.74	72.373
630.93	72.644
631.13	72.926
631.33	73.221
631.53	73.507
631.72	73.805
631.92	74.132
632.12	74.475
632.31	74.814
632.51	75.188
632.71	75.552
632.91	75.919
633.10	76.296
633.30	76.696
633.50	77.063
633.70	77.457
633.89	77.842
634.09	78.240
634.29	78.633
634.48	79.018
634.68	79.416
634.88	79.812
635.08	80.206
635.27	80.608
635.47	81.003
635.67	81.406
635.86	81.800
636.06	82.178
636.26	82.530
636.46	82.885
636.65	83.221
636.85	83.566
637.05	83.899
637.24	84.202
637.44	84.495
637.64	84.787
637.83	85.070
638.03	85.346
638.23	85.580
638.43	85.816
638.62	86.026
638.82	86.207
639.02	86.385
639.21	86.537
639.41	86.663
639.61	86.795
639.80	86.900
640.00	86.986
640.20	87.079
640.39	87.165
640.59	87.217
640.79	87.257
640.98	87.264
641.18	87.261
641.38	87.256
641.57	87.215
641.77	87.156
641.97	87.066
642.16	86.966
642.36	86.861
642.56	86.738
642.75	86.616
642.95	86.465
643.15	86.303
643.34	86.139
643.54	85.959
643.74	85.739
643.93	85.516
644.13	85.261
644.33	84.983
644.52	84.702
644.72	84.420
644.91	84.121
645.11	83.799
645.31	83.480
645.50	83.160
645.70	82.839
645.90	82.510
646.09	82.164
646.29	81.808
646.48	81.445
646.68	81.064
646.88	80.688
647.07	80.317
647.27	79.933
647.47	79.539
647.66	79.159
647.86	78.771
648.05	78.393
648.25	78.025
648.45	77.654
648.64	77.274
648.84	76.912
649.04	76.542
649.23	76.182
649.43	75.832
649.62	75.477
649.82	75.120
650.02	74.786
650.21	74.463
650.41	74.166
650.60	73.876
650.80	73.618
651.00	73.337
651.19	73.083
651.39	72.843
651.58	72.610
651.78	72.397
651.97	72.217
652.17	72.040
652.37	71.868
652.56	71.732
652.76	71.605
652.95	71.491
653.15	71.418
653.35	71.348
653.54	71.287
653.74	71.233
653.93	71.209
654.13	71.197
654.32	71.195
654.52	71.193
654.72	71.225
654.91	71.267
655.11	71.339
655.30	71.432
655.50	71.539
655.69	71.668
655.89	71.796
656.08	71.931
656.28	72.092
656.48	72.275
656.67	72.463
656.87	72.668
657.06	72.872
657.26	73.084
657.45	73.327
657.65	73.587
657.84	73.872
658.04	74.149
658.23	74.450
658.43	74.764
658.62	75.096
658.82	75.422
659.02	75.758
659.21	76.112
659.41	76.456
659.60	76.809
659.80	77.169
659.99	77.554
660.19	77.934
660.38	78.319
660.58	78.692
660.77	79.080
660.97	79.453
661.16	79.834
661.36	80.203
661.55	80.587
661.75	80.961
661.94	81.323
662.14	81.699
662.33	82.072
662.53	82.439
662.72	82.799
662.92	83.153
663.11	83.487
663.31	83.830
663.50	84.170
663.70	84.509
663.89	84.836
664.09	85.139
664.28	85.453
664.48	85.741
664.67	86.043
664.87	86.307
665.06	86.578
665.26	86.831
665.45	87.076
665.65	87.303
665.84	87.533
666.04	87.743
666.23	87.916
666.43	88.067
666.62	88.208
666.82	88.337
667.01	88.453
667.21	88.564
667.40	88.642
667.59	88.722
667.79	88.768
667.98	88.788
668.18	88.798
668.37	88.784
668.57	88.788
668.76	88.756
668.96	88.705
669.15	88.645
669.35	88.589
669.54	88.502
669.73	88.408
669.93	88.296
670.12	88.176
670.32	88.068
670.51	87.931
670.71	87.783
670.90	87.629
671.10	87.461
671.29	87.268
671.48	87.061
671.68	86.842
671.87	86.619
672.07	86.384
672.26	86.171
672.46	85.926
672.65	85.660
672.84	85.386
673.04	85.119
673.23	84.838
673.43	84.535
673.62	84.245
673.82	83.939
674.01	83.598
674.20	83.269
674.40	82.921
674.59	82.584
674.79	82.253
674.98	81.906
675.17	81.559
675.37	81.222
675.56	80.883
675.76	80.536
675.95	80.171
676.14	79.829
676.34	79.456
676.53	79.105
676.73	78.747
676.92	78.385
677.11	78.031
677.31	77.677
677.50	77.344
677.70	76.998
677.89	76.655
678.08	76.347
678.28	76.039
678.47	75.750
678.66	75.469
678.86	75.193
679.05	74.919
679.25	74.666
679.44	74.422
679.63	74.201
679.83	73.975
680.02	73.778
680.21	73.586
680.41	73.408
680.60	73.225
680.79	73.063
680.99	72.921
681.18	72.774
681.38	72.654
681.57	72.558
681.76	72.483
681.96	72.423
682.15	72.363
682.34	72.302
682.54	72.256
682.73	72.234
682.92	72.214
683.12	72.232
683.31	72.255
683.50	72.291
683.70	72.339
683.89	72.393
684.08	72.472
684.28	72.565
684.47	72.669
684.66	72.801
684.86	72.942
685.05	73.101
685.24	73.279
685.44	73.457
685.63	73.641
685.82	73.844
686.02	74.047
686.21	74.292
686.40	74.542
686.60	74.811
686.79	75.085
686.98	75.364
687.18	75.653
687.37	75.942
687.56	76.232
687.75	76.537
687.95	76.858
688.14	77.170
688.33	77.503
688.53	77.837
688.72	78.191
688.91	78.541
689.11	78.883
689.30	79.260
689.49	79.640
689.68	80.009
689.88	80.368
690.07	80.731
690.26	81.076
690.46	81.439
690.65	81.784
690.84	82.134
691.03	82.497
691.23	82.845
691.42	83.195
691.61	83.553
691.80	83.888
692.00	84.226
692.19	84.551
692.38	84.869
692.58	85.193
692.77	85.495
692.96	85.785
693.15	86.086
693.35	86.359
693.54	86.649
693.73	86.939
693.92	87.204
694.12	87.480
694.31	87.730
694.50	87.993
694.69	88.223
694.89	88.444
695.08	88.645
695.27	88.865
695.46	89.056
695.66	89.247
695.85	89.433
696.04	89.608
696.23	89.794
696.43	89.956
696.62	90.081
696.81	90.202
697.00	90.328
697.19	90.441
697.39	90.524
697.58	90.587
697.77	90.627
697.96	90.686
698.16	90.712
698.35	90.758
698.54	90.758
698.73	90.781
698.92	90.758
699.12	90.735
699.31	90.687
699.50	90.636
699.69	90.577
699.89	90.497
700.08	90.413
700.27	90.300
700.46	90.191
700.65	90.068
700.85	89.955
701.04	89.812
701.23	89.648
701.42	89.483
701.61	89.309
701.81	89.124
702.00	88.920
702.19	88.716
702.38	88.480
702.57	88.257
702.76	87.997
702.96	87.755
703.15	87.496
703.34	87.219
703.53	86.941
703.72	86.631
703.92	86.321
704.11	86.007
704.30	85.684
704.49	85.362
704.68	85.048
704.87	84.696
705.07	84.357
705.26	84.022
705.45	83.714
705.64	83.367
705.83	83.053
706.02	82.720
706.21	82.400
706.41	82.067
706.60	81.721
706.79	81.400
706.98	81.087
707.17	80.755
707.36	80.437
707.56	80.134
707.75	79.832
707.94	79.538
708.13	79.248
708.32	78.975
708.51	78.687
708.70	78.424
708.89	78.157
709.09	77.894
709.28	77.644
709.47	77.354
709.66	77.089
709.85	76.830
710.04	76.577
710.23	76.316
710.42	76.099
710.62	75.881
710.81	75.642
711.00	75.417
711.19	75.220
711.38	75.026
711.57	74.822
711.76	74.639
711.95	74.481
712.15	74.331
712.34	74.190
712.53	74.060
712.72	73.930
712.91	73.842
713.10	73.753
713.29	73.673
713.48	73.609
713.67	73.580
713.86	73.558
714.05	73.540
714.25	73.537
714.44	73.519
714.63	73.528
714.82	73.578
715.01	73.630
715.20	73.711
715.39	73.780
715.58	73.874
715.77	73.985
715.96	74.097
716.15	74.209
716.34	74.313
716.54	74.443
716.73	74.590
716.92	74.724
717.11	74.882
717.30	75.052
717.49	75.241
717.68	75.440
717.87	75.612
718.06	75.834
718.25	76.071
718.44	76.318
718.63	76.573
718.82	76.822
719.01	77.076
719.20	77.333
719.39	77.611
719.58	77.891
719.77	78.161
719.96	78.424
720.16	78.702
720.35	79.006
720.54	79.303
720.73	79.606
720.92	79.916
721.11	80.249
721.30	80.570
721.49	80.892
721.68	81.217
721.87	81.570
722.06	81.897
722.25	82.219
722.44	82.549
722.63	82.870
722.82	83.181
723.01	83.486
723.20	83.782
723.39	84.092
723.58	84.426
723.77	84.761
723.96	85.100
724.15	85.445
724.34	85.772
724.53	86.094
724.72	86.389
724.91	86.715
725.10	87.026
725.29	87.318
725.48	87.639
725.67	87.907
725.86	88.159
726.05	88.425
726.24	88.679
726.43	88.920
726.62	89.163
726.81	89.435
727.00	89.681
727.19	89.942
727.38	90.183
727.57	90.389
727.76	90.588
727.95	90.781
728.14	90.944
728.33	91.111
728.52	91.269
728.71	91.424
728.90	91.563
729.09	91.673
729.28	91.773
729.47	91.853
729.65	91.948
729.84	92.043
730.03	92.124
730.22	92.196
730.41	92.270
730.60	92.336
730.79	92.346
730.98	92.382
731.17	92.410
731.36	92.406
731.55	92.384
731.74	92.360
731.93	92.324
732.12	92.286
732.31	92.251
732.50	92.225
732.69	92.194
732.88	92.116
733.06	92.030
733.25	91.956
733.44	91.876
733.63	91.766
733.82	91.654
734.01	91.510
734.20	91.363
734.39	91.193
734.58	91.031
734.77	90.884
734.96	90.697
735.15	90.492
735.33	90.286
735.52	90.097
735.71	89.891
735.90	89.669
736.09	89.430
736.28	89.168
736.47	88.898
736.66	88.620
736.85	88.354
737.04	88.064
737.23	87.781
737.41	87.475
737.60	87.208
737.79	86.898
737.98	86.608
738.17	86.318
738.36	86.048
738.55	85.759
738.74	85.472
738.92	85.179
739.11	84.894
739.30	84.586
739.49	84.267
739.68	83.973
739.87	83.698
740.06	83.425
740.25	83.126
740.43	82.849
740.62	82.558
740.81	82.252
741.00	81.981
741.19	81.686
741.38	81.391
741.57	81.087
741.75	80.815
741.94	80.526
742.13	80.235
742.32	79.928
742.51	79.642
742.70	79.365
742.89	79.102
743.07	78.826
743.26	78.570
743.45	78.293
743.64	78.046
743.83	77.780
744.02	77.496
744.20	77.262
744.39	77.020
744.58	76.795
744.77	76.597
744.96	76.410
745.15	76.249
745.33	76.099
745.52	75.947
745.71	75.797
745.90	75.657
746.09	75.539
746.28	75.432
746.46	75.302
746.65	75.171
746.84	75.066
747.03	74.966
747.22	74.884
747.40	74.839
747.59	74.771
747.78	74.719
747.97	74.717
748.16	74.699
748.34	74.667
748.53	74.662
748.72	74.662
748.91	74.651
749.10	74.644
749.28	74.662
749.47	74.703
749.66	74.736
749.85	74.766
750.04	74.808
750.22	74.854
750.41	74.928
750.60	75.024
750.79	75.095
750.97	75.184
751.16	75.299
751.35	75.400
751.54	75.503
751.73	75.640
751.91	75.761
752.10	75.930
752.29	76.076
752.48	76.251
752.66	76.430
752.85	76.613
753.04	76.803
753.23	77.015
753.41	77.201
753.60	77.426
753.79	77.664
753.98	77.887
754.16	78.122
754.35	78.357
754.54	78.586
754.73	78.856
754.91	79.125
755.10	79.386
755.29	79.666
755.48	79.933
755.66	80.205
755.85	80.487
756.04	80.740
756.22	81.038
756.41	81.302
756.60	81.575
756.79	81.874
756.97	82.172
757.16	82.428
757.35	82.725
757.54	83.019
757.72	83.306
757.91	83.606
758.10	83.906
758.28	84.193
758.47	84.481
758.66	84.793
758.85	85.084
759.03	85.380
759.22	85.675
759.41	85.981
759.59	86.278
759.78	86.571
759.97	86.844
760.15	87.110
760.34	87.414
760.53	87.687
760.71	87.937
760.90	88.215
761.09	88.486
761.28	88.747
761.46	88.993
761.65	89.247
761.84	89.505
762.02	89.758
762.21	90.028
762.40	90.259
762.58	90.457
762.77	90.661
762.96	90.872
763.14	91.093
763.33	91.286
763.52	91.450
763.70	91.596
763.89	91.772
764.08	91.950
764.26	92.073
764.45	92.229
764.64	92.387
764.82	92.499
765.01	92.613
765.20	92.701
765.38	92.805
765.57	92.872
765.75	92.939
765.94	92.982
766.13	93.038
766.31	93.110
766.50	93.156
766.69	93.236
766.87	93.305
767.06	93.331
767.25	93.369
767.43	93.425
767.62	93.483
767.80	93.512
767.99	93.507
768.18	93.498
768.36	93.478
768.55	93.449
768.74	93.416
768.92	93.384
769.11	93.371
769.29	93.313
769.48	93.283
769.67	93.208
769.85	93.155
770.04	93.024
770.22	92.907
770.41	92.773
770.60	92.609
770.78	92.422
770.97	92.258
771.15	92.098
771.34	91.895
771.53	91.720
771.71	91.529
771.90	91.361
772.08	91.235
772.27	91.057
772.46	90.847
772.64	90.640
772.83	90.426
773.01	90.167
773.20	89.932
773.39	89.698
773.57	89.454
773.76	89.204
773.94	89.004
774.13	88.752
774.31	88.491
774.50	88.266
774.68	88.010
774.87	87.748
775.06	87.443
775.24	87.174
775.43	86.868
775.61	86.575
775.80	86.288
775.98	85.965
776.17	85.652
776.36	85.355
776.54	85.062
776.73	84.754
776.91	84.472
777.10	84.182
777.28	83.861
777.47	83.573
777.65	83.273
777.84	82.963
778.02	82.686
778.21	82.417
778.39	82.111
778.58	81.834
778.77	81.566
778.95	81.326
779.14	81.080
779.32	80.844
779.51	80.604
779.69	80.341
779.88	80.100
780.06	79.863
780.25	79.621
780.43	79.376
780.62	79.158
780.80	78.935
780.99	78.701
781.17	78.477
781.36	78.249
781.54	78.038
781.73	77.797
781.91	77.590
782.10	77.392
782.28	77.190
782.47	76.999
782.65	76.784
782.84	76.586
783.02	76.404
783.21	76.236
783.39	76.071
783.58	75.917
783.76	75.745
783.95	75.600
784.13	75.495
784.32	75.388
784.50	75.273
784.69	75.191
784.87	75.111
785.05	75.044
785.24	74.982
785.42	74.931
785.61	74.887
785.79	74.843
785.98	74.819
786.16	74.780
786.35	74.775
786.53	74.770
786.72	74.760
786.90	74.759
787.09	74.742
787.27	74.756
787.45	74.788
787.64	74.817
787.82	74.843
788.01	74.867
788.19	74.914
788.38	74.964
788.56	74.955
788.75	75.015
788.93	75.095
789.11	75.147
789.30	75.195
789.48	75.275
789.67	75.365
789.85	75.439
790.04	75.574
790.22	75.679
790.40	75.807
790.59	75.922
790.77	76.049
790.96	76.214
791.14	76.364
791.32	76.503
791.51	76.661
791.69	76.836
791.88	77.018
792.06	77.197
792.25	77.364
792.43	77.593
792.61	77.787
792.80	77.957
792.98	78.181
793.17	78.391
793.35	78.575
793.53	78.779
793.72	79.020
793.90	79.231
794.08	79.445
794.27	79.666
794.45	79.918
794.64	80.144
794.82	80.366
795.00	80.567
795.19	80.809
795.37	81.042
795.55	81.229
795.74	81.458
795.92	81.698
796.11	81.963
796.29	82.218
796.47	82.456
796.66	82.691
796.84	82.959
797.02	83.225
797.21	83.510
797.39	83.781
797.58	84.031
797.76	84.271
797.94	84.540
798.13	84.807
798.31	85.088
798.49	85.336
798.68	85.581
798.86	85.874
799.04	86.106
799.23	86.364
799.41	86.635
799.59	86.877
799.78	87.074
799.96	87.300
800.14	87.530
800.33	87.771
800.51	88.028
800.69	88.212
800.88	88.443
801.06	88.677
801.24	88.848
801.43	89.044
801.61	89.226
801.79	89.395
801.98	89.562
802.16	89.740
802.34	89.940
802.52	90.124
802.71	90.251
802.89	90.429
803.07	90.583
803.26	90.723
803.44	90.837
803.62	90.985
803.81	91.108
803.99	91.187
804.17	91.264
804.35	91.339
804.54	91.412
804.72	91.503
804.90	91.574
805.09	91.691
805.27	91.789
805.45	91.886
805.63	91.946
805.82	92.011
806.00	91.999
806.18	92.021
806.37	92.061
806.55	92.066
806.73	92.084
806.91	92.089
807.10	92.121
807.28	92.133
807.46	92.140
807.64	92.122
807.83	92.118
808.01	92.110
808.19	92.036
808.37	91.983
808.56	91.900
808.74	91.829
808.92	91.750
809.10	91.631
809.29	91.558
809.47	91.476
809.65	91.338
809.83	91.277
810.02	91.159
810.20	91.049
810.38	90.949
810.56	90.817
810.75	90.716
810.93	90.597
811.11	90.473
811.29	90.340
811.47	90.206
811.66	90.041
811.84	89.888
812.02	89.812
812.20	89.688
812.39	89.565
812.57	89.419
812.75	89.281
812.93	89.170
813.11	89.008
813.30	88.867
813.48	88.750
813.66	88.575
813.84	88.409
814.02	88.218
814.21	88.061
814.39	87.851
814.57	87.643
814.75	87.426
814.93	87.216
815.12	86.989
815.30	86.769
815.48	86.563
815.66	86.338
815.84	86.078
816.03	85.831
816.21	85.551
816.39	85.306
816.57	84.999
816.75	84.687
816.93	84.396
817.12	84.082
817.30	83.768
817.48	83.464
817.66	83.199
817.84	82.939
818.02	82.685
818.21	82.410
818.39	82.155
818.57	81.887
818.75	81.667
818.93	81.417
819.11	81.154
819.30	80.901
819.48	80.667
819.66	80.451
819.84	80.248
820.02	80.024
820.20	79.797
820.38	79.576
820.57	79.368
820.75	79.174
820.93	78.976
821.11	78.789
821.29	78.610
821.47	78.399
821.65	78.189
821.83	77.969
822.02	77.778
822.20	77.568
822.38	77.403
822.56	77.150
822.74	76.927
822.92	76.690
823.10	76.489
823.28	76.256
823.46	76.027
823.65	75.795
823.83	75.598
824.01	75.394
824.19	75.191
824.37	74.992
824.55	74.768
824.73	74.585
824.91	74.385
825.09	74.195
825.27	74.017
825.46	73.816
825.64	73.620
825.82	73.468
826.00	73.284
826.18	73.123
826.36	72.995
826.54	72.882
826.72	72.811
826.90	72.713
827.08	72.633
827.26	72.561
827.44	72.473
827.63	72.392
827.81	72.327
827.99	72.298
828.17	72.253
828.35	72.215
828.53	72.174
828.71	72.169
828.89	72.143
829.07	72.127
829.25	72.114
829.43	72.134
829.61	72.124
829.79	72.126
829.97	72.131
830.15	72.112
830.33	72.123
830.51	72.120
830.69	72.140
830.87	72.107
831.06	72.131
831.24	72.153
831.42	72.175
831.60	72.182
831.78	72.216
831.96	72.265
832.14	72.339
832.32	72.409
832.50	72.460
832.68	72.515
832.86	72.565
833.04	72.667
833.22	72.721
833.40	72.822
833.58	72.902
833.76	72.980
833.94	73.107
834.12	73.230
834.30	73.355
834.48	73.458
834.66	73.634
834.84	73.736
835.02	73.896
835.20	74.057
835.38	74.223
835.56	74.387
835.74	74.563
835.92	74.738
836.10	74.890
836.28	75.052
836.46	75.241
836.64	75.417
836.82	75.561
837.00	75.744
837.18	75.918
837.36	76.129
837.54	76.315
837.72	76.511
837.90	76.708
838.08	76.911
838.26	77.107
838.43	77.294
838.61	77.508
838.79	77.712
838.97	77.916
839.15	78.123
839.33	78.323
839.51	78.478
839.69	78.656
839.87	78.861
840.05	79.088
840.23	79.284
840.41	79.491
840.59	79.662
840.77	79.875
840.95	80.048
841.13	80.209
841.31	80.383
841.49	80.530
841.67	80.667
841.84	80.835
842.02	80.971
842.20	81.158
842.38	81.292
842.56	81.424
842.74	81.575
842.92	81.676
843.10	81.812
843.28	81.999
843.46	82.137
843.64	82.234
843.82	82.368
843.99	82.485
844.17	82.652
844.35	82.885
844.53	83.042
844.71	83.238
844.89	83.378
845.07	83.562
845.25	83.750
845.43	83.925
845.61	84.081
845.78	84.293
845.96	84.453
846.14	84.649
846.32	84.839
846.50	84.982
846.68	85.212
846.86	85.373
847.04	85.523
847.22	85.614
847.39	85.791
847.57	85.903
847.75	86.020
847.93	86.075
848.11	86.166
848.29	86.296
848.47	86.354
848.65	86.478
848.82	86.518
849.00	86.591
849.18	86.636
849.36	86.668
849.54	86.721
849.72	86.718
849.89	86.769
850.07	86.835
850.25	86.848
850.43	86.817
850.61	86.820
850.79	86.780
850.97	86.850
851.14	86.862
851.32	86.858
851.50	86.874
851.68	86.929
851.86	86.978
852.04	86.957
852.21	86.989
852.39	86.997
852.57	87.066
852.75	87.070
852.93	87.070
853.10	87.062
853.28	87.017
853.46	87.007
853.64	86.929
853.82	86.840
854.00	86.856
854.17	86.798
854.35	86.714
854.53	86.675
854.71	86.589
854.89	86.476
855.06	86.436
855.24	86.383
855.42	86.296
855.60	86.138
855.78	86.028
855.95	85.903
856.13	85.800
856.31	85.614
856.49	85.467
856.66	85.362
856.84	85.192
857.02	85.120
857.20	85.045
857.38	84.885
857.55	84.739
857.73	84.502
857.91	84.396
858.09	84.225
858.26	84.069
858.44	83.923
858.62	83.785
858.80	83.594
858.97	83.411
859.15	83.221
859.33	83.009
859.51	82.842
859.68	82.656
859.86	82.458
860.04	82.270
860.22	82.062
860.39	81.856
860.57	81.642
860.75	81.368
860.93	81.125
861.10	80.995
861.28	80.819
861.46	80.611
861.64	80.400
861.81	80.250
861.99	80.033
862.17	79.806
862.35	79.608
862.52	79.447
862.70	79.242
862.88	79.071
863.05	78.868
863.23	78.647
863.41	78.462
863.59	78.246
863.76	78.092
863.94	77.901
864.12	77.709
864.29	77.547
864.47	77.326
864.65	77.130
864.83	76.861
865.00	76.622
865.18	76.454
865.36	76.270
865.53	76.059
865.71	75.920
865.89	75.731
866.06	75.514
866.24	75.258
866.42	75.055
866.59	74.816
866.77	74.662
866.95	74.461
867.12	74.202
867.30	74.030
867.48	73.787
867.65	73.590
867.83	73.375
868.01	73.198
868.18	73.000
868.36	72.806
868.54	72.646
868.71	72.493
868.89	72.340
869.07	72.148
869.24	71.976
869.42	71.770
869.60	71.603
869.77	71.490
869.95	71.347
870.13	71.193
870.30	71.075
870.48	70.879
870.66	70.731
870.83	70.620
871.01	70.423
871.18	70.298
871.36	70.161
871.54	70.010
871.71	69.877
871.89	69.782
872.07	69.600
872.24	69.464
872.42	69.366
872.59	69.245
872.77	69.112
872.95	69.009
873.12	68.869
873.30	68.733
873.48	68.620
873.65	68.513
873.83	68.407
874.00	68.280
874.18	68.198
874.36	68.132
874.53	68.049
874.71	67.972
874.88	67.901
875.06	67.865
875.24	67.858
875.41	67.803
875.59	67.767
875.76	67.797
875.94	67.753
876.11	67.639
876.29	67.548
876.47	67.522
876.64	67.473
876.82	67.424
876.99	67.399
877.17	67.362
877.35	67.341
877.52	67.309
877.70	67.281
877.87	67.269
878.05	67.260
878.22	67.271
878.40	67.313
878.57	67.315
878.75	67.286
878.93	67.248
879.10	67.253
879.28	67.269
879.45	67.276
879.63	67.262
879.80	67.277
879.98	67.336
880.15	67.356
880.33	67.411
880.50	67.464
880.68	67.577
880.86	67.646
881.03	67.731
881.21	67.822
881.38	67.918
881.56	68.093
881.73	68.159
881.91	68.223
882.08	68.300
882.26	68.432
882.43	68.560
882.61	68.731
882.78	68.853
882.96	68.992
883.13	69.117
883.31	69.277
883.48	69.481
883.66	69.638
883.83	69.806
884.01	69.904
884.18	70.123
884.36	70.265
884.53	70.387
884.71	70.527
884.88	70.641
885.06	70.792
885.23	70.852
885.41	70.995
885.58	71.123
885.76	71.281
885.93	71.359
886.11	71.531
886.28	71.634
886.46	71.761
886.63	71.892
886.81	71.998
886.98	72.180
887.15	72.277
887.33	72.449
887.50	72.636
887.68	72.810
887.85	72.904
888.03	73.043
888.20	73.208
888.38	73.363
888.55	73.541
888.73	73.636
888.90	73.780
889.08	73.918
889.25	74.038
889.42	74.171
889.60	74.373
889.77	74.452
889.95	74.601
890.12	74.698
890.30	74.786
890.47	74.880
890.64	75.011
890.82	75.160
890.99	75.271
891.17	75.372
891.34	75.495
891.52	75.610
891.69	75.733
891.86	75.851
892.04	75.961
892.21	76.105
892.39	76.329
892.56	76.492
892.73	76.580
892.91	76.737
893.08	76.933
893.26	77.005
893.43	77.182
893.60	77.278
893.78	77.442
893.95	77.605
894.13	77.855
894.30	78.015
894.47	78.214
894.65	78.343
894.82	78.506
895.00	78.633
895.17	78.807
895.34	78.983
895.52	79.169
895.69	79.287
895.86	79.425
896.04	79.466
896.21	79.624
896.39	79.831
896.56	80.006
896.73	80.030
896.91	80.106
897.08	80.186
897.25	80.366
897.43	80.433
897.60	80.536
897.77	80.539
897.95	80.535
898.12	80.528
898.30	80.641
898.47	80.651
898.64	80.716
898.82	80.731
898.99	80.721
899.16	80.697
899.34	80.695
899.51	80.616
899.68	80.604
899.86	80.553
900.03	80.484
900.20	80.428
900.38	80.457
900.55	80.533
900.72	80.476
900.90	80.403
901.07	80.496
901.24	80.456
901.41	80.473
901.59	80.478
901.76	80.472
901.93	80.422
902.11	80.363
902.28	80.356
902.45	80.461
902.63	80.495
902.80	80.478
902.97	80.481
903.15	80.582
903.32	80.665
903.49	80.663
903.66	80.702
903.84	80.722
904.01	80.696
904.18	80.666
904.36	80.695
904.53	80.670
904.70	80.608
904.87	80.596
905.05	80.524
905.22	80.544
905.39	80.518
905.56	80.432
905.74	80.388
905.91	80.292
906.08	80.158
906.26	80.041
906.43	79.936
906.60	79.831
906.77	79.657
906.95	79.526
907.12	79.394
907.29	79.226
907.46	79.185
907.64	79.079
907.81	78.966
907.98	78.784
908.15	78.676
908.33	78.543
908.50	78.419
908.67	78.310
908.84	78.177
909.01	78.025
909.19	77.944
909.36	77.811
909.53	77.669
909.70	77.446
909.88	77.340
910.05	77.183
910.22	77.113
910.39	77.003
910.57	76.892
910.74	76.806
910.91	76.755
911.08	76.548
911.25	76.409
911.43	76.286
911.60	76.150
911.77	76.006
911.94	75.776
912.11	75.599
912.29	75.395
912.46	75.150
912.63	74.932
912.80	74.703
912.97	74.526
913.15	74.397
913.32	74.265
913.49	74.056
913.66	73.974
913.83	73.735
914.00	73.506
914.18	73.301
914.35	73.093
914.52	72.821
914.69	72.608
914.86	72.403
915.03	72.199
915.21	72.078
915.38	71.857
915.55	71.769
915.72	71.613
915.89	71.484
916.06	71.388
916.24	71.320
916.41	71.169
916.58	71.045
916.75	70.835
916.92	70.662
917.09	70.464
917.26	70.180
917.44	69.979
917.61	69.860
917.78	69.660
917.95	69.516
918.12	69.330
918.29	69.223
918.46	69.021
918.64	68.848
918.81	68.696
918.98	68.564
919.15	68.389
919.32	68.225
919.49	67.983
919.66	67.789
919.83	67.598
920.00	67.404
920.18	67.263
920.35	67.211
920.52	67.102
920.69	67.055
920.86	67.051
921.03	66.947
921.20	66.794
921.37	66.675
921.54	66.422
921.71	66.322
921.89	66.151
922.06	66.094
922.23	65.969
922.40	65.837
922.57	65.636
922.74	65.531
922.91	65.456
923.08	65.398
923.25	65.297
923.42	65.189
923.59	65.164
923.76	64.946
923.93	64.741
924.11	64.561
924.28	64.409
924.45	64.270
924.62	64.247
924.79	64.155
924.96	63.998
925.13	63.970
925.30	63.861
925.47	63.711
925.64	63.604
925.81	63.536
925.98	63.473
926.15	63.442
926.32	63.281
926.49	63.180
926.66	63.104
926.83	63.004
927.00	62.964
927.17	62.840
927.34	62.897
927.51	62.867
927.69	62.906
927.86	62.868
928.03	62.751
928.20	62.697
928.37	62.614
928.54	62.643
928.71	62.593
928.88	62.610
929.05	62.637
929.22	62.634
929.39	62.605
929.56	62.536
929.73	62.501
929.90	62.557
930.07	62.547
930.24	62.511
930.41	62.512
930.58	62.563
930.75	62.627
930.92	62.567
931.09	62.552
931.26	62.516
931.43	62.482
931.60	62.496
931.77	62.444
931.94	62.523
932.11	62.562
932.27	62.604
932.44	62.638
932.61	62.684
932.78	62.649
932.95	62.739
933.12	62.707
933.29	62.750
933.46	62.747
933.63	62.685
933.80	62.713
933.97	62.735
934.14	62.709
934.31	62.668
934.48	62.709
934.65	62.738
934.82	62.800
934.99	62.861
935.16	62.923
935.33	63.006
935.50	63.131
935.67	63.208
935.84	63.253
936.00	63.256
936.17	63.306
936.34	63.428
936.51	63.412
936.68	63.463
936.85	63.504
937.02	63.622
937.19	63.688
937.36	63.805
937.53	63.813
937.70	63.899
937.87	63.974
938.03	63.992
938.20	64.049
938.37	64.121
938.54	64.190
938.71	64.250
938.88	64.375
939.05	64.290
939.22	64.249
939.39	64.331
939.56	64.503
939.72	64.543
939.89	64.587
940.06	64.648
940.23	64.741
940.40	64.843
940.57	64.976
940.74	65.135
940.91	65.206
941.08	65.390
941.24	65.469
941.41	65.637
941.58	65.886
941.75	66.041
941.92	66.200
942.09	66.324
942.26	66.433
942.42	66.484
942.59	66.728
942.76	67.069
942.93	67.222
943.10	67.250
943.27	67.449
943.44	67.567
943.60	67.751
943.77	67.775
943.94	67.980
944.11	68.025
944.28	68.106
944.45	68.245
944.61	68.349
944.78	68.381
944.95	68.445
945.12	68.624
945.29	68.723
945.46	68.680
945.62	68.702
945.79	68.908
945.96	69.206
946.13	69.341
946.30	69.329
946.46	69.496
946.63	69.604
946.80	69.719
946.97	69.919
947.14	70.010
947.31	70.528
947.47	70.752
947.64	70.949
947.81	71.128
947.98	71.324
948.15	71.436
948.31	71.678
948.48	71.825
948.65	71.822
948.82	71.984
948.98	72.154
949.15	72.479
949.32	72.529
949.49	72.491
949.66	72.534
949.82	72.604
949.99	72.701
950.16	72.824
950.33	72.766
950.49	72.814
950.66	72.762
950.83	72.572
951.00	72.401
951.16	72.177
951.33	72.196
951.50	72.116
951.67	72.166
951.83	72.187
952.00	72.186
952.17	72.119
952.34	72.106
952.50	72.267
952.67	72.208
952.84	72.231
953.01	72.173
953.17	72.212
953.34	72.321
953.51	72.238
953.68	72.149
953.84	72.117
954.01	72.067
954.18	72.020
954.34	72.067
954.51	72.156
954.68	72.317
954.85	72.344
955.01	72.458
955.18	72.681
955.35	72.465
955.51	72.421
955.68	72.553
955.85	72.762
956.02	72.591
956.18	72.628
956.35	72.594
956.52	72.627
956.68	72.617
956.85	72.490
957.02	72.582
957.18	72.610
957.35	72.655
957.52	72.734
957.69	72.842
957.85	72.896
958.02	72.772
958.19	72.674
958.35	72.638
958.52	72.421
958.69	72.084
958.85	72.233
959.02	72.341
959.19	72.051
959.35	71.907
959.52	71.989
959.69	71.982
959.85	71.972
960.02	71.987
960.19	71.853
960.35	71.789
960.52	71.611
960.68	71.606
960.85	71.645
961.02	71.435
961.18	71.427
961.35	71.181
961.52	71.207
961.68	71.241
961.85	71.156
962.02	71.172
962.18	71.238
962.35	70.973
962.51	70.792
962.68	70.848
962.85	70.723
963.01	70.437
963.18	70.320
963.35	69.975
963.51	69.762
963.68	69.761
963.84	69.517
964.01	69.589
964.18	69.425
964.34	69.218
964.51	69.035
964.67	68.858
964.84	68.819
965.01	68.608
965.17	68.333
965.34	68.319
965.50	68.144
965.67	68.046
965.84	68.082
966.00	68.202
966.17	68.310
966.33	68.189
966.50	68.101
966.66	68.056
966.83	68.132
967.00	68.104
967.16	67.892
967.33	67.863
967.49	67.712
967.66	67.931
967.82	67.765
967.99	67.891
968.16	67.845
968.32	67.717
968.49	67.457
968.65	67.606
968.82	67.463
968.98	67.492
969.15	67.180
969.31	66.910
969.48	66.663
969.64	66.339
969.81	66.298
969.98	66.225
970.14	65.859
970.31	65.831
970.47	65.586
970.64	65.440
970.80	65.490
970.97	64.958
971.13	64.598
971.30	64.500
971.46	64.290
971.63	64.102
971.79	64.208
971.96	64.281
972.12	64.014
972.29	63.603
972.45	63.444
972.62	63.512
972.78	63.508
972.95	63.042
973.11	62.819
973.28	62.637
973.44	62.642
973.61	62.905
973.77	62.653
973.94	62.622
974.10	62.734
974.27	62.630
974.43	62.944
974.60	62.862
974.76	62.852
974.93	62.821
975.09	62.666
975.26	62.395
975.42	62.386
975.59	62.145
975.75	62.524
975.92	62.438
976.08	61.896
976.24	61.770
976.41	61.624
976.57	61.724
976.74	61.668
976.90	61.300
977.07	60.772
977.23	60.763
977.40	60.590
977.56	59.983
977.73	59.759
977.89	59.497
978.05	59.114
978.22	58.941
978.38	58.677
978.55	58.403
978.71	58.251
978.88	58.179
979.04	58.181
979.20	57.919
979.37	57.842
979.53	57.865
979.70	58.012
979.86	58.316
980.03	58.116
980.19	57.980
980.35	57.983
980.52	57.801
980.68	57.856
980.85	57.862
981.01	57.979
981.17	57.920
981.34	57.774
981.50	57.680
981.67	57.584
981.83	57.509
981.99	57.496
982.16	57.258
982.32	56.443
982.49	56.422
982.65	56.243
982.81	56.301
982.98	56.320
983.14	56.228
983.30	55.767
983.47	55.666
983.63	55.382
983.80	55.254
983.96	55.086
984.12	55.441
984.29	55.626
984.45	55.881
984.61	55.510
984.78	55.668
984.94	55.955
985.10	56.486
985.27	56.278
985.43	56.752
985.59	57.065
985.76	57.651
985.92	57.812
986.08	58.205
986.25	57.726
986.41	58.278
986.57	57.689
986.74	58.174
986.90	58.158
987.06	58.115
987.23	58.179
987.39	57.943
987.55	56.967
987.72	56.564
987.88	55.795
988.04	56.337
988.21	56.713
988.37	56.557
988.53	55.836
988.70	56.280
988.86	55.687
989.02	55.360
989.19	54.919
989.35	54.906
989.51	54.180
989.67	54.237
989.84	53.648
990.00	53.681
990.16	53.932
990.33	54.104
990.49	54.459
990.65	54.566
990.82	54.984
990.98	55.107
991.14	54.970
991.30	55.785
991.47	55.008
991.63	54.904
991.79	55.725
991.95	55.969
992.12	55.996
992.28	56.230
992.44	56.492
992.61	56.770
992.77	56.743
992.93	57.310
993.09	57.477
993.26	57.801
993.42	58.469
993.58	57.870
993.74	57.576
993.91	57.121
994.07	56.823
994.23	57.182
994.39	57.318
994.55	57.660
994.72	56.982
994.88	57.317
995.04	56.891
995.20	56.507
995.37	56.190
995.53	56.052
995.69	55.859
995.85	55.280
996.02	55.356
996.18	55.840
996.34	55.537
996.50	55.478
996.66	56.208
996.83	55.598
996.99	55.022
997.15	55.705
997.31	55.947
997.47	56.300
997.64	56.135
997.80	56.631
997.96	57.195
998.12	57.726
998.28	58.558
998.45	59.154
998.61	59.051
998.77	58.889
998.93	59.242
999.09	60.501
999.25	60.867
999.42	62.169
999.58	61.786
999.74	61.459
999.90	61.297
1000.06	60.588
1000.22	61.044
1000.39	61.685
1000.55	61.295
1000.71	61.848
1000.87	61.701
1001.03	61.473
1001.19	61.220
1001.36	60.517
1001.52	60.144
1001.68	59.792
1001.84	60.056
1002.00	58.989
1002.16	59.149
1002.32	58.539
1002.49	56.760
1002.65	56.549
1002.81	55.690
1002.97	55.486
1003.13	55.383
1003.29	56.419
1003.45	56.036
1003.62	56.627
1003.78	56.324
1003.94	56.603
1004.10	55.757
1004.26	55.865
1004.42	55.541
1004.58	55.542
1004.74	56.373
1004.90	57.815
1005.07	57.726
1005.23	56.663
1005.39	57.796
1005.55	58.395
1005.71	58.137
1005.87	59.543
1006.03	60.627
1006.19	60.467
1006.35	60.288
1006.51	61.307
1006.67	60.864
1006.84	61.105
1007.00	60.666
1007.16	62.194
1007.32	60.749
1007.48	61.683
1007.64	63.092
1007.80	63.277
1007.96	62.026
1008.12	62.163
1008.28	60.311
1008.44	61.168
1008.60	61.716
1008.76	60.327
1008.92	59.336
1009.09	59.171
1009.25	58.670
1009.41	57.759
1009.57	58.422
1009.73	59.346
1009.89	60.023
1010.05	61.123
1010.21	62.390
1010.37	62.263
1010.53	63.355
1010.69	65.521
1010.85	65.027
1011.01	63.565
1011.17	62.709
1011.33	64.881
1011.49	64.872
1011.65	64.760
1011.81	64.181
1011.97	64.332
1012.13	67.436
1012.29	69.044
1012.45	70.508
1012.61	73.860
1012.77	71.870
1012.93	71.176
1013.09	69.269
1013.25	69.298
1013.41	69.729
1013.57	66.971
1013.73	66.020
1013.89	62.044
1014.05	63.396
1014.21	61.847
1014.37	60.300
1014.53	59.367
1014.69	59.175
1014.85	59.639
1015.01	62.468
1015.17	64.790
1015.33	66.365
1015.49	64.336
1015.65	66.391
1015.81	67.043
1015.97	64.033
1016.13	67.530
1016.29	67.566
1016.45	68.709
1016.61	69.248
1016.77	66.547
1016.93	68.216
1017.09	68.131
1017.25	68.973
1017.41	68.260
1017.56	69.967
1017.72	77.094
1017.88	78.528
1018.04	80.571
1018.20	78.559
1018.36	77.387
1018.52	75.169
1018.68	75.468
1018.84	77.122
1019.00	74.805
1019.16	76.176
1019.32	78.704
1019.48	79.229
1019.64	81.628
1019.79	79.227
1019.95	74.923
1020.11	79.599
1020.27	78.876
1020.43	84.366
1020.59	87.304
1020.75	83.498
1020.91	87.169
1021.07	80.358
1021.23	80.876
1021.39	75.601
1021.54	81.172
1021.70	79.395
1021.86	78.478
1022.02	76.355
1022.18	73.280
1022.34	76.110
1022.50	75.282
1022.66	72.822
1022.82	72.608
1022.97	72.224
1023.13	75.557
1023.29	80.863
1023.45	78.701
1023.61	79.196
1023.77	76.937
1023.93	78.358
1024.08	79.390
1024.24	76.662
1024.40	77.249
1024.56	84.674
1024.72	86.904
1024.88	76.518
1025.04	82.025
1025.19	79.756
1025.35	76.549
1025.51	80.366
1025.67	82.765
1025.83	77.813
1025.99	79.522
1026.14	77.838
1026.30	83.215
1026.46	84.607
1026.62	79.140
1026.78	74.047
1026.94	71.030
1027.09	69.374
1027.25	65.620
1027.41	65.883
1027.57	66.558
1027.73	66.352
1027.89	61.089
1028.04	60.470
1028.20	59.431
1028.36	58.644
1028.52	58.230
1028.68	58.960
1028.83	59.013
1028.99	56.192
1029.15	57.494
1029.31	57.425
1029.47	59.347
1029.62	58.798
1029.78	58.703
1029.94	59.742
1030.10	61.383
1030.25	64.165
1030.41	67.541
1030.57	69.945
1030.73	72.113
1030.89	71.307
1031.04	73.901
1031.20	78.393
1031.36	87.263
1031.52	94.737
1031.67	97.514
1031.83	101.021
1031.99	111.721
1032.15	99.422
1032.30	110.477
1032.46	125.707
1032.62	112.804
1032.78	98.618
1032.93	111.781
1033.09	96.407
1033.25	87.478
1033.41	85.341
1033.56	80.123
1033.72	-8.186
1033.88	225.119
1034.04	56.392
1034.19	24.242
1034.35	68.086
1034.51	-22.554
1034.66	52.931
1034.82	2177.500
1034.98	2177.500
1035.14	2177.500
