345.22	38.035
345.43	38.035
345.65	38.035
345.86	54.992
346.08	130.322
346.29	-2.536
346.51	23.934
346.72	45.177
346.94	-171.026
347.15	-74.444
347.37	136.763
347.58	167.325
347.80	194.791
348.01	170.443
348.23	121.964
348.44	113.946
348.66	103.462
348.87	105.500
349.09	100.350
349.30	90.303
349.52	84.629
349.73	88.284
349.95	88.162
350.16	89.713
350.38	86.489
350.59	80.088
350.81	79.458
351.02	77.809
351.24	76.940
351.45	76.099
351.67	78.361
351.88	77.392
352.10	73.974
352.31	73.048
352.53	76.135
352.74	77.194
352.96	77.952
353.17	77.240
353.39	78.297
353.60	80.311
353.82	81.068
354.03	80.555
354.25	76.108
354.46	71.311
354.67	68.685
354.89	67.081
355.10	71.103
355.32	69.710
355.53	71.014
355.75	72.694
355.96	73.722
356.18	73.255
356.39	73.592
356.61	77.759
356.82	77.379
357.04	74.152
357.25	74.885
357.46	74.278
357.68	74.058
357.89	72.569
358.11	70.651
358.32	73.397
358.54	71.924
358.75	73.467
358.97	75.376
359.18	78.458
359.40	78.198
359.61	78.803
359.82	80.535
360.04	80.725
360.25	78.913
360.47	75.219
360.68	74.330
360.90	74.342
361.11	71.920
361.32	72.380
361.54	75.712
361.75	75.220
361.97	76.285
362.18	76.893
362.40	78.315
362.61	79.881
362.83	79.484
363.04	80.698
363.25	82.102
363.47	83.249
363.68	80.561
363.90	84.311
364.11	84.095
364.32	83.850
364.54	81.689
364.75	78.851
364.97	82.046
365.18	80.992
365.40	79.360
365.61	79.334
365.82	79.765
366.04	79.051
366.25	78.785
366.47	77.266
366.68	75.711
366.89	76.577
367.11	74.510
367.32	75.297
367.54	72.866
367.75	72.381
367.96	71.611
368.18	72.656
368.39	71.536
368.61	71.842
368.82	73.190
369.03	75.960
369.25	79.765
369.46	80.429
369.68	81.378
369.89	82.488
370.10	83.056
370.32	83.195
370.53	82.417
370.75	78.753
370.96	80.750
371.17	81.688
371.39	79.403
371.60	79.819
371.81	80.425
372.03	82.682
372.24	83.455
372.46	86.432
372.67	87.400
372.88	86.168
373.10	85.702
373.31	84.195
373.52	83.361
373.74	82.063
373.95	81.187
374.17	82.037
374.38	83.891
374.59	84.602
374.81	83.165
375.02	81.757
375.23	85.040
375.45	82.822
375.66	80.958
375.87	82.299
376.09	82.755
376.30	81.292
376.52	82.906
376.73	80.305
376.94	78.688
377.16	79.540
377.37	83.542
377.58	83.837
377.80	85.220
378.01	86.724
378.22	88.141
378.44	89.216
378.65	91.279
378.86	91.177
379.08	91.739
379.29	92.219
379.50	95.138
379.72	95.419
379.93	98.661
380.14	101.677
380.36	102.654
380.57	104.105
380.78	104.670
381.00	105.410
381.21	107.135
381.42	108.290
381.64	108.715
381.85	108.371
382.06	108.625
382.28	108.764
382.49	108.382
382.70	108.968
382.92	109.357
383.13	108.812
383.34	109.489
383.56	110.478
383.77	111.808
383.98	111.541
384.20	112.685
384.41	112.928
384.62	113.306
384.83	113.933
385.05	114.470
385.26	115.462
385.47	116.366
385.69	117.319
385.90	118.234
386.11	119.025
386.33	120.000
386.54	120.834
386.75	121.501
386.97	122.645
387.18	123.414
387.39	124.292
387.60	124.713
387.82	125.143
388.03	125.488
388.24	125.984
388.46	126.346
388.67	126.396
388.88	126.287
389.09	126.151
389.31	125.879
389.52	125.558
389.73	124.949
389.95	124.436
390.16	123.854
390.37	123.344
390.58	122.823
390.80	122.074
391.01	121.507
391.22	120.927
391.44	120.018
391.65	119.261
391.86	118.532
392.07	118.219
392.29	117.750
392.50	117.263
392.71	116.785
392.92	116.558
393.14	116.233
393.35	116.119
393.56	116.149
393.78	116.241
393.99	116.539
394.20	116.972
394.41	117.324
394.63	117.691
394.84	118.298
395.05	119.034
395.26	119.719
395.48	120.470
395.69	121.176
395.90	122.150
396.11	123.049
396.33	123.885
396.54	124.751
396.75	125.476
396.96	126.209
397.18	126.834
397.39	127.437
397.60	128.054
397.81	128.529
398.03	128.831
398.24	129.061
398.45	129.132
398.66	129.113
398.87	129.039
399.09	128.847
399.30	128.417
399.51	127.807
399.72	127.254
399.94	126.607
400.15	125.885
400.36	125.009
400.57	124.083
400.79	123.176
401.00	122.165
401.21	121.239
401.42	120.290
401.63	119.351
401.85	118.477
402.06	117.720
402.27	116.979
402.48	116.375
402.69	115.839
402.91	115.339
403.12	114.901
403.33	114.685
403.54	114.628
403.76	114.538
403.97	114.662
404.18	114.906
404.39	115.247
404.60	115.713
404.82	116.297
405.03	117.005
405.24	117.703
405.45	118.489
405.66	119.338
405.88	120.202
406.09	121.155
406.30	121.983
406.51	122.735
406.72	123.547
406.94	124.292
407.15	124.979
407.36	125.687
407.57	126.315
407.78	126.790
407.99	127.108
408.21	127.418
408.42	127.608
408.63	127.722
408.84	127.629
409.05	127.474
409.27	127.119
409.48	126.593
409.69	126.008
409.90	125.408
410.11	124.703
410.32	123.945
410.54	123.043
410.75	122.083
410.96	121.101
411.17	120.081
411.38	119.067
411.59	118.067
411.81	117.005
412.02	115.984
412.23	115.023
412.44	114.145
412.65	113.396
412.86	112.732
413.08	112.077
413.29	111.516
413.50	111.124
413.71	110.865
413.92	110.700
414.13	110.652
414.34	110.685
414.56	110.758
414.77	110.995
414.98	111.310
415.19	111.856
415.40	112.483
415.61	113.160
415.82	113.865
416.04	114.670
416.25	115.464
416.46	116.322
416.67	117.248
416.88	118.126
417.09	118.991
417.30	119.782
417.52	120.611
417.73	121.335
417.94	121.990
418.15	122.594
418.36	123.207
418.57	123.632
418.78	123.961
418.99	124.275
419.21	124.451
419.42	124.550
419.63	124.495
419.84	124.324
420.05	124.031
420.26	123.619
420.47	123.053
420.68	122.507
420.89	121.863
421.11	121.059
421.32	120.290
421.53	119.400
421.74	118.514
421.95	117.596
422.16	116.702
422.37	115.797
422.58	114.822
422.79	113.841
423.01	112.967
423.22	112.104
423.43	111.338
423.64	110.613
423.85	109.986
424.06	109.459
424.27	108.993
424.48	108.640
424.69	108.472
424.90	108.385
425.11	108.390
425.33	108.506
425.54	108.699
425.75	108.968
425.96	109.350
426.17	109.833
426.38	110.401
426.59	111.028
426.80	111.720
427.01	112.502
427.22	113.362
427.43	114.311
427.64	115.213
427.85	116.080
428.07	117.000
428.28	117.862
428.49	118.726
428.70	119.571
428.91	120.359
429.12	121.042
429.33	121.717
429.54	122.315
429.75	122.819
429.96	123.310
430.17	123.697
430.38	123.975
430.59	124.081
430.80	124.086
431.01	124.012
431.22	123.866
431.44	123.600
431.65	123.249
431.86	122.750
432.07	122.222
432.28	121.617
432.49	120.916
432.70	120.144
432.91	119.272
433.12	118.349
433.33	117.403
433.54	116.486
433.75	115.538
433.96	114.598
434.17	113.577
434.38	112.631
434.59	111.712
434.80	110.828
435.01	110.089
435.22	109.406
435.43	108.798
435.64	108.236
435.85	107.751
436.06	107.357
436.27	107.089
436.48	106.924
436.69	106.813
436.90	106.829
437.11	106.965
437.33	107.194
437.54	107.526
437.75	107.992
437.96	108.463
438.17	109.016
438.38	109.589
438.59	110.304
438.80	111.023
439.01	111.855
439.22	112.748
439.43	113.508
439.64	114.323
439.85	115.146
440.06	115.945
440.27	116.776
440.48	117.525
440.69	118.235
440.90	118.893
441.11	119.554
441.32	120.119
441.53	120.601
441.74	120.996
441.95	121.349
442.16	121.580
442.37	121.698
442.58	121.760
442.79	121.749
443.00	121.641
443.21	121.447
443.42	121.080
443.62	120.566
443.83	120.152
444.04	119.603
444.25	118.992
444.46	118.292
444.67	117.516
444.88	116.722
445.09	115.860
445.30	114.964
445.51	114.012
445.72	113.035
445.93	112.119
446.14	111.174
446.35	110.204
446.56	109.313
446.77	108.462
446.98	107.613
447.19	106.804
447.40	106.077
447.61	105.374
447.82	104.770
448.03	104.283
448.24	103.818
448.45	103.451
448.66	103.182
448.87	102.993
449.08	102.926
449.29	102.926
449.49	103.022
449.70	103.216
449.91	103.472
450.12	103.845
450.33	104.245
450.54	104.743
450.75	105.323
450.96	105.915
451.17	106.581
451.38	107.271
451.59	108.011
451.80	108.743
452.01	109.515
452.22	110.313
452.43	111.059
452.64	111.796
452.84	112.537
453.05	113.218
453.26	113.913
453.47	114.510
453.68	115.099
453.89	115.625
454.10	116.046
454.31	116.452
454.52	116.743
454.73	116.987
454.94	117.123
455.15	117.164
455.36	117.110
455.56	116.988
455.77	116.785
455.98	116.518
456.19	116.181
456.40	115.782
456.61	115.317
456.82	114.751
457.03	114.134
457.24	113.435
457.45	112.714
457.65	111.885
457.86	111.066
458.07	110.205
458.28	109.269
458.49	108.385
458.70	107.437
458.91	106.520
459.12	105.598
459.33	104.670
459.54	103.803
459.74	102.968
459.95	102.152
460.16	101.427
460.37	100.754
460.58	100.145
460.79	99.571
461.00	99.038
461.21	98.610
461.41	98.252
461.62	97.978
461.83	97.804
462.04	97.722
462.25	97.661
462.46	97.723
462.67	97.890
462.88	98.125
463.08	98.455
463.29	98.818
463.50	99.258
463.71	99.790
463.92	100.343
464.13	100.929
464.34	101.571
464.54	102.253
464.75	102.965
464.96	103.678
465.17	104.410
465.38	105.121
465.59	105.874
465.80	106.597
466.00	107.290
466.21	107.955
466.42	108.579
466.63	109.224
466.84	109.807
467.05	110.321
467.26	110.780
467.46	111.126
467.67	111.464
467.88	111.746
468.09	111.922
468.30	112.064
468.51	112.133
468.71	112.101
468.92	112.014
469.13	111.843
469.34	111.617
469.55	111.292
469.76	110.939
469.96	110.486
470.17	109.977
470.38	109.431
470.59	108.801
470.80	108.126
471.00	107.446
471.21	106.690
471.42	105.927
471.63	105.134
471.84	104.335
472.05	103.498
472.25	102.653
472.46	101.816
472.67	100.945
472.88	100.137
473.09	99.327
473.29	98.516
473.50	97.767
473.71	97.034
473.92	96.349
474.13	95.711
474.33	95.138
474.54	94.618
474.75	94.162
474.96	93.766
475.17	93.441
475.37	93.139
475.58	92.936
475.79	92.810
476.00	92.753
476.21	92.785
476.41	92.873
476.62	93.042
476.83	93.263
477.04	93.594
477.24	93.942
477.45	94.360
477.66	94.826
477.87	95.315
478.08	95.879
478.28	96.448
478.49	97.072
478.70	97.727
478.91	98.379
479.11	99.037
479.32	99.731
479.53	100.397
479.74	101.102
479.94	101.763
480.15	102.389
480.36	102.991
480.57	103.567
480.78	104.137
480.98	104.621
481.19	105.073
481.40	105.462
481.61	105.841
481.81	106.150
482.02	106.395
482.23	106.617
482.44	106.730
482.64	106.819
482.85	106.822
483.06	106.743
483.27	106.646
483.47	106.497
483.68	106.267
483.89	105.975
484.10	105.608
484.30	105.202
484.51	104.723
484.72	104.229
484.92	103.649
485.13	103.054
485.34	102.430
485.55	101.761
485.75	101.067
485.96	100.321
486.17	99.570
486.38	98.813
486.58	98.024
486.79	97.253
487.00	96.467
487.20	95.688
487.41	94.941
487.62	94.201
487.83	93.468
488.03	92.757
488.24	92.094
488.45	91.453
488.65	90.842
488.86	90.291
489.07	89.774
489.28	89.322
489.48	88.905
489.69	88.579
489.90	88.285
490.10	88.068
490.31	87.905
490.52	87.784
490.73	87.738
490.93	87.755
491.14	87.829
491.35	87.966
491.55	88.152
491.76	88.390
491.97	88.672
492.17	88.995
492.38	89.380
492.59	89.801
492.79	90.274
493.00	90.785
493.21	91.321
493.41	91.875
493.62	92.447
493.83	93.047
494.04	93.616
494.24	94.220
494.45	94.818
494.66	95.399
494.86	96.007
495.07	96.569
495.28	97.140
495.48	97.667
495.69	98.171
495.90	98.659
496.10	99.112
496.31	99.515
496.52	99.876
496.72	100.229
496.93	100.526
497.14	100.766
497.34	100.938
497.55	101.090
497.76	101.184
497.96	101.223
498.17	101.204
498.37	101.148
498.58	101.011
498.79	100.825
498.99	100.613
499.20	100.324
499.41	99.991
499.61	99.591
499.82	99.166
500.03	98.684
500.23	98.188
500.44	97.632
500.65	97.054
500.85	96.457
501.06	95.795
501.26	95.128
501.47	94.439
501.68	93.750
501.88	93.025
502.09	92.306
502.30	91.577
502.50	90.853
502.71	90.138
502.91	89.437
503.12	88.746
503.33	88.065
503.53	87.426
503.74	86.799
503.95	86.195
504.15	85.626
504.36	85.091
504.56	84.582
504.77	84.135
504.98	83.709
505.18	83.345
505.39	83.021
505.59	82.744
505.80	82.520
506.01	82.352
506.21	82.240
506.42	82.179
506.62	82.163
506.83	82.188
507.04	82.277
507.24	82.408
507.45	82.592
507.65	82.822
507.86	83.077
508.07	83.386
508.27	83.737
508.48	84.116
508.68	84.548
508.89	84.992
509.10	85.452
509.30	85.944
509.51	86.443
509.71	86.958
509.92	87.485
510.12	88.016
510.33	88.546
510.54	89.070
510.74	89.599
510.95	90.110
511.15	90.620
511.36	91.121
511.56	91.605
511.77	92.054
511.98	92.486
512.18	92.899
512.39	93.278
512.59	93.623
512.80	93.934
513.00	94.206
513.21	94.437
513.42	94.642
513.62	94.803
513.83	94.923
514.03	94.991
514.24	95.012
514.44	94.983
514.65	94.923
514.85	94.822
515.06	94.679
515.26	94.485
515.47	94.256
515.68	93.971
515.88	93.649
516.09	93.287
516.29	92.893
516.50	92.461
516.70	91.990
516.91	91.494
517.11	90.971
517.32	90.424
517.52	89.851
517.73	89.274
517.93	88.662
518.14	88.043
518.34	87.423
518.55	86.793
518.76	86.166
518.96	85.520
519.17	84.873
519.37	84.226
519.58	83.611
519.78	82.989
519.99	82.377
520.19	81.787
520.40	81.237
520.60	80.697
520.81	80.181
521.01	79.685
521.22	79.237
521.42	78.818
521.63	78.429
521.83	78.081
522.04	77.757
522.24	77.498
522.45	77.273
522.65	77.094
522.86	76.961
523.06	76.862
523.27	76.816
523.47	76.812
523.68	76.848
523.88	76.917
524.09	77.034
524.29	77.201
524.50	77.403
524.70	77.634
524.91	77.903
525.11	78.214
525.32	78.568
525.52	78.934
525.72	79.347
525.93	79.776
526.13	80.234
526.34	80.693
526.54	81.184
526.75	81.665
526.95	82.166
527.16	82.664
527.36	83.178
527.57	83.685
527.77	84.187
527.98	84.698
528.18	85.200
528.39	85.683
528.59	86.162
528.79	86.617
529.00	87.069
529.20	87.491
529.41	87.914
529.61	88.297
529.82	88.644
530.02	88.955
530.23	89.251
530.43	89.499
530.64	89.734
530.84	89.915
531.04	90.061
531.25	90.192
531.45	90.290
531.66	90.347
531.86	90.363
532.07	90.332
532.27	90.265
532.47	90.167
532.68	90.048
532.88	89.892
533.09	89.700
533.29	89.446
533.50	89.170
533.70	88.825
533.90	88.477
534.11	88.116
534.31	87.721
534.52	87.289
534.72	86.859
534.93	86.402
535.13	85.907
535.33	85.420
535.54	84.886
535.74	84.351
535.95	83.790
536.15	83.250
536.35	82.699
536.56	82.147
536.76	81.573
536.97	81.017
537.17	80.451
537.37	79.894
537.58	79.369
537.78	78.848
537.99	78.350
538.19	77.846
538.39	77.357
538.60	76.898
538.80	76.477
539.01	76.054
539.21	75.667
539.41	75.322
539.62	74.993
539.82	74.707
540.03	74.442
540.23	74.230
540.43	74.033
540.64	73.897
540.84	73.779
541.04	73.712
541.25	73.687
541.45	73.694
541.66	73.735
541.86	73.815
542.06	73.935
542.27	74.086
542.47	74.291
542.67	74.510
542.88	74.765
543.08	75.049
543.28	75.376
543.49	75.718
543.69	76.089
543.90	76.491
544.10	76.897
544.30	77.351
544.51	77.803
544.71	78.296
544.91	78.771
545.12	79.271
545.32	79.785
545.52	80.274
545.73	80.792
545.93	81.306
546.13	81.792
546.34	82.274
546.54	82.756
546.74	83.225
546.95	83.706
547.15	84.167
547.35	84.597
547.56	85.030
547.76	85.456
547.96	85.848
548.17	86.228
548.37	86.596
548.57	86.904
548.78	87.197
548.98	87.454
549.18	87.681
549.39	87.877
549.59	88.042
549.79	88.204
550.00	88.315
550.20	88.421
550.40	88.476
550.61	88.512
550.81	88.507
551.01	88.471
551.22	88.400
551.42	88.293
551.62	88.161
551.82	87.979
552.03	87.781
552.23	87.553
552.43	87.291
552.64	87.004
552.84	86.693
553.04	86.352
553.25	85.988
553.45	85.593
553.65	85.186
553.85	84.778
554.06	84.341
554.26	83.882
554.46	83.394
554.67	82.912
554.87	82.408
555.07	81.917
555.27	81.404
555.48	80.887
555.68	80.380
555.88	79.865
556.09	79.358
556.29	78.832
556.49	78.331
556.69	77.818
556.90	77.321
557.10	76.854
557.30	76.416
557.50	75.966
557.71	75.561
557.91	75.169
558.11	74.774
558.31	74.414
558.52	74.082
558.72	73.780
558.92	73.507
559.13	73.263
559.33	73.042
559.53	72.843
559.73	72.692
559.94	72.561
560.14	72.457
560.34	72.384
560.54	72.347
560.75	72.348
560.95	72.378
561.15	72.450
561.35	72.541
561.55	72.649
561.76	72.806
561.96	72.973
562.16	73.185
562.36	73.437
562.57	73.701
562.77	73.993
562.97	74.311
563.17	74.639
563.38	74.989
563.58	75.364
563.78	75.766
563.98	76.174
564.18	76.592
564.39	77.037
564.59	77.484
564.79	77.954
564.99	78.414
565.20	78.879
565.40	79.329
565.60	79.783
565.80	80.260
566.00	80.713
566.21	81.174
566.41	81.609
566.61	82.045
566.81	82.479
567.01	82.896
567.22	83.307
567.42	83.706
567.62	84.075
567.82	84.431
568.02	84.766
568.23	85.082
568.43	85.380
568.63	85.663
568.83	85.908
569.03	86.120
569.24	86.318
569.44	86.499
569.64	86.659
569.84	86.802
570.04	86.891
570.24	86.969
570.45	87.019
570.65	87.047
570.85	87.038
571.05	86.993
571.25	86.920
571.45	86.811
571.66	86.697
571.86	86.560
572.06	86.373
572.26	86.178
572.46	85.963
572.66	85.730
572.87	85.455
573.07	85.178
573.27	84.873
573.47	84.552
573.67	84.202
573.87	83.828
574.08	83.430
574.28	83.041
574.48	82.631
574.68	82.201
574.88	81.764
575.08	81.300
575.28	80.841
575.49	80.380
575.69	79.920
575.89	79.433
576.09	78.967
576.29	78.491
576.49	78.013
576.69	77.531
576.90	77.057
577.10	76.598
577.30	76.143
577.50	75.706
577.70	75.265
577.90	74.844
578.10	74.457
578.30	74.079
578.51	73.711
578.71	73.368
578.91	73.042
579.11	72.729
579.31	72.448
579.51	72.185
579.71	71.953
579.91	71.733
580.12	71.552
580.32	71.395
580.52	71.272
580.72	71.159
580.92	71.078
581.12	71.011
581.32	70.984
581.52	70.999
581.72	71.022
581.92	71.078
582.13	71.172
582.33	71.265
582.53	71.398
582.73	71.549
582.93	71.732
583.13	71.941
583.33	72.185
583.53	72.442
583.73	72.725
583.93	73.027
584.13	73.356
584.34	73.714
584.54	74.053
584.74	74.406
584.94	74.804
585.14	75.204
585.34	75.620
585.54	76.009
585.74	76.413
585.94	76.843
586.14	77.286
586.34	77.713
586.54	78.162
586.74	78.610
586.94	79.064
587.15	79.517
587.35	79.956
587.55	80.386
587.75	80.816
587.95	81.227
588.15	81.625
588.35	82.008
588.55	82.386
588.75	82.768
588.95	83.134
589.15	83.476
589.35	83.809
589.55	84.119
589.75	84.450
589.95	84.736
590.15	84.998
590.35	85.231
590.55	85.457
590.75	85.652
590.95	85.822
591.15	85.970
591.35	86.084
591.56	86.178
591.76	86.250
591.96	86.300
592.16	86.337
592.36	86.348
592.56	86.342
592.76	86.299
592.96	86.245
593.16	86.151
593.36	86.040
593.56	85.915
593.76	85.776
593.96	85.589
594.16	85.403
594.36	85.196
594.56	84.965
594.76	84.712
594.96	84.450
595.16	84.151
595.36	83.845
595.56	83.514
595.76	83.165
595.96	82.792
596.16	82.424
596.36	82.035
596.56	81.646
596.76	81.231
596.96	80.810
597.16	80.387
597.36	79.972
597.56	79.539
597.76	79.091
597.96	78.641
598.16	78.198
598.36	77.754
598.56	77.302
598.76	76.862
598.96	76.434
599.16	76.005
599.36	75.610
599.56	75.210
599.76	74.815
599.96	74.439
600.15	74.076
600.35	73.728
600.55	73.395
600.75	73.058
600.95	72.752
601.15	72.453
601.35	72.162
601.55	71.894
601.75	71.658
601.95	71.439
602.15	71.248
602.35	71.057
602.55	70.903
602.75	70.776
602.95	70.658
603.15	70.553
603.35	70.488
603.55	70.431
603.75	70.392
603.95	70.387
604.15	70.403
604.35	70.452
604.54	70.511
604.74	70.612
604.94	70.727
605.14	70.858
605.34	71.019
605.54	71.212
605.74	71.428
605.94	71.650
606.14	71.900
606.34	72.160
606.54	72.451
606.74	72.756
606.94	73.073
607.14	73.415
607.33	73.782
607.53	74.142
607.73	74.512
607.93	74.888
608.13	75.277
608.33	75.679
608.53	76.069
608.73	76.482
608.93	76.874
609.13	77.284
609.33	77.703
609.52	78.120
609.72	78.526
609.92	78.922
610.12	79.327
610.32	79.728
610.52	80.138
610.72	80.524
610.92	80.904
611.12	81.282
611.31	81.648
611.51	82.003
611.71	82.348
611.91	82.696
612.11	83.045
612.31	83.376
612.51	83.680
612.71	83.986
612.91	84.257
613.10	84.528
613.30	84.806
613.50	85.049
613.70	85.267
613.90	85.462
614.10	85.639
614.30	85.785
614.50	85.921
614.69	86.018
614.89	86.110
615.09	86.178
615.29	86.230
615.49	86.260
615.69	86.266
615.89	86.260
616.08	86.231
616.28	86.174
616.48	86.099
616.68	85.998
616.88	85.882
617.08	85.744
617.27	85.601
617.47	85.416
617.67	85.214
617.87	84.997
618.07	84.779
618.27	84.546
618.47	84.306
618.66	84.040
618.86	83.770
619.06	83.472
619.26	83.172
619.46	82.855
619.66	82.515
619.85	82.165
620.05	81.803
620.25	81.417
620.45	81.036
620.65	80.640
620.84	80.272
621.04	79.883
621.24	79.513
621.44	79.106
621.64	78.684
621.84	78.287
622.03	77.883
622.23	77.483
622.43	77.083
622.63	76.685
622.83	76.288
623.02	75.896
623.22	75.520
623.42	75.126
623.62	74.753
623.82	74.401
624.01	74.047
624.21	73.704
624.41	73.385
624.61	73.077
624.81	72.790
625.00	72.487
625.20	72.206
625.40	71.929
625.60	71.684
625.79	71.469
625.99	71.272
626.19	71.081
626.39	70.911
626.59	70.755
626.78	70.634
626.98	70.525
627.18	70.428
627.38	70.361
627.57	70.337
627.77	70.313
627.97	70.305
628.17	70.332
628.37	70.368
628.56	70.439
628.76	70.514
628.96	70.605
629.16	70.719
629.35	70.879
629.55	71.045
629.75	71.230
629.95	71.432
630.14	71.637
630.34	71.876
630.54	72.121
630.74	72.380
630.93	72.652
631.13	72.937
631.33	73.233
631.53	73.521
631.72	73.822
631.92	74.150
632.12	74.494
632.31	74.836
632.51	75.213
632.71	75.577
632.91	75.945
633.10	76.325
633.30	76.725
633.50	77.090
633.70	77.487
633.89	77.872
634.09	78.271
634.29	78.663
634.48	79.047
634.68	79.447
634.88	79.843
635.08	80.237
635.27	80.640
635.47	81.033
635.67	81.435
635.86	81.830
636.06	82.206
636.26	82.558
636.46	82.910
636.65	83.243
636.85	83.589
637.05	83.923
637.24	84.226
637.44	84.521
637.64	84.813
637.83	85.093
638.03	85.367
638.23	85.597
638.43	85.833
638.62	86.044
638.82	86.223
639.02	86.400
639.21	86.549
639.41	86.674
639.61	86.804
639.80	86.907
640.00	86.991
640.20	87.080
640.39	87.161
640.59	87.213
640.79	87.251
640.98	87.252
641.18	87.246
641.38	87.238
641.57	87.193
641.77	87.130
641.97	87.038
642.16	86.937
642.36	86.831
642.56	86.704
642.75	86.581
642.95	86.428
643.15	86.262
643.34	86.096
643.54	85.912
643.74	85.692
643.93	85.468
644.13	85.210
644.33	84.931
644.52	84.651
644.72	84.370
644.91	84.071
645.11	83.750
645.31	83.429
645.50	83.106
645.70	82.782
645.90	82.456
646.09	82.109
646.29	81.750
646.48	81.386
646.68	81.005
646.88	80.626
647.07	80.252
647.27	79.868
647.47	79.476
647.66	79.093
647.86	78.706
648.05	78.330
648.25	77.963
648.45	77.593
648.64	77.214
648.84	76.853
649.04	76.483
649.23	76.125
649.43	75.779
649.62	75.429
649.82	75.077
650.02	74.742
650.21	74.423
650.41	74.130
650.60	73.844
650.80	73.587
651.00	73.306
651.19	73.057
651.39	72.818
651.58	72.586
651.78	72.378
651.97	72.200
652.17	72.021
652.37	71.850
652.56	71.717
652.76	71.590
652.95	71.475
653.15	71.404
653.35	71.335
653.54	71.272
653.74	71.216
653.93	71.193
654.13	71.187
654.32	71.185
654.52	71.183
654.72	71.216
654.91	71.261
655.11	71.337
655.30	71.432
655.50	71.541
655.69	71.670
655.89	71.799
656.08	71.937
656.28	72.100
656.48	72.285
656.67	72.474
656.87	72.680
657.06	72.888
657.26	73.102
657.45	73.345
657.65	73.607
657.84	73.893
658.04	74.173
658.23	74.474
658.43	74.791
658.62	75.124
658.82	75.453
659.02	75.791
659.21	76.145
659.41	76.492
659.60	76.849
659.80	77.211
659.99	77.596
660.19	77.976
660.38	78.362
660.58	78.734
660.77	79.120
660.97	79.492
661.16	79.871
661.36	80.241
661.55	80.626
661.75	81.001
661.94	81.361
662.14	81.736
662.33	82.110
662.53	82.474
662.72	82.834
662.92	83.183
663.11	83.516
663.31	83.855
663.50	84.191
663.70	84.529
663.89	84.857
664.09	85.159
664.28	85.469
664.48	85.755
664.67	86.057
664.87	86.320
665.06	86.590
665.26	86.840
665.45	87.082
665.65	87.305
665.84	87.531
666.04	87.740
666.23	87.910
666.43	88.056
666.62	88.197
666.82	88.322
667.01	88.436
667.21	88.542
667.40	88.620
667.59	88.703
667.79	88.746
667.98	88.762
668.18	88.770
668.37	88.755
668.57	88.755
668.76	88.721
668.96	88.668
669.15	88.606
669.35	88.554
669.54	88.466
669.73	88.374
669.93	88.260
670.12	88.140
670.32	88.030
670.51	87.893
670.71	87.742
670.90	87.587
671.10	87.421
671.29	87.229
671.48	87.022
671.68	86.798
671.87	86.576
672.07	86.339
672.26	86.127
672.46	85.879
672.65	85.615
672.84	85.341
673.04	85.073
673.23	84.791
673.43	84.485
673.62	84.193
673.82	83.886
674.01	83.548
674.20	83.220
674.40	82.873
674.59	82.534
674.79	82.203
674.98	81.855
675.17	81.504
675.37	81.168
675.56	80.827
675.76	80.480
675.95	80.111
676.14	79.771
676.34	79.399
676.53	79.050
676.73	78.689
676.92	78.325
677.11	77.972
677.31	77.619
677.50	77.285
677.70	76.944
677.89	76.600
678.08	76.291
678.28	75.980
678.47	75.688
678.66	75.407
678.86	75.133
679.05	74.861
679.25	74.608
679.44	74.366
679.63	74.148
679.83	73.925
680.02	73.735
680.21	73.545
680.41	73.364
680.60	73.185
680.79	73.028
680.99	72.890
681.18	72.748
681.38	72.633
681.57	72.539
681.76	72.464
681.96	72.404
682.15	72.346
682.34	72.290
682.54	72.248
682.73	72.232
682.92	72.213
683.12	72.232
683.31	72.260
683.50	72.297
683.70	72.347
683.89	72.400
684.08	72.479
684.28	72.571
684.47	72.681
684.66	72.812
684.86	72.952
685.05	73.110
685.24	73.290
685.44	73.469
685.63	73.655
685.82	73.859
686.02	74.065
686.21	74.312
686.40	74.561
686.60	74.830
686.79	75.104
686.98	75.385
687.18	75.675
687.37	75.964
687.56	76.255
687.75	76.560
687.95	76.879
688.14	77.193
688.33	77.528
688.53	77.865
688.72	78.217
688.91	78.570
689.11	78.914
689.30	79.287
689.49	79.664
689.68	80.032
689.88	80.391
690.07	80.755
690.26	81.102
690.46	81.467
690.65	81.812
690.84	82.160
691.03	82.522
691.23	82.870
691.42	83.221
691.61	83.577
691.80	83.911
692.00	84.249
692.19	84.572
692.38	84.889
692.58	85.209
692.77	85.511
692.96	85.803
693.15	86.103
693.35	86.377
693.54	86.667
693.73	86.955
693.92	87.216
694.12	87.490
694.31	87.738
694.50	88.000
694.69	88.228
694.89	88.450
695.08	88.651
695.27	88.869
695.46	89.057
695.66	89.247
695.85	89.432
696.04	89.611
696.23	89.798
696.43	89.955
696.62	90.078
696.81	90.195
697.00	90.313
697.19	90.420
697.39	90.503
697.58	90.567
697.77	90.607
697.96	90.666
698.16	90.692
698.35	90.736
698.54	90.731
698.73	90.752
698.92	90.729
699.12	90.705
699.31	90.655
699.50	90.605
699.69	90.540
699.89	90.459
700.08	90.371
700.27	90.255
700.46	90.148
700.65	90.026
700.85	89.915
701.04	89.773
701.23	89.611
701.42	89.446
701.61	89.272
701.81	89.080
702.00	88.877
702.19	88.669
702.38	88.429
702.57	88.206
702.76	87.947
702.96	87.705
703.15	87.446
703.34	87.166
703.53	86.883
703.72	86.574
703.92	86.262
704.11	85.947
704.30	85.623
704.49	85.302
704.68	84.986
704.87	84.636
705.07	84.295
705.26	83.963
705.45	83.651
705.64	83.306
705.83	82.994
706.02	82.659
706.21	82.338
706.41	82.009
706.60	81.664
706.79	81.343
706.98	81.028
707.17	80.696
707.36	80.379
707.56	80.087
707.75	79.789
707.94	79.498
708.13	79.209
708.32	78.937
708.51	78.649
708.70	78.389
708.89	78.120
709.09	77.860
709.28	77.611
709.47	77.323
709.66	77.060
709.85	76.806
710.04	76.558
710.23	76.298
710.42	76.080
710.62	75.859
710.81	75.621
711.00	75.395
711.19	75.199
711.38	75.005
711.57	74.797
711.76	74.614
711.95	74.458
712.15	74.309
712.34	74.167
712.53	74.032
712.72	73.904
712.91	73.816
713.10	73.726
713.29	73.646
713.48	73.581
713.67	73.549
713.86	73.529
714.05	73.510
714.25	73.509
714.44	73.497
714.63	73.512
714.82	73.563
715.01	73.620
715.20	73.701
715.39	73.772
715.58	73.867
715.77	73.980
715.96	74.094
716.15	74.210
716.34	74.319
716.54	74.458
716.73	74.606
716.92	74.747
717.11	74.907
717.30	75.080
717.49	75.275
717.68	75.477
717.87	75.648
718.06	75.873
718.25	76.110
718.44	76.353
718.63	76.606
718.82	76.857
719.01	77.108
719.20	77.366
719.39	77.646
719.58	77.923
719.77	78.194
719.96	78.456
720.16	78.733
720.35	79.037
720.54	79.333
720.73	79.634
720.92	79.945
721.11	80.276
721.30	80.595
721.49	80.913
721.68	81.237
721.87	81.590
722.06	81.912
722.25	82.236
722.44	82.567
722.63	82.886
722.82	83.198
723.01	83.506
723.20	83.801
723.39	84.110
723.58	84.448
723.77	84.780
723.96	85.116
724.15	85.464
724.34	85.788
724.53	86.108
724.72	86.402
724.91	86.723
725.10	87.037
725.29	87.330
725.48	87.653
725.67	87.918
725.86	88.173
726.05	88.442
726.24	88.692
726.43	88.936
726.62	89.178
726.81	89.445
727.00	89.690
727.19	89.951
727.38	90.189
727.57	90.391
727.76	90.588
727.95	90.778
728.14	90.937
728.33	91.102
728.52	91.256
728.71	91.407
728.90	91.546
729.09	91.651
729.28	91.747
729.47	91.825
729.65	91.920
729.84	92.013
730.03	92.092
730.22	92.165
730.41	92.235
730.60	92.299
730.79	92.311
730.98	92.341
731.17	92.368
731.36	92.362
731.55	92.339
731.74	92.316
731.93	92.284
732.12	92.247
732.31	92.213
732.50	92.188
732.69	92.157
732.88	92.079
733.06	91.999
733.25	91.924
733.44	91.844
733.63	91.732
733.82	91.619
734.01	91.471
734.20	91.324
734.39	91.157
734.58	90.998
734.77	90.848
734.96	90.666
735.15	90.463
735.33	90.258
735.52	90.066
735.71	89.856
735.90	89.632
736.09	89.393
736.28	89.129
736.47	88.860
736.66	88.584
736.85	88.314
737.04	88.019
737.23	87.737
737.41	87.431
737.60	87.166
737.79	86.856
737.98	86.570
738.17	86.277
738.36	86.005
738.55	85.714
738.74	85.429
738.92	85.133
739.11	84.847
739.30	84.541
739.49	84.225
739.68	83.930
739.87	83.656
740.06	83.383
740.25	83.084
740.43	82.805
740.62	82.511
740.81	82.206
741.00	81.935
741.19	81.635
741.38	81.336
741.57	81.032
741.75	80.759
741.94	80.469
742.13	80.180
742.32	79.874
742.51	79.588
742.70	79.308
742.89	79.048
743.07	78.768
743.26	78.513
743.45	78.238
743.64	77.995
743.83	77.730
744.02	77.445
744.20	77.212
744.39	76.970
744.58	76.753
744.77	76.554
744.96	76.372
745.15	76.216
745.33	76.070
745.52	75.920
745.71	75.771
745.90	75.636
746.09	75.520
746.28	75.414
746.46	75.283
746.65	75.156
746.84	75.051
747.03	74.951
747.22	74.874
747.40	74.828
747.59	74.759
747.78	74.707
747.97	74.705
748.16	74.690
748.34	74.658
748.53	74.650
748.72	74.653
748.91	74.642
749.10	74.638
749.28	74.657
749.47	74.700
749.66	74.733
749.85	74.759
750.04	74.801
750.22	74.847
750.41	74.928
750.60	75.023
750.79	75.097
750.97	75.192
751.16	75.303
751.35	75.408
751.54	75.514
751.73	75.655
751.91	75.780
752.10	75.950
752.29	76.103
752.48	76.280
752.66	76.462
752.85	76.647
753.04	76.836
753.23	77.048
753.41	77.232
753.60	77.460
753.79	77.699
753.98	77.922
754.16	78.154
754.35	78.389
754.54	78.623
754.73	78.892
754.91	79.161
755.10	79.422
755.29	79.707
755.48	79.977
755.66	80.248
755.85	80.529
756.04	80.784
756.22	81.079
756.41	81.347
756.60	81.617
756.79	81.909
756.97	82.208
757.16	82.463
757.35	82.760
757.54	83.049
757.72	83.338
757.91	83.640
758.10	83.945
758.28	84.234
758.47	84.519
758.66	84.830
758.85	85.120
759.03	85.413
759.22	85.699
759.41	86.000
759.59	86.293
759.78	86.580
759.97	86.853
760.15	87.119
760.34	87.418
760.53	87.690
760.71	87.949
760.90	88.226
761.09	88.495
761.28	88.760
761.46	89.010
761.65	89.263
761.84	89.520
762.02	89.765
762.21	90.032
762.40	90.259
762.58	90.456
762.77	90.661
762.96	90.875
763.14	91.095
763.33	91.292
763.52	91.457
763.70	91.610
763.89	91.782
764.08	91.956
764.26	92.074
764.45	92.230
764.64	92.382
764.82	92.489
765.01	92.605
765.20	92.694
765.38	92.794
765.57	92.862
765.75	92.926
765.94	92.965
766.13	93.022
766.31	93.097
766.50	93.144
766.69	93.221
766.87	93.285
767.06	93.315
767.25	93.352
767.43	93.412
767.62	93.465
767.80	93.489
767.99	93.487
768.18	93.480
768.36	93.460
768.55	93.432
768.74	93.396
768.92	93.359
769.11	93.341
769.29	93.284
769.48	93.251
769.67	93.171
769.85	93.123
770.04	92.990
770.22	92.873
770.41	92.732
770.60	92.569
770.78	92.385
770.97	92.221
771.15	92.054
771.34	91.849
771.53	91.673
771.71	91.483
771.90	91.318
772.08	91.192
772.27	91.008
772.46	90.798
772.64	90.597
772.83	90.380
773.01	90.120
773.20	89.879
773.39	89.646
773.57	89.409
773.76	89.160
773.94	88.961
774.13	88.709
774.31	88.448
774.50	88.220
774.68	87.962
774.87	87.698
775.06	87.395
775.24	87.124
775.43	86.821
775.61	86.529
775.80	86.237
775.98	85.911
776.17	85.599
776.36	85.301
776.54	85.003
776.73	84.701
776.91	84.421
777.10	84.135
777.28	83.809
777.47	83.521
777.65	83.218
777.84	82.908
778.02	82.629
778.21	82.360
778.39	82.054
778.58	81.780
778.77	81.512
778.95	81.271
779.14	81.026
779.32	80.784
779.51	80.546
779.69	80.283
779.88	80.043
780.06	79.813
780.25	79.574
780.43	79.334
780.62	79.119
780.80	78.890
780.99	78.662
781.17	78.442
781.36	78.213
781.54	78.005
781.73	77.764
781.91	77.557
782.10	77.357
782.28	77.161
782.47	76.967
782.65	76.754
782.84	76.555
783.02	76.373
783.21	76.211
783.39	76.045
783.58	75.891
783.76	75.724
783.95	75.582
784.13	75.476
784.32	75.365
784.50	75.246
784.69	75.168
784.87	75.085
785.05	75.021
785.24	74.961
785.42	74.911
785.61	74.866
785.79	74.828
785.98	74.810
786.16	74.773
786.35	74.768
786.53	74.769
786.72	74.761
786.90	74.761
787.09	74.743
787.27	74.759
787.45	74.794
787.64	74.823
787.82	74.846
788.01	74.874
788.19	74.924
788.38	74.976
788.56	74.971
788.75	75.036
788.93	75.113
789.11	75.164
789.30	75.208
789.48	75.294
789.67	75.382
789.85	75.459
790.04	75.591
790.22	75.705
790.40	75.828
790.59	75.944
790.77	76.072
790.96	76.233
791.14	76.384
791.32	76.523
791.51	76.684
791.69	76.861
791.88	77.035
792.06	77.213
792.25	77.383
792.43	77.617
792.61	77.807
792.80	77.979
792.98	78.205
793.17	78.422
793.35	78.607
793.53	78.813
793.72	79.057
793.90	79.270
794.08	79.477
794.27	79.699
794.45	79.948
794.64	80.178
794.82	80.407
795.00	80.610
795.19	80.853
795.37	81.089
795.55	81.274
795.74	81.511
795.92	81.753
796.11	82.017
796.29	82.269
796.47	82.514
796.66	82.752
796.84	83.018
797.02	83.285
797.21	83.569
797.39	83.834
797.58	84.084
797.76	84.321
797.94	84.597
798.13	84.862
798.31	85.143
798.49	85.385
798.68	85.627
798.86	85.913
799.04	86.144
799.23	86.395
799.41	86.665
799.59	86.899
799.78	87.095
799.96	87.318
800.14	87.548
800.33	87.783
800.51	88.034
800.69	88.225
800.88	88.449
801.06	88.687
801.24	88.860
801.43	89.052
801.61	89.233
801.79	89.401
801.98	89.572
802.16	89.752
802.34	89.947
802.52	90.133
802.71	90.265
802.89	90.447
803.07	90.603
803.26	90.743
803.44	90.866
803.62	91.015
803.81	91.138
803.99	91.219
804.17	91.295
804.35	91.369
804.54	91.434
804.72	91.529
804.90	91.590
805.09	91.707
805.27	91.801
805.45	91.896
805.63	91.954
805.82	92.012
806.00	91.999
806.18	92.027
806.37	92.066
806.55	92.071
806.73	92.088
806.91	92.094
807.10	92.116
807.28	92.123
807.46	92.128
807.64	92.110
807.83	92.099
808.01	92.091
808.19	92.022
808.37	91.970
808.56	91.885
808.74	91.820
808.92	91.744
809.10	91.629
809.29	91.559
809.47	91.473
809.65	91.339
809.83	91.274
810.02	91.158
810.20	91.042
810.38	90.941
810.56	90.802
810.75	90.702
810.93	90.589
811.11	90.465
811.29	90.336
811.47	90.201
811.66	90.037
811.84	89.879
812.02	89.805
812.20	89.684
812.39	89.560
812.57	89.416
812.75	89.272
812.93	89.163
813.11	88.996
813.30	88.853
813.48	88.734
813.66	88.562
813.84	88.401
814.02	88.223
814.21	88.061
814.39	87.853
814.57	87.647
814.75	87.434
814.93	87.225
815.12	87.000
815.30	86.778
815.48	86.565
815.66	86.338
815.84	86.075
816.03	85.819
816.21	85.537
816.39	85.285
816.57	84.980
816.75	84.661
816.93	84.368
817.12	84.061
817.30	83.747
817.48	83.445
817.66	83.175
817.84	82.909
818.02	82.662
818.21	82.380
818.39	82.121
818.57	81.841
818.75	81.615
818.93	81.356
819.11	81.092
819.30	80.847
819.48	80.618
819.66	80.399
819.84	80.205
820.02	79.982
820.20	79.759
820.38	79.538
820.57	79.334
820.75	79.151
820.93	78.950
821.11	78.757
821.29	78.577
821.47	78.361
821.65	78.147
821.83	77.919
822.02	77.735
822.20	77.519
822.38	77.359
822.56	77.111
822.74	76.894
822.92	76.652
823.10	76.454
823.28	76.220
823.46	75.992
823.65	75.756
823.83	75.558
824.01	75.345
824.19	75.136
824.37	74.933
824.55	74.705
824.73	74.525
824.91	74.333
825.09	74.141
825.27	73.966
825.46	73.766
825.64	73.572
825.82	73.419
826.00	73.247
826.18	73.084
826.36	72.951
826.54	72.833
826.72	72.775
826.90	72.673
827.08	72.600
827.26	72.532
827.44	72.445
827.63	72.364
827.81	72.310
827.99	72.285
828.17	72.238
828.35	72.202
828.53	72.161
828.71	72.161
828.89	72.137
829.07	72.123
829.25	72.114
829.43	72.136
829.61	72.126
829.79	72.124
829.97	72.134
830.15	72.117
830.33	72.134
830.51	72.120
830.69	72.134
830.87	72.098
831.06	72.118
831.24	72.143
831.42	72.171
831.60	72.176
831.78	72.215
831.96	72.268
832.14	72.341
832.32	72.408
832.50	72.454
832.68	72.511
832.86	72.556
833.04	72.661
833.22	72.717
833.40	72.818
833.58	72.901
833.76	72.982
833.94	73.112
834.12	73.232
834.30	73.368
834.48	73.477
834.66	73.649
834.84	73.754
835.02	73.912
835.20	74.067
835.38	74.243
835.56	74.407
835.74	74.582
835.92	74.755
836.10	74.915
836.28	75.085
836.46	75.273
836.64	75.456
836.82	75.600
837.00	75.781
837.18	75.950
837.36	76.159
837.54	76.342
837.72	76.534
837.90	76.734
838.08	76.932
838.26	77.135
838.43	77.320
838.61	77.538
838.79	77.739
838.97	77.945
839.15	78.146
839.33	78.344
839.51	78.498
839.69	78.677
839.87	78.879
840.05	79.098
840.23	79.294
840.41	79.498
840.59	79.668
840.77	79.878
840.95	80.064
841.13	80.230
841.31	80.400
841.49	80.550
841.67	80.681
841.84	80.854
842.02	80.984
842.20	81.179
842.38	81.304
842.56	81.446
842.74	81.596
842.92	81.701
843.10	81.835
843.28	82.020
843.46	82.158
843.64	82.251
843.82	82.393
843.99	82.512
844.17	82.679
844.35	82.913
844.53	83.071
844.71	83.265
844.89	83.391
845.07	83.575
845.25	83.761
845.43	83.950
845.61	84.101
845.78	84.317
845.96	84.473
846.14	84.674
846.32	84.857
846.50	85.008
846.68	85.232
846.86	85.396
847.04	85.546
847.22	85.647
847.39	85.823
847.57	85.928
847.75	86.041
847.93	86.097
848.11	86.177
848.29	86.311
848.47	86.362
848.65	86.493
848.82	86.546
849.00	86.618
849.18	86.659
849.36	86.693
849.54	86.742
849.72	86.739
849.89	86.784
850.07	86.849
850.25	86.852
850.43	86.819
850.61	86.819
850.79	86.782
850.97	86.845
851.14	86.859
851.32	86.847
851.50	86.871
851.68	86.928
851.86	86.975
852.04	86.948
852.21	86.980
852.39	86.995
852.57	87.052
852.75	87.062
852.93	87.063
853.10	87.043
853.28	86.996
853.46	86.986
853.64	86.917
853.82	86.817
854.00	86.835
854.17	86.781
854.35	86.696
854.53	86.649
854.71	86.551
854.89	86.434
855.06	86.392
855.24	86.335
855.42	86.237
855.60	86.090
855.78	85.989
855.95	85.862
856.13	85.750
856.31	85.561
856.49	85.408
856.66	85.306
856.84	85.150
857.02	85.080
857.20	84.999
857.38	84.827
857.55	84.690
857.73	84.457
857.91	84.340
858.09	84.172
858.26	84.025
858.44	83.888
858.62	83.755
858.80	83.568
858.97	83.384
859.15	83.205
859.33	82.995
859.51	82.827
859.68	82.642
859.86	82.442
860.04	82.268
860.22	82.063
860.39	81.849
860.57	81.627
860.75	81.349
860.93	81.109
861.10	80.975
861.28	80.791
861.46	80.579
861.64	80.372
861.81	80.218
861.99	80.005
862.17	79.775
862.35	79.577
862.52	79.412
862.70	79.204
862.88	79.027
863.05	78.821
863.23	78.599
863.41	78.396
863.59	78.175
863.76	78.008
863.94	77.805
864.12	77.620
864.29	77.462
864.47	77.248
864.65	77.055
864.83	76.793
865.00	76.564
865.18	76.402
865.36	76.217
865.53	76.003
865.71	75.856
865.89	75.660
866.06	75.441
866.24	75.198
866.42	74.996
866.59	74.756
866.77	74.590
866.95	74.375
867.12	74.130
867.30	73.959
867.48	73.719
867.65	73.530
867.83	73.306
868.01	73.121
868.18	72.920
868.36	72.722
868.54	72.561
868.71	72.409
868.89	72.251
869.07	72.062
869.24	71.898
869.42	71.692
869.60	71.538
869.77	71.414
869.95	71.259
870.13	71.102
870.30	70.989
870.48	70.801
870.66	70.664
870.83	70.559
871.01	70.366
871.18	70.247
871.36	70.109
871.54	69.967
871.71	69.844
871.89	69.751
872.07	69.582
872.24	69.455
872.42	69.352
872.59	69.232
872.77	69.099
872.95	68.991
873.12	68.849
873.30	68.712
873.48	68.611
873.65	68.510
873.83	68.408
874.00	68.279
874.18	68.198
874.36	68.131
874.53	68.048
874.71	67.979
874.88	67.906
875.06	67.876
875.24	67.867
875.41	67.813
875.59	67.777
875.76	67.794
875.94	67.751
876.11	67.643
876.29	67.549
876.47	67.521
876.64	67.469
876.82	67.433
876.99	67.395
877.17	67.359
877.35	67.336
877.52	67.305
877.70	67.270
877.87	67.266
878.05	67.263
878.22	67.278
878.40	67.323
878.57	67.321
878.75	67.284
878.93	67.239
879.10	67.242
879.28	67.254
879.45	67.268
879.63	67.258
879.80	67.269
879.98	67.332
880.15	67.352
880.33	67.408
880.50	67.455
880.68	67.576
880.86	67.639
881.03	67.724
881.21	67.823
881.38	67.916
881.56	68.090
881.73	68.157
881.91	68.225
882.08	68.295
882.26	68.426
882.43	68.553
882.61	68.731
882.78	68.850
882.96	68.991
883.13	69.111
883.31	69.251
883.48	69.452
883.66	69.606
883.83	69.775
884.01	69.891
884.18	70.110
884.36	70.258
884.53	70.386
884.71	70.533
884.88	70.634
885.06	70.801
885.23	70.857
885.41	70.989
885.58	71.098
885.76	71.253
885.93	71.339
886.11	71.512
886.28	71.613
886.46	71.735
886.63	71.860
886.81	71.978
886.98	72.166
887.15	72.262
887.33	72.435
887.50	72.629
887.68	72.787
887.85	72.881
888.03	73.018
888.20	73.178
888.38	73.331
888.55	73.516
888.73	73.595
888.90	73.735
889.08	73.880
889.25	74.016
889.42	74.155
889.60	74.346
889.77	74.425
889.95	74.578
890.12	74.680
890.30	74.776
890.47	74.857
890.64	74.993
890.82	75.143
890.99	75.251
891.17	75.335
891.34	75.459
891.52	75.574
891.69	75.692
891.86	75.821
892.04	75.936
892.21	76.082
892.39	76.320
892.56	76.484
892.73	76.581
892.91	76.733
893.08	76.936
893.26	77.018
893.43	77.181
893.60	77.284
893.78	77.444
893.95	77.610
894.13	77.870
894.30	78.028
894.47	78.229
894.65	78.367
894.82	78.534
895.00	78.677
895.17	78.843
895.34	79.026
895.52	79.192
895.69	79.302
895.86	79.440
896.04	79.487
896.21	79.651
896.39	79.846
896.56	80.020
896.73	80.025
896.91	80.092
897.08	80.206
897.25	80.380
897.43	80.448
897.60	80.531
897.77	80.539
897.95	80.522
898.12	80.524
898.30	80.629
898.47	80.641
898.64	80.700
898.82	80.710
898.99	80.697
899.16	80.701
899.34	80.707
899.51	80.608
899.68	80.589
899.86	80.527
900.03	80.455
900.20	80.400
900.38	80.429
900.55	80.512
900.72	80.446
900.90	80.359
901.07	80.454
901.24	80.423
901.41	80.435
901.59	80.456
901.76	80.442
901.93	80.384
902.11	80.326
902.28	80.314
902.45	80.422
902.63	80.449
902.80	80.411
902.97	80.409
903.15	80.525
903.32	80.596
903.49	80.594
903.66	80.638
903.84	80.666
904.01	80.643
904.18	80.607
904.36	80.620
904.53	80.595
904.70	80.527
904.87	80.522
905.05	80.435
905.22	80.446
905.39	80.411
905.56	80.333
905.74	80.290
905.91	80.196
906.08	80.057
906.26	79.959
906.43	79.858
906.60	79.747
906.77	79.575
906.95	79.452
907.12	79.335
907.29	79.176
907.46	79.126
907.64	79.022
907.81	78.902
907.98	78.726
908.15	78.624
908.33	78.497
908.50	78.355
908.67	78.252
908.84	78.125
909.01	77.983
909.19	77.910
909.36	77.788
909.53	77.648
909.70	77.424
909.88	77.310
910.05	77.145
910.22	77.071
910.39	76.958
910.57	76.860
910.74	76.769
910.91	76.703
911.08	76.485
911.25	76.344
911.43	76.225
911.60	76.098
911.77	75.942
911.94	75.710
912.11	75.549
912.29	75.353
912.46	75.099
912.63	74.872
912.80	74.639
912.97	74.450
913.15	74.307
913.32	74.191
913.49	73.972
913.66	73.893
913.83	73.675
914.00	73.455
914.18	73.252
914.35	73.037
914.52	72.775
914.69	72.575
914.86	72.372
915.03	72.161
915.21	72.027
915.38	71.825
915.55	71.741
915.72	71.574
915.89	71.437
916.06	71.364
916.24	71.293
916.41	71.138
916.58	71.020
916.75	70.826
916.92	70.645
917.09	70.450
917.26	70.182
917.44	69.968
917.61	69.835
917.78	69.620
917.95	69.470
918.12	69.270
918.29	69.158
918.46	68.965
918.64	68.801
918.81	68.654
918.98	68.512
919.15	68.336
919.32	68.182
919.49	67.960
919.66	67.737
919.83	67.542
920.00	67.358
920.18	67.200
920.35	67.148
920.52	67.025
920.69	66.982
920.86	66.959
921.03	66.855
921.20	66.722
921.37	66.613
921.54	66.360
921.71	66.266
921.89	66.089
922.06	66.024
922.23	65.904
922.40	65.776
922.57	65.577
922.74	65.470
922.91	65.389
923.08	65.315
923.25	65.240
923.42	65.126
923.59	65.100
923.76	64.898
923.93	64.689
924.11	64.534
924.28	64.390
924.45	64.258
924.62	64.236
924.79	64.134
924.96	63.955
925.13	63.920
925.30	63.804
925.47	63.648
925.64	63.554
925.81	63.494
925.98	63.426
926.15	63.414
926.32	63.254
926.49	63.131
926.66	63.044
926.83	62.941
927.00	62.914
927.17	62.770
927.34	62.823
927.51	62.779
927.69	62.810
927.86	62.763
928.03	62.653
928.20	62.599
928.37	62.497
928.54	62.530
928.71	62.473
928.88	62.512
929.05	62.555
929.22	62.542
929.39	62.491
929.56	62.421
929.73	62.382
929.90	62.452
930.07	62.472
930.24	62.440
930.41	62.430
930.58	62.488
930.75	62.572
930.92	62.508
931.09	62.491
931.26	62.459
931.43	62.435
931.60	62.440
931.77	62.399
931.94	62.485
932.11	62.537
932.27	62.598
932.44	62.623
932.61	62.658
932.78	62.619
932.95	62.728
933.12	62.694
933.29	62.722
933.46	62.705
933.63	62.640
933.80	62.676
933.97	62.703
934.14	62.663
934.31	62.618
934.48	62.662
934.65	62.711
934.82	62.770
934.99	62.813
935.16	62.861
935.33	62.932
935.50	63.055
935.67	63.133
935.84	63.167
936.00	63.187
936.17	63.247
936.34	63.372
936.51	63.352
936.68	63.416
936.85	63.450
937.02	63.564
937.19	63.634
937.36	63.772
937.53	63.775
937.70	63.889
937.87	63.971
938.03	63.993
938.20	64.045
938.37	64.120
938.54	64.197
938.71	64.279
938.88	64.394
939.05	64.323
939.22	64.266
939.39	64.346
939.56	64.523
939.72	64.581
939.89	64.637
940.06	64.698
940.23	64.769
940.40	64.869
940.57	65.022
940.74	65.170
940.91	65.218
941.08	65.399
941.24	65.464
941.41	65.642
941.58	65.868
941.75	66.039
941.92	66.200
942.09	66.324
942.26	66.423
942.42	66.471
942.59	66.681
942.76	67.050
942.93	67.217
943.10	67.225
943.27	67.400
943.44	67.525
943.60	67.692
943.77	67.721
943.94	67.944
944.11	67.957
944.28	68.044
944.45	68.186
944.61	68.292
944.78	68.315
944.95	68.340
945.12	68.522
945.29	68.594
945.46	68.549
945.62	68.570
945.79	68.760
945.96	69.065
946.13	69.229
946.30	69.217
946.46	69.394
946.63	69.487
946.80	69.610
946.97	69.779
947.14	69.904
947.31	70.399
947.47	70.597
947.64	70.783
947.81	70.961
947.98	71.135
948.15	71.236
948.31	71.501
948.48	71.652
948.65	71.666
948.82	71.824
948.98	71.990
949.15	72.326
949.32	72.381
949.49	72.341
949.66	72.396
949.82	72.444
949.99	72.549
950.16	72.686
950.33	72.657
950.49	72.738
950.66	72.658
950.83	72.499
951.00	72.340
951.16	72.153
951.33	72.172
951.50	72.100
951.67	72.159
951.83	72.168
952.00	72.186
952.17	72.119
952.34	72.131
952.50	72.295
952.67	72.221
952.84	72.263
953.01	72.226
953.17	72.254
953.34	72.362
953.51	72.258
953.68	72.154
953.84	72.124
954.01	72.064
954.18	72.031
954.34	72.088
954.51	72.163
954.68	72.301
954.85	72.295
955.01	72.435
955.18	72.672
955.35	72.455
955.51	72.404
955.68	72.524
955.85	72.691
956.02	72.544
956.18	72.553
956.35	72.486
956.52	72.526
956.68	72.511
956.85	72.404
957.02	72.469
957.18	72.512
957.35	72.537
957.52	72.603
957.69	72.693
957.85	72.758
958.02	72.635
958.19	72.556
958.35	72.568
958.52	72.331
958.69	72.002
958.85	72.147
959.02	72.224
959.19	71.950
959.35	71.806
959.52	71.854
959.69	71.874
959.85	71.921
960.02	71.926
960.19	71.822
960.35	71.764
960.52	71.678
960.68	71.659
960.85	71.723
961.02	71.512
961.18	71.527
961.35	71.281
961.52	71.320
961.68	71.325
961.85	71.189
962.02	71.251
962.18	71.284
962.35	71.046
962.51	70.899
962.68	70.950
962.85	70.850
963.01	70.559
963.18	70.461
963.35	70.083
963.51	69.908
963.68	69.911
963.84	69.618
964.01	69.595
964.18	69.420
964.34	69.152
964.51	68.987
964.67	68.737
964.84	68.702
965.01	68.470
965.17	68.146
965.34	68.156
965.50	67.910
965.67	67.866
965.84	67.882
966.00	68.010
966.17	68.100
966.33	67.937
966.50	67.825
966.66	67.781
966.83	67.833
967.00	67.707
967.16	67.475
967.33	67.461
967.49	67.314
967.66	67.478
967.82	67.295
967.99	67.447
968.16	67.466
968.32	67.337
968.49	67.145
968.65	67.399
968.82	67.249
968.98	67.292
969.15	66.960
969.31	66.651
969.48	66.383
969.64	66.036
969.81	66.017
969.98	65.987
970.14	65.596
970.31	65.595
970.47	65.321
970.64	65.112
970.80	65.167
970.97	64.639
971.13	64.326
971.30	64.279
971.46	64.009
971.63	63.822
971.79	63.896
971.96	63.965
972.12	63.638
972.29	63.218
972.45	63.081
972.62	63.076
972.78	63.155
972.95	62.734
973.11	62.467
973.28	62.347
973.44	62.314
973.61	62.489
973.77	62.261
973.94	62.268
974.10	62.414
974.27	62.390
974.43	62.685
974.60	62.629
974.76	62.602
974.93	62.550
975.09	62.361
975.26	62.092
975.42	62.000
975.59	61.779
975.75	62.160
975.92	62.096
976.08	61.621
976.24	61.457
976.41	61.259
976.57	61.434
976.74	61.335
976.90	61.033
977.07	60.570
977.23	60.557
977.40	60.406
977.56	59.833
977.73	59.457
977.89	59.186
978.05	58.852
978.22	58.718
978.38	58.456
978.55	58.246
978.71	58.024
978.88	58.041
979.04	58.031
979.20	57.730
979.37	57.598
979.53	57.521
979.70	57.564
979.86	57.796
980.03	57.586
980.19	57.391
980.35	57.386
980.52	57.191
980.68	57.159
980.85	57.093
981.01	57.153
981.17	57.088
981.34	56.963
981.50	56.817
981.67	56.728
981.83	56.685
981.99	56.616
982.16	56.439
982.32	55.560
982.49	55.555
982.65	55.539
982.81	55.678
982.98	55.742
983.14	55.748
983.30	55.444
983.47	55.432
983.63	55.289
983.80	55.119
983.96	55.055
984.12	55.472
984.29	55.711
984.45	55.930
984.61	55.695
984.78	55.846
984.94	56.226
985.10	56.695
985.27	56.468
985.43	56.839
985.59	57.258
985.76	57.901
985.92	58.052
986.08	58.237
986.25	57.737
986.41	58.348
986.57	57.719
986.74	58.064
986.90	57.948
987.06	57.859
987.23	57.826
987.39	57.583
987.55	56.512
987.72	56.232
987.88	55.490
988.04	55.932
988.21	56.446
988.37	56.132
988.53	55.401
988.70	55.785
988.86	55.291
989.02	54.850
989.19	54.371
989.35	54.353
989.51	53.707
989.67	53.613
989.84	53.039
990.00	53.209
990.16	53.401
990.33	53.601
990.49	53.966
990.65	54.156
990.82	54.424
990.98	54.616
991.14	54.572
991.30	55.472
991.47	54.737
991.63	54.543
991.79	55.369
991.95	55.643
992.12	55.620
992.28	55.765
992.44	56.088
992.61	56.321
992.77	56.400
992.93	57.033
993.09	57.249
993.26	57.569
993.42	58.146
993.58	57.791
993.74	57.537
993.91	57.094
994.07	56.825
994.23	57.172
994.39	57.256
994.55	57.321
994.72	56.739
994.88	56.965
995.04	56.600
995.20	56.315
995.37	55.935
995.53	56.069
995.69	55.978
995.85	55.298
996.02	55.357
996.18	55.747
996.34	55.297
996.50	55.358
996.66	56.098
996.83	55.533
996.99	54.681
997.15	55.279
997.31	55.340
997.47	55.691
997.64	55.566
997.80	55.970
997.96	56.602
998.12	56.862
998.28	57.871
998.45	58.298
998.61	58.078
998.77	58.095
998.93	57.962
999.09	59.207
999.25	59.673
999.42	60.939
999.58	60.422
999.74	60.151
999.90	59.977
1000.06	59.221
1000.22	59.606
1000.39	60.490
1000.55	60.221
1000.71	60.906
1000.87	60.692
1001.03	60.276
1001.19	60.239
1001.36	59.720
1001.52	59.411
1001.68	58.919
1001.84	59.394
1002.00	58.364
1002.16	58.242
1002.32	57.839
1002.49	56.087
1002.65	55.816
1002.81	55.168
1002.97	55.199
1003.13	55.108
1003.29	56.309
1003.45	55.914
1003.62	56.531
1003.78	56.482
1003.94	56.870
1004.10	56.005
1004.26	56.368
1004.42	56.412
1004.58	56.451
1004.74	56.720
1004.90	58.224
1005.07	57.935
1005.23	56.734
1005.39	58.187
1005.55	58.787
1005.71	58.542
1005.87	59.791
1006.03	60.702
1006.19	60.563
1006.35	60.465
1006.51	61.489
1006.67	60.863
1006.84	60.535
1007.00	60.051
1007.16	61.084
1007.32	59.327
1007.48	60.040
1007.64	61.176
1007.80	61.027
1007.96	60.000
1008.12	60.498
1008.28	58.766
1008.44	60.115
1008.60	60.772
1008.76	59.402
1008.92	58.401
1009.09	58.239
1009.25	57.643
1009.41	56.844
1009.57	57.450
1009.73	57.980
1009.89	58.584
1010.05	59.195
1010.21	61.339
1010.37	60.901
1010.53	61.670
1010.69	63.660
1010.85	63.402
1011.01	62.041
1011.17	61.228
1011.33	63.429
1011.49	63.828
1011.65	63.881
1011.81	63.266
1011.97	63.699
1012.13	65.888
1012.29	67.517
1012.45	69.172
1012.61	72.675
1012.77	70.638
1012.93	70.014
1013.09	68.716
1013.25	69.143
1013.41	70.021
1013.57	66.541
1013.73	65.996
1013.89	62.737
1014.05	64.555
1014.21	62.732
1014.37	61.146
1014.53	60.164
1014.69	59.168
1014.85	59.188
1015.01	61.530
1015.17	63.660
1015.33	63.494
1015.49	62.327
1015.65	64.126
1015.81	65.044
1015.97	61.909
1016.13	65.529
1016.29	65.544
1016.45	66.437
1016.61	66.644
1016.77	64.156
1016.93	65.647
1017.09	65.103
1017.25	65.673
1017.41	64.322
1017.56	66.417
1017.72	72.735
1017.88	74.793
1018.04	76.812
1018.20	74.911
1018.36	74.476
1018.52	71.697
1018.68	73.136
1018.84	74.084
1019.00	72.242
1019.16	73.918
1019.32	76.805
1019.48	77.617
1019.64	79.417
1019.79	77.059
1019.95	73.248
1020.11	77.634
1020.27	77.531
1020.43	82.428
1020.59	85.896
1020.75	83.481
1020.91	87.046
1021.07	80.422
1021.23	79.755
1021.39	75.273
1021.54	80.096
1021.70	77.528
1021.86	76.756
1022.02	74.380
1022.18	71.924
1022.34	74.647
1022.50	72.878
1022.66	70.326
1022.82	69.241
1022.97	68.869
1023.13	72.292
1023.29	77.450
1023.45	75.346
1023.61	75.774
1023.77	74.635
1023.93	75.319
1024.08	75.575
1024.24	72.911
1024.40	72.913
1024.56	81.447
1024.72	83.418
1024.88	73.413
1025.04	77.321
1025.19	76.206
1025.35	73.452
1025.51	78.133
1025.67	80.232
1025.83	75.395
1025.99	77.942
1026.14	76.638
1026.30	83.954
1026.46	86.673
1026.62	80.710
1026.78	74.789
1026.94	71.954
1027.09	70.309
1027.25	68.057
1027.41	68.405
1027.57	67.787
1027.73	66.704
1027.89	61.337
1028.04	61.526
1028.20	60.569
1028.36	61.039
1028.52	60.153
1028.68	60.631
1028.83	60.271
1028.99	57.921
1029.15	58.984
1029.31	57.189
1029.47	58.284
1029.62	57.433
1029.78	55.794
1029.94	54.890
1030.10	57.459
1030.25	60.221
1030.41	63.278
1030.57	64.880
1030.73	68.373
1030.89	66.599
1031.04	70.130
1031.20	73.712
1031.36	80.408
1031.52	88.264
1031.67	91.311
1031.83	95.618
1031.99	106.037
1032.15	93.152
1032.30	103.394
1032.46	118.224
1032.62	112.078
1032.78	101.521
1032.93	113.846
1033.09	99.480
1033.25	93.073
1033.41	90.040
1033.56	83.110
1033.72	-42.206
1033.88	325.238
1034.04	63.797
1034.19	48.667
1034.35	73.007
1034.51	-23.822
1034.66	51.312
1034.82	2369.167
1034.98	2369.167
1035.14	2369.167
