345.22	40.250
345.43	40.250
345.65	40.250
345.86	51.483
346.08	115.739
346.29	-1.787
346.51	26.186
346.72	36.616
346.94	-241.154
347.15	-66.470
347.37	146.893
347.58	176.421
347.80	204.774
348.01	179.264
348.23	125.123
348.44	116.766
348.66	106.047
348.87	107.608
349.09	102.787
349.30	90.839
349.52	85.061
349.73	88.073
349.95	87.676
350.16	89.703
350.38	86.297
350.59	80.539
350.81	79.308
351.02	78.449
351.24	77.465
351.45	76.776
351.67	79.170
351.88	77.796
352.10	74.766
352.31	73.640
352.53	76.822
352.74	78.644
352.96	79.568
353.17	78.590
353.39	79.957
353.60	81.837
353.82	82.960
354.03	83.154
354.25	78.288
354.46	73.977
354.67	71.475
354.89	70.037
355.10	73.642
355.32	72.887
355.53	73.847
355.75	75.920
355.96	76.942
356.18	76.220
356.39	76.291
356.61	79.811
356.82	79.756
357.04	76.125
357.25	76.300
357.46	76.163
357.68	76.115
357.89	74.418
358.11	72.796
358.32	76.062
358.54	73.975
358.75	75.742
358.97	77.396
359.18	79.978
359.40	79.503
359.61	79.768
359.82	80.736
360.04	80.953
360.25	78.703
360.47	75.034
360.68	74.765
360.90	75.024
361.11	72.542
361.32	72.685
361.54	76.003
361.75	75.498
361.97	76.976
362.18	77.785
362.40	78.935
362.61	79.808
362.83	79.230
363.04	80.726
363.25	82.304
363.47	83.660
363.68	81.533
363.90	85.043
364.11	85.334
364.32	85.668
364.54	83.779
364.75	81.008
364.97	84.645
365.18	83.090
365.40	81.587
365.61	82.218
365.82	82.834
366.04	82.112
366.25	81.918
366.47	79.856
366.68	78.210
366.89	79.492
367.11	77.286
367.32	77.475
367.54	75.012
367.75	74.049
367.96	73.175
368.18	73.999
368.39	73.001
368.61	73.241
368.82	74.137
369.03	76.409
369.25	79.972
369.46	80.684
369.68	81.611
369.89	82.290
370.10	82.755
370.32	82.910
370.53	82.159
370.75	78.457
370.96	80.190
371.17	80.917
371.39	78.373
371.60	78.845
371.81	79.809
372.03	81.997
372.24	83.270
372.46	86.292
372.67	87.523
372.88	86.430
373.10	86.018
373.31	84.903
373.52	84.765
373.74	83.557
373.95	82.392
374.17	83.695
374.38	85.744
374.59	86.402
374.81	85.047
375.02	83.397
375.23	86.861
375.45	84.558
375.66	82.829
375.87	83.958
376.09	84.504
376.30	82.779
376.52	84.271
376.73	81.472
376.94	79.792
377.16	80.597
377.37	84.293
377.58	84.546
377.80	85.870
378.01	86.792
378.22	88.316
378.44	89.180
378.65	90.802
378.86	91.103
379.08	91.408
379.29	91.921
379.50	94.829
379.72	95.051
379.93	98.517
380.14	101.556
380.36	102.759
380.57	104.363
380.78	104.980
381.00	105.795
381.21	107.684
381.42	108.754
381.64	109.329
381.85	109.056
382.06	109.352
382.28	109.396
382.49	109.170
382.70	109.632
382.92	110.054
383.13	109.392
383.34	109.841
383.56	110.849
383.77	112.050
383.98	111.798
384.20	112.905
384.41	112.997
384.62	113.290
384.83	113.849
385.05	114.267
385.26	115.206
385.47	116.083
385.69	116.988
385.90	117.823
386.11	118.539
386.33	119.511
386.54	120.350
386.75	121.052
386.97	122.196
387.18	122.983
387.39	123.864
387.60	124.335
387.82	124.833
388.03	125.188
388.24	125.703
388.46	126.076
388.67	126.158
388.88	126.110
389.09	125.969
389.31	125.729
389.52	125.458
389.73	124.887
389.95	124.404
390.16	123.848
390.37	123.392
390.58	122.891
390.80	122.134
391.01	121.561
391.22	120.992
391.44	120.079
391.65	119.328
391.86	118.615
392.07	118.286
392.29	117.810
392.50	117.313
392.71	116.823
392.92	116.565
393.14	116.203
393.35	116.071
393.56	116.096
393.78	116.164
393.99	116.473
394.20	116.889
394.41	117.233
394.63	117.585
394.84	118.172
395.05	118.932
395.26	119.606
395.48	120.338
395.69	121.009
395.90	121.978
396.11	122.865
396.33	123.701
396.54	124.583
396.75	125.303
396.96	126.051
397.18	126.682
397.39	127.303
397.60	127.937
397.81	128.435
398.03	128.748
398.24	129.011
398.45	129.080
398.66	129.079
398.87	129.005
399.09	128.837
399.30	128.427
399.51	127.822
399.72	127.295
399.94	126.656
400.15	125.949
400.36	125.082
400.57	124.183
400.79	123.268
401.00	122.244
401.21	121.319
401.42	120.375
401.63	119.427
401.85	118.538
402.06	117.773
402.27	117.011
402.48	116.397
402.69	115.847
402.91	115.325
403.12	114.869
403.33	114.652
403.54	114.578
403.76	114.471
403.97	114.571
404.18	114.799
404.39	115.134
404.60	115.605
404.82	116.178
405.03	116.868
405.24	117.573
405.45	118.349
405.66	119.191
405.88	120.057
406.09	121.027
406.30	121.872
406.51	122.630
406.72	123.438
406.94	124.192
407.15	124.890
407.36	125.605
407.57	126.248
407.78	126.731
407.99	127.061
408.21	127.376
408.42	127.575
408.63	127.704
408.84	127.634
409.05	127.490
409.27	127.162
409.48	126.647
409.69	126.074
409.90	125.486
410.11	124.799
410.32	124.048
410.54	123.149
410.75	122.207
410.96	121.238
411.17	120.238
411.38	119.225
411.59	118.223
411.81	117.172
412.02	116.149
412.23	115.188
412.44	114.297
412.65	113.540
412.86	112.867
413.08	112.195
413.29	111.609
413.50	111.207
413.71	110.921
413.92	110.739
414.13	110.665
414.34	110.681
414.56	110.737
414.77	110.948
414.98	111.248
415.19	111.764
415.40	112.378
415.61	113.039
415.82	113.748
416.04	114.550
416.25	115.335
416.46	116.196
416.67	117.107
416.88	117.977
417.09	118.849
417.30	119.645
417.52	120.478
417.73	121.214
417.94	121.873
418.15	122.492
418.36	123.113
418.57	123.549
418.78	123.900
418.99	124.227
419.21	124.419
419.42	124.531
419.63	124.502
419.84	124.339
420.05	124.060
420.26	123.654
420.47	123.095
420.68	122.565
420.89	121.926
421.11	121.139
421.32	120.391
421.53	119.517
421.74	118.632
421.95	117.720
422.16	116.828
422.37	115.927
422.58	114.940
422.79	113.966
423.01	113.092
423.22	112.225
423.43	111.447
423.64	110.718
423.85	110.075
424.06	109.528
424.27	109.052
424.48	108.690
424.69	108.504
424.90	108.395
425.11	108.374
425.33	108.472
425.54	108.656
425.75	108.905
425.96	109.260
426.17	109.729
426.38	110.280
426.59	110.899
426.80	111.581
427.01	112.365
427.22	113.224
427.43	114.174
427.64	115.083
427.85	115.949
428.07	116.869
428.28	117.731
428.49	118.602
428.70	119.450
428.91	120.246
429.12	120.937
429.33	121.633
429.54	122.248
429.75	122.766
429.96	123.267
430.17	123.666
430.38	123.963
430.59	124.093
430.80	124.120
431.01	124.055
431.22	123.926
431.44	123.668
431.65	123.321
431.86	122.835
432.07	122.303
432.28	121.715
432.49	121.027
432.70	120.269
432.91	119.406
433.12	118.486
433.33	117.538
433.54	116.626
433.75	115.672
433.96	114.732
434.17	113.702
434.38	112.746
434.59	111.830
434.80	110.936
435.01	110.194
435.22	109.497
435.43	108.875
435.64	108.296
435.85	107.801
436.06	107.394
436.27	107.109
436.48	106.927
436.69	106.793
436.90	106.792
437.11	106.913
437.33	107.128
437.54	107.446
437.75	107.896
437.96	108.348
438.17	108.895
438.38	109.458
438.59	110.171
438.80	110.886
439.01	111.704
439.22	112.594
439.43	113.343
439.64	114.165
439.85	114.994
440.06	115.791
440.27	116.630
440.48	117.381
440.69	118.103
440.90	118.768
441.11	119.447
441.32	120.022
441.53	120.523
441.74	120.925
441.95	121.295
442.16	121.543
442.37	121.677
442.58	121.753
442.79	121.755
443.00	121.659
443.21	121.479
443.42	121.128
443.62	120.626
443.83	120.231
444.04	119.694
444.25	119.096
444.46	118.411
444.67	117.639
444.88	116.858
445.09	115.994
445.30	115.107
445.51	114.150
445.72	113.167
445.93	112.253
446.14	111.314
446.35	110.346
446.56	109.456
446.77	108.604
446.98	107.749
447.19	106.933
447.40	106.204
447.61	105.489
447.82	104.874
448.03	104.374
448.24	103.889
448.45	103.505
448.66	103.215
448.87	103.015
449.08	102.923
449.29	102.903
449.49	102.987
449.70	103.166
449.91	103.416
450.12	103.779
450.33	104.157
450.54	104.636
450.75	105.203
450.96	105.785
451.17	106.442
451.38	107.128
451.59	107.862
451.80	108.583
452.01	109.359
452.22	110.154
452.43	110.904
452.64	111.646
452.84	112.400
453.05	113.094
453.26	113.793
453.47	114.410
453.68	115.008
453.89	115.547
454.10	115.978
454.31	116.396
454.52	116.699
454.73	116.967
454.94	117.123
455.15	117.171
455.36	117.130
455.56	117.029
455.77	116.835
455.98	116.586
456.19	116.264
456.40	115.875
456.61	115.421
456.82	114.860
457.03	114.254
457.24	113.561
457.45	112.845
457.65	112.024
457.86	111.204
458.07	110.352
458.28	109.420
458.49	108.537
458.70	107.585
458.91	106.671
459.12	105.744
459.33	104.809
459.54	103.942
459.74	103.103
459.95	102.276
460.16	101.542
460.37	100.849
460.58	100.225
460.79	99.635
461.00	99.091
461.21	98.656
461.41	98.284
461.62	97.996
461.83	97.809
462.04	97.713
462.25	97.649
462.46	97.697
462.67	97.847
462.88	98.069
463.08	98.392
463.29	98.741
463.50	99.172
463.71	99.691
463.92	100.234
464.13	100.808
464.34	101.441
464.54	102.123
464.75	102.836
464.96	103.547
465.17	104.282
465.38	104.994
465.59	105.753
465.80	106.479
466.00	107.168
466.21	107.834
466.42	108.460
466.63	109.110
466.84	109.702
467.05	110.231
467.26	110.703
467.46	111.061
467.67	111.406
467.88	111.699
468.09	111.888
468.30	112.040
468.51	112.129
468.71	112.115
468.92	112.037
469.13	111.886
469.34	111.676
469.55	111.361
469.76	111.020
469.96	110.574
470.17	110.078
470.38	109.543
470.59	108.930
470.80	108.261
471.00	107.586
471.21	106.832
471.42	106.074
471.63	105.287
471.84	104.490
472.05	103.660
472.25	102.813
472.46	101.978
472.67	101.108
472.88	100.290
473.09	99.470
473.29	98.654
473.50	97.895
473.71	97.150
473.92	96.455
474.13	95.807
474.33	95.228
474.54	94.694
474.75	94.229
474.96	93.820
475.17	93.482
475.37	93.169
475.58	92.955
475.79	92.815
476.00	92.742
476.21	92.759
476.41	92.835
476.62	92.992
476.83	93.204
477.04	93.525
477.24	93.864
477.45	94.276
477.66	94.733
477.87	95.217
478.08	95.776
478.28	96.340
478.49	96.957
478.70	97.607
478.91	98.257
479.11	98.913
479.32	99.607
479.53	100.277
479.74	100.980
479.94	101.645
480.15	102.275
480.36	102.882
480.57	103.466
480.78	104.042
480.98	104.530
481.19	104.986
481.40	105.382
481.61	105.771
481.81	106.088
482.02	106.346
482.23	106.576
482.44	106.701
482.64	106.801
482.85	106.823
483.06	106.760
483.27	106.667
483.47	106.527
483.68	106.305
483.89	106.025
484.10	105.670
484.30	105.275
484.51	104.804
484.72	104.322
484.92	103.750
485.13	103.161
485.34	102.543
485.55	101.881
485.75	101.197
485.96	100.451
486.17	99.701
486.38	98.945
486.58	98.159
486.79	97.388
487.00	96.601
487.20	95.818
487.41	95.066
487.62	94.329
487.83	93.595
488.03	92.881
488.24	92.208
488.45	91.563
488.65	90.943
488.86	90.385
489.07	89.860
489.28	89.400
489.48	88.978
489.69	88.650
489.90	88.349
490.10	88.119
490.31	87.953
490.52	87.823
490.73	87.768
490.93	87.775
491.14	87.836
491.35	87.966
491.55	88.143
491.76	88.372
491.97	88.646
492.17	88.960
492.38	89.337
492.59	89.752
492.79	90.217
493.00	90.717
493.21	91.247
493.41	91.794
493.62	92.366
493.83	92.963
494.04	93.527
494.24	94.124
494.45	94.723
494.66	95.302
494.86	95.912
495.07	96.476
495.28	97.049
495.48	97.582
495.69	98.091
495.90	98.580
496.10	99.040
496.31	99.447
496.52	99.815
496.72	100.177
496.93	100.484
497.14	100.736
497.34	100.922
497.55	101.086
497.76	101.189
497.96	101.236
498.17	101.224
498.37	101.177
498.58	101.052
498.79	100.871
498.99	100.668
499.20	100.389
499.41	100.068
499.61	99.678
499.82	99.263
500.03	98.788
500.23	98.302
500.44	97.753
500.65	97.182
500.85	96.589
501.06	95.932
501.26	95.267
501.47	94.580
501.68	93.895
501.88	93.170
502.09	92.456
502.30	91.730
502.50	91.003
502.71	90.290
502.91	89.589
503.12	88.896
503.33	88.214
503.53	87.567
503.74	86.929
503.95	86.316
504.15	85.740
504.36	85.196
504.56	84.678
504.77	84.221
504.98	83.785
505.18	83.413
505.39	83.078
505.59	82.792
505.80	82.558
506.01	82.381
506.21	82.259
506.42	82.184
506.62	82.154
506.83	82.174
507.04	82.249
507.24	82.371
507.45	82.549
507.65	82.771
507.86	83.021
508.07	83.323
508.27	83.669
508.48	84.043
508.68	84.469
508.89	84.910
509.10	85.368
509.30	85.857
509.51	86.354
509.71	86.867
509.92	87.393
510.12	87.922
510.33	88.456
510.54	88.979
510.74	89.511
510.95	90.026
511.15	90.535
511.36	91.041
511.56	91.527
511.77	91.978
511.98	92.414
512.18	92.834
512.39	93.224
512.59	93.578
512.80	93.896
513.00	94.175
513.21	94.414
513.42	94.627
513.62	94.793
513.83	94.924
514.03	95.000
514.24	95.031
514.44	95.010
514.65	94.957
514.85	94.865
515.06	94.729
515.26	94.545
515.47	94.328
515.68	94.052
515.88	93.740
516.09	93.386
516.29	93.001
516.50	92.574
516.70	92.108
516.91	91.613
517.11	91.096
517.32	90.555
517.52	89.987
517.73	89.414
517.93	88.809
518.14	88.192
518.34	87.575
518.55	86.947
518.76	86.322
518.96	85.676
519.17	85.028
519.37	84.381
519.58	83.760
519.78	83.133
519.99	82.516
520.19	81.922
520.40	81.365
520.60	80.819
520.81	80.297
521.01	79.795
521.22	79.344
521.42	78.917
521.63	78.520
521.83	78.162
522.04	77.831
522.24	77.564
522.45	77.330
522.65	77.141
522.86	77.000
523.06	76.894
523.27	76.841
523.47	76.829
523.68	76.856
523.88	76.920
524.09	77.032
524.29	77.195
524.50	77.391
524.70	77.617
524.91	77.878
525.11	78.184
525.32	78.530
525.52	78.891
525.72	79.300
525.93	79.726
526.13	80.180
526.34	80.635
526.54	81.125
526.75	81.604
526.95	82.104
527.16	82.598
527.36	83.110
527.57	83.619
527.77	84.120
527.98	84.633
528.18	85.135
528.39	85.619
528.59	86.102
528.79	86.562
529.00	87.015
529.20	87.441
529.41	87.867
529.61	88.260
529.82	88.614
530.02	88.935
530.23	89.240
530.43	89.493
530.64	89.733
530.84	89.918
531.04	90.069
531.25	90.209
531.45	90.316
531.66	90.379
531.86	90.399
532.07	90.376
532.27	90.316
532.47	90.227
532.68	90.115
532.88	89.962
533.09	89.770
533.29	89.529
533.50	89.260
533.70	88.924
533.90	88.579
534.11	88.222
534.31	87.829
534.52	87.396
534.72	86.973
534.93	86.520
535.13	86.033
535.33	85.550
535.54	85.018
535.74	84.484
535.95	83.925
536.15	83.388
536.35	82.837
536.56	82.286
536.76	81.712
536.97	81.153
537.17	80.585
537.37	80.028
537.58	79.498
537.78	78.975
537.99	78.473
538.19	77.967
538.39	77.473
538.60	77.009
538.80	76.583
539.01	76.157
539.21	75.764
539.41	75.411
539.62	75.077
539.82	74.784
540.03	74.511
540.23	74.293
540.43	74.088
540.64	73.944
540.84	73.819
541.04	73.748
541.25	73.717
541.45	73.720
541.66	73.754
541.86	73.827
542.06	73.938
542.27	74.082
542.47	74.278
542.67	74.491
542.88	74.742
543.08	75.023
543.28	75.341
543.49	75.681
543.69	76.048
543.90	76.447
544.10	76.850
544.30	77.303
544.51	77.753
544.71	78.245
544.91	78.720
545.12	79.218
545.32	79.725
545.52	80.212
545.73	80.730
545.93	81.243
546.13	81.732
546.34	82.216
546.54	82.699
546.74	83.168
546.95	83.650
547.15	84.113
547.35	84.543
547.56	84.982
547.76	85.407
547.96	85.804
548.17	86.191
548.37	86.562
548.57	86.874
548.78	87.172
548.98	87.436
549.18	87.667
549.39	87.870
549.59	88.045
549.79	88.214
550.00	88.332
550.20	88.449
550.40	88.512
550.61	88.554
550.81	88.560
551.01	88.532
551.22	88.470
551.42	88.370
551.62	88.243
551.82	88.068
552.03	87.880
552.23	87.657
552.43	87.398
552.64	87.117
552.84	86.812
553.04	86.476
553.25	86.116
553.45	85.727
553.65	85.322
553.85	84.917
554.06	84.482
554.26	84.024
554.46	83.534
554.67	83.051
554.87	82.548
555.07	82.054
555.27	81.542
555.48	81.023
555.68	80.514
555.88	80.000
556.09	79.490
556.29	78.959
556.49	78.455
556.69	77.941
556.90	77.441
557.10	76.972
557.30	76.527
557.50	76.072
557.71	75.659
557.91	75.262
558.11	74.861
558.31	74.497
558.52	74.159
558.72	73.853
558.92	73.573
559.13	73.323
559.33	73.095
559.53	72.893
559.73	72.733
559.94	72.598
560.14	72.489
560.34	72.410
560.54	72.368
560.75	72.364
560.95	72.385
561.15	72.452
561.35	72.534
561.55	72.638
561.76	72.790
561.96	72.953
562.16	73.160
562.36	73.407
562.57	73.666
562.77	73.955
562.97	74.268
563.17	74.594
563.38	74.940
563.58	75.314
563.78	75.708
563.98	76.113
564.18	76.526
564.39	76.967
564.59	77.413
564.79	77.883
564.99	78.343
565.20	78.808
565.40	79.260
565.60	79.716
565.80	80.194
566.00	80.652
566.21	81.116
566.41	81.552
566.61	81.991
566.81	82.430
567.01	82.850
567.22	83.265
567.42	83.666
567.62	84.037
567.82	84.394
568.02	84.736
568.23	85.060
568.43	85.362
568.63	85.651
568.83	85.903
569.03	86.119
569.24	86.320
569.44	86.505
569.64	86.670
569.84	86.818
570.04	86.909
570.24	86.990
570.45	87.045
570.65	87.080
570.85	87.079
571.05	87.040
571.25	86.972
571.45	86.870
571.66	86.761
571.86	86.630
572.06	86.454
572.26	86.264
572.46	86.052
572.66	85.824
572.87	85.554
573.07	85.277
573.27	84.976
573.47	84.658
573.67	84.313
573.87	83.942
574.08	83.546
574.28	83.162
574.48	82.755
574.68	82.323
574.88	81.889
575.08	81.426
575.28	80.967
575.49	80.510
575.69	80.050
575.89	79.563
576.09	79.097
576.29	78.617
576.49	78.137
576.69	77.655
576.90	77.184
577.10	76.723
577.30	76.267
577.50	75.827
577.70	75.386
577.90	74.961
578.10	74.569
578.30	74.184
578.51	73.814
578.71	73.468
578.91	73.138
579.11	72.821
579.31	72.533
579.51	72.264
579.71	72.027
579.91	71.800
580.12	71.613
580.32	71.449
580.52	71.323
580.72	71.207
580.92	71.121
581.12	71.047
581.32	71.014
581.52	71.025
581.72	71.044
581.92	71.094
582.13	71.185
582.33	71.276
582.53	71.407
582.73	71.550
582.93	71.725
583.13	71.931
583.33	72.168
583.53	72.423
583.73	72.703
583.93	73.001
584.13	73.326
584.34	73.678
584.54	74.015
584.74	74.366
584.94	74.757
585.14	75.155
585.34	75.569
585.54	75.957
585.74	76.359
585.94	76.785
586.14	77.229
586.34	77.651
586.54	78.098
586.74	78.546
586.94	79.003
587.15	79.461
587.35	79.903
587.55	80.335
587.75	80.766
587.95	81.177
588.15	81.576
588.35	81.963
588.55	82.349
588.75	82.733
588.95	83.105
589.15	83.452
589.35	83.786
589.55	84.100
589.75	84.434
589.95	84.726
590.15	84.994
590.35	85.231
590.55	85.463
590.75	85.668
590.95	85.842
591.15	85.998
591.35	86.116
591.56	86.217
591.76	86.297
591.96	86.352
592.16	86.397
592.36	86.412
592.56	86.410
592.76	86.372
592.96	86.325
593.16	86.234
593.36	86.128
593.56	86.008
593.76	85.874
593.96	85.693
594.16	85.509
594.36	85.306
594.56	85.082
594.76	84.834
594.96	84.574
595.16	84.281
595.36	83.979
595.56	83.650
595.76	83.299
595.96	82.928
596.16	82.561
596.36	82.172
596.56	81.788
596.76	81.374
596.96	80.955
597.16	80.532
597.36	80.114
597.56	79.678
597.76	79.230
597.96	78.781
598.16	78.339
598.36	77.892
598.56	77.435
598.76	76.992
598.96	76.560
599.16	76.127
599.36	75.725
599.56	75.321
599.76	74.923
599.96	74.546
600.15	74.179
600.35	73.828
600.55	73.491
600.75	73.149
600.95	72.840
601.15	72.534
601.35	72.242
601.55	71.972
601.75	71.736
601.95	71.512
602.15	71.318
602.35	71.123
602.55	70.964
602.75	70.834
602.95	70.711
603.15	70.599
603.35	70.527
603.55	70.469
603.75	70.426
603.95	70.416
604.15	70.430
604.35	70.476
604.54	70.531
604.74	70.629
604.94	70.741
605.14	70.865
605.34	71.022
605.54	71.208
605.74	71.420
605.94	71.636
606.14	71.882
606.34	72.137
606.54	72.423
606.74	72.729
606.94	73.043
607.14	73.384
607.33	73.749
607.53	74.110
607.73	74.475
607.93	74.849
608.13	75.238
608.33	75.637
608.53	76.025
608.73	76.438
608.93	76.829
609.13	77.236
609.33	77.655
609.52	78.072
609.72	78.482
609.92	78.882
610.12	79.291
610.32	79.692
610.52	80.105
610.72	80.492
610.92	80.872
611.12	81.250
611.31	81.619
611.51	81.976
611.71	82.324
611.91	82.676
612.11	83.026
612.31	83.359
612.51	83.666
612.71	83.976
612.91	84.249
613.10	84.525
613.30	84.807
613.50	85.055
613.70	85.281
613.90	85.478
614.10	85.659
614.30	85.806
614.50	85.947
614.69	86.047
614.89	86.144
615.09	86.220
615.29	86.278
615.49	86.312
615.69	86.326
615.89	86.324
616.08	86.298
616.28	86.246
616.48	86.174
616.68	86.077
616.88	85.962
617.08	85.828
617.27	85.687
617.47	85.507
617.67	85.309
617.87	85.095
618.07	84.876
618.27	84.644
618.47	84.407
618.66	84.143
618.86	83.877
619.06	83.582
619.26	83.284
619.46	82.968
619.66	82.631
619.85	82.281
620.05	81.923
620.25	81.540
620.45	81.162
620.65	80.768
620.84	80.398
621.04	80.008
621.24	79.637
621.44	79.229
621.64	78.808
621.84	78.409
622.03	78.003
622.23	77.601
622.43	77.198
622.63	76.801
622.83	76.403
623.02	76.009
623.22	75.632
623.42	75.238
623.62	74.864
623.82	74.512
624.01	74.158
624.21	73.810
624.41	73.486
624.61	73.175
624.81	72.886
625.00	72.586
625.20	72.304
625.40	72.028
625.60	71.779
625.79	71.560
625.99	71.359
626.19	71.165
626.39	70.991
626.59	70.832
626.78	70.704
626.98	70.590
627.18	70.491
627.38	70.418
627.57	70.386
627.77	70.356
627.97	70.343
628.17	70.364
628.37	70.397
628.56	70.466
628.76	70.537
628.96	70.626
629.16	70.736
629.35	70.892
629.55	71.052
629.75	71.235
629.95	71.433
630.14	71.638
630.34	71.873
630.54	72.121
630.74	72.376
630.93	72.648
631.13	72.929
631.33	73.221
631.53	73.506
631.72	73.807
631.92	74.134
632.12	74.474
632.31	74.812
632.51	75.185
632.71	75.547
632.91	75.912
633.10	76.290
633.30	76.689
633.50	77.055
633.70	77.452
633.89	77.840
634.09	78.237
634.29	78.628
634.48	79.017
634.68	79.416
634.88	79.815
635.08	80.210
635.27	80.616
635.47	81.011
635.67	81.413
635.86	81.808
636.06	82.187
636.26	82.540
636.46	82.896
636.65	83.230
636.85	83.577
637.05	83.908
637.24	84.211
637.44	84.508
637.64	84.802
637.83	85.084
638.03	85.360
638.23	85.592
638.43	85.831
638.62	86.042
638.82	86.222
639.02	86.400
639.21	86.554
639.41	86.678
639.61	86.809
639.80	86.921
640.00	87.011
640.20	87.105
640.39	87.195
640.59	87.252
640.79	87.297
640.98	87.306
641.18	87.311
641.38	87.306
641.57	87.265
641.77	87.206
641.97	87.120
642.16	87.024
642.36	86.928
642.56	86.806
642.75	86.687
642.95	86.540
643.15	86.378
643.34	86.216
643.54	86.038
643.74	85.823
643.93	85.600
644.13	85.343
644.33	85.067
644.52	84.785
644.72	84.504
644.91	84.206
645.11	83.886
645.31	83.564
645.50	83.245
645.70	82.923
645.90	82.597
646.09	82.251
646.29	81.894
646.48	81.528
646.68	81.150
646.88	80.774
647.07	80.400
647.27	80.019
647.47	79.626
647.66	79.243
647.86	78.856
648.05	78.481
648.25	78.113
648.45	77.739
648.64	77.359
648.84	76.994
649.04	76.621
649.23	76.258
649.43	75.908
649.62	75.554
649.82	75.198
650.02	74.860
650.21	74.532
650.41	74.230
650.60	73.940
650.80	73.678
651.00	73.395
651.19	73.140
651.39	72.894
651.58	72.657
651.78	72.445
651.97	72.262
652.17	72.078
652.37	71.904
652.56	71.768
652.76	71.641
652.95	71.524
653.15	71.449
653.35	71.377
653.54	71.313
653.74	71.257
653.93	71.230
654.13	71.220
654.32	71.216
654.52	71.212
654.72	71.241
654.91	71.280
655.11	71.350
655.30	71.443
655.50	71.552
655.69	71.676
655.89	71.801
656.08	71.936
656.28	72.097
656.48	72.279
656.67	72.464
656.87	72.667
657.06	72.871
657.26	73.081
657.45	73.322
657.65	73.581
657.84	73.864
658.04	74.140
658.23	74.438
658.43	74.756
658.62	75.087
658.82	75.413
659.02	75.747
659.21	76.101
659.41	76.442
659.60	76.793
659.80	77.153
659.99	77.540
660.19	77.921
660.38	78.303
660.58	78.675
660.77	79.065
660.97	79.437
661.16	79.816
661.36	80.186
661.55	80.570
661.75	80.945
661.94	81.307
662.14	81.684
662.33	82.060
662.53	82.423
662.72	82.785
662.92	83.136
663.11	83.472
663.31	83.817
663.50	84.158
663.70	84.500
663.89	84.828
664.09	85.128
664.28	85.441
664.48	85.730
664.67	86.034
664.87	86.299
665.06	86.574
665.26	86.830
665.45	87.081
665.65	87.308
665.84	87.539
666.04	87.753
666.23	87.927
666.43	88.082
666.62	88.226
666.82	88.354
667.01	88.475
667.21	88.588
667.40	88.667
667.59	88.751
667.79	88.799
667.98	88.821
668.18	88.837
668.37	88.826
668.57	88.832
668.76	88.801
668.96	88.752
669.15	88.693
669.35	88.640
669.54	88.553
669.73	88.459
669.93	88.348
670.12	88.232
670.32	88.125
670.51	87.986
670.71	87.842
670.90	87.691
671.10	87.528
671.29	87.341
671.48	87.139
671.68	86.921
671.87	86.702
672.07	86.469
672.26	86.256
672.46	86.009
672.65	85.743
672.84	85.467
673.04	85.199
673.23	84.918
673.43	84.613
673.62	84.325
673.82	84.023
674.01	83.684
674.20	83.356
674.40	83.010
674.59	82.675
674.79	82.343
674.98	81.996
675.17	81.647
675.37	81.305
675.56	80.964
675.76	80.615
675.95	80.247
676.14	79.905
676.34	79.532
676.53	79.182
676.73	78.823
676.92	78.463
677.11	78.109
677.31	77.755
677.50	77.423
677.70	77.080
677.89	76.735
678.08	76.427
678.28	76.115
678.47	75.821
678.66	75.538
678.86	75.260
679.05	74.982
679.25	74.725
679.44	74.479
679.63	74.255
679.83	74.028
680.02	73.832
680.21	73.637
680.41	73.458
680.60	73.273
680.79	73.113
680.99	72.967
681.18	72.819
681.38	72.697
681.57	72.595
681.76	72.513
681.96	72.447
682.15	72.383
682.34	72.323
682.54	72.278
682.73	72.255
682.92	72.231
683.12	72.243
683.31	72.267
683.50	72.300
683.70	72.346
683.89	72.396
684.08	72.472
684.28	72.565
684.47	72.667
684.66	72.794
684.86	72.929
685.05	73.086
685.24	73.265
685.44	73.443
685.63	73.627
685.82	73.830
686.02	74.032
686.21	74.276
686.40	74.524
686.60	74.791
686.79	75.065
686.98	75.346
687.18	75.634
687.37	75.925
687.56	76.212
687.75	76.517
687.95	76.833
688.14	77.145
688.33	77.473
688.53	77.806
688.72	78.160
688.91	78.509
689.11	78.852
689.30	79.226
689.49	79.602
689.68	79.970
689.88	80.328
690.07	80.692
690.26	81.040
690.46	81.403
690.65	81.747
690.84	82.095
691.03	82.458
691.23	82.812
691.42	83.163
691.61	83.524
691.80	83.861
692.00	84.203
692.19	84.528
692.38	84.851
692.58	85.176
692.77	85.483
692.96	85.778
693.15	86.082
693.35	86.358
693.54	86.651
693.73	86.943
693.92	87.208
694.12	87.483
694.31	87.732
694.50	87.997
694.69	88.226
694.89	88.451
695.08	88.653
695.27	88.872
695.46	89.061
695.66	89.252
695.85	89.439
696.04	89.618
696.23	89.808
696.43	89.972
696.62	90.100
696.81	90.222
697.00	90.348
697.19	90.459
697.39	90.543
697.58	90.610
697.77	90.649
697.96	90.709
698.16	90.739
698.35	90.787
698.54	90.785
698.73	90.811
698.92	90.789
699.12	90.766
699.31	90.718
699.50	90.673
699.69	90.616
699.89	90.539
700.08	90.455
700.27	90.342
700.46	90.231
700.65	90.110
700.85	90.002
701.04	89.863
701.23	89.700
701.42	89.535
701.61	89.361
701.81	89.177
702.00	88.975
702.19	88.770
702.38	88.532
702.57	88.313
702.76	88.058
702.96	87.816
703.15	87.558
703.34	87.285
703.53	87.004
703.72	86.693
703.92	86.383
704.11	86.070
704.30	85.746
704.49	85.426
704.68	85.112
704.87	84.758
705.07	84.418
705.26	84.086
705.45	83.778
705.64	83.435
705.83	83.120
706.02	82.788
706.21	82.468
706.41	82.137
706.60	81.789
706.79	81.467
706.98	81.153
707.17	80.823
707.36	80.502
707.56	80.200
707.75	79.900
707.94	79.607
708.13	79.319
708.32	79.048
708.51	78.759
708.70	78.492
708.89	78.226
709.09	77.960
709.28	77.705
709.47	77.417
709.66	77.150
709.85	76.892
710.04	76.642
710.23	76.379
710.42	76.164
710.62	75.945
710.81	75.704
711.00	75.476
711.19	75.278
711.38	75.082
711.57	74.876
711.76	74.689
711.95	74.528
712.15	74.375
712.34	74.230
712.53	74.098
712.72	73.970
712.91	73.877
713.10	73.784
713.29	73.704
713.48	73.635
713.67	73.600
713.86	73.578
714.05	73.556
714.25	73.550
714.44	73.529
714.63	73.536
714.82	73.584
715.01	73.634
715.20	73.709
715.39	73.774
715.58	73.868
715.77	73.981
715.96	74.091
716.15	74.199
716.34	74.303
716.54	74.434
716.73	74.576
716.92	74.711
717.11	74.870
717.30	75.044
717.49	75.232
717.68	75.433
717.87	75.599
718.06	75.823
718.25	76.060
718.44	76.303
718.63	76.558
718.82	76.803
719.01	77.057
719.20	77.317
719.39	77.597
719.58	77.876
719.77	78.145
719.96	78.408
720.16	78.691
720.35	78.995
720.54	79.290
720.73	79.594
720.92	79.904
721.11	80.234
721.30	80.550
721.49	80.870
721.68	81.195
721.87	81.548
722.06	81.871
722.25	82.194
722.44	82.528
722.63	82.843
722.82	83.159
723.01	83.460
723.20	83.756
723.39	84.068
723.58	84.403
723.77	84.739
723.96	85.075
724.15	85.422
724.34	85.746
724.53	86.068
724.72	86.362
724.91	86.683
725.10	86.996
725.29	87.287
725.48	87.610
725.67	87.876
725.86	88.131
726.05	88.398
726.24	88.652
726.43	88.895
726.62	89.143
726.81	89.415
727.00	89.668
727.19	89.931
727.38	90.170
727.57	90.379
727.76	90.579
727.95	90.772
728.14	90.934
728.33	91.103
728.52	91.272
728.71	91.429
728.90	91.572
729.09	91.685
729.28	91.786
729.47	91.869
729.65	91.970
729.84	92.073
730.03	92.161
730.22	92.237
730.41	92.310
730.60	92.377
730.79	92.393
730.98	92.429
731.17	92.459
731.36	92.456
731.55	92.434
731.74	92.415
731.93	92.383
732.12	92.346
732.31	92.311
732.50	92.278
732.69	92.248
732.88	92.170
733.06	92.086
733.25	92.014
733.44	91.935
733.63	91.824
733.82	91.706
734.01	91.557
734.20	91.409
734.39	91.238
734.58	91.078
734.77	90.928
734.96	90.742
735.15	90.538
735.33	90.334
735.52	90.142
735.71	89.931
735.90	89.709
736.09	89.471
736.28	89.209
736.47	88.942
736.66	88.665
736.85	88.400
737.04	88.106
737.23	87.824
737.41	87.520
737.60	87.255
737.79	86.946
737.98	86.661
738.17	86.371
738.36	86.101
738.55	85.814
738.74	85.528
738.92	85.237
739.11	84.952
739.30	84.646
739.49	84.330
739.68	84.036
739.87	83.766
740.06	83.493
740.25	83.196
740.43	82.916
740.62	82.623
740.81	82.322
741.00	82.058
741.19	81.765
741.38	81.470
741.57	81.166
741.75	80.894
741.94	80.603
742.13	80.312
742.32	80.000
742.51	79.708
742.70	79.428
742.89	79.163
743.07	78.884
743.26	78.625
743.45	78.346
743.64	78.095
743.83	77.824
744.02	77.537
744.20	77.302
744.39	77.059
744.58	76.834
744.77	76.630
744.96	76.441
745.15	76.278
745.33	76.127
745.52	75.973
745.71	75.821
745.90	75.685
746.09	75.570
746.28	75.466
746.46	75.337
746.65	75.206
746.84	75.095
747.03	74.994
747.22	74.913
747.40	74.868
747.59	74.803
747.78	74.752
747.97	74.745
748.16	74.725
748.34	74.691
748.53	74.687
748.72	74.689
748.91	74.675
749.10	74.668
749.28	74.683
749.47	74.721
749.66	74.754
749.85	74.779
750.04	74.818
750.22	74.861
750.41	74.939
750.60	75.035
750.79	75.107
750.97	75.197
751.16	75.308
751.35	75.405
751.54	75.506
751.73	75.642
751.91	75.764
752.10	75.927
752.29	76.073
752.48	76.245
752.66	76.420
752.85	76.602
753.04	76.790
753.23	76.999
753.41	77.185
753.60	77.408
753.79	77.645
753.98	77.860
754.16	78.093
754.35	78.325
754.54	78.553
754.73	78.823
754.91	79.091
755.10	79.348
755.29	79.631
755.48	79.897
755.66	80.165
755.85	80.448
756.04	80.707
756.22	81.008
756.41	81.272
756.60	81.547
756.79	81.849
756.97	82.148
757.16	82.401
757.35	82.696
757.54	82.987
757.72	83.272
757.91	83.575
758.10	83.879
758.28	84.167
758.47	84.456
758.66	84.769
758.85	85.065
759.03	85.370
759.22	85.663
759.41	85.972
759.59	86.275
759.78	86.568
759.97	86.840
760.15	87.105
760.34	87.408
760.53	87.679
760.71	87.927
760.90	88.202
761.09	88.477
761.28	88.742
761.46	88.992
761.65	89.250
761.84	89.510
762.02	89.755
762.21	90.028
762.40	90.257
762.58	90.458
762.77	90.666
762.96	90.875
763.14	91.096
763.33	91.291
763.52	91.456
763.70	91.606
763.89	91.785
764.08	91.968
764.26	92.091
764.45	92.247
764.64	92.411
764.82	92.521
765.01	92.635
765.20	92.727
765.38	92.832
765.57	92.899
765.75	92.970
765.94	93.016
766.13	93.068
766.31	93.138
766.50	93.179
766.69	93.255
766.87	93.321
767.06	93.347
767.25	93.386
767.43	93.440
767.62	93.498
767.80	93.525
767.99	93.521
768.18	93.514
768.36	93.494
768.55	93.462
768.74	93.434
768.92	93.402
769.11	93.388
769.29	93.334
769.48	93.304
769.67	93.228
769.85	93.180
770.04	93.054
770.22	92.943
770.41	92.815
770.60	92.654
770.78	92.474
770.97	92.312
771.15	92.154
771.34	91.951
771.53	91.775
771.71	91.589
771.90	91.422
772.08	91.295
772.27	91.121
772.46	90.916
772.64	90.708
772.83	90.497
773.01	90.242
773.20	90.006
773.39	89.773
773.57	89.533
773.76	89.284
773.94	89.091
774.13	88.844
774.31	88.582
774.50	88.352
774.68	88.091
774.87	87.831
775.06	87.525
775.24	87.257
775.43	86.957
775.61	86.663
775.80	86.370
775.98	86.046
776.17	85.730
776.36	85.431
776.54	85.139
776.73	84.836
776.91	84.551
777.10	84.261
777.28	83.941
777.47	83.655
777.65	83.351
777.84	83.036
778.02	82.759
778.21	82.483
778.39	82.176
778.58	81.897
778.77	81.622
778.95	81.376
779.14	81.128
779.32	80.886
779.51	80.649
779.69	80.390
779.88	80.153
780.06	79.923
780.25	79.682
780.43	79.434
780.62	79.216
780.80	78.989
780.99	78.761
781.17	78.539
781.36	78.309
781.54	78.099
781.73	77.853
781.91	77.637
782.10	77.445
782.28	77.250
782.47	77.061
782.65	76.848
782.84	76.650
783.02	76.468
783.21	76.303
783.39	76.134
783.58	75.972
783.76	75.798
783.95	75.650
784.13	75.542
784.32	75.434
784.50	75.307
784.69	75.224
784.87	75.137
785.05	75.064
785.24	74.997
785.42	74.951
785.61	74.907
785.79	74.869
785.98	74.839
786.16	74.795
786.35	74.788
786.53	74.785
786.72	74.772
786.90	74.768
787.09	74.747
787.27	74.759
787.45	74.796
787.64	74.821
787.82	74.840
788.01	74.863
788.19	74.906
788.38	74.958
788.56	74.949
788.75	75.012
788.93	75.088
789.11	75.132
789.30	75.173
789.48	75.255
789.67	75.342
789.85	75.421
790.04	75.549
790.22	75.655
790.40	75.779
790.59	75.895
790.77	76.023
790.96	76.186
791.14	76.333
791.32	76.470
791.51	76.629
791.69	76.804
791.88	76.985
792.06	77.163
792.25	77.329
792.43	77.562
792.61	77.753
792.80	77.926
792.98	78.156
793.17	78.364
793.35	78.543
793.53	78.744
793.72	78.984
793.90	79.202
794.08	79.411
794.27	79.632
794.45	79.879
794.64	80.105
794.82	80.331
795.00	80.529
795.19	80.770
795.37	81.005
795.55	81.192
795.74	81.425
795.92	81.670
796.11	81.940
796.29	82.189
796.47	82.427
796.66	82.653
796.84	82.918
797.02	83.188
797.21	83.474
797.39	83.742
797.58	83.993
797.76	84.229
797.94	84.504
798.13	84.773
798.31	85.058
798.49	85.309
798.68	85.556
798.86	85.852
799.04	86.089
799.23	86.347
799.41	86.625
799.59	86.866
799.78	87.067
799.96	87.292
800.14	87.525
800.33	87.766
800.51	88.032
800.69	88.220
800.88	88.449
801.06	88.693
801.24	88.872
801.43	89.064
801.61	89.244
801.79	89.412
801.98	89.573
802.16	89.748
802.34	89.944
802.52	90.124
802.71	90.250
802.89	90.428
803.07	90.578
803.26	90.715
803.44	90.831
803.62	90.974
803.81	91.093
803.99	91.176
804.17	91.252
804.35	91.324
804.54	91.395
804.72	91.486
804.90	91.550
805.09	91.663
805.27	91.763
805.45	91.864
805.63	91.927
805.82	91.998
806.00	91.992
806.18	92.020
806.37	92.061
806.55	92.069
806.73	92.089
806.91	92.092
807.10	92.113
807.28	92.123
807.46	92.134
807.64	92.122
807.83	92.116
808.01	92.108
808.19	92.040
808.37	91.989
808.56	91.910
808.74	91.847
808.92	91.776
809.10	91.661
809.29	91.589
809.47	91.511
809.65	91.377
809.83	91.313
810.02	91.193
810.20	91.081
810.38	90.986
810.56	90.850
810.75	90.756
810.93	90.644
811.11	90.518
811.29	90.382
811.47	90.251
811.66	90.086
811.84	89.937
812.02	89.861
812.20	89.738
812.39	89.614
812.57	89.470
812.75	89.327
812.93	89.214
813.11	89.049
813.30	88.908
813.48	88.788
813.66	88.614
813.84	88.456
814.02	88.275
814.21	88.118
814.39	87.914
814.57	87.715
814.75	87.506
814.93	87.304
815.12	87.082
815.30	86.857
815.48	86.650
815.66	86.419
815.84	86.157
816.03	85.908
816.21	85.626
816.39	85.376
816.57	85.068
816.75	84.756
816.93	84.464
817.12	84.143
817.30	83.828
817.48	83.527
817.66	83.259
817.84	82.988
818.02	82.733
818.21	82.451
818.39	82.189
818.57	81.911
818.75	81.686
818.93	81.427
819.11	81.164
819.30	80.914
819.48	80.684
819.66	80.466
819.84	80.266
820.02	80.046
820.20	79.816
820.38	79.595
820.57	79.387
820.75	79.198
820.93	79.004
821.11	78.807
821.29	78.626
821.47	78.408
821.65	78.202
821.83	77.974
822.02	77.789
822.20	77.577
822.38	77.419
822.56	77.168
822.74	76.953
822.92	76.715
823.10	76.514
823.28	76.280
823.46	76.058
823.65	75.827
823.83	75.626
824.01	75.418
824.19	75.217
824.37	75.014
824.55	74.788
824.73	74.604
824.91	74.411
825.09	74.222
825.27	74.046
825.46	73.848
825.64	73.650
825.82	73.490
826.00	73.308
826.18	73.136
826.36	73.001
826.54	72.882
826.72	72.809
826.90	72.712
827.08	72.637
827.26	72.558
827.44	72.467
827.63	72.383
827.81	72.320
827.99	72.287
828.17	72.237
828.35	72.202
828.53	72.162
828.71	72.159
828.89	72.140
829.07	72.128
829.25	72.110
829.43	72.134
829.61	72.123
829.79	72.127
829.97	72.141
830.15	72.127
830.33	72.140
830.51	72.133
830.69	72.148
830.87	72.116
831.06	72.137
831.24	72.164
831.42	72.193
831.60	72.197
831.78	72.235
831.96	72.295
832.14	72.370
832.32	72.437
832.50	72.481
832.68	72.527
832.86	72.566
833.04	72.669
833.22	72.725
833.40	72.822
833.58	72.901
833.76	72.970
833.94	73.101
834.12	73.226
834.30	73.355
834.48	73.460
834.66	73.628
834.84	73.731
835.02	73.882
835.20	74.034
835.38	74.213
835.56	74.374
835.74	74.542
835.92	74.710
836.10	74.868
836.28	75.033
836.46	75.219
836.64	75.403
836.82	75.548
837.00	75.725
837.18	75.903
837.36	76.108
837.54	76.297
837.72	76.480
837.90	76.676
838.08	76.871
838.26	77.067
838.43	77.250
838.61	77.465
838.79	77.666
838.97	77.873
839.15	78.074
839.33	78.266
839.51	78.417
839.69	78.594
839.87	78.794
840.05	79.020
840.23	79.222
840.41	79.421
840.59	79.585
840.77	79.799
840.95	79.979
841.13	80.145
841.31	80.317
841.49	80.474
841.67	80.607
841.84	80.783
842.02	80.916
842.20	81.109
842.38	81.238
842.56	81.375
842.74	81.523
842.92	81.626
843.10	81.768
843.28	81.958
843.46	82.090
843.64	82.192
843.82	82.326
843.99	82.444
844.17	82.621
844.35	82.855
844.53	83.014
844.71	83.206
844.89	83.336
845.07	83.523
845.25	83.714
845.43	83.894
845.61	84.050
845.78	84.262
845.96	84.420
846.14	84.616
846.32	84.806
846.50	84.955
846.68	85.178
846.86	85.342
847.04	85.492
847.22	85.597
847.39	85.770
847.57	85.879
847.75	85.998
847.93	86.051
848.11	86.144
848.29	86.274
848.47	86.333
848.65	86.468
848.82	86.521
849.00	86.593
849.18	86.642
849.36	86.679
849.54	86.738
849.72	86.736
849.89	86.792
850.07	86.858
850.25	86.863
850.43	86.832
850.61	86.833
850.79	86.799
850.97	86.866
851.14	86.883
851.32	86.877
851.50	86.893
851.68	86.943
851.86	86.990
852.04	86.967
852.21	87.003
852.39	87.014
852.57	87.082
852.75	87.090
852.93	87.094
853.10	87.078
853.28	87.036
853.46	87.029
853.64	86.952
853.82	86.858
854.00	86.882
854.17	86.826
854.35	86.741
854.53	86.703
854.71	86.618
854.89	86.499
855.06	86.463
855.24	86.409
855.42	86.323
855.60	86.174
855.78	86.071
855.95	85.942
856.13	85.835
856.31	85.639
856.49	85.484
856.66	85.375
856.84	85.211
857.02	85.127
857.20	85.044
857.38	84.883
857.55	84.746
857.73	84.521
857.91	84.413
858.09	84.242
858.26	84.083
858.44	83.938
858.62	83.802
858.80	83.613
858.97	83.429
859.15	83.243
859.33	83.027
859.51	82.858
859.68	82.668
859.86	82.469
860.04	82.301
860.22	82.100
860.39	81.889
860.57	81.676
860.75	81.407
860.93	81.175
861.10	81.047
861.28	80.866
861.46	80.649
861.64	80.450
861.81	80.303
861.99	80.099
862.17	79.877
862.35	79.682
862.52	79.517
862.70	79.315
862.88	79.144
863.05	78.940
863.23	78.720
863.41	78.529
863.59	78.301
863.76	78.123
863.94	77.928
864.12	77.741
864.29	77.577
864.47	77.355
864.65	77.159
864.83	76.880
865.00	76.643
865.18	76.476
865.36	76.286
865.53	76.068
865.71	75.911
865.89	75.704
866.06	75.485
866.24	75.235
866.42	75.024
866.59	74.783
866.77	74.624
866.95	74.420
867.12	74.168
867.30	74.003
867.48	73.772
867.65	73.564
867.83	73.346
868.01	73.162
868.18	72.969
868.36	72.772
868.54	72.616
868.71	72.466
868.89	72.305
869.07	72.112
869.24	71.948
869.42	71.751
869.60	71.594
869.77	71.475
869.95	71.325
870.13	71.172
870.30	71.060
870.48	70.863
870.66	70.716
870.83	70.605
871.01	70.410
871.18	70.285
871.36	70.160
871.54	70.014
871.71	69.878
871.89	69.776
872.07	69.600
872.24	69.470
872.42	69.365
872.59	69.244
872.77	69.115
872.95	69.012
873.12	68.868
873.30	68.734
873.48	68.622
873.65	68.521
873.83	68.419
874.00	68.290
874.18	68.210
874.36	68.141
874.53	68.056
874.71	67.992
874.88	67.916
875.06	67.878
875.24	67.872
875.41	67.828
875.59	67.797
875.76	67.815
875.94	67.777
876.11	67.668
876.29	67.581
876.47	67.551
876.64	67.499
876.82	67.456
876.99	67.429
877.17	67.397
877.35	67.373
877.52	67.338
877.70	67.308
877.87	67.305
878.05	67.306
878.22	67.319
878.40	67.355
878.57	67.353
878.75	67.315
878.93	67.266
879.10	67.268
879.28	67.288
879.45	67.294
879.63	67.275
879.80	67.277
879.98	67.328
880.15	67.351
880.33	67.402
880.50	67.457
880.68	67.561
880.86	67.617
881.03	67.690
881.21	67.775
881.38	67.869
881.56	68.034
881.73	68.087
881.91	68.149
882.08	68.215
882.26	68.343
882.43	68.478
882.61	68.659
882.78	68.783
882.96	68.920
883.13	69.053
883.31	69.204
883.48	69.418
883.66	69.578
883.83	69.738
884.01	69.851
884.18	70.064
884.36	70.218
884.53	70.352
884.71	70.507
884.88	70.627
885.06	70.785
885.23	70.850
885.41	70.995
885.58	71.125
885.76	71.289
885.93	71.375
886.11	71.539
886.28	71.645
886.46	71.771
886.63	71.900
886.81	72.014
886.98	72.200
887.15	72.293
887.33	72.458
887.50	72.645
887.68	72.795
887.85	72.881
888.03	73.016
888.20	73.180
888.38	73.322
888.55	73.497
888.73	73.568
888.90	73.705
889.08	73.843
889.25	73.961
889.42	74.085
889.60	74.278
889.77	74.348
889.95	74.482
890.12	74.576
890.30	74.659
890.47	74.747
890.64	74.882
890.82	75.028
890.99	75.141
891.17	75.232
891.34	75.360
891.52	75.488
891.69	75.607
891.86	75.726
892.04	75.842
892.21	75.985
892.39	76.232
892.56	76.408
892.73	76.509
892.91	76.671
893.08	76.884
893.26	76.973
893.43	77.142
893.60	77.242
893.78	77.410
893.95	77.574
894.13	77.824
894.30	77.980
894.47	78.181
894.65	78.314
894.82	78.487
895.00	78.620
895.17	78.795
895.34	78.985
895.52	79.157
895.69	79.286
895.86	79.423
896.04	79.458
896.21	79.607
896.39	79.804
896.56	79.964
896.73	79.972
896.91	80.031
897.08	80.134
897.25	80.310
897.43	80.382
897.60	80.463
897.77	80.471
897.95	80.464
898.12	80.463
898.30	80.581
898.47	80.590
898.64	80.650
898.82	80.667
898.99	80.646
899.16	80.643
899.34	80.632
899.51	80.559
899.68	80.540
899.86	80.487
900.03	80.409
900.20	80.359
900.38	80.391
900.55	80.467
900.72	80.412
900.90	80.343
901.07	80.441
901.24	80.422
901.41	80.430
901.59	80.432
901.76	80.430
901.93	80.371
902.11	80.305
902.28	80.310
902.45	80.407
902.63	80.442
902.80	80.408
902.97	80.414
903.15	80.510
903.32	80.586
903.49	80.587
903.66	80.636
903.84	80.664
904.01	80.643
904.18	80.620
904.36	80.648
904.53	80.626
904.70	80.548
904.87	80.540
905.05	80.475
905.22	80.503
905.39	80.468
905.56	80.400
905.74	80.369
905.91	80.272
906.08	80.132
906.26	80.032
906.43	79.947
906.60	79.841
906.77	79.676
906.95	79.558
907.12	79.435
907.29	79.277
907.46	79.236
907.64	79.138
907.81	79.029
907.98	78.850
908.15	78.739
908.33	78.615
908.50	78.488
908.67	78.387
908.84	78.265
909.01	78.115
909.19	78.027
909.36	77.907
909.53	77.782
909.70	77.552
909.88	77.448
910.05	77.286
910.22	77.213
910.39	77.088
910.57	77.001
910.74	76.911
910.91	76.845
911.08	76.633
911.25	76.487
911.43	76.358
911.60	76.241
911.77	76.102
911.94	75.870
912.11	75.697
912.29	75.487
912.46	75.241
912.63	75.020
912.80	74.793
912.97	74.607
913.15	74.450
913.32	74.325
913.49	74.103
913.66	74.011
913.83	73.778
914.00	73.565
914.18	73.357
914.35	73.143
914.52	72.876
914.69	72.664
914.86	72.453
915.03	72.247
915.21	72.106
915.38	71.876
915.55	71.804
915.72	71.638
915.89	71.507
916.06	71.413
916.24	71.337
916.41	71.185
916.58	71.056
916.75	70.871
916.92	70.696
917.09	70.501
917.26	70.228
917.44	70.028
917.61	69.908
917.78	69.685
917.95	69.531
918.12	69.341
918.29	69.243
918.46	69.057
918.64	68.896
918.81	68.743
918.98	68.613
919.15	68.430
919.32	68.282
919.49	68.053
919.66	67.850
919.83	67.659
920.00	67.476
920.18	67.325
920.35	67.269
920.52	67.154
920.69	67.085
920.86	67.064
921.03	66.967
921.20	66.819
921.37	66.712
921.54	66.479
921.71	66.395
921.89	66.223
922.06	66.157
922.23	66.036
922.40	65.910
922.57	65.707
922.74	65.584
922.91	65.505
923.08	65.439
923.25	65.332
923.42	65.227
923.59	65.196
923.76	64.984
923.93	64.768
924.11	64.611
924.28	64.487
924.45	64.356
924.62	64.325
924.79	64.228
924.96	64.057
925.13	64.017
925.30	63.890
925.47	63.736
925.64	63.632
925.81	63.545
925.98	63.465
926.15	63.438
926.32	63.280
926.49	63.175
926.66	63.084
926.83	62.978
927.00	62.945
927.17	62.805
927.34	62.857
927.51	62.828
927.69	62.847
927.86	62.810
928.03	62.705
928.20	62.654
928.37	62.554
928.54	62.584
928.71	62.550
928.88	62.579
929.05	62.608
929.22	62.596
929.39	62.566
929.56	62.497
929.73	62.461
929.90	62.528
930.07	62.509
930.24	62.469
930.41	62.503
930.58	62.553
930.75	62.622
930.92	62.562
931.09	62.535
931.26	62.508
931.43	62.465
931.60	62.467
931.77	62.412
931.94	62.477
932.11	62.520
932.27	62.537
932.44	62.571
932.61	62.607
932.78	62.573
932.95	62.681
933.12	62.667
933.29	62.705
933.46	62.696
933.63	62.643
933.80	62.657
933.97	62.650
934.14	62.632
934.31	62.583
934.48	62.629
934.65	62.665
934.82	62.732
934.99	62.770
935.16	62.815
935.33	62.889
935.50	63.019
935.67	63.099
935.84	63.141
936.00	63.142
936.17	63.197
936.34	63.319
936.51	63.284
936.68	63.317
936.85	63.364
937.02	63.474
937.19	63.536
937.36	63.710
937.53	63.728
937.70	63.811
937.87	63.911
938.03	63.937
938.20	63.992
938.37	64.067
938.54	64.144
938.71	64.224
938.88	64.349
939.05	64.278
939.22	64.226
939.39	64.322
939.56	64.495
939.72	64.546
939.89	64.579
940.06	64.645
940.23	64.742
940.40	64.833
940.57	64.976
940.74	65.140
940.91	65.183
941.08	65.383
941.24	65.460
941.41	65.620
941.58	65.856
941.75	66.020
941.92	66.176
942.09	66.298
942.26	66.387
942.42	66.435
942.59	66.677
942.76	67.035
942.93	67.207
943.10	67.224
943.27	67.411
943.44	67.565
943.60	67.746
943.77	67.775
943.94	67.995
944.11	68.033
944.28	68.096
944.45	68.231
944.61	68.304
944.78	68.346
944.95	68.394
945.12	68.582
945.29	68.664
945.46	68.620
945.62	68.665
945.79	68.854
945.96	69.170
946.13	69.315
946.30	69.319
946.46	69.465
946.63	69.584
946.80	69.709
946.97	69.858
947.14	69.959
947.31	70.455
947.47	70.657
947.64	70.849
947.81	71.026
947.98	71.226
948.15	71.336
948.31	71.575
948.48	71.717
948.65	71.716
948.82	71.880
948.98	72.059
949.15	72.372
949.32	72.455
949.49	72.432
949.66	72.501
949.82	72.540
949.99	72.645
950.16	72.741
950.33	72.710
950.49	72.783
950.66	72.740
950.83	72.586
951.00	72.415
951.16	72.197
951.33	72.224
951.50	72.128
951.67	72.204
951.83	72.236
952.00	72.239
952.17	72.170
952.34	72.173
952.50	72.316
952.67	72.254
952.84	72.311
953.01	72.239
953.17	72.257
953.34	72.386
953.51	72.317
953.68	72.253
953.84	72.210
954.01	72.170
954.18	72.154
954.34	72.192
954.51	72.295
954.68	72.481
954.85	72.482
955.01	72.619
955.18	72.823
955.35	72.570
955.51	72.541
955.68	72.656
955.85	72.839
956.02	72.681
956.18	72.699
956.35	72.639
956.52	72.706
956.68	72.698
956.85	72.566
957.02	72.661
957.18	72.699
957.35	72.718
957.52	72.813
957.69	72.897
957.85	72.935
958.02	72.780
958.19	72.656
958.35	72.634
958.52	72.403
958.69	72.081
958.85	72.232
959.02	72.303
959.19	72.087
959.35	71.983
959.52	72.046
959.69	72.064
959.85	72.071
960.02	72.052
960.19	71.935
960.35	71.862
960.52	71.733
960.68	71.688
960.85	71.768
961.02	71.501
961.18	71.456
961.35	71.254
961.52	71.308
961.68	71.314
961.85	71.222
962.02	71.272
962.18	71.285
962.35	71.078
962.51	70.942
962.68	70.961
962.85	70.776
963.01	70.489
963.18	70.375
963.35	69.991
963.51	69.812
963.68	69.799
963.84	69.522
964.01	69.543
964.18	69.373
964.34	69.127
964.51	68.996
964.67	68.795
964.84	68.725
965.01	68.541
965.17	68.276
965.34	68.321
965.50	68.071
965.67	68.050
965.84	68.063
966.00	68.191
966.17	68.209
966.33	68.107
966.50	68.033
966.66	67.966
966.83	68.096
967.00	67.989
967.16	67.796
967.33	67.793
967.49	67.596
967.66	67.809
967.82	67.629
967.99	67.784
968.16	67.840
968.32	67.719
968.49	67.489
968.65	67.662
968.82	67.501
968.98	67.566
969.15	67.206
969.31	66.942
969.48	66.641
969.64	66.367
969.81	66.352
969.98	66.301
970.14	65.974
970.31	65.910
970.47	65.629
970.64	65.481
970.80	65.576
970.97	65.081
971.13	64.781
971.30	64.682
971.46	64.459
971.63	64.176
971.79	64.259
971.96	64.298
972.12	64.017
972.29	63.621
972.45	63.499
972.62	63.574
972.78	63.532
972.95	63.136
973.11	62.889
973.28	62.726
973.44	62.741
973.61	62.941
973.77	62.702
973.94	62.737
974.10	62.812
974.27	62.704
974.43	63.008
974.60	62.929
974.76	62.884
974.93	62.812
975.09	62.712
975.26	62.415
975.42	62.328
975.59	62.138
975.75	62.493
975.92	62.398
976.08	61.894
976.24	61.789
976.41	61.627
976.57	61.697
976.74	61.595
976.90	61.171
977.07	60.702
977.23	60.737
977.40	60.578
977.56	59.928
977.73	59.595
977.89	59.244
978.05	58.847
978.22	58.709
978.38	58.431
978.55	58.121
978.71	58.028
978.88	58.024
979.04	58.001
979.20	57.759
979.37	57.674
979.53	57.670
979.70	57.761
979.86	58.041
980.03	57.909
980.19	57.791
980.35	57.824
980.52	57.623
980.68	57.627
980.85	57.558
981.01	57.707
981.17	57.645
981.34	57.496
981.50	57.437
981.67	57.346
981.83	57.230
981.99	57.211
982.16	56.928
982.32	56.075
982.49	56.001
982.65	55.796
982.81	55.863
982.98	55.875
983.14	55.832
983.30	55.425
983.47	55.427
983.63	55.202
983.80	55.019
983.96	54.847
984.12	55.165
984.29	55.272
984.45	55.533
984.61	55.353
984.78	55.604
984.94	55.891
985.10	56.428
985.27	56.274
985.43	56.663
985.59	57.080
985.76	57.676
985.92	57.821
986.08	58.166
986.25	57.641
986.41	58.185
986.57	57.575
986.74	57.894
986.90	57.743
987.06	57.625
987.23	57.732
987.39	57.491
987.55	56.433
987.72	56.133
987.88	55.349
988.04	55.796
988.21	56.173
988.37	55.948
988.53	55.247
988.70	55.703
988.86	55.188
989.02	54.738
989.19	54.465
989.35	54.602
989.51	53.898
989.67	53.985
989.84	53.462
990.00	53.502
990.16	53.876
990.33	53.996
990.49	54.498
990.65	54.530
990.82	54.944
990.98	55.125
991.14	54.980
991.30	55.837
991.47	55.074
991.63	55.037
991.79	55.880
991.95	56.172
992.12	56.088
992.28	56.405
992.44	56.698
992.61	56.779
992.77	56.728
992.93	57.465
993.09	57.435
993.26	57.603
993.42	58.197
993.58	57.641
993.74	57.459
993.91	56.952
994.07	56.830
994.23	57.043
994.39	57.121
994.55	57.620
994.72	57.127
994.88	57.261
995.04	56.674
995.20	56.150
995.37	55.593
995.53	55.632
995.69	55.376
995.85	54.760
996.02	54.835
996.18	55.013
996.34	54.383
996.50	54.523
996.66	55.378
996.83	54.919
996.99	54.136
997.15	54.733
997.31	54.691
997.47	54.903
997.64	54.775
997.80	55.260
997.96	55.764
998.12	56.112
998.28	57.267
998.45	57.719
998.61	57.598
998.77	57.687
998.93	57.854
999.09	59.093
999.25	59.453
999.42	60.653
999.58	60.471
999.74	60.405
999.90	60.198
1000.06	59.312
1000.22	59.656
1000.39	60.451
1000.55	60.201
1000.71	60.898
1000.87	60.629
1001.03	60.622
1001.19	60.582
1001.36	59.874
1001.52	59.504
1001.68	58.785
1001.84	59.390
1002.00	58.506
1002.16	58.643
1002.32	58.308
1002.49	56.618
1002.65	56.618
1002.81	55.950
1002.97	55.813
1003.13	55.866
1003.29	56.824
1003.45	56.653
1003.62	57.335
1003.78	57.109
1003.94	57.435
1004.10	56.608
1004.26	56.959
1004.42	56.533
1004.58	56.590
1004.74	57.153
1004.90	58.552
1005.07	58.707
1005.23	57.385
1005.39	58.709
1005.55	59.245
1005.71	58.652
1005.87	60.015
1006.03	60.992
1006.19	60.991
1006.35	60.832
1006.51	61.673
1006.67	61.722
1006.84	61.762
1007.00	61.236
1007.16	62.685
1007.32	61.197
1007.48	61.968
1007.64	63.531
1007.80	63.782
1007.96	62.547
1008.12	62.603
1008.28	60.723
1008.44	61.480
1008.60	62.269
1008.76	60.902
1008.92	59.873
1009.09	59.746
1009.25	59.154
1009.41	57.965
1009.57	58.828
1009.73	59.650
1009.89	60.025
1010.05	60.363
1010.21	61.826
1010.37	61.629
1010.53	62.255
1010.69	63.985
1010.85	63.546
1011.01	61.697
1011.17	61.214
1011.33	63.223
1011.49	63.874
1011.65	64.095
1011.81	63.708
1011.97	64.074
1012.13	66.696
1012.29	68.353
1012.45	69.748
1012.61	73.013
1012.77	71.460
1012.93	70.449
1013.09	69.026
1013.25	68.918
1013.41	69.680
1013.57	66.723
1013.73	66.047
1013.89	62.447
1014.05	64.245
1014.21	62.203
1014.37	60.511
1014.53	58.765
1014.69	58.847
1014.85	59.100
1015.01	61.391
1015.17	63.817
1015.33	64.129
1015.49	62.285
1015.65	64.272
1015.81	65.189
1015.97	62.163
1016.13	65.499
1016.29	65.043
1016.45	66.136
1016.61	66.954
1016.77	63.682
1016.93	64.883
1017.09	64.447
1017.25	66.307
1017.41	65.715
1017.56	67.996
1017.72	74.384
1017.88	76.221
1018.04	77.501
1018.20	75.397
1018.36	74.727
1018.52	71.950
1018.68	73.685
1018.84	75.612
1019.00	73.128
1019.16	74.139
1019.32	76.368
1019.48	76.760
1019.64	79.475
1019.79	77.168
1019.95	73.478
1020.11	79.195
1020.27	78.675
1020.43	83.864
1020.59	86.196
1020.75	82.911
1020.91	87.033
1021.07	80.796
1021.23	80.513
1021.39	75.612
1021.54	80.764
1021.70	78.246
1021.86	77.395
1022.02	75.144
1022.18	71.495
1022.34	74.224
1022.50	73.357
1022.66	70.860
1022.82	70.458
1022.97	70.273
1023.13	73.143
1023.29	77.417
1023.45	75.936
1023.61	77.563
1023.77	75.482
1023.93	75.849
1024.08	76.494
1024.24	73.147
1024.40	73.486
1024.56	81.927
1024.72	84.274
1024.88	73.135
1025.04	77.613
1025.19	76.566
1025.35	73.040
1025.51	78.730
1025.67	80.848
1025.83	76.184
1025.99	78.443
1026.14	77.679
1026.30	84.530
1026.46	86.929
1026.62	82.110
1026.78	75.504
1026.94	72.656
1027.09	71.687
1027.25	69.848
1027.41	70.222
1027.57	70.249
1027.73	70.022
1027.89	63.921
1028.04	63.422
1028.20	62.952
1028.36	63.469
1028.52	63.468
1028.68	63.709
1028.83	63.705
1028.99	61.891
1029.15	63.345
1029.31	62.885
1029.47	63.138
1029.62	61.316
1029.78	60.187
1029.94	60.527
1030.10	62.233
1030.25	64.181
1030.41	67.383
1030.57	68.471
1030.73	71.713
1030.89	70.819
1031.04	73.582
1031.20	78.807
1031.36	86.308
1031.52	92.716
1031.67	95.194
1031.83	98.992
1031.99	110.863
1032.15	97.669
1032.30	104.876
1032.46	116.802
1032.62	110.261
1032.78	100.152
1032.93	112.063
1033.09	98.940
1033.25	90.142
1033.41	87.776
1033.56	81.562
1033.72	-6.814
1033.88	138.214
1034.04	53.059
1034.19	60.030
1034.35	70.721
1034.51	-11.667
1034.66	55.319
1034.82	2538.333
1034.98	2538.333
1035.14	2538.333
