345.22	48.857
345.43	48.857
345.65	48.857
345.86	52.900
346.08	131.477
346.29	2.041
346.51	21.937
346.72	46.540
346.94	-142.308
347.15	-72.706
347.37	147.124
347.58	173.475
347.80	198.779
348.01	170.438
348.23	122.258
348.44	114.072
348.66	104.083
348.87	106.396
349.09	101.674
349.30	92.245
349.52	85.787
349.73	89.290
349.95	89.574
350.16	90.791
350.38	87.636
350.59	81.807
350.81	80.428
351.02	78.387
351.24	77.391
351.45	76.453
351.67	78.670
351.88	77.813
352.10	74.548
352.31	73.414
352.53	76.356
352.74	77.215
352.96	78.149
353.17	77.915
353.39	78.559
353.60	80.410
353.82	81.224
354.03	81.727
354.25	77.673
354.46	72.435
354.67	69.835
354.89	68.041
355.10	71.638
355.32	70.786
355.53	72.251
355.75	74.340
355.96	75.557
356.18	75.432
356.39	75.841
356.61	79.547
356.82	79.181
357.04	75.811
357.25	76.261
357.46	75.718
357.68	74.752
357.89	73.500
358.11	71.914
358.32	74.565
358.54	72.404
358.75	73.439
358.97	75.522
359.18	78.904
359.40	78.499
359.61	78.815
359.82	80.009
360.04	80.094
360.25	78.193
360.47	74.708
360.68	74.130
360.90	74.152
361.11	72.180
361.32	72.496
361.54	75.633
361.75	75.311
361.97	76.195
362.18	77.314
362.40	78.613
362.61	79.545
362.83	79.241
363.04	80.604
363.25	82.526
363.47	83.484
363.68	80.765
363.90	84.805
364.11	84.974
364.32	85.026
364.54	83.189
364.75	80.538
364.97	83.951
365.18	82.725
365.40	80.725
365.61	80.463
365.82	81.077
366.04	80.464
366.25	80.127
366.47	78.477
366.68	77.106
366.89	77.761
367.11	76.162
367.32	76.267
367.54	73.885
367.75	72.993
367.96	72.265
368.18	73.121
368.39	71.971
368.61	72.186
368.82	73.406
369.03	76.109
369.25	79.722
369.46	80.272
369.68	81.004
369.89	82.177
370.10	83.022
370.32	82.789
370.53	82.302
370.75	78.706
370.96	80.746
371.17	81.313
371.39	79.198
371.60	79.265
371.81	80.278
372.03	82.321
372.24	83.185
372.46	86.159
372.67	87.462
372.88	86.240
373.10	85.761
373.31	84.001
373.52	83.289
373.74	81.709
373.95	81.147
374.17	82.093
374.38	84.206
374.59	84.579
374.81	83.288
375.02	81.853
375.23	85.173
375.45	83.215
375.66	81.221
375.87	82.585
376.09	83.192
376.30	81.804
376.52	83.641
376.73	80.612
376.94	79.144
377.16	79.774
377.37	83.300
377.58	83.563
377.80	85.185
378.01	86.297
378.22	87.973
378.44	88.542
378.65	90.621
378.86	90.626
379.08	91.421
379.29	92.007
379.50	94.858
379.72	95.171
379.93	98.223
380.14	101.334
380.36	102.425
380.57	103.894
380.78	104.311
381.00	105.177
381.21	107.190
381.42	108.219
381.64	108.697
381.85	108.593
382.06	108.899
382.28	109.053
382.49	108.868
382.70	109.436
382.92	109.819
383.13	109.192
383.34	109.784
383.56	110.727
383.77	112.086
383.98	111.862
384.20	112.969
384.41	113.262
384.62	113.594
384.83	114.168
385.05	114.660
385.26	115.572
385.47	116.457
385.69	117.373
385.90	118.239
386.11	118.987
386.33	119.929
386.54	120.757
386.75	121.378
386.97	122.447
387.18	123.176
387.39	123.996
387.60	124.447
387.82	124.888
388.03	125.250
388.24	125.747
388.46	126.096
388.67	126.162
388.88	126.052
389.09	125.897
389.31	125.638
389.52	125.341
389.73	124.791
389.95	124.252
390.16	123.669
390.37	123.186
390.58	122.662
390.80	121.878
391.01	121.306
391.22	120.755
391.44	119.884
391.65	119.141
391.86	118.450
392.07	118.145
392.29	117.680
392.50	117.199
392.71	116.716
392.92	116.484
393.14	116.178
393.35	116.066
393.56	116.117
393.78	116.210
393.99	116.525
394.20	116.965
394.41	117.345
394.63	117.720
394.84	118.347
395.05	119.108
395.26	119.813
395.48	120.563
395.69	121.258
395.90	122.224
396.11	123.113
396.33	123.941
396.54	124.802
396.75	125.507
396.96	126.231
397.18	126.855
397.39	127.439
397.60	128.038
397.81	128.522
398.03	128.812
398.24	129.045
398.45	129.101
398.66	129.065
398.87	128.976
399.09	128.778
399.30	128.319
399.51	127.689
399.72	127.143
399.94	126.480
400.15	125.746
400.36	124.873
400.57	123.959
400.79	123.063
401.00	122.041
401.21	121.121
401.42	120.186
401.63	119.260
401.85	118.395
402.06	117.645
402.27	116.902
402.48	116.307
402.69	115.773
402.91	115.275
403.12	114.838
403.33	114.638
403.54	114.600
403.76	114.534
403.97	114.667
404.18	114.922
404.39	115.288
404.60	115.788
404.82	116.378
405.03	117.089
405.24	117.789
405.45	118.573
405.66	119.427
405.88	120.287
406.09	121.228
406.30	122.068
406.51	122.811
406.72	123.615
406.94	124.355
407.15	125.034
407.36	125.725
407.57	126.352
407.78	126.812
407.99	127.114
408.21	127.406
408.42	127.580
408.63	127.669
408.84	127.570
409.05	127.396
409.27	127.024
409.48	126.477
409.69	125.879
409.90	125.278
410.11	124.573
410.32	123.814
410.54	122.913
410.75	121.950
410.96	120.963
411.17	119.938
411.38	118.921
411.59	117.926
411.81	116.875
412.02	115.855
412.23	114.892
412.44	114.031
412.65	113.293
412.86	112.650
413.08	112.005
413.29	111.438
413.50	111.065
413.71	110.829
413.92	110.687
414.13	110.664
414.34	110.716
414.56	110.798
414.77	111.039
414.98	111.367
415.19	111.921
415.40	112.569
415.61	113.266
415.82	113.985
416.04	114.802
416.25	115.607
416.46	116.478
416.67	117.409
416.88	118.272
417.09	119.135
417.30	119.923
417.52	120.751
417.73	121.484
417.94	122.122
418.15	122.707
418.36	123.305
418.57	123.705
418.78	124.006
418.99	124.309
419.21	124.464
419.42	124.543
419.63	124.470
419.84	124.281
420.05	123.967
420.26	123.535
420.47	122.952
420.68	122.399
420.89	121.738
421.11	120.925
421.32	120.159
421.53	119.266
421.74	118.371
421.95	117.460
422.16	116.550
422.37	115.643
422.58	114.662
422.79	113.697
423.01	112.832
423.22	111.996
423.43	111.229
423.64	110.516
423.85	109.901
424.06	109.385
424.27	108.932
424.48	108.591
424.69	108.430
424.90	108.350
425.11	108.358
425.33	108.488
425.54	108.703
425.75	108.981
425.96	109.373
426.17	109.865
426.38	110.434
426.59	111.085
426.80	111.788
427.01	112.594
427.22	113.457
427.43	114.416
427.64	115.319
427.85	116.188
428.07	117.112
428.28	117.961
428.49	118.825
428.70	119.662
428.91	120.442
429.12	121.125
429.33	121.798
429.54	122.393
429.75	122.883
429.96	123.366
430.17	123.735
430.38	123.997
430.59	124.098
430.80	124.098
431.01	124.011
431.22	123.856
431.44	123.562
431.65	123.195
431.86	122.687
432.07	122.139
432.28	121.530
432.49	120.822
432.70	120.050
432.91	119.169
433.12	118.243
433.33	117.296
433.54	116.379
433.75	115.426
433.96	114.483
434.17	113.466
434.38	112.517
434.59	111.609
434.80	110.735
435.01	110.007
435.22	109.322
435.43	108.720
435.64	108.162
435.85	107.704
436.06	107.320
436.27	107.059
436.48	106.906
436.69	106.801
436.90	106.836
437.11	106.990
437.33	107.237
437.54	107.584
437.75	108.064
437.96	108.540
438.17	109.102
438.38	109.688
438.59	110.411
438.80	111.136
439.01	111.970
439.22	112.859
439.43	113.613
439.64	114.431
439.85	115.255
440.06	116.052
440.27	116.874
440.48	117.615
440.69	118.320
440.90	118.970
441.11	119.631
441.32	120.179
441.53	120.652
441.74	121.030
441.95	121.366
442.16	121.581
442.37	121.691
442.58	121.746
442.79	121.721
443.00	121.604
443.21	121.401
443.42	121.019
443.62	120.497
443.83	120.067
444.04	119.514
444.25	118.895
444.46	118.192
444.67	117.408
444.88	116.614
445.09	115.748
445.30	114.854
445.51	113.893
445.72	112.914
445.93	112.001
446.14	111.059
446.35	110.094
446.56	109.207
446.77	108.361
446.98	107.520
447.19	106.715
447.40	106.000
447.61	105.306
447.82	104.716
448.03	104.246
448.24	103.797
448.45	103.439
448.66	103.177
448.87	102.997
449.08	102.942
449.29	102.954
449.49	103.061
449.70	103.263
449.91	103.536
450.12	103.917
450.33	104.318
450.54	104.822
450.75	105.408
450.96	106.014
451.17	106.682
451.38	107.371
451.59	108.119
451.80	108.848
452.01	109.623
452.22	110.421
452.43	111.162
452.64	111.896
452.84	112.636
453.05	113.318
453.26	114.010
453.47	114.604
453.68	115.182
453.89	115.698
454.10	116.111
454.31	116.506
454.52	116.792
454.73	117.029
454.94	117.159
455.15	117.187
455.36	117.122
455.56	116.997
455.77	116.782
455.98	116.509
456.19	116.161
456.40	115.749
456.61	115.271
456.82	114.694
457.03	114.067
457.24	113.358
457.45	112.627
457.65	111.789
457.86	110.962
458.07	110.101
458.28	109.162
458.49	108.275
458.70	107.325
458.91	106.406
459.12	105.490
459.33	104.559
459.54	103.702
459.74	102.870
459.95	102.053
460.16	101.337
460.37	100.664
460.58	100.058
460.79	99.493
461.00	98.971
461.21	98.554
461.41	98.210
461.62	97.947
461.83	97.786
462.04	97.721
462.25	97.677
462.46	97.751
462.67	97.925
462.88	98.172
463.08	98.515
463.29	98.885
463.50	99.333
463.71	99.874
463.92	100.429
464.13	101.018
464.34	101.666
464.54	102.356
464.75	103.074
464.96	103.792
465.17	104.525
465.38	105.237
465.59	105.995
465.80	106.714
466.00	107.406
466.21	108.063
466.42	108.678
466.63	109.313
466.84	109.889
467.05	110.400
467.26	110.852
467.46	111.190
467.67	111.521
467.88	111.797
468.09	111.961
468.30	112.099
468.51	112.163
468.71	112.126
468.92	112.025
469.13	111.845
469.34	111.607
469.55	111.273
469.76	110.912
469.96	110.444
470.17	109.929
470.38	109.374
470.59	108.742
470.80	108.060
471.00	107.375
471.21	106.613
471.42	105.851
471.63	105.057
471.84	104.255
472.05	103.416
472.25	102.567
472.46	101.737
472.67	100.866
472.88	100.059
473.09	99.245
473.29	98.441
473.50	97.696
473.71	96.967
473.92	96.291
474.13	95.656
474.33	95.092
474.54	94.579
474.75	94.131
474.96	93.743
475.17	93.425
475.37	93.131
475.58	92.936
475.79	92.816
476.00	92.768
476.21	92.809
476.41	92.908
476.62	93.084
476.83	93.310
477.04	93.645
477.24	94.001
477.45	94.428
477.66	94.899
477.87	95.397
478.08	95.967
478.28	96.537
478.49	97.164
478.70	97.824
478.91	98.477
479.11	99.137
479.32	99.832
479.53	100.501
479.74	101.203
479.94	101.860
480.15	102.481
480.36	103.078
480.57	103.649
480.78	104.214
480.98	104.691
481.19	105.141
481.40	105.526
481.61	105.894
481.81	106.194
482.02	106.433
482.23	106.646
482.44	106.751
482.64	106.829
482.85	106.829
483.06	106.745
483.27	106.638
483.47	106.479
483.68	106.236
483.89	105.936
484.10	105.565
484.30	105.157
484.51	104.673
484.72	104.171
484.92	103.584
485.13	102.984
485.34	102.355
485.55	101.676
485.75	100.981
485.96	100.231
486.17	99.476
486.38	98.722
486.58	97.932
486.79	97.164
487.00	96.381
487.20	95.603
487.41	94.858
487.62	94.122
487.83	93.393
488.03	92.693
488.24	92.032
488.45	91.397
488.65	90.790
488.86	90.245
489.07	89.738
489.28	89.292
489.48	88.885
489.69	88.574
489.90	88.290
490.10	88.078
490.31	87.930
490.52	87.817
490.73	87.778
490.93	87.803
491.14	87.884
491.35	88.029
491.55	88.223
491.76	88.466
491.97	88.756
492.17	89.086
492.38	89.475
492.59	89.902
492.79	90.380
493.00	90.893
493.21	91.432
493.41	91.986
493.62	92.564
493.83	93.164
494.04	93.731
494.24	94.333
494.45	94.932
494.66	95.510
494.86	96.117
495.07	96.674
495.28	97.240
495.48	97.764
495.69	98.267
495.90	98.746
496.10	99.194
496.31	99.592
496.52	99.947
496.72	100.289
496.93	100.583
497.14	100.816
497.34	100.981
497.55	101.125
497.76	101.213
497.96	101.243
498.17	101.212
498.37	101.149
498.58	101.006
498.79	100.810
498.99	100.588
499.20	100.296
499.41	99.957
499.61	99.552
499.82	99.119
500.03	98.630
500.23	98.131
500.44	97.571
500.65	96.989
500.85	96.385
501.06	95.724
501.26	95.049
501.47	94.356
501.68	93.669
501.88	92.942
502.09	92.225
502.30	91.496
502.50	90.772
502.71	90.058
502.91	89.359
503.12	88.672
503.33	87.998
503.53	87.361
503.74	86.735
503.95	86.135
504.15	85.571
504.36	85.039
504.56	84.535
504.77	84.091
504.98	83.673
505.18	83.317
505.39	83.000
505.59	82.734
505.80	82.518
506.01	82.359
506.21	82.254
506.42	82.196
506.62	82.186
506.83	82.223
507.04	82.318
507.24	82.454
507.45	82.644
507.65	82.878
507.86	83.137
508.07	83.453
508.27	83.809
508.48	84.192
508.68	84.628
508.89	85.080
509.10	85.548
509.30	86.040
509.51	86.541
509.71	87.057
509.92	87.583
510.12	88.114
510.33	88.644
510.54	89.167
510.74	89.695
510.95	90.207
511.15	90.713
511.36	91.212
511.56	91.694
511.77	92.139
511.98	92.567
512.18	92.977
512.39	93.353
512.59	93.697
512.80	94.004
513.00	94.270
513.21	94.493
513.42	94.691
513.62	94.844
513.83	94.961
514.03	95.024
514.24	95.038
514.44	95.001
514.65	94.934
514.85	94.826
515.06	94.677
515.26	94.476
515.47	94.241
515.68	93.951
515.88	93.624
516.09	93.262
516.29	92.865
516.50	92.426
516.70	91.951
516.91	91.446
517.11	90.919
517.32	90.367
517.52	89.792
517.73	89.212
517.93	88.600
518.14	87.978
518.34	87.355
518.55	86.727
518.76	86.100
518.96	85.456
519.17	84.810
519.37	84.166
519.58	83.551
519.78	82.933
519.99	82.322
520.19	81.732
520.40	81.183
520.60	80.647
520.81	80.134
521.01	79.642
521.22	79.200
521.42	78.787
521.63	78.407
521.83	78.062
522.04	77.744
522.24	77.491
522.45	77.273
522.65	77.100
522.86	76.973
523.06	76.884
523.27	76.845
523.47	76.847
523.68	76.888
523.88	76.965
524.09	77.089
524.29	77.263
524.50	77.472
524.70	77.710
524.91	77.978
525.11	78.297
525.32	78.655
525.52	79.025
525.72	79.441
525.93	79.872
526.13	80.335
526.34	80.797
526.54	81.291
526.75	81.773
526.95	82.276
527.16	82.774
527.36	83.284
527.57	83.791
527.77	84.290
527.98	84.801
528.18	85.299
528.39	85.778
528.59	86.256
528.79	86.709
529.00	87.154
529.20	87.576
529.41	87.993
529.61	88.374
529.82	88.716
530.02	89.024
530.23	89.315
530.43	89.557
530.64	89.784
530.84	89.959
531.04	90.097
531.25	90.221
531.45	90.313
531.66	90.366
531.86	90.374
532.07	90.338
532.27	90.264
532.47	90.161
532.68	90.037
532.88	89.872
533.09	89.671
533.29	89.416
533.50	89.136
533.70	88.789
533.90	88.437
534.11	88.071
534.31	87.671
534.52	87.232
534.72	86.802
534.93	86.341
535.13	85.845
535.33	85.357
535.54	84.822
535.74	84.287
535.95	83.723
536.15	83.183
536.35	82.631
536.56	82.079
536.76	81.507
536.97	80.950
537.17	80.384
537.37	79.832
537.58	79.307
537.78	78.787
537.99	78.289
538.19	77.790
538.39	77.307
538.60	76.852
538.80	76.436
539.01	76.018
539.21	75.637
539.41	75.296
539.62	74.970
539.82	74.689
540.03	74.429
540.23	74.225
540.43	74.035
540.64	73.906
540.84	73.796
541.04	73.736
541.25	73.719
541.45	73.735
541.66	73.783
541.86	73.868
542.06	73.992
542.27	74.152
542.47	74.361
542.67	74.585
542.88	74.848
543.08	75.136
543.28	75.465
543.49	75.811
543.69	76.186
543.90	76.595
544.10	77.001
544.30	77.458
544.51	77.909
544.71	78.403
544.91	78.879
545.12	79.380
545.32	79.892
545.52	80.381
545.73	80.898
545.93	81.410
546.13	81.898
546.34	82.380
546.54	82.858
546.74	83.320
546.95	83.796
547.15	84.253
547.35	84.679
547.56	85.111
547.76	85.531
547.96	85.920
548.17	86.295
548.37	86.660
548.57	86.964
548.78	87.255
548.98	87.510
549.18	87.733
549.39	87.923
549.59	88.084
549.79	88.239
550.00	88.348
550.20	88.451
550.40	88.500
550.61	88.529
550.81	88.520
551.01	88.480
551.22	88.408
551.42	88.297
551.62	88.159
551.82	87.970
552.03	87.771
552.23	87.538
552.43	87.271
552.64	86.981
552.84	86.664
553.04	86.320
553.25	85.952
553.45	85.553
553.65	85.144
553.85	84.736
554.06	84.296
554.26	83.833
554.46	83.340
554.67	82.855
554.87	82.352
555.07	81.858
555.27	81.346
555.48	80.827
555.68	80.321
555.88	79.806
556.09	79.303
556.29	78.775
556.49	78.274
556.69	77.763
556.90	77.267
557.10	76.802
557.30	76.363
557.50	75.915
557.71	75.512
557.91	75.122
558.11	74.731
558.31	74.375
558.52	74.050
558.72	73.754
558.92	73.483
559.13	73.244
559.33	73.028
559.53	72.836
559.73	72.688
559.94	72.561
560.14	72.463
560.34	72.392
560.54	72.362
560.75	72.370
560.95	72.405
561.15	72.487
561.35	72.583
561.55	72.699
561.76	72.861
561.96	73.033
562.16	73.250
562.36	73.508
562.57	73.774
562.77	74.069
562.97	74.388
563.17	74.724
563.38	75.074
563.58	75.454
563.78	75.855
563.98	76.265
564.18	76.686
564.39	77.133
564.59	77.584
564.79	78.054
564.99	78.515
565.20	78.978
565.40	79.428
565.60	79.881
565.80	80.358
566.00	80.811
566.21	81.271
566.41	81.703
566.61	82.135
566.81	82.569
567.01	82.984
567.22	83.396
567.42	83.792
567.62	84.158
567.82	84.510
568.02	84.844
568.23	85.158
568.43	85.452
568.63	85.731
568.83	85.970
569.03	86.179
569.24	86.373
569.44	86.550
569.64	86.703
569.84	86.844
570.04	86.924
570.24	86.998
570.45	87.045
570.65	87.069
570.85	87.058
571.05	87.006
571.25	86.929
571.45	86.814
571.66	86.693
571.86	86.552
572.06	86.363
572.26	86.163
572.46	85.943
572.66	85.708
572.87	85.428
573.07	85.147
573.27	84.838
573.47	84.511
573.67	84.160
573.87	83.784
574.08	83.383
574.28	82.992
574.48	82.580
574.68	82.145
574.88	81.706
575.08	81.238
575.28	80.779
575.49	80.319
575.69	79.858
575.89	79.370
576.09	78.907
576.29	78.428
576.49	77.950
576.69	77.472
576.90	76.999
577.10	76.543
577.30	76.090
577.50	75.654
577.70	75.218
577.90	74.795
578.10	74.412
578.30	74.033
578.51	73.672
578.71	73.333
578.91	73.011
579.11	72.702
579.31	72.426
579.51	72.167
579.71	71.938
579.91	71.723
580.12	71.547
580.32	71.392
580.52	71.275
580.72	71.168
580.92	71.089
581.12	71.028
581.32	71.005
581.52	71.023
581.72	71.051
581.92	71.113
582.13	71.212
582.33	71.309
582.53	71.449
582.73	71.601
582.93	71.786
583.13	71.999
583.33	72.245
583.53	72.505
583.73	72.792
583.93	73.099
584.13	73.430
584.34	73.789
584.54	74.134
584.74	74.489
584.94	74.886
585.14	75.290
585.34	75.707
585.54	76.098
585.74	76.505
585.94	76.935
586.14	77.380
586.34	77.808
586.54	78.260
586.74	78.706
586.94	79.162
587.15	79.618
587.35	80.058
587.55	80.487
587.75	80.918
587.95	81.323
588.15	81.717
588.35	82.100
588.55	82.475
588.75	82.853
588.95	83.217
589.15	83.558
589.35	83.886
589.55	84.190
589.75	84.517
589.95	84.798
590.15	85.058
590.35	85.286
590.55	85.509
590.75	85.699
590.95	85.866
591.15	86.010
591.35	86.117
591.56	86.209
591.76	86.278
591.96	86.322
592.16	86.358
592.36	86.365
592.56	86.357
592.76	86.310
592.96	86.252
593.16	86.153
593.36	86.037
593.56	85.907
593.76	85.767
593.96	85.575
594.16	85.383
594.36	85.173
594.56	84.938
594.76	84.680
594.96	84.414
595.16	84.111
595.36	83.803
595.56	83.469
595.76	83.113
595.96	82.739
596.16	82.369
596.36	81.978
596.56	81.589
596.76	81.167
596.96	80.746
597.16	80.323
597.36	79.909
597.56	79.474
597.76	79.026
597.96	78.577
598.16	78.134
598.36	77.691
598.56	77.240
598.76	76.800
598.96	76.375
599.16	75.945
599.36	75.551
599.56	75.153
599.76	74.761
599.96	74.388
600.15	74.025
600.35	73.680
600.55	73.350
600.75	73.015
600.95	72.715
601.15	72.418
601.35	72.131
601.55	71.865
601.75	71.635
601.95	71.420
602.15	71.235
602.35	71.050
602.55	70.899
602.75	70.776
602.95	70.667
603.15	70.564
603.35	70.505
603.55	70.454
603.75	70.419
603.95	70.417
604.15	70.439
604.35	70.493
604.54	70.557
604.74	70.664
604.94	70.785
605.14	70.918
605.34	71.081
605.54	71.276
605.74	71.492
605.94	71.719
606.14	71.972
606.34	72.235
606.54	72.529
606.74	72.837
606.94	73.156
607.14	73.498
607.33	73.867
607.53	74.230
607.73	74.601
607.93	74.978
608.13	75.370
608.33	75.777
608.53	76.169
608.73	76.584
608.93	76.978
609.13	77.387
609.33	77.806
609.52	78.223
609.72	78.630
609.92	79.028
610.12	79.434
610.32	79.835
610.52	80.243
610.72	80.624
610.92	81.002
611.12	81.377
611.31	81.743
611.51	82.095
611.71	82.440
611.91	82.785
612.11	83.127
612.31	83.454
612.51	83.752
612.71	84.056
612.91	84.321
613.10	84.587
613.30	84.860
613.50	85.099
613.70	85.317
613.90	85.512
614.10	85.686
614.30	85.825
614.50	85.955
614.69	86.045
614.89	86.138
615.09	86.205
615.29	86.253
615.49	86.277
615.69	86.280
615.89	86.268
616.08	86.237
616.28	86.180
616.48	86.099
616.68	85.993
616.88	85.871
617.08	85.731
617.27	85.584
617.47	85.398
617.67	85.196
617.87	84.975
618.07	84.750
618.27	84.513
618.47	84.269
618.66	84.001
618.86	83.731
619.06	83.430
619.26	83.127
619.46	82.811
619.66	82.470
619.85	82.117
620.05	81.755
620.25	81.367
620.45	80.986
620.65	80.592
620.84	80.221
621.04	79.829
621.24	79.457
621.44	79.049
621.64	78.629
621.84	78.229
622.03	77.824
622.23	77.422
622.43	77.022
622.63	76.627
622.83	76.232
623.02	75.841
623.22	75.468
623.42	75.076
623.62	74.705
623.82	74.355
624.01	74.005
624.21	73.662
624.41	73.346
624.61	73.038
624.81	72.753
625.00	72.457
625.20	72.180
625.40	71.909
625.60	71.670
625.79	71.457
625.99	71.263
626.19	71.078
626.39	70.915
626.59	70.763
626.78	70.645
626.98	70.542
627.18	70.450
627.38	70.386
627.57	70.366
627.77	70.344
627.97	70.339
628.17	70.372
628.37	70.414
628.56	70.487
628.76	70.570
628.96	70.668
629.16	70.786
629.35	70.948
629.55	71.119
629.75	71.307
629.95	71.512
630.14	71.722
630.34	71.964
630.54	72.215
630.74	72.478
630.93	72.752
631.13	73.037
631.33	73.335
631.53	73.625
631.72	73.925
631.92	74.256
632.12	74.599
632.31	74.938
632.51	75.314
632.71	75.682
632.91	76.050
633.10	76.431
633.30	76.832
633.50	77.202
633.70	77.596
633.89	77.980
634.09	78.376
634.29	78.768
634.48	79.152
634.68	79.548
634.88	79.944
635.08	80.337
635.27	80.738
635.47	81.129
635.67	81.527
635.86	81.919
636.06	82.295
636.26	82.647
636.46	83.001
636.65	83.335
636.85	83.677
637.05	84.004
637.24	84.301
637.44	84.591
637.64	84.876
637.83	85.154
638.03	85.427
638.23	85.657
638.43	85.887
638.62	86.092
638.82	86.266
639.02	86.438
639.21	86.584
639.41	86.706
639.61	86.835
639.80	86.940
640.00	87.021
640.20	87.109
640.39	87.186
640.59	87.232
640.79	87.266
640.98	87.266
641.18	87.259
641.38	87.249
641.57	87.203
641.77	87.139
641.97	87.043
642.16	86.939
642.36	86.832
642.56	86.703
642.75	86.580
642.95	86.428
643.15	86.261
643.34	86.092
643.54	85.905
643.74	85.682
643.93	85.453
644.13	85.193
644.33	84.908
644.52	84.625
644.72	84.341
644.91	84.037
645.11	83.712
645.31	83.388
645.50	83.066
645.70	82.741
645.90	82.411
646.09	82.066
646.29	81.706
646.48	81.339
646.68	80.961
646.88	80.579
647.07	80.203
647.27	79.819
647.47	79.428
647.66	79.046
647.86	78.659
648.05	78.282
648.25	77.915
648.45	77.546
648.64	77.169
648.84	76.808
649.04	76.442
649.23	76.085
649.43	75.740
649.62	75.389
649.82	75.038
650.02	74.704
650.21	74.386
650.41	74.093
650.60	73.806
650.80	73.549
651.00	73.273
651.19	73.027
651.39	72.789
651.58	72.559
651.78	72.354
651.97	72.179
652.17	72.006
652.37	71.841
652.56	71.709
652.76	71.588
652.95	71.477
653.15	71.408
653.35	71.344
653.54	71.286
653.74	71.236
653.93	71.215
654.13	71.214
654.32	71.215
654.52	71.219
654.72	71.258
654.91	71.307
655.11	71.385
655.30	71.483
655.50	71.597
655.69	71.730
655.89	71.859
656.08	71.998
656.28	72.165
656.48	72.353
656.67	72.547
656.87	72.758
657.06	72.968
657.26	73.186
657.45	73.432
657.65	73.697
657.84	73.984
658.04	74.267
658.23	74.569
658.43	74.888
658.62	75.222
658.82	75.552
659.02	75.888
659.21	76.245
659.41	76.591
659.60	76.946
659.80	77.309
659.99	77.697
660.19	78.077
660.38	78.461
660.58	78.834
660.77	79.221
660.97	79.593
661.16	79.975
661.36	80.340
661.55	80.723
661.75	81.094
661.94	81.457
662.14	81.832
662.33	82.206
662.53	82.569
662.72	82.929
662.92	83.278
663.11	83.611
663.31	83.951
663.50	84.289
663.70	84.625
663.89	84.949
664.09	85.249
664.28	85.560
664.48	85.844
664.67	86.143
664.87	86.401
665.06	86.668
665.26	86.916
665.45	87.160
665.65	87.381
665.84	87.610
666.04	87.814
666.23	87.980
666.43	88.124
666.62	88.261
666.82	88.382
667.01	88.494
667.21	88.599
667.40	88.671
667.59	88.749
667.79	88.792
667.98	88.804
668.18	88.809
668.37	88.790
668.57	88.788
668.76	88.753
668.96	88.697
669.15	88.633
669.35	88.573
669.54	88.483
669.73	88.384
669.93	88.262
670.12	88.142
670.32	88.028
670.51	87.885
670.71	87.732
670.90	87.575
671.10	87.403
671.29	87.208
671.48	87.000
671.68	86.771
671.87	86.546
672.07	86.310
672.26	86.094
672.46	85.845
672.65	85.575
672.84	85.299
673.04	85.029
673.23	84.747
673.43	84.441
673.62	84.149
673.82	83.842
674.01	83.505
674.20	83.173
674.40	82.825
674.59	82.488
674.79	82.157
674.98	81.809
675.17	81.461
675.37	81.122
675.56	80.780
675.76	80.434
675.95	80.068
676.14	79.726
676.34	79.356
676.53	79.006
676.73	78.648
676.92	78.285
677.11	77.933
677.31	77.579
677.50	77.245
677.70	76.901
677.89	76.561
678.08	76.253
678.28	75.946
678.47	75.659
678.66	75.381
678.86	75.107
679.05	74.837
679.25	74.585
679.44	74.346
679.63	74.129
679.83	73.912
680.02	73.719
680.21	73.529
680.41	73.353
680.60	73.175
680.79	73.021
680.99	72.886
681.18	72.744
681.38	72.633
681.57	72.542
681.76	72.472
681.96	72.416
682.15	72.361
682.34	72.307
682.54	72.265
682.73	72.250
682.92	72.232
683.12	72.253
683.31	72.281
683.50	72.320
683.70	72.376
683.89	72.427
684.08	72.511
684.28	72.609
684.47	72.719
684.66	72.855
684.86	72.999
685.05	73.160
685.24	73.342
685.44	73.521
685.63	73.709
685.82	73.917
686.02	74.122
686.21	74.369
686.40	74.622
686.60	74.894
686.79	75.168
686.98	75.453
687.18	75.748
687.37	76.043
687.56	76.339
687.75	76.645
687.95	76.967
688.14	77.284
688.33	77.622
688.53	77.958
688.72	78.312
688.91	78.663
689.11	79.008
689.30	79.385
689.49	79.764
689.68	80.133
689.88	80.492
690.07	80.857
690.26	81.206
690.46	81.569
690.65	81.915
690.84	82.265
691.03	82.627
691.23	82.971
691.42	83.319
691.61	83.671
691.80	84.004
692.00	84.341
692.19	84.662
692.38	84.976
692.58	85.297
692.77	85.600
692.96	85.891
693.15	86.189
693.35	86.462
693.54	86.752
693.73	87.041
693.92	87.301
694.12	87.570
694.31	87.816
694.50	88.075
694.69	88.298
694.89	88.517
695.08	88.715
695.27	88.931
695.46	89.118
695.66	89.306
695.85	89.489
696.04	89.663
696.23	89.845
696.43	90.002
696.62	90.126
696.81	90.238
697.00	90.356
697.19	90.460
697.39	90.539
697.58	90.597
697.77	90.629
697.96	90.685
698.16	90.711
698.35	90.753
698.54	90.747
698.73	90.766
698.92	90.737
699.12	90.709
699.31	90.659
699.50	90.607
699.69	90.543
699.89	90.460
700.08	90.370
700.27	90.253
700.46	90.141
700.65	90.016
700.85	89.902
701.04	89.757
701.23	89.591
701.42	89.424
701.61	89.246
701.81	89.060
702.00	88.852
702.19	88.646
702.38	88.404
702.57	88.180
702.76	87.920
702.96	87.677
703.15	87.415
703.34	87.134
703.53	86.851
703.72	86.541
703.92	86.225
704.11	85.911
704.30	85.586
704.49	85.262
704.68	84.946
704.87	84.591
705.07	84.252
705.26	83.920
705.45	83.609
705.64	83.262
705.83	82.945
706.02	82.612
706.21	82.290
706.41	81.961
706.60	81.615
706.79	81.296
706.98	80.981
707.17	80.651
707.36	80.336
707.56	80.038
707.75	79.736
707.94	79.443
708.13	79.156
708.32	78.884
708.51	78.597
708.70	78.338
708.89	78.075
709.09	77.812
709.28	77.562
709.47	77.276
709.66	77.015
709.85	76.760
710.04	76.511
710.23	76.252
710.42	76.037
710.62	75.819
710.81	75.582
711.00	75.361
711.19	75.166
711.38	74.974
711.57	74.773
711.76	74.595
711.95	74.446
712.15	74.300
712.34	74.162
712.53	74.036
712.72	73.909
712.91	73.825
713.10	73.741
713.29	73.667
713.48	73.606
713.67	73.581
713.86	73.566
714.05	73.552
714.25	73.552
714.44	73.539
714.63	73.557
714.82	73.609
715.01	73.664
715.20	73.751
715.39	73.825
715.58	73.920
715.77	74.036
715.96	74.150
716.15	74.267
716.34	74.378
716.54	74.515
716.73	74.667
716.92	74.806
717.11	74.968
717.30	75.143
717.49	75.336
717.68	75.536
717.87	75.708
718.06	75.937
718.25	76.177
718.44	76.426
718.63	76.685
718.82	76.937
719.01	77.194
719.20	77.453
719.39	77.734
719.58	78.014
719.77	78.288
719.96	78.552
720.16	78.834
720.35	79.141
720.54	79.435
720.73	79.737
720.92	80.047
721.11	80.379
721.30	80.698
721.49	81.018
721.68	81.343
721.87	81.695
722.06	82.023
722.25	82.346
722.44	82.679
722.63	82.994
722.82	83.310
723.01	83.617
723.20	83.913
723.39	84.222
723.58	84.558
723.77	84.891
723.96	85.225
724.15	85.568
724.34	85.888
724.53	86.210
724.72	86.504
724.91	86.826
725.10	87.136
725.29	87.427
725.48	87.747
725.67	88.016
725.86	88.270
726.05	88.533
726.24	88.780
726.43	89.014
726.62	89.255
726.81	89.523
727.00	89.764
727.19	90.023
727.38	90.257
727.57	90.458
727.76	90.656
727.95	90.846
728.14	91.003
728.33	91.168
728.52	91.321
728.71	91.470
728.90	91.607
729.09	91.709
729.28	91.805
729.47	91.882
729.65	91.970
729.84	92.060
730.03	92.137
730.22	92.208
730.41	92.279
730.60	92.342
730.79	92.348
730.98	92.378
731.17	92.402
731.36	92.395
731.55	92.372
731.74	92.345
731.93	92.309
732.12	92.269
732.31	92.235
732.50	92.202
732.69	92.170
732.88	92.088
733.06	92.006
733.25	91.928
733.44	91.845
733.63	91.731
733.82	91.613
734.01	91.464
734.20	91.316
734.39	91.146
734.58	90.982
734.77	90.832
734.96	90.644
735.15	90.437
735.33	90.228
735.52	90.034
735.71	89.822
735.90	89.595
736.09	89.354
736.28	89.086
736.47	88.818
736.66	88.540
736.85	88.272
737.04	87.973
737.23	87.690
737.41	87.382
737.60	87.115
737.79	86.806
737.98	86.517
738.17	86.222
738.36	85.951
738.55	85.660
738.74	85.372
738.92	85.079
739.11	84.789
739.30	84.486
739.49	84.168
739.68	83.873
739.87	83.601
740.06	83.327
740.25	83.028
740.43	82.750
740.62	82.455
740.81	82.154
741.00	81.886
741.19	81.589
741.38	81.295
741.57	80.993
741.75	80.722
741.94	80.432
742.13	80.144
742.32	79.840
742.51	79.555
742.70	79.278
742.89	79.017
743.07	78.745
743.26	78.489
743.45	78.216
743.64	77.974
743.83	77.707
744.02	77.427
744.20	77.198
744.39	76.960
744.58	76.742
744.77	76.542
744.96	76.360
745.15	76.205
745.33	76.057
745.52	75.910
745.71	75.764
745.90	75.630
746.09	75.517
746.28	75.410
746.46	75.283
746.65	75.159
746.84	75.056
747.03	74.960
747.22	74.882
747.40	74.835
747.59	74.771
747.78	74.727
747.97	74.724
748.16	74.708
748.34	74.678
748.53	74.678
748.72	74.685
748.91	74.675
749.10	74.675
749.28	74.696
749.47	74.738
749.66	74.772
749.85	74.806
750.04	74.853
750.22	74.901
750.41	74.981
750.60	75.078
750.79	75.153
750.97	75.247
751.16	75.366
751.35	75.475
751.54	75.580
751.73	75.721
751.91	75.852
752.10	76.023
752.29	76.178
752.48	76.355
752.66	76.536
752.85	76.723
753.04	76.915
753.23	77.129
753.41	77.318
753.60	77.545
753.79	77.783
753.98	78.005
754.16	78.242
754.35	78.479
754.54	78.712
754.73	78.983
754.91	79.253
755.10	79.512
755.29	79.797
755.48	80.070
755.66	80.345
755.85	80.622
756.04	80.879
756.22	81.176
756.41	81.442
756.60	81.717
756.79	82.015
756.97	82.317
757.16	82.573
757.35	82.871
757.54	83.163
757.72	83.450
757.91	83.753
758.10	84.055
758.28	84.344
758.47	84.631
758.66	84.943
758.85	85.232
759.03	85.531
759.22	85.818
759.41	86.117
759.59	86.409
759.78	86.700
759.97	86.972
760.15	87.233
760.34	87.532
760.53	87.804
760.71	88.051
760.90	88.322
761.09	88.590
761.28	88.851
761.46	89.098
761.65	89.348
761.84	89.603
762.02	89.849
762.21	90.119
762.40	90.343
762.58	90.538
762.77	90.746
762.96	90.953
763.14	91.173
763.33	91.366
763.52	91.527
763.70	91.672
763.89	91.845
764.08	92.023
764.26	92.139
764.45	92.288
764.64	92.448
764.82	92.557
765.01	92.669
765.20	92.752
765.38	92.853
765.57	92.920
765.75	92.987
765.94	93.024
766.13	93.074
766.31	93.144
766.50	93.189
766.69	93.258
766.87	93.321
767.06	93.338
767.25	93.377
767.43	93.435
767.62	93.488
767.80	93.510
767.99	93.503
768.18	93.493
768.36	93.468
768.55	93.432
768.74	93.392
768.92	93.353
769.11	93.337
769.29	93.278
769.48	93.245
769.67	93.160
769.85	93.108
770.04	92.976
770.22	92.858
770.41	92.719
770.60	92.554
770.78	92.368
770.97	92.209
771.15	92.041
771.34	91.832
771.53	91.653
771.71	91.460
771.90	91.285
772.08	91.156
772.27	90.976
772.46	90.766
772.64	90.563
772.83	90.353
773.01	90.092
773.20	89.851
773.39	89.615
773.57	89.375
773.76	89.124
773.94	88.927
774.13	88.678
774.31	88.415
774.50	88.190
774.68	87.930
774.87	87.669
775.06	87.361
775.24	87.089
775.43	86.784
775.61	86.493
775.80	86.201
775.98	85.882
776.17	85.569
776.36	85.273
776.54	84.979
776.73	84.675
776.91	84.394
777.10	84.110
777.28	83.791
777.47	83.503
777.65	83.207
777.84	82.890
778.02	82.611
778.21	82.340
778.39	82.030
778.58	81.756
778.77	81.484
778.95	81.245
779.14	81.000
779.32	80.765
779.51	80.526
779.69	80.271
779.88	80.028
780.06	79.799
780.25	79.558
780.43	79.316
780.62	79.098
780.80	78.872
780.99	78.640
781.17	78.421
781.36	78.192
781.54	77.984
781.73	77.746
781.91	77.539
782.10	77.342
782.28	77.151
782.47	76.962
782.65	76.751
782.84	76.557
783.02	76.381
783.21	76.216
783.39	76.055
783.58	75.903
783.76	75.737
783.95	75.593
784.13	75.494
784.32	75.387
784.50	75.269
784.69	75.192
784.87	75.113
785.05	75.049
785.24	74.991
785.42	74.941
785.61	74.903
785.79	74.868
785.98	74.845
786.16	74.807
786.35	74.802
786.53	74.799
786.72	74.790
786.90	74.789
787.09	74.775
787.27	74.797
787.45	74.834
787.64	74.866
787.82	74.894
788.01	74.919
788.19	74.970
788.38	75.024
788.56	75.020
788.75	75.085
788.93	75.162
789.11	75.211
789.30	75.257
789.48	75.337
789.67	75.426
789.85	75.508
790.04	75.643
790.22	75.753
790.40	75.886
790.59	76.006
790.77	76.137
790.96	76.307
791.14	76.455
791.32	76.593
791.51	76.753
791.69	76.930
791.88	77.108
792.06	77.289
792.25	77.459
792.43	77.691
792.61	77.883
792.80	78.052
792.98	78.286
793.17	78.501
793.35	78.691
793.53	78.899
793.72	79.146
793.90	79.359
794.08	79.570
794.27	79.788
794.45	80.037
794.64	80.266
794.82	80.489
795.00	80.691
795.19	80.933
795.37	81.166
795.55	81.352
795.74	81.589
795.92	81.828
796.11	82.095
796.29	82.342
796.47	82.584
796.66	82.824
796.84	83.087
797.02	83.356
797.21	83.641
797.39	83.906
797.58	84.156
797.76	84.400
797.94	84.674
798.13	84.940
798.31	85.219
798.49	85.465
798.68	85.708
798.86	85.997
799.04	86.234
799.23	86.489
799.41	86.759
799.59	86.999
799.78	87.199
799.96	87.425
800.14	87.660
800.33	87.898
800.51	88.155
800.69	88.341
800.88	88.566
801.06	88.798
801.24	88.971
801.43	89.156
801.61	89.332
801.79	89.503
801.98	89.667
802.16	89.848
802.34	90.044
802.52	90.228
802.71	90.355
802.89	90.530
803.07	90.683
803.26	90.817
803.44	90.929
803.62	91.074
803.81	91.186
803.99	91.265
804.17	91.342
804.35	91.411
804.54	91.476
804.72	91.565
804.90	91.632
805.09	91.746
805.27	91.844
805.45	91.937
805.63	91.987
805.82	92.054
806.00	92.040
806.18	92.066
806.37	92.099
806.55	92.107
806.73	92.123
806.91	92.128
807.10	92.156
807.28	92.164
807.46	92.164
807.64	92.149
807.83	92.139
808.01	92.126
808.19	92.053
808.37	91.999
808.56	91.917
808.74	91.843
808.92	91.760
809.10	91.644
809.29	91.570
809.47	91.487
809.65	91.344
809.83	91.279
810.02	91.156
810.20	91.042
810.38	90.934
810.56	90.795
810.75	90.689
810.93	90.573
811.11	90.448
811.29	90.316
811.47	90.180
811.66	90.014
811.84	89.859
812.02	89.781
812.20	89.661
812.39	89.529
812.57	89.383
812.75	89.243
812.93	89.133
813.11	88.967
813.30	88.827
813.48	88.709
813.66	88.531
813.84	88.365
814.02	88.180
814.21	88.025
814.39	87.810
814.57	87.609
814.75	87.392
814.93	87.176
815.12	86.947
815.30	86.723
815.48	86.509
815.66	86.280
815.84	86.013
816.03	85.759
816.21	85.481
816.39	85.235
816.57	84.924
816.75	84.610
816.93	84.314
817.12	83.996
817.30	83.683
817.48	83.377
817.66	83.113
817.84	82.850
818.02	82.593
818.21	82.320
818.39	82.060
818.57	81.783
818.75	81.565
818.93	81.309
819.11	81.050
819.30	80.807
819.48	80.574
819.66	80.361
819.84	80.167
820.02	79.947
820.20	79.714
820.38	79.499
820.57	79.292
820.75	79.109
820.93	78.918
821.11	78.727
821.29	78.557
821.47	78.341
821.65	78.127
821.83	77.905
822.02	77.723
822.20	77.515
822.38	77.352
822.56	77.104
822.74	76.893
822.92	76.653
823.10	76.455
823.28	76.225
823.46	75.996
823.65	75.760
823.83	75.560
824.01	75.360
824.19	75.157
824.37	74.949
824.55	74.723
824.73	74.543
824.91	74.348
825.09	74.161
825.27	73.988
825.46	73.793
825.64	73.599
825.82	73.443
826.00	73.266
826.18	73.107
826.36	72.974
826.54	72.857
826.72	72.790
826.90	72.690
827.08	72.619
827.26	72.549
827.44	72.460
827.63	72.383
827.81	72.325
827.99	72.301
828.17	72.260
828.35	72.227
828.53	72.188
828.71	72.184
828.89	72.161
829.07	72.147
829.25	72.132
829.43	72.156
829.61	72.150
829.79	72.152
829.97	72.163
830.15	72.153
830.33	72.171
830.51	72.167
830.69	72.186
830.87	72.156
831.06	72.178
831.24	72.210
831.42	72.240
831.60	72.246
831.78	72.278
831.96	72.343
832.14	72.418
832.32	72.489
832.50	72.544
832.68	72.595
832.86	72.643
833.04	72.749
833.22	72.812
833.40	72.911
833.58	72.994
833.76	73.072
833.94	73.203
834.12	73.324
834.30	73.462
834.48	73.571
834.66	73.745
834.84	73.853
835.02	74.014
835.20	74.168
835.38	74.343
835.56	74.517
835.74	74.687
835.92	74.860
836.10	75.016
836.28	75.180
836.46	75.371
836.64	75.552
836.82	75.698
837.00	75.876
837.18	76.056
837.36	76.261
837.54	76.446
837.72	76.646
837.90	76.842
838.08	77.036
838.26	77.234
838.43	77.422
838.61	77.637
838.79	77.832
838.97	78.040
839.15	78.247
839.33	78.443
839.51	78.590
839.69	78.771
839.87	78.971
840.05	79.194
840.23	79.395
840.41	79.596
840.59	79.769
840.77	79.979
840.95	80.156
841.13	80.327
841.31	80.498
841.49	80.645
841.67	80.784
841.84	80.956
842.02	81.088
842.20	81.277
842.38	81.408
842.56	81.546
842.74	81.696
842.92	81.796
843.10	81.931
843.28	82.123
843.46	82.253
843.64	82.347
843.82	82.483
843.99	82.595
844.17	82.759
844.35	82.987
844.53	83.141
844.71	83.332
844.89	83.457
845.07	83.646
845.25	83.832
845.43	84.010
845.61	84.166
845.78	84.367
845.96	84.523
846.14	84.715
846.32	84.906
846.50	85.047
846.68	85.264
846.86	85.421
847.04	85.566
847.22	85.664
847.39	85.835
847.57	85.941
847.75	86.058
847.93	86.118
848.11	86.203
848.29	86.335
848.47	86.391
848.65	86.521
848.82	86.563
849.00	86.632
849.18	86.669
849.36	86.699
849.54	86.765
849.72	86.755
849.89	86.804
850.07	86.868
850.25	86.878
850.43	86.846
850.61	86.845
850.79	86.806
850.97	86.875
851.14	86.899
851.32	86.884
851.50	86.897
851.68	86.952
851.86	87.004
852.04	86.975
852.21	86.998
852.39	87.011
852.57	87.071
852.75	87.075
852.93	87.070
853.10	87.054
853.28	87.002
853.46	86.993
853.64	86.913
853.82	86.812
854.00	86.832
854.17	86.772
854.35	86.691
854.53	86.647
854.71	86.552
854.89	86.429
855.06	86.400
855.24	86.347
855.42	86.255
855.60	86.097
855.78	85.997
855.95	85.869
856.13	85.752
856.31	85.563
856.49	85.411
856.66	85.313
856.84	85.149
857.02	85.075
857.20	84.991
857.38	84.832
857.55	84.691
857.73	84.454
857.91	84.347
858.09	84.172
858.26	84.019
858.44	83.880
858.62	83.747
858.80	83.554
858.97	83.371
859.15	83.181
859.33	82.967
859.51	82.795
859.68	82.611
859.86	82.409
860.04	82.231
860.22	82.020
860.39	81.805
860.57	81.591
860.75	81.309
860.93	81.071
861.10	80.941
861.28	80.762
861.46	80.555
861.64	80.346
861.81	80.196
861.99	79.976
862.17	79.740
862.35	79.534
862.52	79.366
862.70	79.158
862.88	78.985
863.05	78.783
863.23	78.567
863.41	78.379
863.59	78.164
863.76	78.003
863.94	77.813
864.12	77.627
864.29	77.461
864.47	77.249
864.65	77.060
864.83	76.791
865.00	76.552
865.18	76.383
865.36	76.187
865.53	75.979
865.71	75.837
865.89	75.642
866.06	75.425
866.24	75.179
866.42	74.975
866.59	74.738
866.77	74.569
866.95	74.362
867.12	74.108
867.30	73.939
867.48	73.695
867.65	73.491
867.83	73.269
868.01	73.090
868.18	72.897
868.36	72.695
868.54	72.536
868.71	72.380
868.89	72.217
869.07	72.044
869.24	71.881
869.42	71.686
869.60	71.534
869.77	71.420
869.95	71.262
870.13	71.108
870.30	70.996
870.48	70.812
870.66	70.661
870.83	70.558
871.01	70.363
871.18	70.245
871.36	70.114
871.54	69.971
871.71	69.836
871.89	69.741
872.07	69.571
872.24	69.439
872.42	69.346
872.59	69.227
872.77	69.085
872.95	68.978
873.12	68.827
873.30	68.689
873.48	68.582
873.65	68.487
873.83	68.390
874.00	68.261
874.18	68.178
874.36	68.119
874.53	68.036
874.71	67.964
874.88	67.891
875.06	67.868
875.24	67.867
875.41	67.823
875.59	67.790
875.76	67.815
875.94	67.772
876.11	67.661
876.29	67.574
876.47	67.552
876.64	67.502
876.82	67.466
876.99	67.437
877.17	67.403
877.35	67.391
877.52	67.366
877.70	67.345
877.87	67.349
878.05	67.350
878.22	67.358
878.40	67.409
878.57	67.411
878.75	67.372
878.93	67.332
879.10	67.339
879.28	67.359
879.45	67.363
879.63	67.359
879.80	67.379
879.98	67.443
880.15	67.472
880.33	67.519
880.50	67.568
880.68	67.678
880.86	67.740
881.03	67.817
881.21	67.903
881.38	67.985
881.56	68.154
881.73	68.213
881.91	68.288
882.08	68.355
882.26	68.478
882.43	68.606
882.61	68.778
882.78	68.903
882.96	69.039
883.13	69.159
883.31	69.311
883.48	69.513
883.66	69.665
883.83	69.830
884.01	69.946
884.18	70.169
884.36	70.325
884.53	70.455
884.71	70.604
884.88	70.707
885.06	70.873
885.23	70.935
885.41	71.072
885.58	71.188
885.76	71.343
885.93	71.434
886.11	71.600
886.28	71.704
886.46	71.832
886.63	71.952
886.81	72.079
886.98	72.261
887.15	72.357
887.33	72.541
887.50	72.733
887.68	72.898
887.85	72.989
888.03	73.128
888.20	73.289
888.38	73.435
888.55	73.627
888.73	73.710
888.90	73.848
889.08	73.995
889.25	74.120
889.42	74.256
889.60	74.448
889.77	74.530
889.95	74.682
890.12	74.782
890.30	74.873
890.47	74.955
890.64	75.084
890.82	75.224
890.99	75.316
891.17	75.401
891.34	75.516
891.52	75.631
891.69	75.745
891.86	75.861
892.04	75.976
892.21	76.121
892.39	76.343
892.56	76.518
892.73	76.606
892.91	76.757
893.08	76.969
893.26	77.061
893.43	77.233
893.60	77.326
893.78	77.481
893.95	77.650
894.13	77.905
894.30	78.062
894.47	78.273
894.65	78.414
894.82	78.583
895.00	78.728
895.17	78.894
895.34	79.071
895.52	79.257
895.69	79.371
895.86	79.500
896.04	79.556
896.21	79.706
896.39	79.911
896.56	80.091
896.73	80.101
896.91	80.154
897.08	80.247
897.25	80.428
897.43	80.487
897.60	80.583
897.77	80.587
897.95	80.567
898.12	80.562
898.30	80.661
898.47	80.661
898.64	80.706
898.82	80.727
898.99	80.712
899.16	80.699
899.34	80.689
899.51	80.600
899.68	80.585
899.86	80.535
900.03	80.458
900.20	80.391
900.38	80.409
900.55	80.488
900.72	80.427
900.90	80.352
901.07	80.450
901.24	80.416
901.41	80.430
901.59	80.452
901.76	80.439
901.93	80.397
902.11	80.340
902.28	80.348
902.45	80.446
902.63	80.483
902.80	80.450
902.97	80.457
903.15	80.560
903.32	80.621
903.49	80.612
903.66	80.656
903.84	80.677
904.01	80.653
904.18	80.626
904.36	80.652
904.53	80.617
904.70	80.541
904.87	80.527
905.05	80.446
905.22	80.456
905.39	80.425
905.56	80.349
905.74	80.304
905.91	80.206
906.08	80.080
906.26	79.986
906.43	79.888
906.60	79.796
906.77	79.627
906.95	79.505
907.12	79.369
907.29	79.201
907.46	79.155
907.64	79.053
907.81	78.945
907.98	78.767
908.15	78.657
908.33	78.533
908.50	78.399
908.67	78.300
908.84	78.165
909.01	78.017
909.19	77.929
909.36	77.803
909.53	77.657
909.70	77.425
909.88	77.326
910.05	77.153
910.22	77.061
910.39	76.939
910.57	76.841
910.74	76.762
910.91	76.703
911.08	76.493
911.25	76.347
911.43	76.210
911.60	76.079
911.77	75.933
911.94	75.702
912.11	75.532
912.29	75.320
912.46	75.078
912.63	74.870
912.80	74.648
912.97	74.460
913.15	74.327
913.32	74.194
913.49	73.952
913.66	73.872
913.83	73.657
914.00	73.441
914.18	73.242
914.35	73.040
914.52	72.773
914.69	72.573
914.86	72.360
915.03	72.156
915.21	72.025
915.38	71.812
915.55	71.744
915.72	71.578
915.89	71.453
916.06	71.381
916.24	71.294
916.41	71.132
916.58	71.013
916.75	70.802
916.92	70.628
917.09	70.429
917.26	70.168
917.44	69.952
917.61	69.834
917.78	69.614
917.95	69.462
918.12	69.287
918.29	69.191
918.46	69.003
918.64	68.842
918.81	68.693
918.98	68.563
919.15	68.367
919.32	68.217
919.49	67.977
919.66	67.765
919.83	67.583
920.00	67.401
920.18	67.251
920.35	67.213
920.52	67.092
920.69	67.040
920.86	67.023
921.03	66.923
921.20	66.776
921.37	66.660
921.54	66.408
921.71	66.301
921.89	66.119
922.06	66.059
922.23	65.936
922.40	65.811
922.57	65.608
922.74	65.517
922.91	65.446
923.08	65.391
923.25	65.293
923.42	65.182
923.59	65.139
923.76	64.930
923.93	64.727
924.11	64.552
924.28	64.410
924.45	64.272
924.62	64.251
924.79	64.151
924.96	63.991
925.13	63.956
925.30	63.843
925.47	63.682
925.64	63.596
925.81	63.520
925.98	63.443
926.15	63.420
926.32	63.257
926.49	63.133
926.66	63.054
926.83	62.959
927.00	62.925
927.17	62.823
927.34	62.880
927.51	62.839
927.69	62.892
927.86	62.866
928.03	62.745
928.20	62.714
928.37	62.627
928.54	62.666
928.71	62.615
928.88	62.655
929.05	62.705
929.22	62.690
929.39	62.655
929.56	62.576
929.73	62.531
929.90	62.575
930.07	62.573
930.24	62.531
930.41	62.523
930.58	62.574
930.75	62.623
930.92	62.565
931.09	62.547
931.26	62.508
931.43	62.459
931.60	62.491
931.77	62.411
931.94	62.477
932.11	62.516
932.27	62.559
932.44	62.561
932.61	62.582
932.78	62.550
932.95	62.659
933.12	62.636
933.29	62.681
933.46	62.705
933.63	62.659
933.80	62.676
933.97	62.710
934.14	62.690
934.31	62.648
934.48	62.698
934.65	62.729
934.82	62.788
934.99	62.856
935.16	62.901
935.33	63.002
935.50	63.134
935.67	63.205
935.84	63.240
936.00	63.268
936.17	63.328
936.34	63.459
936.51	63.421
936.68	63.471
936.85	63.502
937.02	63.607
937.19	63.667
937.36	63.820
937.53	63.823
937.70	63.909
937.87	63.990
938.03	64.005
938.20	64.063
938.37	64.145
938.54	64.192
938.71	64.250
938.88	64.349
939.05	64.282
939.22	64.240
939.39	64.343
939.56	64.500
939.72	64.559
939.89	64.581
940.06	64.656
940.23	64.742
940.40	64.848
940.57	64.974
940.74	65.120
940.91	65.176
941.08	65.360
941.24	65.441
941.41	65.610
941.58	65.864
941.75	66.013
941.92	66.165
942.09	66.308
942.26	66.411
942.42	66.459
942.59	66.694
942.76	67.066
942.93	67.219
943.10	67.226
943.27	67.403
943.44	67.531
943.60	67.717
943.77	67.756
943.94	67.970
944.11	68.024
944.28	68.105
944.45	68.243
944.61	68.333
944.78	68.381
944.95	68.437
945.12	68.604
945.29	68.717
945.46	68.675
945.62	68.692
945.79	68.903
945.96	69.202
946.13	69.331
946.30	69.316
946.46	69.477
946.63	69.614
946.80	69.746
946.97	69.923
947.14	70.013
947.31	70.522
947.47	70.723
947.64	70.899
947.81	71.074
947.98	71.256
948.15	71.362
948.31	71.579
948.48	71.712
948.65	71.706
948.82	71.847
948.98	72.012
949.15	72.354
949.32	72.388
949.49	72.373
949.66	72.445
949.82	72.496
949.99	72.593
950.16	72.715
950.33	72.670
950.49	72.783
950.66	72.749
950.83	72.586
951.00	72.421
951.16	72.206
951.33	72.229
951.50	72.115
951.67	72.187
951.83	72.199
952.00	72.194
952.17	72.128
952.34	72.135
952.50	72.289
952.67	72.224
952.84	72.279
953.01	72.207
953.17	72.225
953.34	72.321
953.51	72.240
953.68	72.141
953.84	72.090
954.01	72.018
954.18	71.952
954.34	71.998
954.51	72.099
954.68	72.266
954.85	72.308
955.01	72.476
955.18	72.717
955.35	72.456
955.51	72.433
955.68	72.563
955.85	72.722
956.02	72.602
956.18	72.614
956.35	72.556
956.52	72.620
956.68	72.601
956.85	72.481
957.02	72.546
957.18	72.597
957.35	72.606
957.52	72.668
957.69	72.766
957.85	72.816
958.02	72.651
958.19	72.544
958.35	72.507
958.52	72.275
958.69	71.932
958.85	72.141
959.02	72.234
959.19	71.959
959.35	71.825
959.52	71.900
959.69	71.890
959.85	71.901
960.02	71.889
960.19	71.805
960.35	71.752
960.52	71.663
960.68	71.623
960.85	71.706
961.02	71.446
961.18	71.441
961.35	71.238
961.52	71.307
961.68	71.305
961.85	71.181
962.02	71.240
962.18	71.254
962.35	71.011
962.51	70.870
962.68	70.935
962.85	70.819
963.01	70.475
963.18	70.384
963.35	70.016
963.51	69.848
963.68	69.851
963.84	69.554
964.01	69.553
964.18	69.402
964.34	69.172
964.51	69.004
964.67	68.818
964.84	68.688
965.01	68.459
965.17	68.192
965.34	68.237
965.50	67.988
965.67	67.951
965.84	67.953
966.00	68.068
966.17	68.148
966.33	68.025
966.50	67.939
966.66	67.861
966.83	67.981
967.00	67.904
967.16	67.634
967.33	67.643
967.49	67.462
967.66	67.626
967.82	67.449
967.99	67.634
968.16	67.627
968.32	67.552
968.49	67.346
968.65	67.541
968.82	67.385
968.98	67.441
969.15	67.094
969.31	66.781
969.48	66.476
969.64	66.126
969.81	66.112
969.98	66.057
970.14	65.717
970.31	65.576
970.47	65.267
970.64	65.091
970.80	65.131
970.97	64.634
971.13	64.320
971.30	64.221
971.46	63.985
971.63	63.732
971.79	63.775
971.96	63.826
972.12	63.478
972.29	63.053
972.45	62.919
972.62	62.953
972.78	63.023
972.95	62.599
973.11	62.362
973.28	62.193
973.44	62.177
973.61	62.398
973.77	62.258
973.94	62.242
974.10	62.401
974.27	62.339
974.43	62.613
974.60	62.545
974.76	62.529
974.93	62.501
975.09	62.365
975.26	62.073
975.42	61.971
975.59	61.818
975.75	62.167
975.92	62.100
976.08	61.570
976.24	61.407
976.41	61.302
976.57	61.399
976.74	61.256
976.90	60.917
977.07	60.407
977.23	60.375
977.40	60.268
977.56	59.579
977.73	59.286
977.89	59.001
978.05	58.621
978.22	58.447
978.38	58.144
978.55	57.879
978.71	57.747
978.88	57.744
979.04	57.669
979.20	57.476
979.37	57.316
979.53	57.321
979.70	57.387
979.86	57.623
980.03	57.422
980.19	57.387
980.35	57.460
980.52	57.307
980.68	57.346
980.85	57.298
981.01	57.438
981.17	57.378
981.34	57.206
981.50	57.160
981.67	57.136
981.83	57.049
981.99	57.087
982.16	56.848
982.32	56.029
982.49	56.086
982.65	55.870
982.81	55.968
982.98	56.013
983.14	55.973
983.30	55.524
983.47	55.533
983.63	55.307
983.80	55.071
983.96	54.874
984.12	55.221
984.29	55.310
984.45	55.592
984.61	55.322
984.78	55.561
984.94	55.761
985.10	56.207
985.27	56.022
985.43	56.415
985.59	56.807
985.76	57.339
985.92	57.482
986.08	57.801
986.25	57.282
986.41	57.750
986.57	57.076
986.74	57.474
986.90	57.310
987.06	57.202
987.23	57.114
987.39	56.855
987.55	55.848
987.72	55.644
987.88	54.774
988.04	55.161
988.21	55.555
988.37	55.329
988.53	54.579
988.70	55.011
988.86	54.428
989.02	54.125
989.19	53.709
989.35	53.710
989.51	52.959
989.67	53.064
989.84	52.602
990.00	52.782
990.16	53.008
990.33	53.289
990.49	53.694
990.65	53.970
990.82	54.506
990.98	54.687
991.14	54.554
991.30	55.519
991.47	54.872
991.63	54.807
991.79	55.628
991.95	56.029
992.12	56.014
992.28	56.244
992.44	56.331
992.61	56.611
992.77	56.646
992.93	57.365
993.09	57.525
993.26	57.732
993.42	58.293
993.58	57.881
993.74	57.656
993.91	57.199
994.07	56.945
994.23	57.056
994.39	57.227
994.55	57.422
994.72	56.928
994.88	57.252
995.04	56.831
995.20	56.528
995.37	56.116
995.53	56.090
995.69	55.921
995.85	55.564
996.02	55.669
996.18	55.992
996.34	55.564
996.50	55.601
996.66	56.458
996.83	55.948
996.99	55.105
997.15	55.562
997.31	55.674
997.47	55.916
997.64	55.978
997.80	56.235
997.96	56.804
998.12	57.000
998.28	57.724
998.45	58.108
998.61	57.992
998.77	57.864
998.93	57.943
999.09	59.135
999.25	59.478
999.42	60.562
999.58	60.098
999.74	59.803
999.90	59.428
1000.06	58.753
1000.22	59.211
1000.39	60.132
1000.55	60.038
1000.71	60.569
1000.87	60.576
1001.03	60.361
1001.19	60.288
1001.36	59.769
1001.52	59.251
1001.68	58.877
1001.84	59.507
1002.00	58.497
1002.16	58.546
1002.32	58.203
1002.49	56.340
1002.65	56.001
1002.81	55.305
1002.97	55.496
1003.13	55.645
1003.29	56.645
1003.45	56.380
1003.62	56.986
1003.78	56.717
1003.94	56.937
1004.10	56.115
1004.26	56.185
1004.42	56.162
1004.58	56.237
1004.74	56.448
1004.90	58.165
1005.07	57.822
1005.23	56.578
1005.39	58.027
1005.55	58.546
1005.71	58.041
1005.87	59.575
1006.03	60.685
1006.19	60.659
1006.35	60.163
1006.51	61.062
1006.67	60.947
1006.84	60.587
1007.00	59.992
1007.16	61.318
1007.32	59.816
1007.48	60.621
1007.64	61.966
1007.80	61.989
1007.96	60.872
1008.12	61.175
1008.28	59.406
1008.44	60.760
1008.60	61.268
1008.76	59.636
1008.92	58.708
1009.09	58.846
1009.25	58.120
1009.41	57.424
1009.57	58.534
1009.73	59.450
1009.89	59.870
1010.05	60.588
1010.21	62.650
1010.37	62.475
1010.53	63.480
1010.69	65.437
1010.85	64.950
1011.01	63.707
1011.17	62.397
1011.33	63.852
1011.49	64.428
1011.65	64.611
1011.81	63.852
1011.97	64.119
1012.13	66.807
1012.29	68.634
1012.45	69.681
1012.61	73.110
1012.77	70.809
1012.93	69.649
1013.09	68.349
1013.25	68.709
1013.41	68.959
1013.57	65.622
1013.73	64.987
1013.89	61.241
1014.05	62.726
1014.21	61.114
1014.37	59.512
1014.53	58.757
1014.69	58.731
1014.85	59.092
1015.01	60.989
1015.17	63.239
1015.33	63.885
1015.49	61.997
1015.65	63.638
1015.81	64.922
1015.97	61.616
1016.13	64.838
1016.29	64.570
1016.45	65.543
1016.61	65.755
1016.77	62.998
1016.93	64.040
1017.09	63.688
1017.25	64.581
1017.41	63.253
1017.56	64.961
1017.72	70.761
1017.88	72.935
1018.04	74.898
1018.20	72.623
1018.36	72.685
1018.52	69.938
1018.68	71.419
1018.84	72.975
1019.00	70.378
1019.16	71.769
1019.32	75.266
1019.48	76.073
1019.64	77.931
1019.79	75.552
1019.95	71.836
1020.11	76.889
1020.27	76.572
1020.43	82.143
1020.59	84.718
1020.75	81.723
1020.91	85.929
1021.07	79.612
1021.23	79.029
1021.39	74.895
1021.54	79.259
1021.70	76.252
1021.86	74.875
1022.02	72.188
1022.18	69.239
1022.34	72.338
1022.50	71.347
1022.66	68.149
1022.82	66.898
1022.97	67.677
1023.13	70.744
1023.29	75.987
1023.45	74.403
1023.61	76.160
1023.77	74.161
1023.93	75.278
1024.08	76.733
1024.24	73.847
1024.40	73.657
1024.56	81.414
1024.72	82.517
1024.88	72.983
1025.04	78.205
1025.19	77.647
1025.35	75.522
1025.51	79.877
1025.67	82.894
1025.83	76.840
1025.99	79.700
1026.14	78.783
1026.30	85.202
1026.46	87.484
1026.62	79.912
1026.78	74.410
1026.94	71.474
1027.09	69.647
1027.25	67.201
1027.41	66.091
1027.57	65.802
1027.73	65.770
1027.89	59.932
1028.04	59.309
1028.20	58.812
1028.36	58.725
1028.52	57.835
1028.68	57.492
1028.83	57.802
1028.99	54.607
1029.15	55.953
1029.31	54.348
1029.47	55.095
1029.62	53.305
1029.78	52.224
1029.94	52.828
1030.10	54.296
1030.25	55.073
1030.41	58.012
1030.57	59.958
1030.73	62.716
1030.89	61.411
1031.04	66.284
1031.20	70.561
1031.36	79.869
1031.52	87.072
1031.67	90.629
1031.83	96.538
1031.99	106.909
1032.15	93.733
1032.30	105.454
1032.46	118.178
1032.62	111.413
1032.78	102.891
1032.93	117.450
1033.09	104.274
1033.25	93.947
1033.41	90.088
1033.56	84.464
1033.72	-25.196
1033.88	288.571
1034.04	37.827
1034.19	45.970
1034.35	77.736
1034.51	-13.551
1034.66	65.154
1034.82	2803.333
1034.98	2803.333
1035.14	2803.333
