345.22	47.858
345.43	47.858
345.65	47.858
345.86	40.883
346.08	141.723
346.29	2.464
346.51	37.282
346.72	26.061
346.94	-236.154
347.15	-91.057
347.37	191.708
347.58	224.834
347.80	249.182
348.01	209.951
348.23	142.784
348.44	132.835
348.66	119.796
348.87	120.754
349.09	113.221
349.30	100.055
349.52	93.158
349.73	96.203
349.95	95.507
350.16	96.793
350.38	92.846
350.59	86.123
350.81	84.943
351.02	83.243
351.24	81.681
351.45	81.077
351.67	83.381
351.88	82.559
352.10	78.769
352.31	78.165
352.53	82.158
352.74	83.238
352.96	83.874
353.17	82.936
353.39	84.064
353.60	86.122
353.82	87.404
354.03	87.108
354.25	82.606
354.46	77.933
354.67	74.911
354.89	73.630
355.10	77.597
355.32	76.013
355.53	77.231
355.75	79.273
355.96	79.977
356.18	79.745
356.39	79.728
356.61	83.760
356.82	83.722
357.04	79.297
357.25	79.448
357.46	79.327
357.68	79.080
357.89	77.593
358.11	75.893
358.32	78.942
358.54	76.941
358.75	78.104
358.97	79.966
359.18	82.929
359.40	82.411
359.61	82.525
359.82	83.928
360.04	84.122
360.25	82.187
360.47	78.580
360.68	77.695
360.90	77.725
361.11	75.591
361.32	75.499
361.54	79.233
361.75	79.156
361.97	80.289
362.18	81.389
362.40	82.717
362.61	84.408
362.83	83.794
363.04	85.375
363.25	87.215
363.47	88.293
363.68	86.087
363.90	89.745
364.11	89.990
364.32	90.454
364.54	88.651
364.75	85.801
364.97	89.675
365.18	88.687
365.40	86.896
365.61	87.037
365.82	87.161
366.04	86.244
366.25	85.815
366.47	84.027
366.68	82.259
366.89	82.837
367.11	80.682
367.32	81.416
367.54	78.693
367.75	78.125
367.96	76.979
368.18	77.675
368.39	76.635
368.61	77.022
368.82	78.196
369.03	80.713
369.25	84.899
369.46	85.664
369.68	86.120
369.89	87.226
370.10	87.708
370.32	88.361
370.53	87.992
370.75	84.371
370.96	86.145
371.17	86.692
371.39	84.753
371.60	84.865
371.81	85.656
372.03	87.687
372.24	88.205
372.46	91.703
372.67	92.818
372.88	91.604
373.10	91.066
373.31	89.318
373.52	88.878
373.74	86.902
373.95	85.529
374.17	86.824
374.38	88.834
374.59	89.228
374.81	87.583
375.02	85.927
375.23	89.116
375.45	86.869
375.66	84.917
375.87	85.884
376.09	86.669
376.30	85.148
376.52	86.953
376.73	84.767
376.94	82.554
377.16	83.375
377.37	87.215
377.58	87.581
377.80	88.917
378.01	89.981
378.22	91.761
378.44	92.750
378.65	94.761
378.86	94.839
379.08	95.023
379.29	95.432
379.50	98.176
379.72	98.323
379.93	101.752
380.14	104.891
380.36	105.891
380.57	107.111
380.78	107.346
381.00	108.256
381.21	109.684
381.42	110.976
381.64	111.473
381.85	111.090
382.06	111.177
382.28	111.268
382.49	110.754
382.70	111.144
382.92	111.328
383.13	110.568
383.34	110.935
383.56	111.802
383.77	113.042
383.98	112.612
384.20	113.535
384.41	113.573
384.62	113.755
384.83	114.210
385.05	114.611
385.26	115.529
385.47	116.312
385.69	117.191
385.90	117.941
386.11	118.611
386.33	119.530
386.54	120.340
386.75	121.008
386.97	122.166
387.18	122.948
387.39	123.872
387.60	124.344
387.82	124.870
388.03	125.302
388.24	125.853
388.46	126.323
388.67	126.518
388.88	126.544
389.09	126.514
389.31	126.359
389.52	126.164
389.73	125.664
389.95	125.215
390.16	124.713
390.37	124.312
390.58	123.857
390.80	123.125
391.01	122.571
391.22	122.015
391.44	121.085
391.65	120.299
391.86	119.524
392.07	119.163
392.29	118.618
392.50	118.067
392.71	117.479
392.92	117.125
393.14	116.655
393.35	116.397
393.56	116.292
393.78	116.252
393.99	116.432
394.20	116.725
394.41	116.960
394.63	117.213
394.84	117.725
395.05	118.391
395.26	119.007
395.48	119.701
395.69	120.337
395.90	121.283
396.11	122.169
396.33	123.019
396.54	123.918
396.75	124.692
396.96	125.471
397.18	126.175
397.39	126.875
397.60	127.597
397.81	128.192
398.03	128.615
398.24	128.965
398.45	129.138
398.66	129.260
398.87	129.329
399.09	129.258
399.30	128.949
399.51	128.453
399.72	128.022
399.94	127.459
400.15	126.818
400.36	126.014
400.57	125.156
400.79	124.289
401.00	123.290
401.21	122.351
401.42	121.393
401.63	120.427
401.85	119.491
402.06	118.675
402.27	117.850
402.48	117.144
402.69	116.517
402.91	115.900
403.12	115.325
403.33	114.985
403.54	114.798
403.76	114.566
403.97	114.542
404.18	114.656
404.39	114.882
404.60	115.246
404.82	115.724
405.03	116.324
405.24	116.940
405.45	117.642
405.66	118.438
405.88	119.262
406.09	120.204
406.30	121.060
406.51	121.824
406.72	122.663
406.94	123.469
407.15	124.216
407.36	125.007
407.57	125.738
407.78	126.306
407.99	126.738
408.21	127.164
408.42	127.489
408.63	127.734
408.84	127.775
409.05	127.748
409.27	127.525
409.48	127.126
409.69	126.668
409.90	126.197
410.11	125.604
410.32	124.941
410.54	124.099
410.75	123.189
410.96	122.259
411.17	121.269
411.38	120.268
411.59	119.273
411.81	118.188
412.02	117.127
412.23	116.101
412.44	115.165
412.65	114.331
412.86	113.571
413.08	112.797
413.29	112.121
413.50	111.597
413.71	111.205
413.92	110.903
414.13	110.705
414.34	110.592
414.56	110.528
414.77	110.635
414.98	110.832
415.19	111.259
415.40	111.782
415.61	112.383
415.82	113.013
416.04	113.747
416.25	114.497
416.46	115.327
416.67	116.248
416.88	117.119
417.09	118.003
417.30	118.827
417.52	119.702
417.73	120.481
417.94	121.225
418.15	121.917
418.36	122.626
418.57	123.161
418.78	123.605
418.99	124.043
419.21	124.344
419.42	124.579
419.63	124.656
419.84	124.623
420.05	124.461
420.26	124.174
420.47	123.726
420.68	123.293
420.89	122.734
421.11	122.018
421.32	121.331
421.53	120.515
421.74	119.668
421.95	118.799
422.16	117.931
422.37	117.021
422.58	116.025
422.79	115.023
423.01	114.113
423.22	113.196
423.43	112.358
423.64	111.555
423.85	110.826
424.06	110.199
424.27	109.615
424.48	109.128
424.69	108.818
424.90	108.598
425.11	108.453
425.33	108.447
425.54	108.515
425.75	108.654
425.96	108.902
426.17	109.272
426.38	109.720
426.59	110.258
426.80	110.877
427.01	111.593
427.22	112.399
427.43	113.304
427.64	114.187
427.85	115.037
428.07	115.945
428.28	116.822
428.49	117.711
428.70	118.594
428.91	119.442
429.12	120.201
429.33	120.962
429.54	121.665
429.75	122.264
429.96	122.864
430.17	123.363
430.38	123.762
430.59	124.006
430.80	124.144
431.01	124.185
431.22	124.156
431.44	124.007
431.65	123.767
431.86	123.383
432.07	122.946
432.28	122.435
432.49	121.825
432.70	121.130
432.91	120.329
433.12	119.452
433.33	118.544
433.54	117.656
433.75	116.721
433.96	115.778
434.17	114.739
434.38	113.754
434.59	112.791
434.80	111.850
435.01	111.037
435.22	110.266
435.43	109.562
435.64	108.900
435.85	108.315
436.06	107.805
436.27	107.411
436.48	107.117
436.69	106.881
436.90	106.775
437.11	106.786
437.33	106.892
437.54	107.108
437.75	107.458
437.96	107.818
438.17	108.270
438.38	108.754
438.59	109.392
438.80	110.049
439.01	110.829
439.22	111.681
439.43	112.410
439.64	113.218
439.85	114.054
440.06	114.861
440.27	115.721
440.48	116.515
440.69	117.281
440.90	118.009
441.11	118.746
441.32	119.396
441.53	119.972
441.74	120.455
441.95	120.919
442.16	121.264
442.37	121.496
442.58	121.678
442.79	121.783
443.00	121.792
443.21	121.717
443.42	121.467
443.62	121.068
443.83	120.760
444.04	120.309
444.25	119.781
444.46	119.168
444.67	118.459
444.88	117.732
445.09	116.926
445.30	116.070
445.51	115.143
445.72	114.184
445.93	113.270
446.14	112.326
446.35	111.332
446.56	110.413
446.77	109.528
446.98	108.626
447.19	107.749
447.40	106.951
447.61	106.163
447.82	105.468
448.03	104.877
448.24	104.305
448.45	103.838
448.66	103.446
448.87	103.137
449.08	102.949
449.29	102.830
449.49	102.805
449.70	102.892
449.91	103.048
450.12	103.320
450.33	103.623
450.54	104.031
450.75	104.531
450.96	105.053
451.17	105.657
451.38	106.300
451.59	107.007
451.80	107.712
452.01	108.474
452.22	109.265
452.43	110.015
452.64	110.775
452.84	111.543
453.05	112.276
453.26	113.026
453.47	113.697
453.68	114.353
453.89	114.965
454.10	115.472
454.31	115.965
454.52	116.356
454.73	116.707
454.94	116.950
455.15	117.101
455.36	117.164
455.56	117.154
455.77	117.058
455.98	116.895
456.19	116.657
456.40	116.351
456.61	115.985
456.82	115.508
457.03	114.970
457.24	114.341
457.45	113.689
457.65	112.916
457.86	112.138
458.07	111.321
458.28	110.410
458.49	109.546
458.70	108.608
458.91	107.684
459.12	106.751
459.33	105.795
459.54	104.892
459.74	104.009
459.95	103.136
460.16	102.348
460.37	101.601
460.58	100.914
460.79	100.255
461.00	99.627
461.21	99.105
461.41	98.649
461.62	98.272
461.83	97.991
462.04	97.803
462.25	97.638
462.46	97.595
462.67	97.658
462.88	97.796
463.08	98.036
463.29	98.311
463.50	98.662
463.71	99.112
463.92	99.598
464.13	100.115
464.34	100.701
464.54	101.343
464.75	102.023
464.96	102.710
465.17	103.432
465.38	104.139
465.59	104.900
465.80	105.637
466.00	106.352
466.21	107.046
466.42	107.713
466.63	108.406
466.84	109.045
467.05	109.628
467.26	110.164
467.46	110.586
467.67	111.006
467.88	111.382
468.09	111.647
468.30	111.883
468.51	112.054
468.71	112.124
468.92	112.127
469.13	112.053
469.34	111.923
469.55	111.692
469.76	111.430
469.96	111.064
470.17	110.639
470.38	110.177
470.59	109.626
470.80	109.017
471.00	108.398
471.21	107.694
471.42	106.976
471.63	106.215
471.84	105.446
472.05	104.630
472.25	103.794
472.46	102.961
472.67	102.079
472.88	101.257
473.09	100.414
473.29	99.571
473.50	98.783
473.71	98.000
473.92	97.252
474.13	96.543
474.33	95.902
474.54	95.305
474.75	94.763
474.96	94.276
475.17	93.855
475.37	93.459
475.58	93.157
475.79	92.933
476.00	92.780
476.21	92.711
476.41	92.702
476.62	92.778
476.83	92.913
477.04	93.156
477.24	93.422
477.45	93.768
477.66	94.166
477.87	94.593
478.08	95.101
478.28	95.620
478.49	96.203
478.70	96.825
478.91	97.451
479.11	98.094
479.32	98.783
479.53	99.453
479.74	100.167
479.94	100.846
480.15	101.495
480.36	102.127
480.57	102.745
480.78	103.363
480.98	103.898
481.19	104.408
481.40	104.866
481.61	105.313
481.81	105.696
482.02	106.018
482.23	106.319
482.44	106.518
482.64	106.697
482.85	106.796
483.06	106.810
483.27	106.795
483.47	106.729
483.68	106.583
483.89	106.374
484.10	106.090
484.30	105.765
484.51	105.362
484.72	104.943
484.92	104.429
485.13	103.894
485.34	103.326
485.55	102.704
485.75	102.052
485.96	101.335
486.17	100.612
486.38	99.878
486.58	99.102
486.79	98.336
487.00	97.548
487.20	96.754
487.41	95.988
487.62	95.227
487.83	94.464
488.03	93.719
488.24	93.009
488.45	92.317
488.65	91.649
488.86	91.036
489.07	90.452
489.28	89.927
489.48	89.434
489.69	89.031
489.90	88.657
490.10	88.355
490.31	88.116
490.52	87.907
490.73	87.772
490.93	87.705
491.14	87.692
491.35	87.747
491.55	87.855
491.76	88.015
491.97	88.227
492.17	88.481
492.38	88.796
492.59	89.161
492.79	89.580
493.00	90.040
493.21	90.535
493.41	91.052
493.62	91.601
493.83	92.178
494.04	92.732
494.24	93.325
494.45	93.926
494.66	94.512
494.86	95.135
495.07	95.718
495.28	96.314
495.48	96.875
495.69	97.418
495.90	97.951
496.10	98.453
496.31	98.910
496.52	99.330
496.72	99.747
496.93	100.111
497.14	100.420
497.34	100.663
497.55	100.891
497.76	101.058
497.96	101.171
498.17	101.229
498.37	101.251
498.58	101.193
498.79	101.081
498.99	100.943
499.20	100.729
499.41	100.470
499.61	100.139
499.82	99.779
500.03	99.360
500.23	98.919
500.44	98.415
500.65	97.883
500.85	97.330
501.06	96.709
501.26	96.073
501.47	95.412
501.68	94.749
501.88	94.039
502.09	93.336
502.30	92.611
502.50	91.884
502.71	91.163
502.91	90.448
503.12	89.735
503.33	89.029
503.53	88.354
503.74	87.685
503.95	87.035
504.15	86.420
504.36	85.828
504.56	85.264
504.77	84.756
504.98	84.268
505.18	83.835
505.39	83.438
505.59	83.091
505.80	82.794
506.01	82.551
506.21	82.362
506.42	82.216
506.62	82.127
506.83	82.081
507.04	82.094
507.24	82.155
507.45	82.270
507.65	82.437
507.86	82.629
508.07	82.878
508.27	83.176
508.48	83.503
508.68	83.888
508.89	84.294
509.10	84.720
509.30	85.183
509.51	85.658
509.71	86.155
509.92	86.666
510.12	87.184
510.33	87.714
510.54	88.241
510.74	88.782
510.95	89.306
511.15	89.830
511.36	90.354
511.56	90.866
511.77	91.349
511.98	91.815
512.18	92.274
512.39	92.702
512.59	93.104
512.80	93.468
513.00	93.797
513.21	94.085
513.42	94.349
513.62	94.568
513.83	94.753
514.03	94.886
514.24	94.975
514.44	95.016
514.65	95.022
514.85	94.988
515.06	94.913
515.26	94.786
515.47	94.623
515.68	94.401
515.88	94.141
516.09	93.839
516.29	93.502
516.50	93.123
516.70	92.702
516.91	92.246
517.11	91.765
517.32	91.258
517.52	90.723
517.73	90.176
517.93	89.598
518.14	88.999
518.34	88.394
518.55	87.777
518.76	87.156
518.96	86.512
519.17	85.862
519.37	85.208
519.58	84.577
519.78	83.937
519.99	83.303
520.19	82.684
520.40	82.102
520.60	81.525
520.81	80.965
521.01	80.424
521.22	79.929
521.42	79.459
521.63	79.016
521.83	78.606
522.04	78.224
522.24	77.899
522.45	77.611
522.65	77.370
522.86	77.171
523.06	77.010
523.27	76.899
523.47	76.829
523.68	76.801
523.88	76.807
524.09	76.862
524.29	76.969
524.50	77.113
524.70	77.289
524.91	77.501
525.11	77.764
525.32	78.073
525.52	78.396
525.72	78.771
525.93	79.162
526.13	79.588
526.34	80.018
526.54	80.489
526.75	80.953
526.95	81.442
527.16	81.928
527.36	82.436
527.57	82.942
527.77	83.449
527.98	83.968
528.18	84.483
528.39	84.985
528.59	85.485
528.79	85.966
529.00	86.444
529.20	86.899
529.41	87.359
529.61	87.782
529.82	88.174
530.02	88.531
530.23	88.876
530.43	89.174
530.64	89.459
530.84	89.689
531.04	89.888
531.25	90.074
531.45	90.231
531.66	90.344
531.86	90.419
532.07	90.449
532.27	90.437
532.47	90.395
532.68	90.336
532.88	90.236
533.09	90.094
533.29	89.901
533.50	89.678
533.70	89.386
533.90	89.085
534.11	88.768
534.31	88.416
534.52	88.023
534.72	87.632
534.93	87.214
535.13	86.754
535.33	86.297
535.54	85.788
535.74	85.273
535.95	84.727
536.15	84.199
536.35	83.656
536.56	83.109
536.76	82.534
536.97	81.970
537.17	81.391
537.37	80.826
537.58	80.282
537.78	79.742
537.99	79.216
538.19	78.684
538.39	78.165
538.60	77.669
538.80	77.209
539.01	76.744
539.21	76.309
539.41	75.917
539.62	75.537
539.82	75.197
540.03	74.878
540.23	74.610
540.43	74.356
540.64	74.158
540.84	73.984
541.04	73.860
541.25	73.779
541.45	73.730
541.66	73.711
541.86	73.729
542.06	73.790
542.27	73.887
542.47	74.039
542.67	74.204
542.88	74.411
543.08	74.651
543.28	74.931
543.49	75.228
543.69	75.560
543.90	75.928
544.10	76.301
544.30	76.726
544.51	77.153
544.71	77.621
544.91	78.077
545.12	78.562
545.32	79.061
545.52	79.542
545.73	80.056
545.93	80.568
546.13	81.062
546.34	81.552
546.54	82.044
546.74	82.523
546.95	83.021
547.15	83.502
547.35	83.952
547.56	84.414
547.76	84.869
547.96	85.290
548.17	85.707
548.37	86.113
548.57	86.460
548.78	86.794
548.98	87.100
549.18	87.371
549.39	87.614
549.59	87.828
549.79	88.037
550.00	88.201
550.20	88.361
550.40	88.469
550.61	88.556
550.81	88.602
551.01	88.618
551.22	88.601
551.42	88.548
551.62	88.465
551.82	88.334
552.03	88.188
552.23	88.007
552.43	87.789
552.64	87.546
552.84	87.275
553.04	86.974
553.25	86.648
553.45	86.292
553.65	85.919
553.85	85.544
554.06	85.135
554.26	84.697
554.46	84.225
554.67	83.759
554.87	83.272
555.07	82.793
555.27	82.286
555.48	81.771
555.68	81.264
555.88	80.748
556.09	80.236
556.29	79.700
556.49	79.187
556.69	78.658
556.90	78.143
557.10	77.658
557.30	77.191
557.50	76.713
557.71	76.276
557.91	75.850
558.11	75.419
558.31	75.020
558.52	74.648
558.72	74.307
558.92	73.987
559.13	73.697
559.33	73.427
559.53	73.184
559.73	72.983
559.94	72.800
560.14	72.645
560.34	72.519
560.54	72.431
560.75	72.383
560.95	72.362
561.15	72.384
561.35	72.421
561.55	72.482
561.76	72.591
561.96	72.708
562.16	72.874
562.36	73.081
562.57	73.304
562.77	73.557
562.97	73.835
563.17	74.131
563.38	74.447
563.58	74.794
563.78	75.165
563.98	75.547
564.18	75.943
564.39	76.367
564.59	76.800
564.79	77.258
564.99	77.706
565.20	78.163
565.40	78.610
565.60	79.065
565.80	79.545
566.00	80.007
566.21	80.482
566.41	80.929
566.61	81.379
566.81	81.831
567.01	82.269
567.22	82.704
567.42	83.127
567.62	83.523
567.82	83.908
568.02	84.277
568.23	84.629
568.43	84.963
568.63	85.284
568.83	85.568
569.03	85.819
569.24	86.057
569.44	86.281
569.64	86.485
569.84	86.674
570.04	86.806
570.24	86.928
570.45	87.021
570.65	87.097
570.85	87.137
571.05	87.137
571.25	87.111
571.45	87.047
571.66	86.978
571.86	86.887
572.06	86.746
572.26	86.593
572.46	86.419
572.66	86.226
572.87	85.989
573.07	85.746
573.27	85.480
573.47	85.194
573.67	84.876
573.87	84.532
574.08	84.162
574.28	83.799
574.48	83.410
574.68	82.997
574.88	82.578
575.08	82.128
575.28	81.679
575.49	81.230
575.69	80.776
575.89	80.294
576.09	79.830
576.29	79.350
576.49	78.865
576.69	78.376
576.90	77.893
577.10	77.424
577.30	76.955
577.50	76.497
577.70	76.036
577.90	75.589
578.10	75.174
578.30	74.765
578.51	74.368
578.71	73.996
578.91	73.639
579.11	73.288
579.31	72.968
579.51	72.666
579.71	72.390
579.91	72.128
580.12	71.904
580.32	71.700
580.52	71.532
580.72	71.375
580.92	71.249
581.12	71.135
581.32	71.060
581.52	71.026
581.72	71.004
581.92	71.013
582.13	71.064
582.33	71.114
582.53	71.206
582.73	71.311
582.93	71.450
583.13	71.620
583.33	71.825
583.53	72.045
583.73	72.297
583.93	72.569
584.13	72.865
584.34	73.191
584.54	73.505
584.74	73.834
584.94	74.207
585.14	74.584
585.34	74.981
585.54	75.354
585.74	75.746
585.94	76.163
586.14	76.598
586.34	77.020
586.54	77.466
586.74	77.912
586.94	78.370
587.15	78.830
587.35	79.277
587.55	79.717
587.75	80.161
587.95	80.582
588.15	80.998
588.35	81.404
588.55	81.804
588.75	82.208
588.95	82.601
589.15	82.971
589.35	83.335
589.55	83.677
589.75	84.039
589.95	84.361
590.15	84.663
590.35	84.934
590.55	85.198
590.75	85.431
590.95	85.641
591.15	85.830
591.35	85.985
591.56	86.123
591.76	86.239
591.96	86.328
592.16	86.409
592.36	86.460
592.56	86.493
592.76	86.493
592.96	86.482
593.16	86.425
593.36	86.354
593.56	86.269
593.76	86.170
593.96	86.022
594.16	85.873
594.36	85.700
594.56	85.504
594.76	85.283
594.96	85.056
595.16	84.790
595.36	84.515
595.56	84.211
595.76	83.883
595.96	83.535
596.16	83.190
596.36	82.821
596.56	82.449
596.76	82.049
596.96	81.641
597.16	81.228
597.36	80.823
597.56	80.395
597.76	79.951
597.96	79.505
598.16	79.063
598.36	78.614
598.56	78.154
598.76	77.706
598.96	77.269
599.16	76.824
599.36	76.410
599.56	75.993
599.76	75.578
599.96	75.181
600.15	74.793
600.35	74.418
600.55	74.058
600.75	73.693
600.95	73.357
601.15	73.025
601.35	72.701
601.55	72.400
601.75	72.131
601.95	71.873
602.15	71.642
602.35	71.413
602.55	71.218
602.75	71.053
602.95	70.894
603.15	70.747
603.35	70.640
603.55	70.543
603.75	70.461
603.95	70.416
604.15	70.396
604.35	70.407
604.54	70.429
604.74	70.492
604.94	70.569
605.14	70.659
605.34	70.783
605.54	70.938
605.74	71.117
605.94	71.305
606.14	71.523
606.34	71.753
606.54	72.015
606.74	72.295
606.94	72.583
607.14	72.900
607.33	73.241
607.53	73.582
607.73	73.932
607.93	74.292
608.13	74.663
608.33	75.049
608.53	75.427
608.73	75.829
608.93	76.214
609.13	76.617
609.33	77.034
609.52	77.451
609.72	77.863
609.92	78.265
610.12	78.678
610.32	79.086
610.52	79.505
610.72	79.903
610.92	80.296
611.12	80.691
611.31	81.077
611.51	81.452
611.71	81.818
611.91	82.189
612.11	82.560
612.31	82.916
612.51	83.244
612.71	83.576
612.91	83.876
613.10	84.178
613.30	84.488
613.50	84.763
613.70	85.015
613.90	85.244
614.10	85.455
614.30	85.635
614.50	85.809
614.69	85.938
614.89	86.068
615.09	86.175
615.29	86.264
615.49	86.330
615.69	86.375
615.89	86.406
616.08	86.414
616.28	86.394
616.48	86.355
616.68	86.294
616.88	86.210
617.08	86.106
617.27	85.996
617.47	85.847
617.67	85.684
617.87	85.499
618.07	85.309
618.27	85.103
618.47	84.892
618.66	84.650
618.86	84.407
619.06	84.135
619.26	83.856
619.46	83.560
619.66	83.239
619.85	82.905
620.05	82.561
620.25	82.193
620.45	81.827
620.65	81.445
620.84	81.081
621.04	80.700
621.24	80.336
621.44	79.928
621.64	79.508
621.84	79.105
622.03	78.698
622.23	78.290
622.43	77.884
622.63	77.481
622.83	77.076
623.02	76.673
623.22	76.283
623.42	75.875
623.62	75.487
623.82	75.118
624.01	74.746
624.21	74.379
624.41	74.033
624.61	73.700
624.81	73.386
625.00	73.062
625.20	72.754
625.40	72.451
625.60	72.179
625.79	71.930
625.99	71.701
626.19	71.478
626.39	71.275
626.59	71.082
626.78	70.921
626.98	70.775
627.18	70.641
627.38	70.535
627.57	70.471
627.77	70.410
627.97	70.364
628.17	70.354
628.37	70.355
628.56	70.393
628.76	70.431
628.96	70.488
629.16	70.567
629.35	70.692
629.55	70.822
629.75	70.973
629.95	71.146
630.14	71.322
630.34	71.532
630.54	71.753
630.74	71.986
630.93	72.234
631.13	72.492
631.33	72.764
631.53	73.030
631.72	73.311
631.92	73.618
632.12	73.945
632.31	74.267
632.51	74.625
632.71	74.978
632.91	75.334
633.10	75.703
633.30	76.092
633.50	76.452
633.70	76.843
633.89	77.225
634.09	77.619
634.29	78.011
634.48	78.399
634.68	78.803
634.88	79.207
635.08	79.608
635.27	80.023
635.47	80.427
635.67	80.839
635.86	81.245
636.06	81.634
636.26	82.002
636.46	82.372
636.65	82.723
636.85	83.086
637.05	83.436
637.24	83.759
637.44	84.076
637.64	84.388
637.83	84.697
638.03	84.999
638.23	85.255
638.43	85.515
638.62	85.754
638.82	85.958
639.02	86.164
639.21	86.346
639.41	86.498
639.61	86.658
639.80	86.797
640.00	86.917
640.20	87.045
640.39	87.160
640.59	87.246
640.79	87.323
640.98	87.363
641.18	87.395
641.38	87.425
641.57	87.417
641.77	87.392
641.97	87.331
642.16	87.262
642.36	87.190
642.56	87.095
642.75	87.000
642.95	86.877
643.15	86.741
643.34	86.602
643.54	86.447
643.74	86.254
643.93	86.055
644.13	85.817
644.33	85.557
644.52	85.297
644.72	85.035
644.91	84.753
645.11	84.447
645.31	84.144
645.50	83.835
645.70	83.525
645.90	83.211
646.09	82.877
646.29	82.529
646.48	82.176
646.68	81.808
646.88	81.438
647.07	81.070
647.27	80.691
647.47	80.302
647.66	79.921
647.86	79.535
648.05	79.157
648.25	78.788
648.45	78.413
648.64	78.026
648.84	77.657
649.04	77.276
649.23	76.903
649.43	76.539
649.62	76.170
649.82	75.798
650.02	75.439
650.21	75.095
650.41	74.780
650.60	74.469
650.80	74.186
651.00	73.881
651.19	73.607
651.39	73.340
651.58	73.080
651.78	72.841
651.97	72.632
652.17	72.423
652.37	72.221
652.56	72.057
652.76	71.901
652.95	71.756
653.15	71.651
653.35	71.549
653.54	71.454
653.74	71.370
653.93	71.315
654.13	71.278
654.32	71.246
654.52	71.212
654.72	71.214
654.91	71.227
655.11	71.268
655.30	71.329
655.50	71.408
655.69	71.504
655.89	71.600
656.08	71.707
656.28	71.842
656.48	71.998
656.67	72.156
656.87	72.333
657.06	72.513
657.26	72.701
657.45	72.920
657.65	73.159
657.84	73.420
658.04	73.676
658.23	73.954
658.43	74.252
658.62	74.565
658.82	74.873
659.02	75.193
659.21	75.535
659.41	75.868
659.60	76.206
659.80	76.557
659.99	76.935
660.19	77.308
660.38	77.689
660.58	78.054
660.77	78.438
660.97	78.812
661.16	79.193
661.36	79.565
661.55	79.954
661.75	80.335
661.94	80.704
662.14	81.088
662.33	81.474
662.53	81.848
662.72	82.217
662.92	82.578
663.11	82.923
663.31	83.279
663.50	83.632
663.70	83.989
663.89	84.334
664.09	84.654
664.28	84.987
664.48	85.292
664.67	85.615
664.87	85.899
665.06	86.193
665.26	86.465
665.45	86.734
665.65	86.982
665.84	87.233
666.04	87.468
666.23	87.665
666.43	87.839
666.62	88.007
666.82	88.162
667.01	88.310
667.21	88.449
667.40	88.554
667.59	88.666
667.79	88.742
667.98	88.790
668.18	88.832
668.37	88.848
668.57	88.879
668.76	88.878
668.96	88.858
669.15	88.827
669.35	88.803
669.54	88.741
669.73	88.674
669.93	88.585
670.12	88.499
670.32	88.417
670.51	88.303
670.71	88.181
670.90	88.052
671.10	87.909
671.29	87.741
671.48	87.557
671.68	87.359
671.87	87.155
672.07	86.938
672.26	86.745
672.46	86.514
672.65	86.264
672.84	86.003
673.04	85.749
673.23	85.480
673.43	85.188
673.62	84.911
673.82	84.619
674.01	84.290
674.20	83.969
674.40	83.629
674.59	83.303
674.79	82.976
674.98	82.634
675.17	82.285
675.37	81.950
675.56	81.612
675.76	81.260
675.95	80.894
676.14	80.551
676.34	80.172
676.53	79.822
676.73	79.457
676.92	79.091
677.11	78.730
677.31	78.367
677.50	78.023
677.70	77.669
677.89	77.313
678.08	76.993
678.28	76.666
678.47	76.355
678.66	76.052
678.86	75.755
679.05	75.459
679.25	75.182
679.44	74.912
679.63	74.670
679.83	74.425
680.02	74.207
680.21	73.992
680.41	73.789
680.60	73.578
680.79	73.393
680.99	73.221
681.18	73.047
681.38	72.901
681.57	72.774
681.76	72.670
681.96	72.578
682.15	72.487
682.34	72.399
682.54	72.328
682.73	72.282
682.92	72.232
683.12	72.223
683.31	72.221
683.50	72.231
683.70	72.248
683.89	72.271
684.08	72.320
684.28	72.381
684.47	72.456
684.66	72.556
684.86	72.666
685.05	72.797
685.24	72.953
685.44	73.104
685.63	73.264
685.82	73.440
686.02	73.619
686.21	73.841
686.40	74.069
686.60	74.316
686.79	74.570
686.98	74.832
687.18	75.107
687.37	75.380
687.56	75.656
687.75	75.945
687.95	76.248
688.14	76.549
688.33	76.868
688.53	77.191
688.72	77.536
688.91	77.874
689.11	78.209
689.30	78.575
689.49	78.949
689.68	79.315
689.88	79.674
690.07	80.036
690.26	80.384
690.46	80.748
690.65	81.093
690.84	81.445
691.03	81.812
691.23	82.165
691.42	82.525
691.61	82.889
691.80	83.235
692.00	83.585
692.19	83.920
692.38	84.253
692.58	84.591
692.77	84.908
692.96	85.222
693.15	85.539
693.35	85.833
693.54	86.142
693.73	86.449
693.92	86.730
694.12	87.022
694.31	87.285
694.50	87.565
694.69	87.816
694.89	88.057
695.08	88.275
695.27	88.513
695.46	88.721
695.66	88.933
695.85	89.140
696.04	89.338
696.23	89.547
696.43	89.730
696.62	89.880
696.81	90.021
697.00	90.170
697.19	90.302
697.39	90.406
697.58	90.494
697.77	90.557
697.96	90.640
698.16	90.693
698.35	90.766
698.54	90.793
698.73	90.844
698.92	90.846
699.12	90.852
699.31	90.828
699.50	90.806
699.69	90.769
699.89	90.711
700.08	90.649
700.27	90.559
700.46	90.474
700.65	90.375
700.85	90.288
701.04	90.165
701.23	90.022
701.42	89.877
701.61	89.720
701.81	89.551
702.00	89.367
702.19	89.182
702.38	88.960
702.57	88.752
702.76	88.508
702.96	88.285
703.15	88.040
703.34	87.779
703.53	87.511
703.72	87.216
703.92	86.922
704.11	86.621
704.30	86.307
704.49	85.995
704.68	85.690
704.87	85.346
705.07	85.016
705.26	84.692
705.45	84.389
705.64	84.050
705.83	83.740
706.02	83.409
706.21	83.091
706.41	82.762
706.60	82.414
706.79	82.091
706.98	81.770
707.17	81.435
707.36	81.109
707.56	80.803
707.75	80.495
707.94	80.192
708.13	79.894
708.32	79.612
708.51	79.312
708.70	79.036
708.89	78.755
709.09	78.478
709.28	78.213
709.47	77.911
709.66	77.633
709.85	77.359
710.04	77.089
710.23	76.808
710.42	76.570
710.62	76.332
710.81	76.071
711.00	75.824
711.19	75.606
711.38	75.391
711.57	75.166
711.76	74.962
711.95	74.782
712.15	74.608
712.34	74.444
712.53	74.291
712.72	74.138
712.91	74.026
713.10	73.909
713.29	73.805
713.48	73.712
713.67	73.653
713.86	73.606
714.05	73.562
714.25	73.530
714.44	73.490
714.63	73.474
714.82	73.502
715.01	73.528
715.20	73.584
715.39	73.625
715.58	73.691
715.77	73.774
715.96	73.860
716.15	73.947
716.34	74.029
716.54	74.135
716.73	74.254
716.92	74.368
717.11	74.506
717.30	74.658
717.49	74.826
717.68	75.006
717.87	75.155
718.06	75.360
718.25	75.579
718.44	75.810
718.63	76.049
718.82	76.282
719.01	76.522
719.20	76.765
719.39	77.032
719.58	77.301
719.77	77.561
719.96	77.813
720.16	78.086
720.35	78.381
720.54	78.667
720.73	78.962
720.92	79.264
721.11	79.585
721.30	79.897
721.49	80.215
721.68	80.538
721.87	80.891
722.06	81.213
722.25	81.535
722.44	81.861
722.63	82.179
722.82	82.490
723.01	82.795
723.20	83.091
723.39	83.406
723.58	83.745
723.77	84.083
723.96	84.425
724.15	84.777
724.34	85.109
724.53	85.445
724.72	85.748
724.91	86.078
725.10	86.405
725.29	86.709
725.48	87.041
725.67	87.319
725.86	87.583
726.05	87.866
726.24	88.134
726.43	88.392
726.62	88.653
726.81	88.943
727.00	89.209
727.19	89.489
727.38	89.746
727.57	89.971
727.76	90.192
727.95	90.406
728.14	90.585
728.33	90.771
728.52	90.951
728.71	91.127
728.90	91.290
729.09	91.421
729.28	91.540
729.47	91.647
729.65	91.766
729.84	91.888
730.03	91.996
730.22	92.093
730.41	92.194
730.60	92.282
730.79	92.313
730.98	92.369
731.17	92.417
731.36	92.432
731.55	92.431
731.74	92.428
731.93	92.415
732.12	92.398
732.31	92.384
732.50	92.375
732.69	92.367
732.88	92.313
733.06	92.247
733.25	92.194
733.44	92.133
733.63	92.040
733.82	91.943
734.01	91.810
734.20	91.681
734.39	91.525
734.58	91.379
734.77	91.249
734.96	91.082
735.15	90.895
735.33	90.706
735.52	90.528
735.71	90.336
735.90	90.131
736.09	89.911
736.28	89.662
736.47	89.403
736.66	89.135
736.85	88.878
737.04	88.596
737.23	88.324
737.41	88.023
737.60	87.765
737.79	87.463
737.98	87.186
738.17	86.900
738.36	86.637
738.55	86.356
738.74	86.076
738.92	85.784
739.11	85.506
739.30	85.206
739.49	84.895
739.68	84.599
739.87	84.323
740.06	84.049
740.25	83.751
740.43	83.472
740.62	83.176
740.81	82.872
741.00	82.600
741.19	82.298
741.38	81.999
741.57	81.690
741.75	81.415
741.94	81.115
742.13	80.817
742.32	80.501
742.51	80.200
742.70	79.909
742.89	79.635
743.07	79.340
743.26	79.067
743.45	78.775
743.64	78.513
743.83	78.226
744.02	77.923
744.20	77.672
744.39	77.413
744.58	77.173
744.77	76.950
744.96	76.743
745.15	76.566
745.33	76.395
745.52	76.223
745.71	76.052
745.90	75.896
746.09	75.758
746.28	75.630
746.46	75.484
746.65	75.333
746.84	75.209
747.03	75.090
747.22	74.990
747.40	74.920
747.59	74.830
747.78	74.759
747.97	74.735
748.16	74.698
748.34	74.644
748.53	74.620
748.72	74.606
748.91	74.575
749.10	74.550
749.28	74.547
749.47	74.564
749.66	74.573
749.85	74.577
750.04	74.599
750.22	74.623
750.41	74.679
750.60	74.753
750.79	74.799
750.97	74.872
751.16	74.965
751.35	75.049
751.54	75.134
751.73	75.254
751.91	75.356
752.10	75.503
752.29	75.634
752.48	75.787
752.66	75.946
752.85	76.111
753.04	76.282
753.23	76.478
753.41	76.652
753.60	76.864
753.79	77.090
753.98	77.299
754.16	77.520
754.35	77.746
754.54	77.964
754.73	78.227
754.91	78.484
755.10	78.733
755.29	79.007
755.48	79.267
755.66	79.532
755.85	79.808
756.04	80.057
756.22	80.347
756.41	80.611
756.60	80.881
756.79	81.180
756.97	81.479
757.16	81.732
757.35	82.024
757.54	82.313
757.72	82.601
757.91	82.906
758.10	83.205
758.28	83.494
758.47	83.788
758.66	84.101
758.85	84.396
759.03	84.701
759.22	84.999
759.41	85.312
759.59	85.616
759.78	85.918
759.97	86.202
760.15	86.475
760.34	86.783
760.53	87.062
760.71	87.320
760.90	87.605
761.09	87.887
761.28	88.164
761.46	88.425
761.65	88.687
761.84	88.953
762.02	89.222
762.21	89.503
762.40	89.743
762.58	89.957
762.77	90.175
762.96	90.401
763.14	90.636
763.33	90.845
763.52	91.025
763.70	91.186
763.89	91.371
764.08	91.565
764.26	91.703
764.45	91.880
764.64	92.058
764.82	92.184
765.01	92.319
765.20	92.426
765.38	92.547
765.57	92.635
765.75	92.721
765.94	92.773
766.13	92.845
766.31	92.930
766.50	92.995
766.69	93.090
766.87	93.172
767.06	93.217
767.25	93.273
767.43	93.345
767.62	93.425
767.80	93.474
767.99	93.491
768.18	93.500
768.36	93.496
768.55	93.482
768.74	93.462
768.92	93.444
769.11	93.447
769.29	93.412
769.48	93.399
769.67	93.340
769.85	93.309
770.04	93.198
770.22	93.108
770.41	92.987
770.60	92.842
770.78	92.676
770.97	92.531
771.15	92.387
771.34	92.198
771.53	92.034
771.71	91.858
771.90	91.702
772.08	91.594
772.27	91.429
772.46	91.233
772.64	91.046
772.83	90.845
773.01	90.598
773.20	90.368
773.39	90.146
773.57	89.916
773.76	89.683
773.94	89.495
774.13	89.253
774.31	89.003
774.50	88.784
774.68	88.537
774.87	88.280
775.06	87.981
775.24	87.724
775.43	87.425
775.61	87.137
775.80	86.853
775.98	86.531
776.17	86.217
776.36	85.925
776.54	85.630
776.73	85.327
776.91	85.048
777.10	84.761
777.28	84.440
777.47	84.154
777.65	83.847
777.84	83.535
778.02	83.257
778.21	82.982
778.39	82.670
778.58	82.391
778.77	82.112
778.95	81.860
779.14	81.602
779.32	81.352
779.51	81.107
779.69	80.841
779.88	80.592
780.06	80.358
780.25	80.105
780.43	79.852
780.62	79.624
780.80	79.383
780.99	79.142
781.17	78.908
781.36	78.667
781.54	78.442
781.73	78.186
781.91	77.959
782.10	77.749
782.28	77.541
782.47	77.329
782.65	77.103
782.84	76.890
783.02	76.696
783.21	76.517
783.39	76.333
783.58	76.162
783.76	75.973
783.95	75.808
784.13	75.687
784.32	75.560
784.50	75.418
784.69	75.319
784.87	75.216
785.05	75.128
785.24	75.048
785.42	74.983
785.61	74.919
785.79	74.859
785.98	74.813
786.16	74.749
786.35	74.726
786.53	74.703
786.72	74.673
786.90	74.647
787.09	74.617
787.27	74.614
787.45	74.626
787.64	74.636
787.82	74.641
788.01	74.647
788.19	74.679
788.38	74.710
788.56	74.688
788.75	74.735
788.93	74.796
789.11	74.822
789.30	74.846
789.48	74.913
789.67	74.983
789.85	75.044
790.04	75.161
790.22	75.250
790.40	75.366
790.59	75.466
790.77	75.579
790.96	75.720
791.14	75.852
791.32	75.974
791.51	76.122
791.69	76.281
791.88	76.447
792.06	76.611
792.25	76.771
792.43	76.989
792.61	77.167
792.80	77.325
792.98	77.546
793.17	77.749
793.35	77.923
793.53	78.116
793.72	78.351
793.90	78.557
794.08	78.765
794.27	78.979
794.45	79.228
794.64	79.456
794.82	79.680
795.00	79.874
795.19	80.116
795.37	80.341
795.55	80.526
795.74	80.756
795.92	80.995
796.11	81.262
796.29	81.511
796.47	81.751
796.66	81.979
796.84	82.242
797.02	82.514
797.21	82.798
797.39	83.065
797.58	83.317
797.76	83.553
797.94	83.826
798.13	84.091
798.31	84.368
798.49	84.619
798.68	84.868
798.86	85.168
799.04	85.408
799.23	85.681
799.41	85.960
799.59	86.209
799.78	86.416
799.96	86.645
800.14	86.886
800.33	87.130
800.51	87.400
800.69	87.600
800.88	87.830
801.06	88.078
801.24	88.267
801.43	88.467
801.61	88.660
801.79	88.839
801.98	89.016
802.16	89.205
802.34	89.409
802.52	89.603
802.71	89.743
802.89	89.933
803.07	90.089
803.26	90.239
803.44	90.369
803.62	90.530
803.81	90.668
803.99	90.762
804.17	90.855
804.35	90.950
804.54	91.030
804.72	91.138
804.90	91.219
805.09	91.349
805.27	91.459
805.45	91.572
805.63	91.651
805.82	91.736
806.00	91.743
806.18	91.785
806.37	91.840
806.55	91.862
806.73	91.894
806.91	91.915
807.10	91.954
807.28	91.978
807.46	91.996
807.64	91.992
807.83	92.005
808.01	92.014
808.19	91.959
808.37	91.921
808.56	91.857
808.74	91.803
808.92	91.742
809.10	91.646
809.29	91.592
809.47	91.523
809.65	91.404
809.83	91.358
810.02	91.255
810.20	91.157
810.38	91.070
810.56	90.947
810.75	90.863
810.93	90.762
811.11	90.649
811.29	90.534
811.47	90.412
811.66	90.259
811.84	90.122
812.02	90.056
812.20	89.952
812.39	89.839
812.57	89.713
812.75	89.586
812.93	89.489
813.11	89.337
813.30	89.208
813.48	89.101
813.66	88.940
813.84	88.786
814.02	88.615
814.21	88.469
814.39	88.273
814.57	88.083
814.75	87.879
814.93	87.682
815.12	87.469
815.30	87.262
815.48	87.063
815.66	86.837
815.84	86.580
816.03	86.328
816.21	86.053
816.39	85.805
816.57	85.502
816.75	85.190
816.93	84.895
817.12	84.579
817.30	84.265
817.48	83.959
817.66	83.694
817.84	83.427
818.02	83.177
818.21	82.900
818.39	82.641
818.57	82.366
818.75	82.136
818.93	81.872
819.11	81.603
819.30	81.350
819.48	81.119
819.66	80.893
819.84	80.692
820.02	80.465
820.20	80.225
820.38	80.000
820.57	79.789
820.75	79.599
820.93	79.396
821.11	79.192
821.29	79.009
821.47	78.789
821.65	78.573
821.83	78.340
822.02	78.148
822.20	77.929
822.38	77.759
822.56	77.505
822.74	77.280
822.92	77.028
823.10	76.815
823.28	76.567
823.46	76.338
823.65	76.093
823.83	75.884
824.01	75.675
824.19	75.458
824.37	75.238
824.55	74.995
824.73	74.802
824.91	74.600
825.09	74.392
825.27	74.206
825.46	73.992
825.64	73.780
825.82	73.606
826.00	73.411
826.18	73.233
826.36	73.081
826.54	72.944
826.72	72.869
826.90	72.758
827.08	72.669
827.26	72.575
827.44	72.470
827.63	72.372
827.81	72.295
827.99	72.247
828.17	72.187
828.35	72.142
828.53	72.084
828.71	72.060
828.89	72.026
829.07	71.996
829.25	71.965
829.43	71.971
829.61	71.946
829.79	71.933
829.97	71.926
830.15	71.898
830.33	71.901
830.51	71.871
830.69	71.875
830.87	71.829
831.06	71.843
831.24	71.862
831.42	71.881
831.60	71.871
831.78	71.900
831.96	71.941
832.14	72.001
832.32	72.064
832.50	72.106
832.68	72.141
832.86	72.170
833.04	72.266
833.22	72.312
833.40	72.397
833.58	72.465
833.76	72.528
833.94	72.649
834.12	72.760
834.30	72.889
834.48	72.979
834.66	73.144
834.84	73.227
835.02	73.367
835.20	73.514
835.38	73.673
835.56	73.829
835.74	74.000
835.92	74.164
836.10	74.308
836.28	74.461
836.46	74.646
836.64	74.823
836.82	74.964
837.00	75.139
837.18	75.308
837.36	75.509
837.54	75.691
837.72	75.880
837.90	76.069
838.08	76.256
838.26	76.449
838.43	76.626
838.61	76.838
838.79	77.037
838.97	77.234
839.15	77.434
839.33	77.622
839.51	77.766
839.69	77.938
839.87	78.135
840.05	78.360
840.23	78.554
840.41	78.751
840.59	78.916
840.77	79.130
840.95	79.307
841.13	79.473
841.31	79.650
841.49	79.797
841.67	79.933
841.84	80.114
842.02	80.253
842.20	80.450
842.38	80.589
842.56	80.734
842.74	80.891
842.92	81.004
843.10	81.150
843.28	81.348
843.46	81.490
843.64	81.594
843.82	81.730
843.99	81.858
844.17	82.039
844.35	82.282
844.53	82.441
844.71	82.648
844.89	82.787
845.07	82.982
845.25	83.183
845.43	83.381
845.61	83.541
845.78	83.761
845.96	83.932
846.14	84.141
846.32	84.337
846.50	84.500
846.68	84.735
846.86	84.911
847.04	85.076
847.22	85.196
847.39	85.396
847.57	85.525
847.75	85.658
847.93	85.731
848.11	85.827
848.29	85.977
848.47	86.046
848.65	86.191
848.82	86.249
849.00	86.329
849.18	86.386
849.36	86.434
849.54	86.502
849.72	86.501
849.89	86.562
850.07	86.639
850.25	86.652
850.43	86.629
850.61	86.634
850.79	86.597
850.97	86.671
851.14	86.692
851.32	86.693
851.50	86.718
851.68	86.789
851.86	86.850
852.04	86.829
852.21	86.870
852.39	86.893
852.57	86.964
852.75	86.989
852.93	87.004
853.10	86.997
853.28	86.964
853.46	86.971
853.64	86.910
853.82	86.833
854.00	86.868
854.17	86.827
854.35	86.757
854.53	86.732
854.71	86.651
854.89	86.543
855.06	86.510
855.24	86.464
855.42	86.374
855.60	86.236
855.78	86.145
855.95	86.031
856.13	85.932
856.31	85.749
856.49	85.607
856.66	85.513
856.84	85.364
857.02	85.302
857.20	85.236
857.38	85.088
857.55	84.958
857.73	84.736
857.91	84.632
858.09	84.474
858.26	84.334
858.44	84.202
858.62	84.073
858.80	83.894
858.97	83.729
859.15	83.555
859.33	83.351
859.51	83.195
859.68	83.016
859.86	82.828
860.04	82.661
860.22	82.463
860.39	82.256
860.57	82.046
860.75	81.775
860.93	81.544
861.10	81.415
861.28	81.238
861.46	81.032
861.64	80.829
861.81	80.681
861.99	80.471
862.17	80.253
862.35	80.067
862.52	79.908
862.70	79.698
862.88	79.527
863.05	79.310
863.23	79.087
863.41	78.896
863.59	78.676
863.76	78.514
863.94	78.314
864.12	78.123
864.29	77.964
864.47	77.748
864.65	77.547
864.83	77.270
865.00	77.030
865.18	76.862
865.36	76.679
865.53	76.472
865.71	76.311
865.89	76.099
866.06	75.875
866.24	75.622
866.42	75.408
866.59	75.166
866.77	75.011
866.95	74.808
867.12	74.560
867.30	74.395
867.48	74.148
867.65	73.948
867.83	73.730
868.01	73.541
868.18	73.330
868.36	73.127
868.54	72.968
868.71	72.807
868.89	72.635
869.07	72.436
869.24	72.252
869.42	72.051
869.60	71.889
869.77	71.766
869.95	71.605
870.13	71.445
870.30	71.320
870.48	71.122
870.66	70.963
870.83	70.837
871.01	70.620
871.18	70.486
871.36	70.350
871.54	70.187
871.71	70.037
871.89	69.938
872.07	69.759
872.24	69.618
872.42	69.514
872.59	69.388
872.77	69.247
872.95	69.138
873.12	68.986
873.30	68.840
873.48	68.714
873.65	68.601
873.83	68.492
874.00	68.353
874.18	68.261
874.36	68.188
874.53	68.094
874.71	68.020
874.88	67.949
875.06	67.898
875.24	67.876
875.41	67.827
875.59	67.779
875.76	67.790
875.94	67.743
876.11	67.618
876.29	67.514
876.47	67.477
876.64	67.414
876.82	67.358
876.99	67.325
877.17	67.280
877.35	67.249
877.52	67.207
877.70	67.167
877.87	67.150
878.05	67.135
878.22	67.145
878.40	67.169
878.57	67.139
878.75	67.097
878.93	67.049
879.10	67.035
879.28	67.047
879.45	67.050
879.63	67.025
879.80	67.029
879.98	67.067
880.15	67.080
880.33	67.114
880.50	67.155
880.68	67.248
880.86	67.296
881.03	67.375
881.21	67.456
881.38	67.535
881.56	67.692
881.73	67.737
881.91	67.785
882.08	67.844
882.26	67.970
882.43	68.088
882.61	68.254
882.78	68.370
882.96	68.498
883.13	68.610
883.31	68.759
883.48	68.953
883.66	69.116
883.83	69.273
884.01	69.378
884.18	69.597
884.36	69.745
884.53	69.879
884.71	70.019
884.88	70.122
885.06	70.281
885.23	70.344
885.41	70.488
885.58	70.611
885.76	70.782
885.93	70.866
886.11	71.038
886.28	71.143
886.46	71.267
886.63	71.392
886.81	71.507
886.98	71.680
887.15	71.785
887.33	71.949
887.50	72.135
887.68	72.312
887.85	72.397
888.03	72.535
888.20	72.693
888.38	72.852
888.55	73.027
888.73	73.103
888.90	73.244
889.08	73.381
889.25	73.496
889.42	73.627
889.60	73.829
889.77	73.902
889.95	74.045
890.12	74.139
890.30	74.229
890.47	74.311
890.64	74.451
890.82	74.591
890.99	74.704
891.17	74.804
891.34	74.926
891.52	75.049
891.69	75.180
891.86	75.307
892.04	75.418
892.21	75.578
892.39	75.828
892.56	76.006
892.73	76.117
892.91	76.281
893.08	76.487
893.26	76.580
893.43	76.760
893.60	76.865
893.78	77.048
893.95	77.223
894.13	77.489
894.30	77.652
894.47	77.856
894.65	77.999
894.82	78.169
895.00	78.315
895.17	78.497
895.34	78.678
895.52	78.863
895.69	78.990
895.86	79.128
896.04	79.172
896.21	79.341
896.39	79.535
896.56	79.710
896.73	79.725
896.91	79.804
897.08	79.901
897.25	80.080
897.43	80.143
897.60	80.238
897.77	80.236
897.95	80.221
898.12	80.236
898.30	80.349
898.47	80.361
898.64	80.422
898.82	80.452
898.99	80.445
899.16	80.441
899.34	80.430
899.51	80.362
899.68	80.349
899.86	80.299
900.03	80.245
900.20	80.200
900.38	80.236
900.55	80.313
900.72	80.270
900.90	80.223
901.07	80.326
901.24	80.310
901.41	80.336
901.59	80.376
901.76	80.385
901.93	80.349
902.11	80.303
902.28	80.295
902.45	80.395
902.63	80.434
902.80	80.411
902.97	80.436
903.15	80.533
903.32	80.618
903.49	80.625
903.66	80.674
903.84	80.711
904.01	80.696
904.18	80.681
904.36	80.722
904.53	80.691
904.70	80.635
904.87	80.638
905.05	80.578
905.22	80.597
905.39	80.561
905.56	80.495
905.74	80.463
905.91	80.397
906.08	80.278
906.26	80.185
906.43	80.109
906.60	80.010
906.77	79.875
906.95	79.753
907.12	79.632
907.29	79.468
907.46	79.438
907.64	79.350
907.81	79.246
907.98	79.073
908.15	78.984
908.33	78.876
908.50	78.743
908.67	78.649
908.84	78.533
909.01	78.385
909.19	78.303
909.36	78.193
909.53	78.056
909.70	77.832
909.88	77.739
910.05	77.578
910.22	77.517
910.39	77.396
910.57	77.327
910.74	77.247
910.91	77.199
911.08	76.999
911.25	76.865
911.43	76.736
911.60	76.606
911.77	76.454
911.94	76.218
912.11	76.064
912.29	75.863
912.46	75.607
912.63	75.413
912.80	75.194
912.97	75.014
913.15	74.873
913.32	74.753
913.49	74.535
913.66	74.458
913.83	74.218
914.00	74.000
914.18	73.769
914.35	73.570
914.52	73.302
914.69	73.081
914.86	72.875
915.03	72.661
915.21	72.533
915.38	72.312
915.55	72.229
915.72	72.049
915.89	71.913
916.06	71.835
916.24	71.746
916.41	71.584
916.58	71.467
916.75	71.261
916.92	71.088
917.09	70.887
917.26	70.595
917.44	70.394
917.61	70.267
917.78	70.062
917.95	69.894
918.12	69.702
918.29	69.601
918.46	69.403
918.64	69.250
918.81	69.097
918.98	68.971
919.15	68.786
919.32	68.641
919.49	68.413
919.66	68.210
919.83	68.021
920.00	67.843
920.18	67.675
920.35	67.623
920.52	67.484
920.69	67.426
920.86	67.406
921.03	67.302
921.20	67.139
921.37	67.007
921.54	66.757
921.71	66.649
921.89	66.475
922.06	66.405
922.23	66.277
922.40	66.141
922.57	65.922
922.74	65.816
922.91	65.730
923.08	65.657
923.25	65.551
923.42	65.428
923.59	65.377
923.76	65.165
923.93	64.951
924.11	64.786
924.28	64.643
924.45	64.507
924.62	64.480
924.79	64.402
924.96	64.248
925.13	64.205
925.30	64.088
925.47	63.936
925.64	63.825
925.81	63.742
925.98	63.660
926.15	63.627
926.32	63.460
926.49	63.332
926.66	63.239
926.83	63.128
927.00	63.086
927.17	62.960
927.34	62.995
927.51	62.951
927.69	62.982
927.86	62.923
928.03	62.808
928.20	62.747
928.37	62.632
928.54	62.656
928.71	62.605
928.88	62.624
929.05	62.635
929.22	62.617
929.39	62.572
929.56	62.498
929.73	62.450
929.90	62.491
930.07	62.474
930.24	62.434
930.41	62.446
930.58	62.492
930.75	62.543
930.92	62.485
931.09	62.468
931.26	62.433
931.43	62.398
931.60	62.392
931.77	62.336
931.94	62.419
932.11	62.447
932.27	62.465
932.44	62.475
932.61	62.502
932.78	62.472
932.95	62.547
933.12	62.500
933.29	62.524
933.46	62.515
933.63	62.465
933.80	62.481
933.97	62.458
934.14	62.428
934.31	62.360
934.48	62.407
934.65	62.432
934.82	62.472
934.99	62.507
935.16	62.565
935.33	62.619
935.50	62.717
935.67	62.798
935.84	62.855
936.00	62.863
936.17	62.910
936.34	63.009
936.51	62.996
936.68	63.061
936.85	63.114
937.02	63.226
937.19	63.274
937.36	63.406
937.53	63.426
937.70	63.497
937.87	63.596
938.03	63.606
938.20	63.651
938.37	63.732
938.54	63.799
938.71	63.866
938.88	63.988
939.05	63.916
939.22	63.856
939.39	63.942
939.56	64.135
939.72	64.189
939.89	64.245
940.06	64.304
940.23	64.391
940.40	64.488
940.57	64.641
940.74	64.806
940.91	64.881
941.08	65.078
941.24	65.173
941.41	65.346
941.58	65.582
941.75	65.744
941.92	65.890
942.09	66.030
942.26	66.119
942.42	66.175
942.59	66.406
942.76	66.753
942.93	66.883
943.10	66.891
943.27	67.079
943.44	67.204
943.60	67.378
943.77	67.377
943.94	67.601
944.11	67.630
944.28	67.718
944.45	67.826
944.61	67.923
944.78	67.947
944.95	68.000
945.12	68.174
945.29	68.289
945.46	68.266
945.62	68.296
945.79	68.520
945.96	68.805
946.13	68.943
946.30	68.950
946.46	69.152
946.63	69.274
946.80	69.379
946.97	69.584
947.14	69.707
947.31	70.231
947.47	70.453
947.64	70.649
947.81	70.832
947.98	71.044
948.15	71.129
948.31	71.378
948.48	71.527
948.65	71.547
948.82	71.682
948.98	71.847
949.15	72.170
949.32	72.208
949.49	72.209
949.66	72.278
949.82	72.325
949.99	72.428
950.16	72.554
950.33	72.540
950.49	72.602
950.66	72.547
950.83	72.407
951.00	72.234
951.16	72.029
951.33	72.042
951.50	71.958
951.67	72.038
951.83	72.091
952.00	72.099
952.17	72.060
952.34	72.077
952.50	72.258
952.67	72.195
952.84	72.253
953.01	72.210
953.17	72.259
953.34	72.421
953.51	72.350
953.68	72.263
953.84	72.232
954.01	72.165
954.18	72.136
954.34	72.173
954.51	72.273
954.68	72.424
954.85	72.452
955.01	72.606
955.18	72.878
955.35	72.619
955.51	72.611
955.68	72.712
955.85	72.892
956.02	72.757
956.18	72.817
956.35	72.788
956.52	72.833
956.68	72.814
956.85	72.674
957.02	72.759
957.18	72.812
957.35	72.847
957.52	72.927
957.69	73.031
957.85	73.113
958.02	72.999
958.19	72.947
958.35	72.923
958.52	72.659
958.69	72.311
958.85	72.525
959.02	72.593
959.19	72.325
959.35	72.205
959.52	72.250
959.69	72.240
959.85	72.263
960.02	72.269
960.19	72.178
960.35	72.137
960.52	72.014
960.68	71.978
960.85	72.050
961.02	71.832
961.18	71.812
961.35	71.567
961.52	71.571
961.68	71.565
961.85	71.470
962.02	71.568
962.18	71.583
962.35	71.302
962.51	71.153
962.68	71.241
962.85	71.136
963.01	70.809
963.18	70.690
963.35	70.299
963.51	70.145
963.68	70.157
963.84	69.926
964.01	69.960
964.18	69.837
964.34	69.632
964.51	69.479
964.67	69.301
964.84	69.221
965.01	69.069
965.17	68.794
965.34	68.811
965.50	68.562
965.67	68.540
965.84	68.565
966.00	68.709
966.17	68.791
966.33	68.686
966.50	68.662
966.66	68.623
966.83	68.720
967.00	68.628
967.16	68.465
967.33	68.441
967.49	68.254
967.66	68.447
967.82	68.268
967.99	68.382
968.16	68.417
968.32	68.340
968.49	68.085
968.65	68.282
968.82	68.166
968.98	68.234
969.15	67.912
969.31	67.647
969.48	67.327
969.64	66.967
969.81	66.974
969.98	66.876
970.14	66.510
970.31	66.498
970.47	66.207
970.64	65.926
970.80	65.922
970.97	65.436
971.13	65.081
971.30	65.020
971.46	64.867
971.63	64.627
971.79	64.712
971.96	64.768
972.12	64.448
972.29	64.042
972.45	63.887
972.62	63.904
972.78	63.960
972.95	63.572
973.11	63.374
973.28	63.170
973.44	63.241
973.61	63.494
973.77	63.245
973.94	63.290
974.10	63.419
974.27	63.404
974.43	63.728
974.60	63.723
974.76	63.635
974.93	63.596
975.09	63.396
975.26	63.121
975.42	63.074
975.59	62.898
975.75	63.237
975.92	63.193
976.08	62.715
976.24	62.572
976.41	62.463
976.57	62.548
976.74	62.443
976.90	62.073
977.07	61.607
977.23	61.637
977.40	61.466
977.56	60.873
977.73	60.498
977.89	60.185
978.05	59.766
978.22	59.668
978.38	59.366
978.55	59.157
978.71	58.997
978.88	59.020
979.04	59.012
979.20	58.773
979.37	58.644
979.53	58.639
979.70	58.690
979.86	58.929
980.03	58.741
980.19	58.613
980.35	58.583
980.52	58.368
980.68	58.341
980.85	58.303
981.01	58.494
981.17	58.480
981.34	58.311
981.50	58.279
981.67	58.309
981.83	58.188
981.99	58.182
982.16	57.939
982.32	57.045
982.49	56.988
982.65	56.831
982.81	56.930
982.98	56.888
983.14	56.881
983.30	56.489
983.47	56.429
983.63	56.163
983.80	56.021
983.96	55.949
984.12	56.418
984.29	56.553
984.45	56.606
984.61	56.351
984.78	56.707
984.94	56.975
985.10	57.395
985.27	57.273
985.43	57.683
985.59	58.170
985.76	58.819
985.92	58.982
986.08	59.402
986.25	58.983
986.41	59.726
986.57	59.075
986.74	59.441
986.90	59.446
987.06	59.384
987.23	59.404
987.39	59.046
987.55	58.018
987.72	57.821
987.88	57.131
988.04	57.623
988.21	57.940
988.37	57.710
988.53	56.972
988.70	57.382
988.86	56.840
989.02	56.304
989.19	55.904
989.35	55.907
989.51	55.120
989.67	55.099
989.84	54.484
990.00	54.686
990.16	54.945
990.33	55.086
990.49	55.504
990.65	55.780
990.82	56.253
990.98	56.316
991.14	56.131
991.30	57.160
991.47	56.283
991.63	56.118
991.79	56.967
991.95	57.160
992.12	57.218
992.28	57.417
992.44	57.667
992.61	57.923
992.77	58.002
992.93	58.641
993.09	58.790
993.26	58.979
993.42	59.581
993.58	59.175
993.74	58.947
993.91	58.515
994.07	58.206
994.23	58.498
994.39	58.648
994.55	58.776
994.72	58.213
994.88	58.543
995.04	58.049
995.20	57.655
995.37	57.246
995.53	57.228
995.69	57.071
995.85	56.643
996.02	56.598
996.18	56.916
996.34	56.508
996.50	56.442
996.66	57.338
996.83	56.724
996.99	56.035
997.15	56.713
997.31	56.878
997.47	57.217
997.64	56.976
997.80	57.265
997.96	58.076
998.12	58.375
998.28	59.562
998.45	60.034
998.61	59.683
998.77	59.786
998.93	59.884
999.09	61.217
999.25	61.673
999.42	62.981
999.58	62.610
999.74	62.375
999.90	62.399
1000.06	61.499
1000.22	61.996
1000.39	62.782
1000.55	62.614
1000.71	63.065
1000.87	62.885
1001.03	62.805
1001.19	63.022
1001.36	62.381
1001.52	62.026
1001.68	61.397
1001.84	62.009
1002.00	61.278
1002.16	61.292
1002.32	60.831
1002.49	59.127
1002.65	58.923
1002.81	58.116
1002.97	58.057
1003.13	58.093
1003.29	58.899
1003.45	58.644
1003.62	59.157
1003.78	58.803
1003.94	58.731
1004.10	58.411
1004.26	58.399
1004.42	58.343
1004.58	58.252
1004.74	59.116
1004.90	60.382
1005.07	60.257
1005.23	59.145
1005.39	60.513
1005.55	61.243
1005.71	60.895
1005.87	62.155
1006.03	63.073
1006.19	63.209
1006.35	62.771
1006.51	63.742
1006.67	63.705
1006.84	63.514
1007.00	63.148
1007.16	64.609
1007.32	63.339
1007.48	63.749
1007.64	65.263
1007.80	65.176
1007.96	64.049
1008.12	63.781
1008.28	62.295
1008.44	63.267
1008.60	63.795
1008.76	62.409
1008.92	61.188
1009.09	60.985
1009.25	60.639
1009.41	60.006
1009.57	60.689
1009.73	61.694
1009.89	62.235
1010.05	62.919
1010.21	65.039
1010.37	64.696
1010.53	65.639
1010.69	67.416
1010.85	67.600
1011.01	66.242
1011.17	65.591
1011.33	67.893
1011.49	68.478
1011.65	68.665
1011.81	68.713
1011.97	69.353
1012.13	72.158
1012.29	74.442
1012.45	76.298
1012.61	79.903
1012.77	77.387
1012.93	76.830
1013.09	75.767
1013.25	76.303
1013.41	77.419
1013.57	74.207
1013.73	73.666
1013.89	69.799
1014.05	72.590
1014.21	70.621
1014.37	68.653
1014.53	67.230
1014.69	66.801
1014.85	67.036
1015.01	69.997
1015.17	71.641
1015.33	72.683
1015.49	70.690
1015.65	71.824
1015.81	72.175
1015.97	68.747
1016.13	73.087
1016.29	72.300
1016.45	73.729
1016.61	73.987
1016.77	70.805
1016.93	72.298
1017.09	71.815
1017.25	72.948
1017.41	70.948
1017.56	72.506
1017.72	79.758
1017.88	81.931
1018.04	84.185
1018.20	82.146
1018.36	80.667
1018.52	78.117
1018.68	79.009
1018.84	80.438
1019.00	78.373
1019.16	80.007
1019.32	82.916
1019.48	83.017
1019.64	86.437
1019.79	83.159
1019.95	78.522
1020.11	83.498
1020.27	82.968
1020.43	88.442
1020.59	91.100
1020.75	88.709
1020.91	92.832
1021.07	85.061
1021.23	85.140
1021.39	79.999
1021.54	85.533
1021.70	83.627
1021.86	83.322
1022.02	81.226
1022.18	78.763
1022.34	82.080
1022.50	81.943
1022.66	79.554
1022.82	79.723
1022.97	78.386
1023.13	81.179
1023.29	88.295
1023.45	87.191
1023.61	88.530
1023.77	87.521
1023.93	87.422
1024.08	88.196
1024.24	86.050
1024.40	89.440
1024.56	97.849
1024.72	101.964
1024.88	91.283
1025.04	97.217
1025.19	93.591
1025.35	89.270
1025.51	93.383
1025.67	94.984
1025.83	88.414
1025.99	91.072
1026.14	87.687
1026.30	97.168
1026.46	101.640
1026.62	92.766
1026.78	84.865
1026.94	82.087
1027.09	79.861
1027.25	77.806
1027.41	79.549
1027.57	77.779
1027.73	76.333
1027.89	69.643
1028.04	68.408
1028.20	67.300
1028.36	67.219
1028.52	65.788
1028.68	65.967
1028.83	67.160
1028.99	65.413
1029.15	66.648
1029.31	65.618
1029.47	67.156
1029.62	65.840
1029.78	64.880
1029.94	66.661
1030.10	68.965
1030.25	72.125
1030.41	75.365
1030.57	77.742
1030.73	80.268
1030.89	81.888
1031.04	84.541
1031.20	91.811
1031.36	100.384
1031.52	107.767
1031.67	111.946
1031.83	118.925
1031.99	135.223
1032.15	117.803
1032.30	131.285
1032.46	150.255
1032.62	142.522
1032.78	128.914
1032.93	144.687
1033.09	125.656
1033.25	117.063
1033.41	120.924
1033.56	114.436
1033.72	10.343
1033.88	326.786
1034.04	41.245
1034.19	89.576
1034.35	80.845
1034.51	-24.149
1034.66	55.875
1034.82	1515.000
1034.98	1515.000
1035.14	1515.000
