345.22	48.478
345.43	48.478
345.65	48.478
345.86	33.100
346.08	161.098
346.29	-10.085
346.51	43.363
346.72	13.081
346.94	-245.962
347.15	-85.717
347.37	201.973
347.58	230.329
347.80	257.575
348.01	215.736
348.23	142.550
348.44	132.567
348.66	118.437
348.87	119.180
349.09	111.232
349.30	98.962
349.52	92.210
349.73	95.018
349.95	94.136
350.16	95.358
350.38	92.044
350.59	86.191
350.81	85.024
351.02	83.688
351.24	82.578
351.45	81.625
351.67	83.825
351.88	82.864
352.10	79.236
352.31	78.145
352.53	82.058
352.74	83.783
352.96	84.100
353.17	83.506
353.39	84.751
353.60	86.871
353.82	88.141
354.03	88.118
354.25	83.748
354.46	79.077
354.67	75.829
354.89	73.979
355.10	77.530
355.32	76.618
355.53	77.896
355.75	79.744
355.96	81.349
356.18	81.299
356.39	81.139
356.61	85.263
356.82	85.288
357.04	81.078
357.25	81.379
357.46	81.208
357.68	80.511
357.89	78.582
358.11	77.153
358.32	79.781
358.54	77.997
358.75	79.429
358.97	81.531
359.18	84.810
359.40	84.373
359.61	84.872
359.82	85.900
360.04	85.324
360.25	83.404
360.47	78.916
360.68	78.060
360.90	78.123
361.11	76.086
361.32	75.918
361.54	79.726
361.75	79.495
361.97	80.313
362.18	81.237
362.40	83.119
362.61	84.394
362.83	84.169
363.04	85.549
363.25	86.944
363.47	87.537
363.68	84.988
363.90	89.079
364.11	88.963
364.32	89.081
364.54	87.793
364.75	85.071
364.97	89.103
365.18	87.879
365.40	86.512
365.61	86.766
365.82	87.778
366.04	86.276
366.25	85.545
366.47	84.080
366.68	82.317
366.89	82.891
367.11	80.697
367.32	81.378
367.54	78.405
367.75	77.693
367.96	77.015
368.18	78.382
368.39	77.120
368.61	77.539
368.82	78.893
369.03	81.237
369.25	85.093
369.46	85.984
369.68	86.663
369.89	87.023
370.10	87.462
370.32	87.514
370.53	87.439
370.75	83.838
370.96	85.596
371.17	86.894
371.39	84.596
371.60	84.848
371.81	85.353
372.03	87.328
372.24	88.262
372.46	91.305
372.67	91.817
372.88	90.076
373.10	89.387
373.31	87.428
373.52	87.353
373.74	85.766
373.95	84.598
374.17	85.747
374.38	87.896
374.59	88.619
374.81	87.157
375.02	85.414
375.23	88.433
375.45	86.250
375.66	84.101
375.87	85.300
376.09	86.058
376.30	84.645
376.52	86.763
376.73	84.091
376.94	82.359
377.16	83.440
377.37	87.330
377.58	87.543
377.80	89.222
378.01	89.953
378.22	91.461
378.44	92.264
378.65	94.081
378.86	94.333
379.08	94.537
379.29	94.917
379.50	97.769
379.72	97.888
379.93	101.107
380.14	104.087
380.36	105.105
380.57	106.385
380.78	106.908
381.00	107.680
381.21	109.290
381.42	110.456
381.64	110.875
381.85	110.724
382.06	110.976
382.28	110.916
382.49	110.481
382.70	110.970
382.92	111.193
383.13	110.477
383.34	110.880
383.56	111.825
383.77	112.957
383.98	112.542
384.20	113.601
384.41	113.776
384.62	114.035
384.83	114.489
385.05	114.891
385.26	115.755
385.47	116.546
385.69	117.446
385.90	118.242
386.11	118.963
386.33	119.868
386.54	120.704
386.75	121.393
386.97	122.579
387.18	123.349
387.39	124.253
387.60	124.749
387.82	125.244
388.03	125.640
388.24	126.185
388.46	126.636
388.67	126.789
388.88	126.739
389.09	126.623
389.31	126.431
389.52	126.204
389.73	125.680
389.95	125.209
390.16	124.692
390.37	124.248
390.58	123.781
390.80	123.035
391.01	122.465
391.22	121.910
391.44	120.989
391.65	120.218
391.86	119.492
392.07	119.132
392.29	118.643
392.50	118.107
392.71	117.585
392.92	117.280
393.14	116.865
393.35	116.674
393.56	116.637
393.78	116.661
393.99	116.908
394.20	117.257
394.41	117.540
394.63	117.832
394.84	118.380
395.05	119.055
395.26	119.706
395.48	120.420
395.69	121.077
395.90	122.019
396.11	122.912
396.33	123.742
396.54	124.626
396.75	125.345
396.96	126.107
397.18	126.791
397.39	127.439
397.60	128.129
397.81	128.665
398.03	129.048
398.24	129.353
398.45	129.479
398.66	129.527
398.87	129.542
399.09	129.430
399.30	129.072
399.51	128.523
399.72	128.046
399.94	127.433
400.15	126.756
400.36	125.938
400.57	125.060
400.79	124.188
401.00	123.178
401.21	122.271
401.42	121.320
401.63	120.367
401.85	119.453
402.06	118.657
402.27	117.877
402.48	117.226
402.69	116.635
402.91	116.060
403.12	115.568
403.33	115.276
403.54	115.144
403.76	114.972
403.97	115.024
404.18	115.190
404.39	115.491
404.60	115.906
404.82	116.417
405.03	117.058
405.24	117.699
405.45	118.444
405.66	119.265
405.88	120.095
406.09	121.020
406.30	121.862
406.51	122.614
406.72	123.438
406.94	124.192
407.15	124.912
407.36	125.665
407.57	126.334
407.78	126.875
407.99	127.249
408.21	127.626
408.42	127.879
408.63	128.066
408.84	128.045
409.05	127.967
409.27	127.689
409.48	127.237
409.69	126.725
409.90	126.190
410.11	125.544
410.32	124.846
410.54	123.990
410.75	123.077
410.96	122.123
411.17	121.126
411.38	120.132
411.59	119.152
411.81	118.088
412.02	117.056
412.23	116.060
412.44	115.156
412.65	114.371
412.86	113.665
413.08	112.949
413.29	112.321
413.50	111.861
413.71	111.527
413.92	111.279
414.13	111.154
414.34	111.109
414.56	111.099
414.77	111.262
414.98	111.508
415.19	111.972
415.40	112.542
415.61	113.168
415.82	113.832
416.04	114.587
416.25	115.344
416.46	116.184
416.67	117.098
416.88	117.962
417.09	118.832
417.30	119.636
417.52	120.480
417.73	121.230
417.94	121.916
418.15	122.564
418.36	123.220
418.57	123.690
418.78	124.082
418.99	124.464
419.21	124.711
419.42	124.878
419.63	124.901
419.84	124.806
420.05	124.585
420.26	124.237
420.47	123.730
420.68	123.241
420.89	122.642
421.11	121.889
421.32	121.171
421.53	120.325
421.74	119.461
421.95	118.573
422.16	117.693
422.37	116.794
422.58	115.813
422.79	114.833
423.01	113.950
423.22	113.070
423.43	112.266
423.64	111.501
423.85	110.828
424.06	110.251
424.27	109.723
424.48	109.303
424.69	109.052
424.90	108.891
425.11	108.822
425.33	108.860
425.54	108.981
425.75	109.180
425.96	109.483
426.17	109.902
426.38	110.402
426.59	110.980
426.80	111.625
427.01	112.363
427.22	113.196
427.43	114.115
427.64	114.997
427.85	115.850
428.07	116.754
428.28	117.611
428.49	118.471
428.70	119.326
428.91	120.139
429.12	120.857
429.33	121.576
429.54	122.219
429.75	122.783
429.96	123.328
430.17	123.766
430.38	124.104
430.59	124.286
430.80	124.360
431.01	124.348
431.22	124.266
431.44	124.061
431.65	123.760
431.86	123.325
432.07	122.843
432.28	122.292
432.49	121.642
432.70	120.914
432.91	120.089
433.12	119.198
433.33	118.274
433.54	117.376
433.75	116.434
433.96	115.496
434.17	114.467
434.38	113.504
434.59	112.569
434.80	111.661
435.01	110.889
435.22	110.161
435.43	109.505
435.64	108.890
435.85	108.359
436.06	107.907
436.27	107.569
436.48	107.337
436.69	107.158
436.90	107.112
437.11	107.182
437.33	107.346
437.54	107.614
437.75	108.020
437.96	108.431
438.17	108.929
438.38	109.458
438.59	110.126
438.80	110.806
439.01	111.605
439.22	112.465
439.43	113.195
439.64	114.004
439.85	114.822
440.06	115.615
440.27	116.453
440.48	117.211
440.69	117.944
440.90	118.630
441.11	119.326
441.32	119.925
441.53	120.453
441.74	120.886
441.95	121.286
442.16	121.566
442.37	121.744
442.58	121.870
442.79	121.915
443.00	121.867
443.21	121.733
443.42	121.423
443.62	120.970
443.83	120.616
444.04	120.118
444.25	119.557
444.46	118.907
444.67	118.170
444.88	117.426
445.09	116.599
445.30	115.728
445.51	114.799
445.72	113.839
445.93	112.929
446.14	111.990
446.35	111.024
446.56	110.126
446.77	109.264
446.98	108.397
447.19	107.559
447.40	106.799
447.61	106.056
447.82	105.408
448.03	104.873
448.24	104.355
448.45	103.932
448.66	103.598
448.87	103.353
449.08	103.219
449.29	103.152
449.49	103.186
449.70	103.329
449.91	103.526
450.12	103.839
450.33	104.182
450.54	104.630
450.75	105.157
450.96	105.711
451.17	106.332
451.38	106.986
451.59	107.697
451.80	108.408
452.01	109.171
452.22	109.959
452.43	110.698
452.64	111.435
452.84	112.186
453.05	112.888
453.26	113.604
453.47	114.234
453.68	114.848
453.89	115.411
454.10	115.866
454.31	116.309
454.52	116.649
454.73	116.953
454.94	117.132
455.15	117.231
455.36	117.232
455.56	117.167
455.77	117.015
455.98	116.810
456.19	116.520
456.40	116.172
456.61	115.763
456.82	115.241
457.03	114.671
457.24	114.015
457.45	113.335
457.65	112.538
457.86	111.746
458.07	110.915
458.28	109.996
458.49	109.131
458.70	108.200
458.91	107.287
459.12	106.361
459.33	105.427
459.54	104.544
459.74	103.689
459.95	102.849
460.16	102.097
460.37	101.387
460.58	100.741
460.79	100.122
461.00	99.540
461.21	99.067
461.41	98.657
461.62	98.331
461.83	98.100
462.04	97.962
462.25	97.851
462.46	97.852
462.67	97.960
462.88	98.135
463.08	98.412
463.29	98.721
463.50	99.107
463.71	99.590
463.92	100.099
464.13	100.640
464.34	101.247
464.54	101.900
464.75	102.582
464.96	103.275
465.17	103.988
465.38	104.686
465.59	105.435
465.80	106.156
466.00	106.849
466.21	107.522
466.42	108.157
466.63	108.814
466.84	109.419
467.05	109.958
467.26	110.455
467.46	110.829
467.67	111.204
467.88	111.529
468.09	111.751
468.30	111.944
468.51	112.068
468.71	112.085
468.92	112.046
469.13	111.926
469.34	111.746
469.55	111.474
469.76	111.171
469.96	110.765
470.17	110.304
470.38	109.801
470.59	109.216
470.80	108.584
471.00	107.942
471.21	107.219
471.42	106.492
471.63	105.722
471.84	104.950
472.05	104.129
472.25	103.299
472.46	102.471
472.67	101.600
472.88	100.787
473.09	99.969
473.29	99.147
473.50	98.384
473.71	97.634
473.92	96.925
474.13	96.254
474.33	95.649
474.54	95.096
474.75	94.602
474.96	94.160
475.17	93.785
475.37	93.435
475.58	93.184
475.79	93.005
476.00	92.892
476.21	92.865
476.41	92.903
476.62	93.017
476.83	93.188
477.04	93.467
477.24	93.768
477.45	94.140
477.66	94.563
477.87	95.013
478.08	95.535
478.28	96.071
478.49	96.666
478.70	97.296
478.91	97.919
479.11	98.559
479.32	99.241
479.53	99.901
479.74	100.599
479.94	101.258
480.15	101.882
480.36	102.493
480.57	103.083
480.78	103.669
480.98	104.169
481.19	104.642
481.40	105.059
481.61	105.465
481.81	105.806
482.02	106.086
482.23	106.343
482.44	106.501
482.64	106.633
482.85	106.685
483.06	106.657
483.27	106.603
483.47	106.499
483.68	106.310
483.89	106.064
484.10	105.743
484.30	105.382
484.51	104.948
484.72	104.493
484.92	103.951
485.13	103.390
485.34	102.799
485.55	102.160
485.75	101.500
485.96	100.778
486.17	100.046
486.38	99.308
486.58	98.534
486.79	97.772
487.00	96.988
487.20	96.207
487.41	95.456
487.62	94.715
487.83	93.969
488.03	93.249
488.24	92.565
488.45	91.903
488.65	91.270
488.86	90.694
489.07	90.152
489.28	89.668
489.48	89.218
489.69	88.859
489.90	88.526
490.10	88.265
490.31	88.064
490.52	87.902
490.73	87.809
490.93	87.781
491.14	87.808
491.35	87.902
491.55	88.045
491.76	88.239
491.97	88.477
492.17	88.762
492.38	89.103
492.59	89.487
492.79	89.924
493.00	90.398
493.21	90.903
493.41	91.425
493.62	91.977
493.83	92.555
494.04	93.107
494.24	93.694
494.45	94.284
494.66	94.854
494.86	95.459
495.07	96.021
495.28	96.594
495.48	97.130
495.69	97.647
495.90	98.146
496.10	98.616
496.31	99.041
496.52	99.428
496.72	99.808
496.93	100.137
497.14	100.406
497.34	100.612
497.55	100.799
497.76	100.930
497.96	101.002
498.17	101.021
498.37	101.003
498.58	100.908
498.79	100.758
498.99	100.588
499.20	100.341
499.41	100.053
499.61	99.692
499.82	99.307
500.03	98.860
500.23	98.399
500.44	97.874
500.65	97.328
500.85	96.755
501.06	96.122
501.26	95.478
501.47	94.813
501.68	94.147
501.88	93.438
502.09	92.737
502.30	92.023
502.50	91.305
502.71	90.597
502.91	89.897
503.12	89.203
503.33	88.516
503.53	87.864
503.74	87.220
503.95	86.600
504.15	86.015
504.36	85.457
504.56	84.926
504.77	84.452
504.98	83.995
505.18	83.601
505.39	83.240
505.59	82.928
505.80	82.666
506.01	82.459
506.21	82.306
506.42	82.199
506.62	82.139
506.83	82.127
507.04	82.173
507.24	82.263
507.45	82.411
507.65	82.602
507.86	82.819
508.07	83.091
508.27	83.407
508.48	83.750
508.68	84.149
508.89	84.567
509.10	85.004
509.30	85.473
509.51	85.951
509.71	86.447
509.92	86.960
510.12	87.478
510.33	87.999
510.54	88.514
510.74	89.040
510.95	89.550
511.15	90.057
511.36	90.561
511.56	91.051
511.77	91.508
511.98	91.953
512.18	92.385
512.39	92.786
512.59	93.156
512.80	93.491
513.00	93.787
513.21	94.041
513.42	94.271
513.62	94.458
513.83	94.611
514.03	94.712
514.24	94.767
514.44	94.772
514.65	94.748
514.85	94.685
515.06	94.578
515.26	94.420
515.47	94.228
515.68	93.979
515.88	93.695
516.09	93.369
516.29	93.009
516.50	92.606
516.70	92.164
516.91	91.693
517.11	91.199
517.32	90.680
517.52	90.134
517.73	89.579
517.93	88.994
518.14	88.392
518.34	87.789
518.55	87.178
518.76	86.564
518.96	85.928
519.17	85.287
519.37	84.645
519.58	84.030
519.78	83.407
519.99	82.792
520.19	82.193
520.40	81.634
520.60	81.084
520.81	80.553
521.01	80.041
521.22	79.574
521.42	79.132
521.63	78.720
521.83	78.343
522.04	77.995
522.24	77.706
522.45	77.452
522.65	77.240
522.86	77.073
523.06	76.942
523.27	76.860
523.47	76.823
523.68	76.825
523.88	76.859
524.09	76.939
524.29	77.074
524.50	77.242
524.70	77.438
524.91	77.669
525.11	77.952
525.32	78.275
525.52	78.612
525.72	78.998
525.93	79.401
526.13	79.837
526.34	80.276
526.54	80.747
526.75	81.213
526.95	81.697
527.16	82.178
527.36	82.676
527.57	83.177
527.77	83.673
527.98	84.182
528.18	84.684
528.39	85.171
528.59	85.654
528.79	86.114
529.00	86.572
529.20	87.004
529.41	87.435
529.61	87.836
529.82	88.201
530.02	88.532
530.23	88.849
530.43	89.116
530.64	89.370
530.84	89.572
531.04	89.741
531.25	89.899
531.45	90.025
531.66	90.111
531.86	90.151
532.07	90.148
532.27	90.109
532.47	90.040
532.68	89.953
532.88	89.824
533.09	89.659
533.29	89.442
533.50	89.199
533.70	88.888
533.90	88.567
534.11	88.235
534.31	87.866
534.52	87.457
534.72	87.055
534.93	86.624
535.13	86.154
535.33	85.686
535.54	85.171
535.74	84.654
535.95	84.108
536.15	83.585
536.35	83.044
536.56	82.499
536.76	81.931
536.97	81.376
537.17	80.809
537.37	80.254
537.58	79.725
537.78	79.200
537.99	78.692
538.19	78.181
538.39	77.681
538.60	77.207
538.80	76.773
539.01	76.334
539.21	75.926
539.41	75.560
539.62	75.208
539.82	74.897
540.03	74.607
540.23	74.369
540.43	74.144
540.64	73.977
540.84	73.832
541.04	73.737
541.25	73.683
541.45	73.662
541.66	73.672
541.86	73.718
542.06	73.803
542.27	73.922
542.47	74.095
542.67	74.282
542.88	74.507
543.08	74.760
543.28	75.052
543.49	75.361
543.69	75.707
543.90	76.086
544.10	76.466
544.30	76.896
544.51	77.324
544.71	77.796
544.91	78.253
545.12	78.736
545.32	79.234
545.52	79.713
545.73	80.221
545.93	80.724
546.13	81.207
546.34	81.686
546.54	82.168
546.74	82.633
546.95	83.114
547.15	83.580
547.35	84.013
547.56	84.458
547.76	84.894
547.96	85.295
548.17	85.689
548.37	86.074
548.57	86.402
548.78	86.714
548.98	86.994
549.18	87.241
549.39	87.458
549.59	87.646
549.79	87.827
550.00	87.965
550.20	88.099
550.40	88.180
550.61	88.243
550.81	88.267
551.01	88.261
551.22	88.223
551.42	88.145
551.62	88.044
551.82	87.892
552.03	87.723
552.23	87.524
552.43	87.289
552.64	87.029
552.84	86.741
553.04	86.427
553.25	86.087
553.45	85.718
553.65	85.335
553.85	84.948
554.06	84.532
554.26	84.091
554.46	83.616
554.67	83.147
554.87	82.658
555.07	82.177
555.27	81.673
555.48	81.163
555.68	80.664
555.88	80.153
556.09	79.652
556.29	79.128
556.49	78.626
556.69	78.113
556.90	77.613
557.10	77.143
557.30	76.694
557.50	76.235
557.71	75.819
557.91	75.412
558.11	75.005
558.31	74.631
558.52	74.281
558.72	73.964
558.92	73.673
559.13	73.410
559.33	73.167
559.53	72.948
559.73	72.773
559.94	72.616
560.14	72.490
560.34	72.389
560.54	72.329
560.75	72.304
560.95	72.307
561.15	72.354
561.35	72.416
561.55	72.499
561.76	72.628
561.96	72.767
562.16	72.955
562.36	73.184
562.57	73.419
562.77	73.689
562.97	73.982
563.17	74.290
563.38	74.616
563.58	74.974
563.78	75.353
563.98	75.744
564.18	76.143
564.39	76.569
564.59	77.002
564.79	77.458
564.99	77.906
565.20	78.357
565.40	78.796
565.60	79.246
565.80	79.717
566.00	80.171
566.21	80.632
566.41	81.064
566.61	81.500
566.81	81.940
567.01	82.359
567.22	82.775
567.42	83.181
567.62	83.555
567.82	83.918
568.02	84.266
568.23	84.592
568.43	84.902
568.63	85.201
568.83	85.460
569.03	85.688
569.24	85.903
569.44	86.105
569.64	86.286
569.84	86.448
570.04	86.556
570.24	86.651
570.45	86.722
570.65	86.774
570.85	86.788
571.05	86.765
571.25	86.717
571.45	86.633
571.66	86.543
571.86	86.432
572.06	86.275
572.26	86.104
572.46	85.913
572.66	85.704
572.87	85.451
573.07	85.195
573.27	84.914
573.47	84.613
573.67	84.284
573.87	83.930
574.08	83.552
574.28	83.183
574.48	82.788
574.68	82.373
574.88	81.949
575.08	81.500
575.28	81.053
575.49	80.605
575.69	80.153
575.89	79.673
576.09	79.216
576.29	78.742
576.49	78.265
576.69	77.789
576.90	77.320
577.10	76.861
577.30	76.404
577.50	75.963
577.70	75.519
577.90	75.091
578.10	74.694
578.30	74.305
578.51	73.928
578.71	73.578
578.91	73.241
579.11	72.917
579.31	72.619
579.51	72.340
579.71	72.089
579.91	71.852
580.12	71.651
580.32	71.469
580.52	71.328
580.72	71.198
580.92	71.092
581.12	71.000
581.32	70.950
581.52	70.941
581.72	70.941
581.92	70.975
582.13	71.045
582.33	71.119
582.53	71.232
582.73	71.359
582.93	71.515
583.13	71.701
583.33	71.919
583.53	72.155
583.73	72.418
583.93	72.701
584.13	73.010
584.34	73.346
584.54	73.670
584.74	74.004
584.94	74.381
585.14	74.765
585.34	75.165
585.54	75.541
585.74	75.933
585.94	76.347
586.14	76.779
586.34	77.196
586.54	77.636
586.74	78.074
586.94	78.522
587.15	78.973
587.35	79.410
587.55	79.840
587.75	80.270
587.95	80.678
588.15	81.078
588.35	81.467
588.55	81.852
588.75	82.240
588.95	82.616
589.15	82.968
589.35	83.311
589.55	83.631
589.75	83.974
589.95	84.274
590.15	84.553
590.35	84.802
590.55	85.045
590.75	85.258
590.95	85.447
591.15	85.614
591.35	85.747
591.56	85.861
591.76	85.953
591.96	86.022
592.16	86.082
592.36	86.111
592.56	86.126
592.76	86.103
592.96	86.070
593.16	85.994
593.36	85.902
593.56	85.797
593.76	85.682
593.96	85.516
594.16	85.352
594.36	85.162
594.56	84.952
594.76	84.718
594.96	84.474
595.16	84.195
595.36	83.906
595.56	83.595
595.76	83.261
595.96	82.906
596.16	82.556
596.36	82.182
596.56	81.810
596.76	81.404
596.96	80.997
597.16	80.584
597.36	80.178
597.56	79.753
597.76	79.313
597.96	78.871
598.16	78.435
598.36	77.995
598.56	77.547
598.76	77.110
598.96	76.684
599.16	76.253
599.36	75.857
599.56	75.458
599.76	75.058
599.96	74.680
600.15	74.311
600.35	73.956
600.55	73.614
600.75	73.268
600.95	72.956
601.15	72.645
601.35	72.344
601.55	72.065
601.75	71.820
601.95	71.587
602.15	71.380
602.35	71.175
602.55	71.002
602.75	70.857
602.95	70.720
603.15	70.596
603.35	70.510
603.55	70.434
603.75	70.374
603.95	70.348
604.15	70.345
604.35	70.374
604.54	70.415
604.74	70.497
604.94	70.591
605.14	70.698
605.34	70.836
605.54	71.009
605.74	71.203
605.94	71.402
606.14	71.631
606.34	71.873
606.54	72.140
606.74	72.429
606.94	72.726
607.14	73.052
607.33	73.400
607.53	73.744
607.73	74.097
607.93	74.457
608.13	74.830
608.33	75.215
608.53	75.588
608.73	75.986
608.93	76.364
609.13	76.761
609.33	77.168
609.52	77.576
609.72	77.978
609.92	78.371
610.12	78.773
610.32	79.168
610.52	79.575
610.72	79.963
610.92	80.343
611.12	80.720
611.31	81.088
611.51	81.444
611.71	81.793
611.91	82.143
612.11	82.496
612.31	82.836
612.51	83.149
612.71	83.467
612.91	83.749
613.10	84.033
613.30	84.327
613.50	84.585
613.70	84.820
613.90	85.029
614.10	85.220
614.30	85.381
614.50	85.534
614.69	85.644
614.89	85.756
615.09	85.843
615.29	85.916
615.49	85.966
615.69	85.992
615.89	86.005
616.08	85.998
616.28	85.961
616.48	85.902
616.68	85.823
616.88	85.723
617.08	85.603
617.27	85.477
617.47	85.310
617.67	85.129
617.87	84.931
618.07	84.728
618.27	84.509
618.47	84.287
618.66	84.039
618.86	83.787
619.06	83.502
619.26	83.217
619.46	82.915
619.66	82.587
619.85	82.252
620.05	81.907
620.25	81.537
620.45	81.170
620.65	80.789
620.84	80.430
621.04	80.051
621.24	79.689
621.44	79.288
621.64	78.873
621.84	78.481
622.03	78.080
622.23	77.682
622.43	77.285
622.63	76.890
622.83	76.494
623.02	76.106
623.22	75.733
623.42	75.339
623.62	74.966
623.82	74.614
624.01	74.259
624.21	73.909
624.41	73.582
624.61	73.267
624.81	72.970
625.00	72.664
625.20	72.378
625.40	72.097
625.60	71.844
625.79	71.617
625.99	71.408
626.19	71.204
626.39	71.022
626.59	70.852
626.78	70.715
626.98	70.589
627.18	70.474
627.38	70.388
627.57	70.345
627.77	70.302
627.97	70.274
628.17	70.280
628.37	70.299
628.56	70.352
628.76	70.412
628.96	70.486
629.16	70.580
629.35	70.716
629.55	70.863
629.75	71.027
629.95	71.212
630.14	71.403
630.34	71.628
630.54	71.861
630.74	72.106
630.93	72.362
631.13	72.630
631.33	72.911
631.53	73.185
631.72	73.471
631.92	73.783
632.12	74.114
632.31	74.440
632.51	74.801
632.71	75.152
632.91	75.505
633.10	75.873
633.30	76.260
633.50	76.620
633.70	77.004
633.89	77.384
634.09	77.774
634.29	78.159
634.48	78.539
634.68	78.934
634.88	79.328
635.08	79.722
635.27	80.124
635.47	80.517
635.67	80.916
635.86	81.309
636.06	81.687
636.26	82.039
636.46	82.397
636.65	82.733
636.85	83.085
637.05	83.422
637.24	83.729
637.44	84.029
637.64	84.326
637.83	84.616
638.03	84.900
638.23	85.140
638.43	85.383
638.62	85.603
638.82	85.793
639.02	85.978
639.21	86.138
639.41	86.273
639.61	86.413
639.80	86.531
640.00	86.633
640.20	86.739
640.39	86.842
640.59	86.910
640.79	86.966
640.98	86.986
641.18	87.000
641.38	87.012
641.57	86.987
641.77	86.943
641.97	86.869
642.16	86.784
642.36	86.698
642.56	86.587
642.75	86.481
642.95	86.342
643.15	86.195
643.34	86.046
643.54	85.879
643.74	85.679
643.93	85.471
644.13	85.224
644.33	84.958
644.52	84.686
644.72	84.418
644.91	84.132
645.11	83.823
645.31	83.517
645.50	83.206
645.70	82.893
645.90	82.579
646.09	82.242
646.29	81.896
646.48	81.543
646.68	81.178
646.88	80.808
647.07	80.445
647.27	80.071
647.47	79.688
647.66	79.317
647.86	78.936
648.05	78.565
648.25	78.205
648.45	77.839
648.64	77.462
648.84	77.101
649.04	76.728
649.23	76.365
649.43	76.010
649.62	75.654
649.82	75.296
650.02	74.953
650.21	74.627
650.41	74.324
650.60	74.026
650.80	73.759
651.00	73.472
651.19	73.214
651.39	72.962
651.58	72.717
651.78	72.496
651.97	72.306
652.17	72.115
652.37	71.934
652.56	71.789
652.76	71.651
652.95	71.526
653.15	71.442
653.35	71.363
653.54	71.290
653.74	71.225
653.93	71.191
654.13	71.171
654.32	71.157
654.52	71.142
654.72	71.161
654.91	71.188
655.11	71.244
655.30	71.321
655.50	71.417
655.69	71.530
655.89	71.640
656.08	71.760
656.28	71.904
656.48	72.070
656.67	72.240
656.87	72.430
657.06	72.621
657.26	72.818
657.45	73.046
657.65	73.290
657.84	73.559
658.04	73.820
658.23	74.105
658.43	74.407
658.62	74.725
658.82	75.035
659.02	75.358
659.21	75.700
659.41	76.034
659.60	76.373
659.80	76.722
659.99	77.100
660.19	77.472
660.38	77.852
660.58	78.214
660.77	78.595
660.97	78.963
661.16	79.338
661.36	79.704
661.55	80.083
661.75	80.456
661.94	80.815
662.14	81.193
662.33	81.566
662.53	81.926
662.72	82.286
662.92	82.638
663.11	82.973
663.31	83.317
663.50	83.655
663.70	84.000
663.89	84.331
664.09	84.634
664.28	84.948
664.48	85.237
664.67	85.547
664.87	85.813
665.06	86.091
665.26	86.350
665.45	86.602
665.65	86.835
665.84	87.070
666.04	87.285
666.23	87.461
666.43	87.619
666.62	87.773
666.82	87.911
667.01	88.039
667.21	88.159
667.40	88.249
667.59	88.346
667.79	88.405
667.98	88.436
668.18	88.460
668.37	88.461
668.57	88.479
668.76	88.459
668.96	88.425
669.15	88.376
669.35	88.334
669.54	88.258
669.73	88.176
669.93	88.074
670.12	87.972
670.32	87.876
670.51	87.752
670.71	87.615
670.90	87.474
671.10	87.322
671.29	87.146
671.48	86.951
671.68	86.739
671.87	86.528
672.07	86.304
672.26	86.105
672.46	85.868
672.65	85.611
672.84	85.348
673.04	85.089
673.23	84.815
673.43	84.522
673.62	84.242
673.82	83.948
674.01	83.620
674.20	83.302
674.40	82.966
674.59	82.639
674.79	82.320
674.98	81.980
675.17	81.640
675.37	81.307
675.56	80.974
675.76	80.634
675.95	80.274
676.14	79.939
676.34	79.567
676.53	79.222
676.73	78.869
676.92	78.512
677.11	78.163
677.31	77.815
677.50	77.484
677.70	77.142
677.89	76.800
678.08	76.492
678.28	76.179
678.47	75.884
678.66	75.595
678.86	75.312
679.05	75.035
679.25	74.774
679.44	74.524
679.63	74.297
679.83	74.067
680.02	73.863
680.21	73.663
680.41	73.477
680.60	73.284
680.79	73.112
680.99	72.958
681.18	72.801
681.38	72.672
681.57	72.562
681.76	72.473
681.96	72.397
682.15	72.326
682.34	72.258
682.54	72.204
682.73	72.173
682.92	72.139
683.12	72.142
683.31	72.154
683.50	72.176
683.70	72.213
683.89	72.249
684.08	72.316
684.28	72.395
684.47	72.487
684.66	72.605
684.86	72.732
685.05	72.874
685.24	73.039
685.44	73.203
685.63	73.372
685.82	73.562
686.02	73.752
686.21	73.982
686.40	74.215
686.60	74.472
686.79	74.736
686.98	75.007
687.18	75.284
687.37	75.561
687.56	75.837
687.75	76.129
687.95	76.435
688.14	76.735
688.33	77.056
688.53	77.377
688.72	77.719
688.91	78.057
689.11	78.392
689.30	78.759
689.49	79.129
689.68	79.493
689.88	79.848
690.07	80.205
690.26	80.543
690.46	80.903
690.65	81.241
690.84	81.582
691.03	81.939
691.23	82.284
691.42	82.637
691.61	82.996
691.80	83.330
692.00	83.671
692.19	83.995
692.38	84.315
692.58	84.641
692.77	84.950
692.96	85.249
693.15	85.553
693.35	85.833
693.54	86.127
693.73	86.420
693.92	86.686
694.12	86.961
694.31	87.215
694.50	87.479
694.69	87.713
694.89	87.938
695.08	88.144
695.27	88.369
695.46	88.558
695.66	88.751
695.85	88.942
696.04	89.123
696.23	89.316
696.43	89.484
696.62	89.616
696.81	89.738
697.00	89.868
697.19	89.983
697.39	90.070
697.58	90.142
697.77	90.188
697.96	90.258
698.16	90.296
698.35	90.351
698.54	90.363
698.73	90.395
698.92	90.385
699.12	90.370
699.31	90.333
699.50	90.298
699.69	90.252
699.89	90.186
700.08	90.115
700.27	90.015
700.46	89.917
700.65	89.809
700.85	89.713
701.04	89.582
701.23	89.429
701.42	89.275
701.61	89.111
701.81	88.938
702.00	88.742
702.19	88.549
702.38	88.322
702.57	88.110
702.76	87.864
702.96	87.635
703.15	87.390
703.34	87.125
703.53	86.854
703.72	86.556
703.92	86.256
704.11	85.954
704.30	85.639
704.49	85.327
704.68	85.021
704.87	84.677
705.07	84.349
705.26	84.026
705.45	83.729
705.64	83.392
705.83	83.086
706.02	82.766
706.21	82.454
706.41	82.132
706.60	81.790
706.79	81.472
706.98	81.160
707.17	80.831
707.36	80.512
707.56	80.217
707.75	79.918
707.94	79.624
708.13	79.333
708.32	79.060
708.51	78.771
708.70	78.507
708.89	78.238
709.09	77.970
709.28	77.718
709.47	77.428
709.66	77.162
709.85	76.901
710.04	76.644
710.23	76.377
710.42	76.155
710.62	75.933
710.81	75.692
711.00	75.463
711.19	75.263
711.38	75.063
711.57	74.852
711.76	74.664
711.95	74.502
712.15	74.348
712.34	74.199
712.53	74.062
712.72	73.928
712.91	73.833
713.10	73.739
713.29	73.652
713.48	73.573
713.67	73.531
713.86	73.500
714.05	73.467
714.25	73.451
714.44	73.422
714.63	73.422
714.82	73.458
715.01	73.495
715.20	73.562
715.39	73.618
715.58	73.699
715.77	73.794
715.96	73.892
716.15	73.988
716.34	74.082
716.54	74.201
716.73	74.332
716.92	74.456
717.11	74.601
717.30	74.762
717.49	74.941
717.68	75.130
717.87	75.286
718.06	75.501
718.25	75.729
718.44	75.964
718.63	76.208
718.82	76.449
719.01	76.692
719.20	76.940
719.39	77.208
719.58	77.478
719.77	77.742
719.96	77.993
720.16	78.264
720.35	78.560
720.54	78.846
720.73	79.145
720.92	79.449
721.11	79.771
721.30	80.080
721.49	80.392
721.68	80.711
721.87	81.058
722.06	81.378
722.25	81.694
722.44	82.018
722.63	82.330
722.82	82.636
723.01	82.938
723.20	83.228
723.39	83.537
723.58	83.868
723.77	84.200
723.96	84.537
724.15	84.882
724.34	85.206
724.53	85.526
724.72	85.817
724.91	86.135
725.10	86.447
725.29	86.739
725.48	87.061
725.67	87.325
725.86	87.579
726.05	87.845
726.24	88.100
726.43	88.343
726.62	88.588
726.81	88.862
727.00	89.111
727.19	89.380
727.38	89.621
727.57	89.832
727.76	90.035
727.95	90.230
728.14	90.395
728.33	90.569
728.52	90.735
728.71	90.898
728.90	91.046
729.09	91.163
729.28	91.270
729.47	91.360
729.65	91.465
729.84	91.572
730.03	91.665
730.22	91.748
730.41	91.833
730.60	91.908
730.79	91.927
730.98	91.969
731.17	92.003
731.36	92.002
731.55	91.985
731.74	91.970
731.93	91.947
732.12	91.918
732.31	91.888
732.50	91.864
732.69	91.842
732.88	91.773
733.06	91.697
733.25	91.632
733.44	91.564
733.63	91.465
733.82	91.358
734.01	91.217
734.20	91.079
734.39	90.914
734.58	90.760
734.77	90.623
734.96	90.449
735.15	90.255
735.33	90.065
735.52	89.884
735.71	89.683
735.90	89.468
736.09	89.238
736.28	88.986
736.47	88.726
736.66	88.457
736.85	88.196
737.04	87.911
737.23	87.635
737.41	87.335
737.60	87.074
737.79	86.774
737.98	86.497
738.17	86.208
738.36	85.948
738.55	85.669
738.74	85.389
738.92	85.101
739.11	84.821
739.30	84.524
739.49	84.216
739.68	83.930
739.87	83.665
740.06	83.398
740.25	83.108
740.43	82.838
740.62	82.548
740.81	82.251
741.00	81.986
741.19	81.696
741.38	81.407
741.57	81.108
741.75	80.841
741.94	80.551
742.13	80.268
742.32	79.957
742.51	79.669
742.70	79.390
742.89	79.132
743.07	78.853
743.26	78.593
743.45	78.314
743.64	78.063
743.83	77.789
744.02	77.498
744.20	77.259
744.39	77.012
744.58	76.781
744.77	76.574
744.96	76.386
745.15	76.216
745.33	76.055
745.52	75.895
745.71	75.735
745.90	75.591
746.09	75.467
746.28	75.359
746.46	75.225
746.65	75.091
746.84	74.979
747.03	74.873
747.22	74.788
747.40	74.733
747.59	74.659
747.78	74.604
747.97	74.593
748.16	74.570
748.34	74.530
748.53	74.523
748.72	74.521
748.91	74.501
749.10	74.491
749.28	74.502
749.47	74.534
749.66	74.559
749.85	74.577
750.04	74.608
750.22	74.643
750.41	74.711
750.60	74.794
750.79	74.851
750.97	74.932
751.16	75.033
751.35	75.122
751.54	75.215
751.73	75.340
751.91	75.448
752.10	75.599
752.29	75.735
752.48	75.897
752.66	76.064
752.85	76.237
753.04	76.416
753.23	76.617
753.41	76.793
753.60	77.005
753.79	77.236
753.98	77.446
754.16	77.674
754.35	77.898
754.54	78.120
754.73	78.378
754.91	78.636
755.10	78.885
755.29	79.160
755.48	79.422
755.66	79.690
755.85	79.970
756.04	80.221
756.22	80.512
756.41	80.770
756.60	81.036
756.79	81.328
756.97	81.619
757.16	81.867
757.35	82.156
757.54	82.447
757.72	82.726
757.91	83.024
758.10	83.314
758.28	83.598
758.47	83.885
758.66	84.197
758.85	84.488
759.03	84.788
759.22	85.079
759.41	85.381
759.59	85.675
759.78	85.963
759.97	86.235
760.15	86.498
760.34	86.798
760.53	87.065
760.71	87.315
760.90	87.595
761.09	87.867
761.28	88.132
761.46	88.377
761.65	88.635
761.84	88.890
762.02	89.142
762.21	89.413
762.40	89.641
762.58	89.842
762.77	90.052
762.96	90.262
763.14	90.486
763.33	90.682
763.52	90.845
763.70	90.997
763.89	91.181
764.08	91.363
764.26	91.489
764.45	91.652
764.64	91.815
764.82	91.927
765.01	92.045
765.20	92.138
765.38	92.247
765.57	92.319
765.75	92.396
765.94	92.445
766.13	92.502
766.31	92.575
766.50	92.622
766.69	92.695
766.87	92.766
767.06	92.792
767.25	92.837
767.43	92.900
767.62	92.964
767.80	92.993
767.99	92.998
768.18	92.998
768.36	92.980
768.55	92.959
768.74	92.933
768.92	92.907
769.11	92.901
769.29	92.858
769.48	92.836
769.67	92.769
769.85	92.727
770.04	92.610
770.22	92.509
770.41	92.385
770.60	92.237
770.78	92.063
770.97	91.915
771.15	91.759
771.34	91.562
771.53	91.395
771.71	91.220
771.90	91.061
772.08	90.944
772.27	90.777
772.46	90.571
772.64	90.372
772.83	90.170
773.01	89.915
773.20	89.681
773.39	89.455
773.57	89.220
773.76	88.980
773.94	88.792
774.13	88.552
774.31	88.301
774.50	88.084
774.68	87.834
774.87	87.578
775.06	87.283
775.24	87.026
775.43	86.730
775.61	86.438
775.80	86.150
775.98	85.836
776.17	85.530
776.36	85.244
776.54	84.962
776.73	84.662
776.91	84.384
777.10	84.105
777.28	83.788
777.47	83.508
777.65	83.209
777.84	82.900
778.02	82.623
778.21	82.353
778.39	82.045
778.58	81.777
778.77	81.508
778.95	81.264
779.14	81.013
779.32	80.774
779.51	80.538
779.69	80.278
779.88	80.036
780.06	79.805
780.25	79.563
780.43	79.314
780.62	79.093
780.80	78.868
780.99	78.635
781.17	78.412
781.36	78.181
781.54	77.974
781.73	77.729
781.91	77.515
782.10	77.316
782.28	77.118
782.47	76.920
782.65	76.702
782.84	76.501
783.02	76.320
783.21	76.149
783.39	75.979
783.58	75.821
783.76	75.644
783.95	75.495
784.13	75.382
784.32	75.266
784.50	75.140
784.69	75.052
784.87	74.960
785.05	74.887
785.24	74.816
785.42	74.755
785.61	74.705
785.79	74.660
785.98	74.625
786.16	74.576
786.35	74.562
786.53	74.553
786.72	74.538
786.90	74.529
787.09	74.507
787.27	74.513
787.45	74.536
787.64	74.555
787.82	74.565
788.01	74.580
788.19	74.624
788.38	74.664
788.56	74.654
788.75	74.708
788.93	74.774
789.11	74.818
789.30	74.856
789.48	74.930
789.67	75.010
789.85	75.079
790.04	75.199
790.22	75.294
790.40	75.410
790.59	75.515
790.77	75.635
790.96	75.790
791.14	75.936
791.32	76.070
791.51	76.219
791.69	76.387
791.88	76.558
792.06	76.727
792.25	76.892
792.43	77.116
792.61	77.305
792.80	77.465
792.98	77.680
793.17	77.878
793.35	78.046
793.53	78.240
793.72	78.475
793.90	78.686
794.08	78.899
794.27	79.116
794.45	79.362
794.64	79.583
794.82	79.801
795.00	79.993
795.19	80.227
795.37	80.454
795.55	80.638
795.74	80.870
795.92	81.107
796.11	81.370
796.29	81.613
796.47	81.842
796.66	82.070
796.84	82.333
797.02	82.599
797.21	82.885
797.39	83.146
797.58	83.392
797.76	83.631
797.94	83.895
798.13	84.157
798.31	84.431
798.49	84.670
798.68	84.910
798.86	85.201
799.04	85.434
799.23	85.695
799.41	85.967
799.59	86.202
799.78	86.400
799.96	86.621
800.14	86.852
800.33	87.092
800.51	87.352
800.69	87.540
800.88	87.769
801.06	88.006
801.24	88.182
801.43	88.376
801.61	88.549
801.79	88.712
801.98	88.872
802.16	89.049
802.34	89.245
802.52	89.433
802.71	89.558
802.89	89.736
803.07	89.888
803.26	90.024
803.44	90.142
803.62	90.286
803.81	90.405
803.99	90.487
804.17	90.571
804.35	90.649
804.54	90.721
804.72	90.820
804.90	90.888
805.09	91.011
805.27	91.115
805.45	91.220
805.63	91.288
805.82	91.364
806.00	91.364
806.18	91.400
806.37	91.444
806.55	91.455
806.73	91.476
806.91	91.488
807.10	91.518
807.28	91.531
807.46	91.544
807.64	91.541
807.83	91.540
808.01	91.537
808.19	91.473
808.37	91.430
808.56	91.346
808.74	91.288
808.92	91.214
809.10	91.100
809.29	91.035
809.47	90.964
809.65	90.835
809.83	90.774
810.02	90.662
810.20	90.556
810.38	90.464
810.56	90.337
810.75	90.241
810.93	90.137
811.11	90.020
811.29	89.897
811.47	89.765
811.66	89.610
811.84	89.463
812.02	89.395
812.20	89.281
812.39	89.168
812.57	89.034
812.75	88.904
812.93	88.804
813.11	88.645
813.30	88.513
813.48	88.405
813.66	88.241
813.84	88.091
814.02	87.917
814.21	87.774
814.39	87.578
814.57	87.380
814.75	87.175
814.93	86.975
815.12	86.760
815.30	86.550
815.48	86.346
815.66	86.123
815.84	85.866
816.03	85.616
816.21	85.338
816.39	85.097
816.57	84.793
816.75	84.484
816.93	84.194
817.12	83.880
817.30	83.569
817.48	83.275
817.66	83.010
817.84	82.748
818.02	82.491
818.21	82.214
818.39	81.962
818.57	81.688
818.75	81.470
818.93	81.218
819.11	80.954
819.30	80.712
819.48	80.483
819.66	80.265
819.84	80.074
820.02	79.853
820.20	79.615
820.38	79.398
820.57	79.196
820.75	79.016
820.93	78.824
821.11	78.632
821.29	78.451
821.47	78.237
821.65	78.027
821.83	77.807
822.02	77.628
822.20	77.424
822.38	77.267
822.56	77.019
822.74	76.796
822.92	76.560
823.10	76.354
823.28	76.123
823.46	75.901
823.65	75.668
823.83	75.472
824.01	75.268
824.19	75.060
824.37	74.849
824.55	74.619
824.73	74.432
824.91	74.237
825.09	74.050
825.27	73.871
825.46	73.668
825.64	73.467
825.82	73.298
826.00	73.107
826.18	72.936
826.36	72.794
826.54	72.677
826.72	72.607
826.90	72.502
827.08	72.421
827.26	72.343
827.44	72.243
827.63	72.156
827.81	72.092
827.99	72.056
828.17	72.002
828.35	71.958
828.53	71.907
828.71	71.895
828.89	71.859
829.07	71.840
829.25	71.818
829.43	71.832
829.61	71.819
829.79	71.816
829.97	71.820
830.15	71.795
830.33	71.803
830.51	71.785
830.69	71.800
830.87	71.763
831.06	71.778
831.24	71.805
831.42	71.823
831.60	71.824
831.78	71.862
831.96	71.921
832.14	71.992
832.32	72.061
832.50	72.106
832.68	72.152
832.86	72.194
833.04	72.291
833.22	72.345
833.40	72.440
833.58	72.514
833.76	72.581
833.94	72.701
834.12	72.815
834.30	72.940
834.48	73.038
834.66	73.202
834.84	73.298
835.02	73.441
835.20	73.594
835.38	73.758
835.56	73.912
835.74	74.070
835.92	74.234
836.10	74.384
836.28	74.544
836.46	74.730
836.64	74.901
836.82	75.034
837.00	75.205
837.18	75.372
837.36	75.565
837.54	75.742
837.72	75.928
837.90	76.113
838.08	76.300
838.26	76.491
838.43	76.664
838.61	76.866
838.79	77.051
838.97	77.239
839.15	77.430
839.33	77.617
839.51	77.762
839.69	77.932
839.87	78.122
840.05	78.340
840.23	78.524
840.41	78.720
840.59	78.887
840.77	79.097
840.95	79.265
841.13	79.428
841.31	79.601
841.49	79.758
841.67	79.892
841.84	80.064
842.02	80.194
842.20	80.388
842.38	80.526
842.56	80.677
842.74	80.835
842.92	80.948
843.10	81.085
843.28	81.276
843.46	81.413
843.64	81.509
843.82	81.638
843.99	81.759
844.17	81.926
844.35	82.164
844.53	82.322
844.71	82.524
844.89	82.658
845.07	82.845
845.25	83.028
845.43	83.213
845.61	83.372
845.78	83.587
845.96	83.747
846.14	83.941
846.32	84.124
846.50	84.275
846.68	84.503
846.86	84.674
847.04	84.828
847.22	84.934
847.39	85.116
847.57	85.230
847.75	85.358
847.93	85.419
848.11	85.510
848.29	85.648
848.47	85.706
848.65	85.845
848.82	85.902
849.00	85.986
849.18	86.036
849.36	86.071
849.54	86.123
849.72	86.117
849.89	86.169
850.07	86.230
850.25	86.237
850.43	86.200
850.61	86.199
850.79	86.159
850.97	86.226
851.14	86.249
851.32	86.239
851.50	86.253
851.68	86.305
851.86	86.355
852.04	86.328
852.21	86.360
852.39	86.369
852.57	86.432
852.75	86.434
852.93	86.431
853.10	86.419
853.28	86.385
853.46	86.388
853.64	86.327
853.82	86.247
854.00	86.271
854.17	86.224
854.35	86.154
854.53	86.119
854.71	86.037
854.89	85.920
855.06	85.892
855.24	85.843
855.42	85.763
855.60	85.618
855.78	85.518
855.95	85.402
856.13	85.298
856.31	85.111
856.49	84.971
856.66	84.879
856.84	84.729
857.02	84.656
857.20	84.582
857.38	84.423
857.55	84.287
857.73	84.062
857.91	83.961
858.09	83.796
858.26	83.658
858.44	83.522
858.62	83.396
858.80	83.214
858.97	83.037
859.15	82.859
859.33	82.650
859.51	82.490
859.68	82.311
859.86	82.125
860.04	81.955
860.22	81.754
860.39	81.554
860.57	81.347
860.75	81.085
860.93	80.850
861.10	80.724
861.28	80.554
861.46	80.349
861.64	80.152
861.81	80.001
861.99	79.787
862.17	79.555
862.35	79.363
862.52	79.203
862.70	79.002
862.88	78.837
863.05	78.636
863.23	78.412
863.41	78.218
863.59	78.003
863.76	77.842
863.94	77.650
864.12	77.454
864.29	77.291
864.47	77.068
864.65	76.874
864.83	76.607
865.00	76.367
865.18	76.200
865.36	76.003
865.53	75.790
865.71	75.644
865.89	75.450
866.06	75.238
866.24	74.990
866.42	74.785
866.59	74.542
866.77	74.382
866.95	74.191
867.12	73.948
867.30	73.776
867.48	73.539
867.65	73.333
867.83	73.125
868.01	72.941
868.18	72.750
868.36	72.560
868.54	72.399
868.71	72.251
868.89	72.089
869.07	71.902
869.24	71.731
869.42	71.525
869.60	71.365
869.77	71.241
869.95	71.088
870.13	70.939
870.30	70.832
870.48	70.635
870.66	70.484
870.83	70.371
871.01	70.180
871.18	70.054
871.36	69.926
871.54	69.770
871.71	69.639
871.89	69.535
872.07	69.350
872.24	69.214
872.42	69.115
872.59	68.998
872.77	68.872
872.95	68.778
873.12	68.644
873.30	68.519
873.48	68.408
873.65	68.307
873.83	68.206
874.00	68.073
874.18	67.995
874.36	67.926
874.53	67.845
874.71	67.765
874.88	67.686
875.06	67.649
875.24	67.646
875.41	67.592
875.59	67.557
875.76	67.582
875.94	67.539
876.11	67.427
876.29	67.334
876.47	67.295
876.64	67.226
876.82	67.173
876.99	67.134
877.17	67.092
877.35	67.071
877.52	67.031
877.70	66.993
877.87	66.987
878.05	66.980
878.22	66.983
878.40	67.033
878.57	67.033
878.75	66.996
878.93	66.946
879.10	66.947
879.28	66.960
879.45	66.965
879.63	66.954
879.80	66.958
879.98	67.005
880.15	67.028
880.33	67.083
880.50	67.133
880.68	67.224
880.86	67.281
881.03	67.352
881.21	67.440
881.38	67.521
881.56	67.672
881.73	67.720
881.91	67.775
882.08	67.833
882.26	67.950
882.43	68.066
882.61	68.231
882.78	68.343
882.96	68.488
883.13	68.607
883.31	68.752
883.48	68.954
883.66	69.112
883.83	69.275
884.01	69.384
884.18	69.601
884.36	69.750
884.53	69.884
884.71	70.034
884.88	70.136
885.06	70.294
885.23	70.364
885.41	70.502
885.58	70.626
885.76	70.782
885.93	70.864
886.11	71.035
886.28	71.146
886.46	71.282
886.63	71.398
886.81	71.516
886.98	71.696
887.15	71.781
887.33	71.939
887.50	72.116
887.68	72.268
887.85	72.359
888.03	72.493
888.20	72.645
888.38	72.780
888.55	72.960
888.73	73.038
888.90	73.171
889.08	73.316
889.25	73.434
889.42	73.559
889.60	73.757
889.77	73.838
889.95	73.976
890.12	74.054
890.30	74.140
890.47	74.219
890.64	74.343
890.82	74.497
890.99	74.608
891.17	74.704
891.34	74.833
891.52	74.945
891.69	75.070
891.86	75.194
892.04	75.314
892.21	75.453
892.39	75.693
892.56	75.871
892.73	75.971
892.91	76.123
893.08	76.327
893.26	76.414
893.43	76.582
893.60	76.684
893.78	76.864
893.95	77.031
894.13	77.281
894.30	77.437
894.47	77.638
894.65	77.768
894.82	77.924
895.00	78.052
895.17	78.222
895.34	78.392
895.52	78.573
895.69	78.693
895.86	78.823
896.04	78.861
896.21	79.002
896.39	79.191
896.56	79.358
896.73	79.361
896.91	79.417
897.08	79.503
897.25	79.674
897.43	79.732
897.60	79.816
897.77	79.823
897.95	79.809
898.12	79.806
898.30	79.921
898.47	79.953
898.64	80.013
898.82	80.034
898.99	80.022
899.16	80.012
899.34	79.995
899.51	79.927
899.68	79.912
899.86	79.873
900.03	79.806
900.20	79.752
900.38	79.784
900.55	79.869
900.72	79.826
900.90	79.754
901.07	79.845
901.24	79.811
901.41	79.834
901.59	79.851
901.76	79.849
901.93	79.797
902.11	79.731
902.28	79.726
902.45	79.822
902.63	79.871
902.80	79.834
902.97	79.855
903.15	79.941
903.32	80.014
903.49	80.003
903.66	80.051
903.84	80.083
904.01	80.076
904.18	80.054
904.36	80.071
904.53	80.051
904.70	79.990
904.87	79.998
905.05	79.922
905.22	79.949
905.39	79.927
905.56	79.861
905.74	79.831
905.91	79.747
906.08	79.632
906.26	79.533
906.43	79.445
906.60	79.351
906.77	79.214
906.95	79.103
907.12	78.989
907.29	78.834
907.46	78.796
907.64	78.704
907.81	78.596
907.98	78.428
908.15	78.331
908.33	78.225
908.50	78.095
908.67	78.003
908.84	77.880
909.01	77.739
909.19	77.668
909.36	77.551
909.53	77.418
909.70	77.184
909.88	77.077
910.05	76.931
910.22	76.859
910.39	76.735
910.57	76.646
910.74	76.568
910.91	76.519
911.08	76.319
911.25	76.167
911.43	76.049
911.60	75.936
911.77	75.800
911.94	75.558
912.11	75.396
912.29	75.197
912.46	74.958
912.63	74.738
912.80	74.515
912.97	74.335
913.15	74.205
913.32	74.094
913.49	73.883
913.66	73.786
913.83	73.562
914.00	73.348
914.18	73.136
914.35	72.926
914.52	72.651
914.69	72.430
914.86	72.237
915.03	72.025
915.21	71.895
915.38	71.676
915.55	71.591
915.72	71.422
915.89	71.288
916.06	71.207
916.24	71.136
916.41	70.980
916.58	70.855
916.75	70.649
916.92	70.467
917.09	70.280
917.26	70.017
917.44	69.809
917.61	69.686
917.78	69.466
917.95	69.315
918.12	69.142
918.29	69.063
918.46	68.877
918.64	68.722
918.81	68.569
918.98	68.431
919.15	68.260
919.32	68.110
919.49	67.890
919.66	67.662
919.83	67.464
920.00	67.281
920.18	67.129
920.35	67.088
920.52	66.963
920.69	66.903
920.86	66.876
921.03	66.779
921.20	66.641
921.37	66.531
921.54	66.281
921.71	66.170
921.89	65.994
922.06	65.926
922.23	65.803
922.40	65.682
922.57	65.476
922.74	65.362
922.91	65.281
923.08	65.208
923.25	65.134
923.42	65.034
923.59	65.012
923.76	64.803
923.93	64.594
924.11	64.430
924.28	64.285
924.45	64.168
924.62	64.139
924.79	64.040
924.96	63.875
925.13	63.836
925.30	63.736
925.47	63.564
925.64	63.466
925.81	63.384
925.98	63.308
926.15	63.284
926.32	63.133
926.49	63.020
926.66	62.930
926.83	62.820
927.00	62.782
927.17	62.642
927.34	62.685
927.51	62.646
927.69	62.682
927.86	62.631
928.03	62.513
928.20	62.468
928.37	62.376
928.54	62.425
928.71	62.402
928.88	62.407
929.05	62.453
929.22	62.434
929.39	62.392
929.56	62.325
929.73	62.286
929.90	62.336
930.07	62.337
930.24	62.301
930.41	62.303
930.58	62.342
930.75	62.406
930.92	62.370
931.09	62.344
931.26	62.316
931.43	62.301
931.60	62.310
931.77	62.246
931.94	62.320
932.11	62.336
932.27	62.354
932.44	62.377
932.61	62.389
932.78	62.336
932.95	62.422
933.12	62.376
933.29	62.416
933.46	62.415
933.63	62.352
933.80	62.366
933.97	62.372
934.14	62.343
934.31	62.284
934.48	62.315
934.65	62.346
934.82	62.408
934.99	62.443
935.16	62.490
935.33	62.557
935.50	62.668
935.67	62.752
935.84	62.801
936.00	62.805
936.17	62.889
936.34	63.006
936.51	62.992
936.68	63.037
936.85	63.059
937.02	63.171
937.19	63.239
937.36	63.390
937.53	63.410
937.70	63.488
937.87	63.574
938.03	63.579
938.20	63.645
938.37	63.707
938.54	63.770
938.71	63.834
938.88	63.954
939.05	63.865
939.22	63.823
939.39	63.907
939.56	64.097
939.72	64.141
939.89	64.207
940.06	64.265
940.23	64.361
940.40	64.477
940.57	64.605
940.74	64.746
940.91	64.793
941.08	64.963
941.24	65.061
941.41	65.221
941.58	65.462
941.75	65.600
941.92	65.743
942.09	65.883
942.26	65.981
942.42	66.021
942.59	66.257
942.76	66.607
942.93	66.771
943.10	66.787
943.27	66.946
943.44	67.077
943.60	67.273
943.77	67.280
943.94	67.490
944.11	67.540
944.28	67.627
944.45	67.753
944.61	67.869
944.78	67.885
944.95	67.934
945.12	68.115
945.29	68.211
945.46	68.172
945.62	68.190
945.79	68.388
945.96	68.695
946.13	68.836
946.30	68.833
946.46	68.963
946.63	69.082
946.80	69.231
946.97	69.397
947.14	69.469
947.31	69.990
947.47	70.202
947.64	70.384
947.81	70.560
947.98	70.760
948.15	70.865
948.31	71.096
948.48	71.244
948.65	71.244
948.82	71.392
948.98	71.563
949.15	71.880
949.32	71.923
949.49	71.933
949.66	72.003
949.82	72.070
949.99	72.187
950.16	72.290
950.33	72.235
950.49	72.321
950.66	72.290
950.83	72.120
951.00	71.940
951.16	71.730
951.33	71.753
951.50	71.691
951.67	71.753
951.83	71.788
952.00	71.796
952.17	71.763
952.34	71.782
952.50	71.939
952.67	71.892
952.84	71.967
953.01	71.893
953.17	71.920
953.34	72.007
953.51	71.939
953.68	71.839
953.84	71.815
954.01	71.748
954.18	71.705
954.34	71.787
954.51	71.852
954.68	72.018
954.85	72.042
955.01	72.171
955.18	72.408
955.35	72.167
955.51	72.142
955.68	72.240
955.85	72.426
956.02	72.295
956.18	72.324
956.35	72.259
956.52	72.315
956.68	72.304
956.85	72.196
957.02	72.256
957.18	72.313
957.35	72.339
957.52	72.423
957.69	72.524
957.85	72.533
958.02	72.441
958.19	72.358
958.35	72.324
958.52	72.079
958.69	71.728
958.85	71.926
959.02	72.013
959.19	71.780
959.35	71.651
959.52	71.707
959.69	71.715
959.85	71.717
960.02	71.678
960.19	71.573
960.35	71.496
960.52	71.365
960.68	71.343
960.85	71.421
961.02	71.169
961.18	71.182
961.35	70.946
961.52	70.988
961.68	70.977
961.85	70.895
962.02	70.937
962.18	70.988
962.35	70.773
962.51	70.637
962.68	70.648
962.85	70.536
963.01	70.274
963.18	70.170
963.35	69.819
963.51	69.641
963.68	69.615
963.84	69.405
964.01	69.452
964.18	69.321
964.34	69.057
964.51	68.904
964.67	68.699
964.84	68.669
965.01	68.440
965.17	68.168
965.34	68.176
965.50	67.935
965.67	67.894
965.84	67.897
966.00	67.983
966.17	68.070
966.33	67.932
966.50	67.822
966.66	67.754
966.83	67.824
967.00	67.782
967.16	67.617
967.33	67.581
967.49	67.446
967.66	67.638
967.82	67.499
967.99	67.676
968.16	67.702
968.32	67.644
968.49	67.471
968.65	67.677
968.82	67.555
968.98	67.649
969.15	67.334
969.31	67.044
969.48	66.790
969.64	66.436
969.81	66.422
969.98	66.395
970.14	66.065
970.31	66.077
970.47	65.785
970.64	65.586
970.80	65.583
970.97	65.052
971.13	64.709
971.30	64.617
971.46	64.375
971.63	64.088
971.79	64.139
971.96	64.220
972.12	63.907
972.29	63.459
972.45	63.355
972.62	63.365
972.78	63.470
972.95	63.081
973.11	62.908
973.28	62.775
973.44	62.807
973.61	63.033
973.77	62.780
973.94	62.790
974.10	62.910
974.27	62.883
974.43	63.164
974.60	63.080
974.76	63.087
974.93	63.101
975.09	62.955
975.26	62.639
975.42	62.538
975.59	62.339
975.75	62.728
975.92	62.597
976.08	62.110
976.24	61.883
976.41	61.756
976.57	61.830
976.74	61.695
976.90	61.297
977.07	60.828
977.23	60.863
977.40	60.720
977.56	60.088
977.73	59.753
977.89	59.473
978.05	59.114
978.22	58.937
978.38	58.618
978.55	58.433
978.71	58.261
978.88	58.254
979.04	58.291
979.20	58.017
979.37	57.946
979.53	57.923
979.70	57.999
979.86	58.238
980.03	58.113
980.19	58.087
980.35	58.113
980.52	57.863
980.68	57.899
980.85	57.836
981.01	58.021
981.17	58.051
981.34	57.879
981.50	57.842
981.67	57.816
981.83	57.714
981.99	57.684
982.16	57.484
982.32	56.655
982.49	56.618
982.65	56.519
982.81	56.573
982.98	56.649
983.14	56.638
983.30	56.257
983.47	56.233
983.63	55.862
983.80	55.646
983.96	55.539
984.12	55.909
984.29	56.104
984.45	56.374
984.61	56.172
984.78	56.457
984.94	56.713
985.10	57.152
985.27	56.997
985.43	57.458
985.59	57.835
985.76	58.401
985.92	58.603
986.08	58.960
986.25	58.510
986.41	59.077
986.57	58.530
986.74	58.815
986.90	58.695
987.06	58.657
987.23	58.757
987.39	58.538
987.55	57.477
987.72	57.257
987.88	56.423
988.04	56.708
988.21	57.143
988.37	56.955
988.53	56.280
988.70	56.706
988.86	56.124
989.02	55.802
989.19	55.383
989.35	55.274
989.51	54.564
989.67	54.669
989.84	54.093
990.00	54.136
990.16	54.440
990.33	54.623
990.49	55.111
990.65	55.252
990.82	55.683
990.98	55.823
991.14	55.633
991.30	56.499
991.47	55.893
991.63	55.729
991.79	56.637
991.95	56.935
992.12	57.005
992.28	57.247
992.44	57.442
992.61	57.774
992.77	57.823
992.93	58.387
993.09	58.405
993.26	58.596
993.42	59.193
993.58	58.780
993.74	58.545
993.91	58.027
994.07	57.805
994.23	57.942
994.39	58.081
994.55	58.338
994.72	57.868
994.88	58.163
995.04	57.684
995.20	57.183
995.37	56.767
995.53	56.660
995.69	56.437
995.85	55.938
996.02	55.884
996.18	56.203
996.34	55.760
996.50	55.942
996.66	57.047
996.83	56.487
996.99	55.662
997.15	56.096
997.31	56.170
997.47	56.491
997.64	56.479
997.80	56.936
997.96	57.608
998.12	57.976
998.28	58.766
998.45	59.317
998.61	58.998
998.77	59.007
998.93	59.326
999.09	60.555
999.25	60.991
999.42	61.983
999.58	61.596
999.74	61.481
999.90	61.221
1000.06	60.196
1000.22	60.632
1000.39	61.555
1000.55	61.544
1000.71	62.252
1000.87	62.183
1001.03	62.048
1001.19	61.893
1001.36	61.260
1001.52	60.754
1001.68	60.322
1001.84	61.050
1002.00	60.114
1002.16	60.122
1002.32	59.480
1002.49	57.851
1002.65	57.646
1002.81	57.171
1002.97	57.361
1003.13	57.460
1003.29	58.367
1003.45	58.199
1003.62	58.910
1003.78	58.699
1003.94	58.930
1004.10	58.097
1004.26	58.083
1004.42	57.958
1004.58	58.067
1004.74	58.548
1004.90	60.298
1005.07	60.230
1005.23	58.718
1005.39	60.466
1005.55	61.166
1005.71	60.984
1005.87	62.429
1006.03	63.460
1006.19	63.603
1006.35	63.246
1006.51	63.990
1006.67	63.864
1006.84	63.451
1007.00	62.891
1007.16	64.083
1007.32	62.629
1007.48	63.669
1007.64	65.448
1007.80	65.411
1007.96	64.184
1008.12	64.575
1008.28	62.570
1008.44	63.990
1008.60	64.800
1008.76	63.245
1008.92	62.199
1009.09	62.106
1009.25	61.585
1009.41	60.929
1009.57	61.924
1009.73	63.111
1009.89	63.887
1010.05	64.621
1010.21	66.774
1010.37	66.525
1010.53	67.661
1010.69	69.684
1010.85	68.922
1011.01	67.523
1011.17	66.616
1011.33	68.726
1011.49	69.203
1011.65	69.552
1011.81	69.035
1011.97	69.313
1012.13	72.046
1012.29	73.835
1012.45	75.542
1012.61	78.957
1012.77	76.734
1012.93	76.152
1013.09	74.600
1013.25	74.882
1013.41	76.038
1013.57	73.080
1013.73	72.243
1013.89	68.514
1014.05	70.173
1014.21	68.625
1014.37	66.362
1014.53	65.787
1014.69	66.114
1014.85	65.949
1015.01	68.142
1015.17	69.890
1015.33	71.325
1015.49	70.201
1015.65	71.492
1015.81	71.913
1015.97	68.755
1016.13	72.707
1016.29	71.748
1016.45	72.705
1016.61	72.915
1016.77	69.763
1016.93	71.350
1017.09	71.192
1017.25	72.736
1017.41	71.930
1017.56	74.113
1017.72	81.317
1017.88	82.439
1018.04	83.626
1018.20	81.539
1018.36	81.241
1018.52	78.915
1018.68	79.669
1018.84	80.467
1019.00	78.751
1019.16	80.769
1019.32	83.554
1019.48	83.714
1019.64	86.674
1019.79	84.127
1019.95	80.479
1020.11	85.550
1020.27	84.784
1020.43	90.712
1020.59	92.588
1020.75	89.220
1020.91	92.642
1021.07	84.653
1021.23	84.623
1021.39	80.582
1021.54	86.782
1021.70	84.293
1021.86	83.852
1022.02	81.764
1022.18	78.776
1022.34	81.495
1022.50	80.135
1022.66	78.062
1022.82	78.038
1022.97	77.464
1023.13	80.021
1023.29	86.209
1023.45	84.905
1023.61	86.202
1023.77	85.223
1023.93	86.772
1024.08	87.478
1024.24	84.844
1024.40	88.533
1024.56	98.043
1024.72	101.699
1024.88	89.914
1025.04	95.635
1025.19	90.398
1025.35	86.424
1025.51	91.096
1025.67	94.940
1025.83	89.072
1025.99	91.879
1026.14	89.234
1026.30	98.212
1026.46	102.515
1026.62	94.019
1026.78	86.008
1026.94	82.099
1027.09	78.748
1027.25	75.440
1027.41	77.402
1027.57	75.995
1027.73	74.892
1027.89	70.054
1028.04	69.909
1028.20	68.680
1028.36	69.705
1028.52	70.563
1028.68	70.812
1028.83	71.983
1028.99	68.145
1029.15	68.879
1029.31	67.916
1029.47	70.268
1029.62	68.449
1029.78	67.260
1029.94	68.582
1030.10	71.409
1030.25	75.023
1030.41	80.312
1030.57	82.581
1030.73	84.523
1030.89	88.024
1031.04	91.353
1031.20	96.343
1031.36	103.384
1031.52	110.452
1031.67	112.263
1031.83	117.970
1031.99	130.575
1032.15	115.719
1032.30	128.881
1032.46	150.536
1032.62	140.047
1032.78	123.523
1032.93	140.845
1033.09	124.206
1033.25	116.214
1033.41	118.461
1033.56	113.295
1033.72	45.539
1033.88	242.262
1034.04	62.764
1034.19	72.091
1034.35	78.840
1034.51	-29.040
1034.66	59.456
1034.82	1661.667
1034.98	1661.667
1035.14	1661.667
