345.22	39.171
345.43	39.171
345.65	39.171
345.86	48.867
346.08	131.004
346.29	2.911
346.51	32.057
346.72	43.712
346.94	-208.141
347.15	-74.247
347.37	154.550
347.58	186.660
347.80	214.617
348.01	187.704
348.23	129.994
348.44	121.695
348.66	110.857
348.87	113.439
349.09	107.233
349.30	95.545
349.52	89.217
349.73	92.364
349.95	92.149
350.16	93.572
350.38	90.387
350.59	84.031
350.81	82.908
351.02	81.491
351.24	80.162
351.45	78.884
351.67	81.562
351.88	80.406
352.10	76.928
352.31	76.081
352.53	79.292
352.74	81.110
352.96	81.983
353.17	81.500
353.39	82.156
353.60	84.325
353.82	85.662
354.03	85.922
354.25	81.057
354.46	76.140
354.67	73.191
354.89	71.512
355.10	75.481
355.32	73.922
355.53	75.249
355.75	77.170
355.96	78.505
356.18	77.861
356.39	78.154
356.61	81.976
356.82	81.574
357.04	77.946
357.25	78.202
357.46	77.840
357.68	77.264
357.89	75.606
358.11	73.983
358.32	76.623
358.54	74.472
358.75	76.373
358.97	78.267
359.18	81.824
359.40	81.460
359.61	82.219
359.82	83.819
360.04	83.620
360.25	81.902
360.47	78.256
360.68	77.448
360.90	77.828
361.11	75.647
361.32	75.855
361.54	79.669
361.75	79.075
361.97	80.258
362.18	81.407
362.40	82.933
362.61	84.605
362.83	84.474
363.04	85.741
363.25	86.660
363.47	87.777
363.68	85.076
363.90	88.386
364.11	88.333
364.32	88.780
364.54	86.699
364.75	83.747
364.97	87.547
365.18	86.557
365.40	84.250
365.61	84.813
365.82	85.803
366.04	84.218
366.25	83.829
366.47	81.766
366.68	79.661
366.89	80.340
367.11	77.955
367.32	78.355
367.54	76.363
367.75	76.216
367.96	75.421
368.18	76.506
368.39	75.713
368.61	75.955
368.82	77.479
369.03	80.340
369.25	84.410
369.46	85.164
369.68	85.795
369.89	86.871
370.10	87.295
370.32	87.206
370.53	87.079
370.75	83.651
370.96	85.921
371.17	87.124
371.39	84.912
371.60	85.108
371.81	86.025
372.03	87.788
372.24	88.501
372.46	91.808
372.67	92.637
372.88	91.226
373.10	90.669
373.31	88.802
373.52	88.594
373.74	86.866
373.95	85.606
374.17	86.947
374.38	88.863
374.59	88.978
374.81	87.574
375.02	85.646
375.23	88.584
375.45	86.186
375.66	83.999
375.87	85.445
376.09	86.011
376.30	84.787
376.52	86.641
376.73	83.434
376.94	81.518
377.16	82.029
377.37	85.973
377.58	86.017
377.80	87.050
378.01	88.213
378.22	89.839
378.44	90.739
378.65	92.441
378.86	92.667
379.08	93.041
379.29	93.539
379.50	96.790
379.72	97.155
379.93	100.314
380.14	103.697
380.36	104.644
380.57	106.128
380.78	106.428
381.00	107.217
381.21	109.154
381.42	110.248
381.64	110.864
381.85	110.532
382.06	110.708
382.28	110.794
382.49	110.401
382.70	110.796
382.92	110.994
383.13	110.281
383.34	110.776
383.56	111.785
383.77	112.891
383.98	112.447
384.20	113.462
384.41	113.610
384.62	113.753
384.83	114.309
385.05	114.701
385.26	115.631
385.47	116.452
385.69	117.353
385.90	118.218
386.11	118.932
386.33	119.855
386.54	120.687
386.75	121.378
386.97	122.471
387.18	123.232
387.39	124.140
387.60	124.594
387.82	125.057
388.03	125.433
388.24	126.001
388.46	126.404
388.67	126.499
388.88	126.460
389.09	126.386
389.31	126.133
389.52	125.864
389.73	125.299
389.95	124.813
390.16	124.265
390.37	123.764
390.58	123.261
390.80	122.520
391.01	121.955
391.22	121.403
391.44	120.481
391.65	119.737
391.86	118.967
392.07	118.648
392.29	118.158
392.50	117.634
392.71	117.103
392.92	116.796
393.14	116.410
393.35	116.230
393.56	116.203
393.78	116.225
393.99	116.491
394.20	116.860
394.41	117.191
394.63	117.498
394.84	118.078
395.05	118.786
395.26	119.454
395.48	120.181
395.69	120.849
395.90	121.818
396.11	122.691
396.33	123.537
396.54	124.409
396.75	125.147
396.96	125.912
397.18	126.568
397.39	127.216
397.60	127.878
397.81	128.408
398.03	128.756
398.24	129.064
398.45	129.179
398.66	129.217
398.87	129.172
399.09	129.051
399.30	128.663
399.51	128.087
399.72	127.579
399.94	126.959
400.15	126.259
400.36	125.403
400.57	124.532
400.79	123.648
401.00	122.630
401.21	121.695
401.42	120.738
401.63	119.789
401.85	118.890
402.06	118.107
402.27	117.320
402.48	116.665
402.69	116.075
402.91	115.525
403.12	115.035
403.33	114.781
403.54	114.663
403.76	114.520
403.97	114.598
404.18	114.781
404.39	115.098
404.60	115.540
404.82	116.092
405.03	116.751
405.24	117.433
405.45	118.184
405.66	119.022
405.88	119.876
406.09	120.830
406.30	121.682
406.51	122.438
406.72	123.275
406.94	124.053
407.15	124.762
407.36	125.511
407.57	126.179
407.78	126.688
407.99	127.060
408.21	127.417
408.42	127.651
408.63	127.822
408.84	127.776
409.05	127.666
409.27	127.360
409.48	126.876
409.69	126.326
409.90	125.780
410.11	125.111
410.32	124.373
410.54	123.488
410.75	122.545
410.96	121.586
411.17	120.569
411.38	119.558
411.59	118.564
411.81	117.493
412.02	116.459
412.23	115.469
412.44	114.558
412.65	113.780
412.86	113.087
413.08	112.391
413.29	111.775
413.50	111.340
413.71	111.029
413.92	110.807
414.13	110.701
414.34	110.679
414.56	110.700
414.77	110.892
414.98	111.170
415.19	111.669
415.40	112.266
415.61	112.912
415.82	113.591
416.04	114.380
416.25	115.148
416.46	115.993
416.67	116.918
416.88	117.797
417.09	118.666
417.30	119.467
417.52	120.308
417.73	121.057
417.94	121.741
418.15	122.373
418.36	123.030
418.57	123.504
418.78	123.879
418.99	124.243
419.21	124.470
419.42	124.616
419.63	124.615
419.84	124.483
420.05	124.244
420.26	123.873
420.47	123.345
420.68	122.843
420.89	122.232
421.11	121.457
421.32	120.715
421.53	119.855
421.74	118.973
421.95	118.079
422.16	117.184
422.37	116.273
422.58	115.288
422.79	114.299
423.01	113.411
423.22	112.527
423.43	111.726
423.64	110.969
423.85	110.300
424.06	109.730
424.27	109.221
424.48	108.824
424.69	108.598
424.90	108.460
425.11	108.405
425.33	108.475
425.54	108.636
425.75	108.861
425.96	109.194
426.17	109.647
426.38	110.168
426.59	110.775
426.80	111.443
427.01	112.211
427.22	113.054
427.43	113.986
427.64	114.892
427.85	115.757
428.07	116.681
428.28	117.551
428.49	118.422
428.70	119.283
428.91	120.090
429.12	120.807
429.33	121.514
429.54	122.158
429.75	122.697
429.96	123.225
430.17	123.648
430.38	123.976
430.59	124.129
430.80	124.184
431.01	124.152
431.22	124.048
431.44	123.812
431.65	123.501
431.86	123.039
432.07	122.533
432.28	121.968
432.49	121.298
432.70	120.548
432.91	119.701
433.12	118.791
433.33	117.855
433.54	116.950
433.75	116.002
433.96	115.056
434.17	114.026
434.38	113.062
434.59	112.128
434.80	111.214
435.01	110.444
435.22	109.724
435.43	109.072
435.64	108.471
435.85	107.952
436.06	107.510
436.27	107.201
436.48	106.989
436.69	106.824
436.90	106.796
437.11	106.893
437.33	107.075
437.54	107.369
437.75	107.789
437.96	108.217
438.17	108.736
438.38	109.279
438.59	109.966
438.80	110.665
439.01	111.472
439.22	112.348
439.43	113.097
439.64	113.912
439.85	114.745
440.06	115.548
440.27	116.395
440.48	117.161
440.69	117.893
440.90	118.579
441.11	119.271
441.32	119.863
441.53	120.383
441.74	120.815
441.95	121.204
442.16	121.481
442.37	121.644
442.58	121.756
442.79	121.789
443.00	121.724
443.21	121.576
443.42	121.253
443.62	120.786
443.83	120.412
444.04	119.903
444.25	119.320
444.46	118.649
444.67	117.897
444.88	117.128
445.09	116.284
445.30	115.400
445.51	114.458
445.72	113.485
445.93	112.563
446.14	111.617
446.35	110.637
446.56	109.734
446.77	108.868
446.98	107.999
447.19	107.162
447.40	106.410
447.61	105.668
447.82	105.034
448.03	104.507
448.24	103.999
448.45	103.589
448.66	103.279
448.87	103.053
449.08	102.938
449.29	102.890
449.49	102.941
449.70	103.097
449.91	103.313
450.12	103.650
450.33	104.011
450.54	104.474
450.75	105.028
450.96	105.599
451.17	106.245
451.38	106.914
451.59	107.642
451.80	108.364
452.01	109.137
452.22	109.937
452.43	110.691
452.64	111.439
452.84	112.196
453.05	112.897
453.26	113.614
453.47	114.245
453.68	114.862
453.89	115.422
454.10	115.879
454.31	116.320
454.52	116.647
454.73	116.946
454.94	117.126
455.15	117.205
455.36	117.192
455.56	117.111
455.77	116.945
455.98	116.716
456.19	116.419
456.40	116.058
456.61	115.622
456.82	115.082
457.03	114.494
457.24	113.820
457.45	113.126
457.65	112.316
457.86	111.507
458.07	110.664
458.28	109.734
458.49	108.855
458.70	107.904
458.91	106.985
459.12	106.049
459.33	105.107
459.54	104.222
459.74	103.365
459.95	102.524
460.16	101.772
460.37	101.071
460.58	100.424
460.79	99.811
461.00	99.244
461.21	98.781
461.41	98.387
461.62	98.073
461.83	97.855
462.04	97.731
462.25	97.632
462.46	97.650
462.67	97.775
462.88	97.970
463.08	98.269
463.29	98.595
463.50	99.007
463.71	99.505
463.92	100.036
464.13	100.598
464.34	101.226
464.54	101.902
464.75	102.598
464.96	103.304
465.17	104.036
465.38	104.746
465.59	105.503
465.80	106.235
466.00	106.936
466.21	107.611
466.42	108.252
466.63	108.917
466.84	109.529
467.05	110.075
467.26	110.569
467.46	110.949
467.67	111.319
467.88	111.636
468.09	111.852
468.30	112.032
468.51	112.146
468.71	112.156
468.92	112.098
469.13	111.965
469.34	111.774
469.55	111.481
469.76	111.165
469.96	110.743
470.17	110.261
470.38	109.742
470.59	109.146
470.80	108.494
471.00	107.831
471.21	107.089
471.42	106.342
471.63	105.559
471.84	104.765
472.05	103.938
472.25	103.094
472.46	102.258
472.67	101.380
472.88	100.563
473.09	99.735
473.29	98.912
473.50	98.153
473.71	97.397
473.92	96.687
474.13	96.020
474.33	95.422
474.54	94.875
474.75	94.387
474.96	93.955
475.17	93.593
475.37	93.257
475.58	93.017
475.79	92.853
476.00	92.759
476.21	92.754
476.41	92.806
476.62	92.942
476.83	93.129
477.04	93.426
477.24	93.743
477.45	94.135
477.66	94.578
477.87	95.045
478.08	95.587
478.28	96.140
478.49	96.749
478.70	97.393
478.91	98.031
479.11	98.686
479.32	99.381
479.53	100.051
479.74	100.759
479.94	101.429
480.15	102.058
480.36	102.673
480.57	103.264
480.78	103.854
480.98	104.357
481.19	104.833
481.40	105.251
481.61	105.653
481.81	105.992
482.02	106.267
482.23	106.517
482.44	106.665
482.64	106.788
482.85	106.830
483.06	106.787
483.27	106.720
483.47	106.603
483.68	106.399
483.89	106.139
484.10	105.805
484.30	105.430
484.51	104.983
484.72	104.515
484.92	103.959
485.13	103.386
485.34	102.779
485.55	102.121
485.75	101.443
485.96	100.709
486.17	99.963
486.38	99.213
486.58	98.429
486.79	97.662
487.00	96.874
487.20	96.088
487.41	95.334
487.62	94.588
487.83	93.843
488.03	93.120
488.24	92.435
488.45	91.773
488.65	91.140
488.86	90.565
489.07	90.025
489.28	89.543
489.48	89.099
489.69	88.748
489.90	88.426
490.10	88.177
490.31	87.984
490.52	87.834
490.73	87.757
490.93	87.742
491.14	87.781
491.35	87.888
491.55	88.041
491.76	88.248
491.97	88.503
492.17	88.802
492.38	89.161
492.59	89.565
492.79	90.019
493.00	90.513
493.21	91.034
493.41	91.576
493.62	92.142
493.83	92.733
494.04	93.296
494.24	93.895
494.45	94.498
494.66	95.080
494.86	95.692
495.07	96.262
495.28	96.843
495.48	97.384
495.69	97.905
495.90	98.412
496.10	98.886
496.31	99.310
496.52	99.694
496.72	100.070
496.93	100.393
497.14	100.660
497.34	100.857
497.55	101.040
497.76	101.161
497.96	101.230
498.17	101.237
498.37	101.208
498.58	101.104
498.79	100.941
498.99	100.757
499.20	100.499
499.41	100.193
499.61	99.818
499.82	99.417
500.03	98.958
500.23	98.482
500.44	97.944
500.65	97.387
500.85	96.802
501.06	96.155
501.26	95.500
501.47	94.820
501.68	94.139
501.88	93.419
502.09	92.704
502.30	91.976
502.50	91.250
502.71	90.534
502.91	89.823
503.12	89.125
503.33	88.435
503.53	87.777
503.74	87.133
503.95	86.511
504.15	85.924
504.36	85.365
504.56	84.835
504.77	84.362
504.98	83.911
505.18	83.522
505.39	83.169
505.59	82.866
505.80	82.617
506.01	82.421
506.21	82.280
506.42	82.188
506.62	82.142
506.83	82.142
507.04	82.204
507.24	82.311
507.45	82.472
507.65	82.677
507.86	82.909
508.07	83.195
508.27	83.526
508.48	83.886
508.68	84.299
508.89	84.732
509.10	85.182
509.30	85.661
509.51	86.151
509.71	86.660
509.92	87.180
510.12	87.706
510.33	88.236
510.54	88.762
510.74	89.293
510.95	89.812
511.15	90.328
511.36	90.835
511.56	91.330
511.77	91.790
511.98	92.239
512.18	92.674
512.39	93.072
512.59	93.441
512.80	93.772
513.00	94.068
513.21	94.321
513.42	94.548
513.62	94.731
513.83	94.879
514.03	94.974
514.24	95.020
514.44	95.015
514.65	94.982
514.85	94.907
515.06	94.789
515.26	94.619
515.47	94.416
515.68	94.157
515.88	93.860
516.09	93.525
516.29	93.150
516.50	92.735
516.70	92.283
516.91	91.801
517.11	91.293
517.32	90.761
517.52	90.200
517.73	89.635
517.93	89.036
518.14	88.422
518.34	87.805
518.55	87.182
518.76	86.556
518.96	85.909
519.17	85.259
519.37	84.610
519.58	83.986
519.78	83.355
519.99	82.732
520.19	82.127
520.40	81.561
520.60	81.006
520.81	80.473
521.01	79.959
521.22	79.492
521.42	79.053
521.63	78.641
521.83	78.270
522.04	77.924
522.24	77.640
522.45	77.393
522.65	77.191
522.86	77.031
523.06	76.909
523.27	76.840
523.47	76.812
523.68	76.825
523.88	76.872
524.09	76.967
524.29	77.113
524.50	77.296
524.70	77.507
524.91	77.755
525.11	78.050
525.32	78.388
525.52	78.739
525.72	79.140
525.93	79.559
526.13	80.004
526.34	80.454
526.54	80.940
526.75	81.416
526.95	81.913
527.16	82.406
527.36	82.919
527.57	83.427
527.77	83.930
527.98	84.447
528.18	84.957
528.39	85.448
528.59	85.936
528.79	86.402
529.00	86.863
529.20	87.298
529.41	87.733
529.61	88.134
529.82	88.499
530.02	88.827
530.23	89.140
530.43	89.407
530.64	89.659
530.84	89.858
531.04	90.022
531.25	90.178
531.45	90.300
531.66	90.375
531.86	90.411
532.07	90.406
532.27	90.360
532.47	90.281
532.68	90.184
532.88	90.047
533.09	89.871
533.29	89.642
533.50	89.388
533.70	89.062
533.90	88.730
534.11	88.385
534.31	88.007
534.52	87.589
534.72	87.176
534.93	86.733
535.13	86.254
535.33	85.777
535.54	85.250
535.74	84.722
535.95	84.168
536.15	83.633
536.35	83.082
536.56	82.529
536.76	81.954
536.97	81.394
537.17	80.822
537.37	80.261
537.58	79.725
537.78	79.193
537.99	78.685
538.19	78.169
538.39	77.669
538.60	77.195
538.80	76.759
539.01	76.318
539.21	75.913
539.41	75.549
539.62	75.200
539.82	74.892
540.03	74.609
540.23	74.374
540.43	74.157
540.64	73.997
540.84	73.859
541.04	73.771
541.25	73.728
541.45	73.714
541.66	73.735
541.86	73.793
542.06	73.892
542.27	74.024
542.47	74.208
542.67	74.405
542.88	74.643
543.08	74.910
543.28	75.219
543.49	75.544
543.69	75.902
543.90	76.295
544.10	76.689
544.30	77.131
544.51	77.574
544.71	78.057
544.91	78.527
545.12	79.022
545.32	79.533
545.52	80.019
545.73	80.538
545.93	81.052
546.13	81.543
546.34	82.032
546.54	82.520
546.74	82.993
546.95	83.481
547.15	83.950
547.35	84.390
547.56	84.836
547.76	85.274
547.96	85.675
548.17	86.066
548.37	86.450
548.57	86.774
548.78	87.083
548.98	87.361
549.18	87.603
549.39	87.818
549.59	88.002
549.79	88.180
550.00	88.311
550.20	88.438
550.40	88.513
550.61	88.565
550.81	88.581
551.01	88.566
551.22	88.519
551.42	88.433
551.62	88.318
551.82	88.156
552.03	87.980
552.23	87.772
552.43	87.526
552.64	87.253
552.84	86.955
553.04	86.631
553.25	86.280
553.45	85.899
553.65	85.504
553.85	85.105
554.06	84.678
554.26	84.223
554.46	83.738
554.67	83.259
554.87	82.761
555.07	82.271
555.27	81.761
555.48	81.242
555.68	80.737
555.88	80.220
556.09	79.709
556.29	79.177
556.49	78.669
556.69	78.149
556.90	77.646
557.10	77.173
557.30	76.720
557.50	76.257
557.71	75.838
557.91	75.432
558.11	75.025
558.31	74.652
558.52	74.307
558.72	73.991
558.92	73.700
559.13	73.439
559.33	73.197
559.53	72.981
559.73	72.811
559.94	72.657
560.14	72.535
560.34	72.440
560.54	72.384
560.75	72.367
560.95	72.379
561.15	72.431
561.35	72.501
561.55	72.593
561.76	72.731
561.96	72.881
562.16	73.075
562.36	73.311
562.57	73.558
562.77	73.837
562.97	74.141
563.17	74.459
563.38	74.795
563.58	75.164
563.78	75.553
563.98	75.950
564.18	76.361
564.39	76.799
564.59	77.242
564.79	77.708
564.99	78.167
565.20	78.630
565.40	79.083
565.60	79.541
565.80	80.023
566.00	80.484
566.21	80.949
566.41	81.389
566.61	81.832
566.81	82.276
567.01	82.700
567.22	83.123
567.42	83.531
567.62	83.911
567.82	84.276
568.02	84.626
568.23	84.957
568.43	85.267
568.63	85.564
568.83	85.824
569.03	86.050
569.24	86.261
569.44	86.459
569.64	86.634
569.84	86.791
570.04	86.894
570.24	86.987
570.45	87.057
570.65	87.103
570.85	87.112
571.05	87.080
571.25	87.023
571.45	86.930
571.66	86.833
571.86	86.713
572.06	86.549
572.26	86.368
572.46	86.166
572.66	85.948
572.87	85.687
573.07	85.421
573.27	85.128
573.47	84.820
573.67	84.481
573.87	84.118
574.08	83.732
574.28	83.351
574.48	82.949
574.68	82.520
574.88	82.089
575.08	81.630
575.28	81.177
575.49	80.722
575.69	80.263
575.89	79.775
576.09	79.310
576.29	78.828
576.49	78.345
576.69	77.863
576.90	77.387
577.10	76.923
577.30	76.461
577.50	76.016
577.70	75.568
577.90	75.137
578.10	74.737
578.30	74.343
578.51	73.964
578.71	73.610
578.91	73.273
579.11	72.946
579.31	72.650
579.51	72.371
579.71	72.122
579.91	71.883
580.12	71.686
580.32	71.508
580.52	71.372
580.72	71.246
580.92	71.146
581.12	71.061
581.32	71.016
581.52	71.016
581.72	71.023
581.92	71.062
582.13	71.139
582.33	71.219
582.53	71.338
582.73	71.473
582.93	71.641
583.13	71.836
583.33	72.065
583.53	72.307
583.73	72.580
583.93	72.872
584.13	73.193
584.34	73.539
584.54	73.872
584.74	74.214
584.94	74.600
585.14	74.993
585.34	75.401
585.54	75.787
585.74	76.189
585.94	76.614
586.14	77.056
586.34	77.481
586.54	77.929
586.74	78.377
586.94	78.833
587.15	79.290
587.35	79.735
587.55	80.169
587.75	80.608
587.95	81.022
588.15	81.427
588.35	81.819
588.55	82.209
588.75	82.598
588.95	82.978
589.15	83.331
589.35	83.674
589.55	83.996
589.75	84.338
589.95	84.636
590.15	84.911
590.35	85.159
590.55	85.400
590.75	85.612
590.95	85.799
591.15	85.964
591.35	86.094
591.56	86.205
591.76	86.295
591.96	86.360
592.16	86.413
592.36	86.439
592.56	86.449
592.76	86.421
592.96	86.384
593.16	86.302
593.36	86.205
593.56	86.096
593.76	85.973
593.96	85.798
594.16	85.625
594.36	85.430
594.56	85.213
594.76	84.973
594.96	84.723
595.16	84.434
595.36	84.138
595.56	83.816
595.76	83.470
595.96	83.105
596.16	82.745
596.36	82.364
596.56	81.983
596.76	81.567
596.96	81.151
597.16	80.730
597.36	80.315
597.56	79.884
597.76	79.437
597.96	78.986
598.16	78.543
598.36	78.095
598.56	77.641
598.76	77.196
598.96	76.762
599.16	76.327
599.36	75.923
599.56	75.517
599.76	75.114
599.96	74.731
600.15	74.357
600.35	73.999
600.55	73.653
600.75	73.303
600.95	72.991
601.15	72.678
601.35	72.377
601.55	72.099
601.75	71.853
601.95	71.620
602.15	71.419
602.35	71.216
602.55	71.047
602.75	70.906
602.95	70.773
603.15	70.652
603.35	70.568
603.55	70.498
603.75	70.442
603.95	70.422
604.15	70.424
604.35	70.460
604.54	70.507
604.74	70.596
604.94	70.701
605.14	70.813
605.34	70.959
605.54	71.136
605.74	71.339
605.94	71.548
606.14	71.786
606.34	72.033
606.54	72.311
606.74	72.607
606.94	72.914
607.14	73.246
607.33	73.605
607.53	73.961
607.73	74.323
607.93	74.693
608.13	75.077
608.33	75.473
608.53	75.858
608.73	76.267
608.93	76.656
609.13	77.062
609.33	77.481
609.52	77.899
609.72	78.312
609.92	78.711
610.12	79.120
610.32	79.521
610.52	79.933
610.72	80.326
610.92	80.714
611.12	81.095
611.31	81.472
611.51	81.833
611.71	82.185
611.91	82.542
612.11	82.898
612.31	83.239
612.51	83.552
612.71	83.869
612.91	84.151
613.10	84.435
613.30	84.725
613.50	84.981
613.70	85.215
613.90	85.419
614.10	85.610
614.30	85.767
614.50	85.918
614.69	86.027
614.89	86.133
615.09	86.216
615.29	86.286
615.49	86.329
615.69	86.350
615.89	86.358
616.08	86.343
616.28	86.301
616.48	86.237
616.68	86.153
616.88	86.048
617.08	85.922
617.27	85.788
617.47	85.618
617.67	85.430
617.87	85.224
618.07	85.017
618.27	84.789
618.47	84.561
618.66	84.305
618.86	84.043
619.06	83.754
619.26	83.460
619.46	83.151
619.66	82.815
619.85	82.471
620.05	82.114
620.25	81.735
620.45	81.360
620.65	80.971
620.84	80.602
621.04	80.213
621.24	79.842
621.44	79.437
621.64	79.015
621.84	78.614
622.03	78.206
622.23	77.802
622.43	77.401
622.63	77.001
622.83	76.599
623.02	76.205
623.22	75.826
623.42	75.428
623.62	75.047
623.82	74.690
624.01	74.329
624.21	73.977
624.41	73.648
624.61	73.330
624.81	73.031
625.00	72.722
625.20	72.434
625.40	72.151
625.60	71.895
625.79	71.665
625.99	71.455
626.19	71.252
626.39	71.070
626.59	70.900
626.78	70.763
626.98	70.642
627.18	70.530
627.38	70.445
627.57	70.405
627.77	70.363
627.97	70.340
628.17	70.353
628.37	70.377
628.56	70.436
628.76	70.498
628.96	70.579
629.16	70.680
629.35	70.826
629.55	70.978
629.75	71.153
629.95	71.344
630.14	71.543
630.34	71.771
630.54	72.008
630.74	72.259
630.93	72.524
631.13	72.798
631.33	73.085
631.53	73.366
631.72	73.659
631.92	73.981
632.12	74.321
632.31	74.656
632.51	75.024
632.71	75.384
632.91	75.747
633.10	76.121
633.30	76.517
633.50	76.881
633.70	77.276
633.89	77.658
634.09	78.055
634.29	78.447
634.48	78.835
634.68	79.236
634.88	79.636
635.08	80.032
635.27	80.439
635.47	80.838
635.67	81.245
635.86	81.645
636.06	82.027
636.26	82.383
636.46	82.743
636.65	83.084
636.85	83.434
637.05	83.771
637.24	84.081
637.44	84.385
637.64	84.684
637.83	84.973
638.03	85.259
638.23	85.501
638.43	85.745
638.62	85.964
638.82	86.154
639.02	86.340
639.21	86.502
639.41	86.635
639.61	86.775
639.80	86.893
640.00	86.991
640.20	87.096
640.39	87.191
640.59	87.257
640.79	87.313
640.98	87.332
641.18	87.344
641.38	87.350
641.57	87.319
641.77	87.273
641.97	87.196
642.16	87.106
642.36	87.013
642.56	86.898
642.75	86.787
642.95	86.643
643.15	86.488
643.34	86.333
643.54	86.160
643.74	85.950
643.93	85.735
644.13	85.484
644.33	85.211
644.52	84.936
644.72	84.663
644.91	84.364
645.11	84.048
645.31	83.732
645.50	83.415
645.70	83.097
645.90	82.773
646.09	82.428
646.29	82.073
646.48	81.712
646.68	81.337
646.88	80.959
647.07	80.587
647.27	80.206
647.47	79.816
647.66	79.437
647.86	79.050
648.05	78.673
648.25	78.307
648.45	77.934
648.64	77.553
648.84	77.187
649.04	76.812
649.23	76.446
649.43	76.092
649.62	75.732
649.82	75.371
650.02	75.024
650.21	74.695
650.41	74.392
650.60	74.093
650.80	73.825
651.00	73.539
651.19	73.280
651.39	73.029
651.58	72.787
651.78	72.565
651.97	72.377
652.17	72.185
652.37	72.002
652.56	71.857
652.76	71.721
652.95	71.595
653.15	71.513
653.35	71.433
653.54	71.362
653.74	71.301
653.93	71.269
654.13	71.252
654.32	71.240
654.52	71.225
654.72	71.249
654.91	71.282
655.11	71.344
655.30	71.426
655.50	71.526
655.69	71.642
655.89	71.759
656.08	71.883
656.28	72.037
656.48	72.211
656.67	72.389
656.87	72.585
657.06	72.780
657.26	72.985
657.45	73.218
657.65	73.469
657.84	73.741
658.04	74.008
658.23	74.301
658.43	74.610
658.62	74.936
658.82	75.257
659.02	75.586
659.21	75.937
659.41	76.275
659.60	76.623
659.80	76.978
659.99	77.363
660.19	77.742
660.38	78.125
660.58	78.496
660.77	78.884
660.97	79.256
661.16	79.638
661.36	80.009
661.55	80.395
661.75	80.774
661.94	81.141
662.14	81.525
662.33	81.904
662.53	82.274
662.72	82.642
662.92	82.995
663.11	83.333
663.31	83.679
663.50	84.026
663.70	84.372
663.89	84.712
664.09	85.021
664.28	85.338
664.48	85.634
664.67	85.944
664.87	86.213
665.06	86.494
665.26	86.754
665.45	87.007
665.65	87.240
665.84	87.475
666.04	87.692
666.23	87.872
666.43	88.029
666.62	88.178
666.82	88.313
667.01	88.443
667.21	88.565
667.40	88.655
667.59	88.745
667.79	88.801
667.98	88.826
668.18	88.845
668.37	88.843
668.57	88.854
668.76	88.834
668.96	88.792
669.15	88.738
669.35	88.697
669.54	88.618
669.73	88.535
669.93	88.432
670.12	88.323
670.32	88.222
670.51	88.094
670.71	87.955
670.90	87.810
671.10	87.653
671.29	87.470
671.48	87.270
671.68	87.057
671.87	86.841
672.07	86.610
672.26	86.405
672.46	86.163
672.65	85.901
672.84	85.629
673.04	85.365
673.23	85.087
673.43	84.785
673.62	84.500
673.82	84.198
674.01	83.862
674.20	83.536
674.40	83.193
674.59	82.858
674.79	82.529
674.98	82.183
675.17	81.832
675.37	81.494
675.56	81.154
675.76	80.806
675.95	80.440
676.14	80.099
676.34	79.721
676.53	79.370
676.73	79.008
676.92	78.648
677.11	78.294
677.31	77.936
677.50	77.599
677.70	77.252
677.89	76.904
678.08	76.593
678.28	76.277
678.47	75.978
678.66	75.687
678.86	75.403
679.05	75.123
679.25	74.859
679.44	74.607
679.63	74.378
679.83	74.147
680.02	73.943
680.21	73.743
680.41	73.556
680.60	73.364
680.79	73.197
680.99	73.042
681.18	72.886
681.38	72.760
681.57	72.652
681.76	72.563
681.96	72.488
682.15	72.418
682.34	72.347
682.54	72.293
682.73	72.264
682.92	72.234
683.12	72.238
683.31	72.257
683.50	72.283
683.70	72.321
683.89	72.361
684.08	72.431
684.28	72.513
684.47	72.608
684.66	72.730
684.86	72.859
685.05	73.009
685.24	73.178
685.44	73.345
685.63	73.522
685.82	73.718
686.02	73.915
686.21	74.153
686.40	74.395
686.60	74.659
686.79	74.927
686.98	75.202
687.18	75.487
687.37	75.769
687.56	76.055
687.75	76.356
687.95	76.671
688.14	76.980
688.33	77.308
688.53	77.638
688.72	77.988
688.91	78.335
689.11	78.676
689.30	79.051
689.49	79.431
689.68	79.798
689.88	80.157
690.07	80.524
690.26	80.870
690.46	81.236
690.65	81.581
690.84	81.932
691.03	82.297
691.23	82.648
691.42	83.005
691.61	83.365
691.80	83.702
692.00	84.044
692.19	84.371
692.38	84.696
692.58	85.027
692.77	85.337
692.96	85.636
693.15	85.943
693.35	86.224
693.54	86.520
693.73	86.818
693.92	87.087
694.12	87.366
694.31	87.621
694.50	87.889
694.69	88.123
694.89	88.351
695.08	88.556
695.27	88.780
695.46	88.974
695.66	89.169
695.85	89.366
696.04	89.553
696.23	89.744
696.43	89.910
696.62	90.042
696.81	90.170
697.00	90.302
697.19	90.416
697.39	90.502
697.58	90.574
697.77	90.621
697.96	90.689
698.16	90.724
698.35	90.780
698.54	90.785
698.73	90.820
698.92	90.805
699.12	90.792
699.31	90.753
699.50	90.711
699.69	90.661
699.89	90.588
700.08	90.508
700.27	90.406
700.46	90.305
700.65	90.192
700.85	90.089
701.04	89.952
701.23	89.796
701.42	89.642
701.61	89.472
701.81	89.290
702.00	89.090
702.19	88.890
702.38	88.656
702.57	88.441
702.76	88.188
702.96	87.956
703.15	87.703
703.34	87.436
703.53	87.162
703.72	86.859
703.92	86.551
704.11	86.244
704.30	85.922
704.49	85.603
704.68	85.291
704.87	84.936
705.07	84.602
705.26	84.274
705.45	83.965
705.64	83.624
705.83	83.313
706.02	82.983
706.21	82.663
706.41	82.334
706.60	81.987
706.79	81.665
706.98	81.345
707.17	81.010
707.36	80.686
707.56	80.382
707.75	80.076
707.94	79.780
708.13	79.482
708.32	79.205
708.51	78.912
708.70	78.644
708.89	78.374
709.09	78.104
709.28	77.848
709.47	77.554
709.66	77.280
709.85	77.016
710.04	76.756
710.23	76.487
710.42	76.262
710.62	76.035
710.81	75.786
711.00	75.555
711.19	75.353
711.38	75.152
711.57	74.942
711.76	74.751
711.95	74.589
712.15	74.437
712.34	74.286
712.53	74.147
712.72	74.013
712.91	73.918
713.10	73.821
713.29	73.733
713.48	73.660
713.67	73.624
713.86	73.595
714.05	73.569
714.25	73.557
714.44	73.533
714.63	73.535
714.82	73.579
715.01	73.620
715.20	73.691
715.39	73.747
715.58	73.830
715.77	73.933
715.96	74.036
716.15	74.138
716.34	74.236
716.54	74.359
716.73	74.495
716.92	74.624
717.11	74.777
717.30	74.946
717.49	75.128
717.68	75.322
717.87	75.485
718.06	75.702
718.25	75.932
718.44	76.173
718.63	76.427
718.82	76.667
719.01	76.916
719.20	77.168
719.39	77.445
719.58	77.719
719.77	77.987
719.96	78.246
720.16	78.523
720.35	78.827
720.54	79.122
720.73	79.425
720.92	79.732
721.11	80.061
721.30	80.375
721.49	80.695
721.68	81.018
721.87	81.372
722.06	81.700
722.25	82.023
722.44	82.350
722.63	82.664
722.82	82.982
723.01	83.290
723.20	83.589
723.39	83.903
723.58	84.241
723.77	84.577
723.96	84.916
724.15	85.264
724.34	85.591
724.53	85.918
724.72	86.214
724.91	86.540
725.10	86.857
725.29	87.153
725.48	87.476
725.67	87.748
725.86	88.006
726.05	88.276
726.24	88.533
726.43	88.782
726.62	89.033
726.81	89.309
727.00	89.560
727.19	89.824
727.38	90.067
727.57	90.281
727.76	90.486
727.95	90.686
728.14	90.855
728.33	91.028
728.52	91.192
728.71	91.353
728.90	91.498
729.09	91.615
729.28	91.720
729.47	91.811
729.65	91.915
729.84	92.023
730.03	92.115
730.22	92.202
730.41	92.285
730.60	92.357
730.79	92.376
730.98	92.419
731.17	92.455
731.36	92.459
731.55	92.442
731.74	92.426
731.93	92.399
732.12	92.369
732.31	92.344
732.50	92.323
732.69	92.302
732.88	92.234
733.06	92.155
733.25	92.088
733.44	92.018
733.63	91.910
733.82	91.797
734.01	91.655
734.20	91.514
734.39	91.349
734.58	91.195
734.77	91.054
734.96	90.874
735.15	90.673
735.33	90.472
735.52	90.287
735.71	90.084
735.90	89.863
736.09	89.629
736.28	89.367
736.47	89.101
736.66	88.824
736.85	88.555
737.04	88.264
737.23	87.984
737.41	87.676
737.60	87.415
737.79	87.107
737.98	86.821
738.17	86.527
738.36	86.257
738.55	85.969
738.74	85.684
738.92	85.391
739.11	85.107
739.30	84.802
739.49	84.488
739.68	84.191
739.87	83.921
740.06	83.648
740.25	83.355
740.43	83.077
740.62	82.784
740.81	82.483
741.00	82.215
741.19	81.918
741.38	81.621
741.57	81.316
741.75	81.042
741.94	80.747
742.13	80.455
742.32	80.144
742.51	79.853
742.70	79.568
742.89	79.304
743.07	79.027
743.26	78.766
743.45	78.483
743.64	78.232
743.83	77.955
744.02	77.662
744.20	77.418
744.39	77.169
744.58	76.940
744.77	76.730
744.96	76.537
745.15	76.369
745.33	76.210
745.52	76.048
745.71	75.890
745.90	75.747
746.09	75.626
746.28	75.510
746.46	75.374
746.65	75.238
746.84	75.126
747.03	75.016
747.22	74.929
747.40	74.872
747.59	74.798
747.78	74.740
747.97	74.731
748.16	74.709
748.34	74.666
748.53	74.656
748.72	74.654
748.91	74.633
749.10	74.623
749.28	74.638
749.47	74.670
749.66	74.696
749.85	74.716
750.04	74.749
750.22	74.790
750.41	74.863
750.60	74.948
750.79	75.008
750.97	75.092
751.16	75.199
751.35	75.296
751.54	75.393
751.73	75.525
751.91	75.641
752.10	75.802
752.29	75.948
752.48	76.115
752.66	76.285
752.85	76.463
753.04	76.648
753.23	76.852
753.41	77.034
753.60	77.256
753.79	77.491
753.98	77.709
754.16	77.938
754.35	78.164
754.54	78.398
754.73	78.665
754.91	78.931
755.10	79.186
755.29	79.469
755.48	79.738
755.66	80.008
755.85	80.290
756.04	80.541
756.22	80.839
756.41	81.106
756.60	81.379
756.79	81.681
756.97	81.980
757.16	82.236
757.35	82.533
757.54	82.824
757.72	83.111
757.91	83.412
758.10	83.713
758.28	84.005
758.47	84.292
758.66	84.607
758.85	84.902
759.03	85.204
759.22	85.497
759.41	85.799
759.59	86.099
759.78	86.391
759.97	86.668
760.15	86.934
760.34	87.241
760.53	87.516
760.71	87.766
760.90	88.049
761.09	88.320
761.28	88.588
761.46	88.843
761.65	89.101
761.84	89.362
762.02	89.618
762.21	89.894
762.40	90.125
762.58	90.328
762.77	90.538
762.96	90.754
763.14	90.982
763.33	91.184
763.52	91.352
763.70	91.507
763.89	91.688
764.08	91.870
764.26	91.996
764.45	92.155
764.64	92.324
764.82	92.440
765.01	92.564
765.20	92.658
765.38	92.763
765.57	92.838
765.75	92.912
765.94	92.962
766.13	93.020
766.31	93.098
766.50	93.147
766.69	93.226
766.87	93.293
767.06	93.326
767.25	93.370
767.43	93.430
767.62	93.492
767.80	93.524
767.99	93.528
768.18	93.526
768.36	93.511
768.55	93.487
768.74	93.456
768.92	93.427
769.11	93.418
769.29	93.371
769.48	93.348
769.67	93.280
769.85	93.229
770.04	93.105
770.22	92.996
770.41	92.866
770.60	92.713
770.78	92.538
770.97	92.378
771.15	92.222
771.34	92.028
771.53	91.859
771.71	91.680
771.90	91.516
772.08	91.394
772.27	91.224
772.46	91.017
772.64	90.818
772.83	90.611
773.01	90.355
773.20	90.118
773.39	89.885
773.57	89.643
773.76	89.401
773.94	89.211
774.13	88.967
774.31	88.711
774.50	88.487
774.68	88.230
774.87	87.974
775.06	87.668
775.24	87.399
775.43	87.098
775.61	86.800
775.80	86.513
775.98	86.189
776.17	85.874
776.36	85.579
776.54	85.284
776.73	84.976
776.91	84.696
777.10	84.411
777.28	84.091
777.47	83.806
777.65	83.505
777.84	83.189
778.02	82.908
778.21	82.631
778.39	82.326
778.58	82.047
778.77	81.774
778.95	81.530
779.14	81.282
779.32	81.038
779.51	80.799
779.69	80.534
779.88	80.293
780.06	80.055
780.25	79.808
780.43	79.558
780.62	79.342
780.80	79.108
780.99	78.874
781.17	78.643
781.36	78.405
781.54	78.187
781.73	77.939
781.91	77.724
782.10	77.528
782.28	77.320
782.47	77.122
782.65	76.902
782.84	76.698
783.02	76.511
783.21	76.340
783.39	76.169
783.58	76.005
783.76	75.825
783.95	75.676
784.13	75.565
784.32	75.449
784.50	75.318
784.69	75.229
784.87	75.138
785.05	75.069
785.24	75.005
785.42	74.948
785.61	74.902
785.79	74.857
785.98	74.821
786.16	74.775
786.35	74.760
786.53	74.753
786.72	74.734
786.90	74.725
787.09	74.700
787.27	74.706
787.45	74.737
787.64	74.761
787.82	74.776
788.01	74.792
788.19	74.834
788.38	74.880
788.56	74.870
788.75	74.924
788.93	74.994
789.11	75.040
789.30	75.081
789.48	75.156
789.67	75.234
789.85	75.307
790.04	75.431
790.22	75.535
790.40	75.653
790.59	75.767
790.77	75.886
790.96	76.044
791.14	76.192
791.32	76.326
791.51	76.483
791.69	76.654
791.88	76.832
792.06	77.004
792.25	77.175
792.43	77.403
792.61	77.593
792.80	77.758
792.98	77.981
793.17	78.189
793.35	78.368
793.53	78.572
793.72	78.808
793.90	79.025
794.08	79.238
794.27	79.458
794.45	79.707
794.64	79.936
794.82	80.167
795.00	80.363
795.19	80.600
795.37	80.828
795.55	81.015
795.74	81.251
795.92	81.497
796.11	81.757
796.29	82.006
796.47	82.245
796.66	82.480
796.84	82.742
797.02	83.014
797.21	83.304
797.39	83.575
797.58	83.830
797.76	84.066
797.94	84.341
798.13	84.610
798.31	84.892
798.49	85.141
798.68	85.383
798.86	85.681
799.04	85.921
799.23	86.184
799.41	86.460
799.59	86.704
799.78	86.905
799.96	87.136
800.14	87.373
800.33	87.616
800.51	87.877
800.69	88.064
800.88	88.291
801.06	88.528
801.24	88.704
801.43	88.899
801.61	89.083
801.79	89.252
801.98	89.418
802.16	89.598
802.34	89.799
802.52	89.982
802.71	90.113
802.89	90.293
803.07	90.447
803.26	90.587
803.44	90.709
803.62	90.857
803.81	90.983
803.99	91.071
804.17	91.149
804.35	91.229
804.54	91.310
804.72	91.407
804.90	91.478
805.09	91.599
805.27	91.703
805.45	91.805
805.63	91.870
805.82	91.943
806.00	91.946
806.18	91.984
806.37	92.035
806.55	92.048
806.73	92.072
806.91	92.087
807.10	92.119
807.28	92.131
807.46	92.143
807.64	92.133
807.83	92.130
808.01	92.134
808.19	92.068
808.37	92.022
808.56	91.948
808.74	91.889
808.92	91.813
809.10	91.702
809.29	91.639
809.47	91.567
809.65	91.435
809.83	91.369
810.02	91.245
810.20	91.133
810.38	91.036
810.56	90.903
810.75	90.807
810.93	90.695
811.11	90.571
811.29	90.443
811.47	90.306
811.66	90.146
811.84	89.997
812.02	89.928
812.20	89.810
812.39	89.685
812.57	89.546
812.75	89.417
812.93	89.308
813.11	89.147
813.30	89.004
813.48	88.893
813.66	88.725
813.84	88.571
814.02	88.392
814.21	88.236
814.39	88.034
814.57	87.832
814.75	87.623
814.93	87.423
815.12	87.205
815.30	86.993
815.48	86.785
815.66	86.552
815.84	86.289
816.03	86.041
816.21	85.755
816.39	85.503
816.57	85.193
816.75	84.883
816.93	84.590
817.12	84.276
817.30	83.957
817.48	83.652
817.66	83.385
817.84	83.118
818.02	82.862
818.21	82.587
818.39	82.330
818.57	82.054
818.75	81.827
818.93	81.570
819.11	81.306
819.30	81.056
819.48	80.827
819.66	80.607
819.84	80.404
820.02	80.192
820.20	79.958
820.38	79.735
820.57	79.522
820.75	79.333
820.93	79.129
821.11	78.935
821.29	78.754
821.47	78.538
821.65	78.324
821.83	78.099
822.02	77.911
822.20	77.696
822.38	77.535
822.56	77.287
822.74	77.064
822.92	76.822
823.10	76.621
823.28	76.382
823.46	76.154
823.65	75.919
823.83	75.714
824.01	75.511
824.19	75.306
824.37	75.098
824.55	74.865
824.73	74.685
824.91	74.487
825.09	74.296
825.27	74.111
825.46	73.906
825.64	73.708
825.82	73.541
826.00	73.354
826.18	73.181
826.36	73.035
826.54	72.908
826.72	72.834
826.90	72.729
827.08	72.655
827.26	72.578
827.44	72.481
827.63	72.392
827.81	72.320
827.99	72.282
828.17	72.226
828.35	72.185
828.53	72.132
828.71	72.127
828.89	72.100
829.07	72.079
829.25	72.062
829.43	72.083
829.61	72.069
829.79	72.068
829.97	72.071
830.15	72.054
830.33	72.068
830.51	72.052
830.69	72.069
830.87	72.028
831.06	72.044
831.24	72.067
831.42	72.093
831.60	72.101
831.78	72.137
831.96	72.201
832.14	72.273
832.32	72.345
832.50	72.387
832.68	72.431
832.86	72.479
833.04	72.580
833.22	72.632
833.40	72.725
833.58	72.797
833.76	72.871
833.94	72.994
834.12	73.117
834.30	73.248
834.48	73.343
834.66	73.510
834.84	73.609
835.02	73.764
835.20	73.911
835.38	74.076
835.56	74.233
835.74	74.397
835.92	74.564
836.10	74.717
836.28	74.875
836.46	75.064
836.64	75.239
836.82	75.378
837.00	75.546
837.18	75.727
837.36	75.931
837.54	76.110
837.72	76.302
837.90	76.494
838.08	76.689
838.26	76.885
838.43	77.065
838.61	77.279
838.79	77.477
838.97	77.687
839.15	77.889
839.33	78.084
839.51	78.240
839.69	78.421
839.87	78.619
840.05	78.843
840.23	79.033
840.41	79.237
840.59	79.403
840.77	79.612
840.95	79.781
841.13	79.944
841.31	80.122
841.49	80.273
841.67	80.405
841.84	80.579
842.02	80.716
842.20	80.910
842.38	81.047
842.56	81.186
842.74	81.336
842.92	81.442
843.10	81.587
843.28	81.776
843.46	81.911
843.64	82.011
843.82	82.145
843.99	82.271
844.17	82.440
844.35	82.678
844.53	82.845
844.71	83.047
844.89	83.193
845.07	83.385
845.25	83.582
845.43	83.769
845.61	83.929
845.78	84.148
845.96	84.313
846.14	84.508
846.32	84.707
846.50	84.861
846.68	85.093
846.86	85.259
847.04	85.409
847.22	85.518
847.39	85.706
847.57	85.824
847.75	85.952
847.93	86.013
848.11	86.107
848.29	86.247
848.47	86.315
848.65	86.448
848.82	86.499
849.00	86.571
849.18	86.626
849.36	86.664
849.54	86.724
849.72	86.719
849.89	86.779
850.07	86.838
850.25	86.848
850.43	86.815
850.61	86.809
850.79	86.770
850.97	86.838
851.14	86.853
851.32	86.846
851.50	86.860
851.68	86.920
851.86	86.974
852.04	86.955
852.21	86.983
852.39	86.996
852.57	87.064
852.75	87.073
852.93	87.079
853.10	87.069
853.28	87.028
853.46	87.030
853.64	86.953
853.82	86.865
854.00	86.888
854.17	86.838
854.35	86.766
854.53	86.735
854.71	86.647
854.89	86.536
855.06	86.504
855.24	86.447
855.42	86.356
855.60	86.211
855.78	86.105
855.95	85.982
856.13	85.876
856.31	85.681
856.49	85.536
856.66	85.425
856.84	85.259
857.02	85.184
857.20	85.097
857.38	84.944
857.55	84.814
857.73	84.583
857.91	84.477
858.09	84.313
858.26	84.160
858.44	84.025
858.62	83.884
858.80	83.702
858.97	83.530
859.15	83.349
859.33	83.140
859.51	82.982
859.68	82.800
859.86	82.603
860.04	82.433
860.22	82.226
860.39	82.020
860.57	81.815
860.75	81.542
860.93	81.310
861.10	81.172
861.28	80.991
861.46	80.781
861.64	80.577
861.81	80.429
861.99	80.220
862.17	79.995
862.35	79.798
862.52	79.634
862.70	79.427
862.88	79.260
863.05	79.051
863.23	78.829
863.41	78.636
863.59	78.420
863.76	78.257
863.94	78.060
864.12	77.868
864.29	77.703
864.47	77.485
864.65	77.291
864.83	77.024
865.00	76.784
865.18	76.619
865.36	76.429
865.53	76.211
865.71	76.059
865.89	75.855
866.06	75.642
866.24	75.390
866.42	75.183
866.59	74.943
866.77	74.776
866.95	74.569
867.12	74.322
867.30	74.149
867.48	73.906
867.65	73.707
867.83	73.493
868.01	73.307
868.18	73.106
868.36	72.904
868.54	72.749
868.71	72.592
868.89	72.426
869.07	72.231
869.24	72.063
869.42	71.856
869.60	71.690
869.77	71.572
869.95	71.417
870.13	71.259
870.30	71.141
870.48	70.950
870.66	70.796
870.83	70.682
871.01	70.481
871.18	70.354
871.36	70.220
871.54	70.068
871.71	69.938
871.89	69.842
872.07	69.668
872.24	69.535
872.42	69.433
872.59	69.315
872.77	69.175
872.95	69.070
873.12	68.921
873.30	68.792
873.48	68.674
873.65	68.567
873.83	68.466
874.00	68.331
874.18	68.246
874.36	68.179
874.53	68.090
874.71	68.019
874.88	67.948
875.06	67.907
875.24	67.897
875.41	67.844
875.59	67.808
875.76	67.825
875.94	67.773
876.11	67.656
876.29	67.562
876.47	67.536
876.64	67.475
876.82	67.439
876.99	67.403
877.17	67.359
877.35	67.336
877.52	67.294
877.70	67.264
877.87	67.254
878.05	67.243
878.22	67.254
878.40	67.284
878.57	67.268
878.75	67.229
878.93	67.180
879.10	67.178
879.28	67.181
879.45	67.188
879.63	67.180
879.80	67.196
879.98	67.249
880.15	67.278
880.33	67.332
880.50	67.375
880.68	67.483
880.86	67.539
881.03	67.627
881.21	67.720
881.38	67.800
881.56	67.973
881.73	68.038
881.91	68.096
882.08	68.168
882.26	68.305
882.43	68.439
882.61	68.618
882.78	68.736
882.96	68.876
883.13	69.004
883.31	69.157
883.48	69.352
883.66	69.503
883.83	69.658
884.01	69.768
884.18	69.986
884.36	70.144
884.53	70.280
884.71	70.416
884.88	70.517
885.06	70.677
885.23	70.739
885.41	70.876
885.58	70.995
885.76	71.158
885.93	71.241
886.11	71.410
886.28	71.515
886.46	71.642
886.63	71.772
886.81	71.876
886.98	72.051
887.15	72.147
887.33	72.315
887.50	72.504
887.68	72.671
887.85	72.770
888.03	72.902
888.20	73.062
888.38	73.213
888.55	73.392
888.73	73.483
888.90	73.620
889.08	73.770
889.25	73.900
889.42	74.044
889.60	74.238
889.77	74.315
889.95	74.454
890.12	74.546
890.30	74.634
890.47	74.732
890.64	74.852
890.82	75.002
890.99	75.122
891.17	75.223
891.34	75.341
891.52	75.460
891.69	75.580
891.86	75.701
892.04	75.816
892.21	75.976
892.39	76.211
892.56	76.388
892.73	76.475
892.91	76.634
893.08	76.839
893.26	76.923
893.43	77.097
893.60	77.202
893.78	77.370
893.95	77.548
894.13	77.793
894.30	77.969
894.47	78.185
894.65	78.312
894.82	78.472
895.00	78.604
895.17	78.777
895.34	78.953
895.52	79.134
895.69	79.261
895.86	79.395
896.04	79.439
896.21	79.588
896.39	79.788
896.56	79.955
896.73	79.962
896.91	80.037
897.08	80.130
897.25	80.311
897.43	80.382
897.60	80.465
897.77	80.481
897.95	80.467
898.12	80.456
898.30	80.571
898.47	80.590
898.64	80.650
898.82	80.664
898.99	80.655
899.16	80.649
899.34	80.642
899.51	80.560
899.68	80.544
899.86	80.488
900.03	80.424
900.20	80.372
900.38	80.400
900.55	80.482
900.72	80.428
900.90	80.353
901.07	80.457
901.24	80.442
901.41	80.453
901.59	80.475
901.76	80.475
901.93	80.423
902.11	80.365
902.28	80.366
902.45	80.468
902.63	80.501
902.80	80.477
902.97	80.493
903.15	80.597
903.32	80.673
903.49	80.683
903.66	80.723
903.84	80.748
904.01	80.727
904.18	80.699
904.36	80.733
904.53	80.703
904.70	80.631
904.87	80.614
905.05	80.526
905.22	80.548
905.39	80.507
905.56	80.429
905.74	80.390
905.91	80.304
906.08	80.181
906.26	80.085
906.43	79.985
906.60	79.891
906.77	79.735
906.95	79.623
907.12	79.495
907.29	79.333
907.46	79.301
907.64	79.208
907.81	79.099
907.98	78.914
908.15	78.807
908.33	78.686
908.50	78.564
908.67	78.486
908.84	78.359
909.01	78.223
909.19	78.158
909.36	78.048
909.53	77.919
909.70	77.699
909.88	77.586
910.05	77.428
910.22	77.346
910.39	77.222
910.57	77.119
910.74	77.037
910.91	76.999
911.08	76.790
911.25	76.637
911.43	76.506
911.60	76.395
911.77	76.259
911.94	76.037
912.11	75.871
912.29	75.652
912.46	75.402
912.63	75.194
912.80	74.958
912.97	74.765
913.15	74.614
913.32	74.482
913.49	74.277
913.66	74.202
913.83	73.971
914.00	73.769
914.18	73.558
914.35	73.355
914.52	73.074
914.69	72.850
914.86	72.658
915.03	72.446
915.21	72.293
915.38	72.080
915.55	71.978
915.72	71.808
915.89	71.689
916.06	71.610
916.24	71.522
916.41	71.371
916.58	71.252
916.75	71.047
916.92	70.858
917.09	70.659
917.26	70.375
917.44	70.171
917.61	70.031
917.78	69.815
917.95	69.664
918.12	69.484
918.29	69.399
918.46	69.205
918.64	69.049
918.81	68.906
918.98	68.765
919.15	68.581
919.32	68.428
919.49	68.202
919.66	67.989
919.83	67.797
920.00	67.613
920.18	67.447
920.35	67.396
920.52	67.288
920.69	67.233
920.86	67.221
921.03	67.118
921.20	66.967
921.37	66.862
921.54	66.601
921.71	66.488
921.89	66.303
922.06	66.226
922.23	66.093
922.40	65.971
922.57	65.767
922.74	65.667
922.91	65.584
923.08	65.508
923.25	65.411
923.42	65.299
923.59	65.259
923.76	65.061
923.93	64.858
924.11	64.685
924.28	64.536
924.45	64.395
924.62	64.369
924.79	64.270
924.96	64.112
925.13	64.068
925.30	63.965
925.47	63.820
925.64	63.717
925.81	63.664
925.98	63.585
926.15	63.561
926.32	63.399
926.49	63.278
926.66	63.184
926.83	63.067
927.00	63.031
927.17	62.902
927.34	62.943
927.51	62.883
927.69	62.927
927.86	62.883
928.03	62.764
928.20	62.713
928.37	62.621
928.54	62.641
928.71	62.610
928.88	62.615
929.05	62.639
929.22	62.644
929.39	62.594
929.56	62.521
929.73	62.473
929.90	62.525
930.07	62.511
930.24	62.469
930.41	62.489
930.58	62.538
930.75	62.603
930.92	62.548
931.09	62.551
931.26	62.519
931.43	62.482
931.60	62.491
931.77	62.424
931.94	62.485
932.11	62.512
932.27	62.534
932.44	62.558
932.61	62.563
932.78	62.500
932.95	62.582
933.12	62.544
933.29	62.586
933.46	62.580
933.63	62.516
933.80	62.553
933.97	62.555
934.14	62.530
934.31	62.478
934.48	62.533
934.65	62.568
934.82	62.624
934.99	62.686
935.16	62.738
935.33	62.825
935.50	62.945
935.67	63.035
935.84	63.083
936.00	63.090
936.17	63.171
936.34	63.300
936.51	63.290
936.68	63.349
936.85	63.381
937.02	63.502
937.19	63.596
937.36	63.732
937.53	63.745
937.70	63.826
937.87	63.903
938.03	63.913
938.20	63.970
938.37	64.024
938.54	64.086
938.71	64.161
938.88	64.276
939.05	64.219
939.22	64.160
939.39	64.244
939.56	64.429
939.72	64.486
939.89	64.535
940.06	64.586
940.23	64.685
940.40	64.772
940.57	64.910
940.74	65.053
940.91	65.105
941.08	65.302
941.24	65.402
941.41	65.576
941.58	65.805
941.75	65.958
941.92	66.131
942.09	66.243
942.26	66.335
942.42	66.378
942.59	66.599
942.76	66.964
942.93	67.119
943.10	67.155
943.27	67.339
943.44	67.478
943.60	67.689
943.77	67.675
943.94	67.910
944.11	67.938
944.28	68.012
944.45	68.156
944.61	68.230
944.78	68.238
944.95	68.303
945.12	68.511
945.29	68.612
945.46	68.576
945.62	68.624
945.79	68.826
945.96	69.136
946.13	69.300
946.30	69.295
946.46	69.466
946.63	69.557
946.80	69.687
946.97	69.870
947.14	69.946
947.31	70.462
947.47	70.673
947.64	70.867
947.81	71.042
947.98	71.219
948.15	71.346
948.31	71.614
948.48	71.742
948.65	71.717
948.82	71.870
948.98	72.039
949.15	72.341
949.32	72.386
949.49	72.353
949.66	72.391
949.82	72.460
949.99	72.577
950.16	72.704
950.33	72.658
950.49	72.733
950.66	72.679
950.83	72.550
951.00	72.396
951.16	72.174
951.33	72.220
951.50	72.138
951.67	72.192
951.83	72.178
952.00	72.185
952.17	72.138
952.34	72.147
952.50	72.300
952.67	72.276
952.84	72.344
953.01	72.287
953.17	72.345
953.34	72.462
953.51	72.377
953.68	72.266
953.84	72.242
954.01	72.172
954.18	72.166
954.34	72.213
954.51	72.296
954.68	72.441
954.85	72.466
955.01	72.625
955.18	72.866
955.35	72.669
955.51	72.662
955.68	72.763
955.85	72.938
956.02	72.791
956.18	72.803
956.35	72.765
956.52	72.826
956.68	72.826
956.85	72.685
957.02	72.753
957.18	72.822
957.35	72.814
957.52	72.896
957.69	72.973
957.85	72.995
958.02	72.877
958.19	72.828
958.35	72.789
958.52	72.545
958.69	72.187
958.85	72.371
959.02	72.472
959.19	72.215
959.35	72.074
959.52	72.139
959.69	72.146
959.85	72.152
960.02	72.182
960.19	72.055
960.35	71.995
960.52	71.863
960.68	71.840
960.85	71.937
961.02	71.726
961.18	71.720
961.35	71.510
961.52	71.546
961.68	71.531
961.85	71.408
962.02	71.518
962.18	71.562
962.35	71.321
962.51	71.139
962.68	71.212
962.85	71.079
963.01	70.786
963.18	70.673
963.35	70.332
963.51	70.120
963.68	70.133
963.84	69.931
964.01	70.008
964.18	69.867
964.34	69.604
964.51	69.416
964.67	69.196
964.84	69.158
965.01	68.940
965.17	68.699
965.34	68.745
965.50	68.418
965.67	68.421
965.84	68.430
966.00	68.522
966.17	68.625
966.33	68.507
966.50	68.428
966.66	68.368
966.83	68.406
967.00	68.321
967.16	68.104
967.33	67.996
967.49	67.782
967.66	67.964
967.82	67.816
967.99	67.954
968.16	67.951
968.32	67.889
968.49	67.683
968.65	67.890
968.82	67.784
968.98	67.867
969.15	67.548
969.31	67.286
969.48	67.009
969.64	66.657
969.81	66.668
969.98	66.659
970.14	66.274
970.31	66.251
970.47	65.953
970.64	65.719
970.80	65.797
970.97	65.273
971.13	64.943
971.30	64.852
971.46	64.654
971.63	64.448
971.79	64.445
971.96	64.498
972.12	64.162
972.29	63.690
972.45	63.569
972.62	63.516
972.78	63.557
972.95	63.209
973.11	62.956
973.28	62.795
973.44	62.739
973.61	62.999
973.77	62.779
973.94	62.823
974.10	62.999
974.27	62.954
974.43	63.271
974.60	63.234
974.76	63.229
974.93	63.233
975.09	63.100
975.26	62.865
975.42	62.764
975.59	62.544
975.75	62.913
975.92	62.786
976.08	62.315
976.24	62.113
976.41	61.912
976.57	62.023
976.74	61.896
976.90	61.574
977.07	61.064
977.23	61.042
977.40	60.889
977.56	60.228
977.73	59.879
977.89	59.592
978.05	59.162
978.22	58.956
978.38	58.735
978.55	58.481
978.71	58.293
978.88	58.343
979.04	58.413
979.20	58.227
979.37	58.163
979.53	58.206
979.70	58.302
979.86	58.551
980.03	58.371
980.19	58.285
980.35	58.277
980.52	58.170
980.68	58.160
980.85	58.110
981.01	58.252
981.17	58.265
981.34	58.115
981.50	58.040
981.67	58.075
981.83	57.891
981.99	57.876
982.16	57.714
982.32	56.831
982.49	56.734
982.65	56.541
982.81	56.702
982.98	56.699
983.14	56.586
983.30	56.220
983.47	56.141
983.63	55.857
983.80	55.707
983.96	55.489
984.12	55.974
984.29	56.116
984.45	56.353
984.61	56.012
984.78	56.257
984.94	56.673
985.10	57.154
985.27	57.004
985.43	57.413
985.59	57.811
985.76	58.371
985.92	58.617
986.08	58.956
986.25	58.395
986.41	59.001
986.57	58.457
986.74	58.850
986.90	58.777
987.06	58.684
987.23	58.675
987.39	58.416
987.55	57.365
987.72	57.069
987.88	56.302
988.04	56.710
988.21	57.098
988.37	56.789
988.53	56.087
988.70	56.442
988.86	55.946
989.02	55.487
989.19	55.120
989.35	55.021
989.51	54.210
989.67	54.282
989.84	53.668
990.00	53.805
990.16	54.087
990.33	54.316
990.49	54.817
990.65	54.940
990.82	55.442
990.98	55.559
991.14	55.567
991.30	56.443
991.47	55.831
991.63	55.669
991.79	56.461
991.95	56.687
992.12	56.650
992.28	56.902
992.44	57.064
992.61	57.382
992.77	57.402
992.93	58.173
993.09	58.298
993.26	58.464
993.42	59.072
993.58	58.553
993.74	58.235
993.91	57.812
994.07	57.646
994.23	57.790
994.39	57.908
994.55	58.016
994.72	57.632
994.88	57.955
995.04	57.632
995.20	57.236
995.37	56.813
995.53	57.034
995.69	56.699
995.85	56.251
996.02	56.158
996.18	56.563
996.34	55.900
996.50	56.089
996.66	57.040
996.83	56.553
996.99	55.767
997.15	56.551
997.31	56.511
997.47	56.818
997.64	56.843
997.80	57.250
997.96	58.021
998.12	58.193
998.28	59.024
998.45	59.565
998.61	59.487
998.77	59.415
998.93	59.551
999.09	60.864
999.25	61.163
999.42	62.537
999.58	62.204
999.74	62.230
999.90	61.980
1000.06	61.206
1000.22	61.585
1000.39	62.384
1000.55	61.985
1000.71	62.879
1000.87	62.774
1001.03	62.580
1001.19	62.485
1001.36	61.902
1001.52	61.287
1001.68	60.883
1001.84	61.310
1002.00	60.315
1002.16	60.462
1002.32	59.585
1002.49	58.038
1002.65	58.025
1002.81	57.192
1002.97	56.953
1003.13	56.735
1003.29	57.454
1003.45	57.184
1003.62	57.812
1003.78	57.702
1003.94	58.372
1004.10	57.352
1004.26	57.664
1004.42	57.633
1004.58	57.640
1004.74	58.033
1004.90	59.881
1005.07	59.582
1005.23	58.211
1005.39	59.626
1005.55	60.095
1005.71	59.932
1005.87	61.224
1006.03	62.162
1006.19	62.272
1006.35	61.919
1006.51	62.917
1006.67	62.651
1006.84	62.576
1007.00	62.128
1007.16	63.489
1007.32	61.818
1007.48	62.884
1007.64	63.993
1007.80	63.627
1007.96	62.696
1008.12	63.180
1008.28	61.538
1008.44	63.032
1008.60	63.741
1008.76	62.089
1008.92	61.103
1009.09	61.150
1009.25	60.584
1009.41	59.916
1009.57	60.593
1009.73	61.531
1009.89	62.169
1010.05	63.387
1010.21	64.851
1010.37	64.344
1010.53	65.599
1010.69	67.668
1010.85	66.822
1011.01	65.630
1011.17	65.067
1011.33	67.084
1011.49	67.106
1011.65	66.877
1011.81	65.566
1011.97	66.106
1012.13	69.056
1012.29	71.249
1012.45	72.567
1012.61	76.025
1012.77	73.560
1012.93	72.900
1013.09	71.719
1013.25	71.752
1013.41	71.820
1013.57	69.205
1013.73	69.125
1013.89	64.553
1014.05	65.762
1014.21	63.693
1014.37	61.829
1014.53	60.933
1014.69	60.707
1014.85	61.069
1015.01	63.568
1015.17	66.149
1015.33	66.889
1015.49	65.219
1015.65	66.558
1015.81	67.370
1015.97	64.196
1016.13	67.655
1016.29	67.333
1016.45	68.665
1016.61	69.409
1016.77	67.128
1016.93	68.670
1017.09	68.085
1017.25	70.096
1017.41	68.867
1017.56	71.185
1017.72	78.091
1017.88	79.664
1018.04	81.381
1018.20	79.064
1018.36	78.156
1018.52	76.102
1018.68	77.197
1018.84	78.167
1019.00	76.119
1019.16	77.277
1019.32	80.625
1019.48	81.585
1019.64	83.367
1019.79	80.690
1019.95	76.796
1020.11	81.458
1020.27	80.821
1020.43	86.364
1020.59	88.560
1020.75	86.093
1020.91	89.859
1021.07	82.516
1021.23	82.740
1021.39	78.044
1021.54	83.435
1021.70	81.562
1021.86	81.214
1022.02	79.108
1022.18	76.340
1022.34	79.008
1022.50	78.160
1022.66	74.958
1022.82	74.588
1022.97	74.789
1023.13	77.325
1023.29	82.722
1023.45	81.067
1023.61	82.458
1023.77	81.414
1023.93	81.903
1024.08	82.844
1024.24	81.506
1024.40	83.408
1024.56	91.503
1024.72	96.255
1024.88	86.225
1025.04	89.788
1025.19	85.641
1025.35	81.844
1025.51	86.244
1025.67	89.183
1025.83	85.580
1025.99	88.260
1026.14	87.031
1026.30	96.764
1026.46	101.106
1026.62	93.210
1026.78	85.311
1026.94	81.786
1027.09	78.311
1027.25	74.921
1027.41	75.141
1027.57	73.888
1027.73	73.038
1027.89	68.148
1028.04	67.539
1028.20	66.032
1028.36	67.380
1028.52	67.523
1028.68	68.041
1028.83	69.570
1028.99	66.646
1029.15	66.123
1029.31	65.331
1029.47	66.182
1029.62	63.723
1029.78	62.563
1029.94	63.897
1030.10	65.888
1030.25	68.581
1030.41	72.616
1030.57	76.352
1030.73	79.870
1030.89	80.397
1031.04	82.133
1031.20	86.679
1031.36	92.981
1031.52	100.683
1031.67	103.011
1031.83	108.759
1031.99	121.097
1032.15	107.011
1032.30	118.925
1032.46	137.027
1032.62	127.029
1032.78	111.505
1032.93	127.877
1033.09	112.888
1033.25	103.988
1033.41	104.536
1033.56	97.703
1033.72	36.716
1033.88	317.738
1034.04	52.321
1034.19	59.000
1034.35	62.421
1034.51	-20.888
1034.66	60.934
1034.82	2222.500
1034.98	2222.500
1035.14	2222.500
