345.22	47.576
345.43	47.576
345.65	47.576
345.86	41.433
346.08	154.299
346.29	-1.969
346.51	27.613
346.72	34.091
346.94	-219.295
347.15	-90.323
347.37	184.045
347.58	211.944
347.80	235.619
348.01	198.955
348.23	135.304
348.44	124.221
348.66	112.977
348.87	115.559
349.09	108.179
349.30	96.701
349.52	89.692
349.73	92.836
349.95	92.569
350.16	93.795
350.38	91.002
350.59	84.691
350.81	83.492
351.02	81.578
351.24	80.369
351.45	79.743
351.67	82.146
351.88	80.909
352.10	77.562
352.31	77.108
352.53	80.847
352.74	82.340
352.96	83.156
353.17	82.427
353.39	83.252
353.60	85.910
353.82	87.057
354.03	87.204
354.25	82.157
354.46	77.202
354.67	74.405
354.89	73.088
355.10	77.003
355.32	75.716
355.53	76.842
355.75	78.971
355.96	79.780
356.18	79.219
356.39	79.228
356.61	83.335
356.82	82.796
357.04	79.194
357.25	79.795
357.46	79.492
357.68	78.866
357.89	77.082
358.11	75.014
358.32	77.714
358.54	75.941
358.75	77.526
358.97	79.504
359.18	82.437
359.40	82.128
359.61	82.558
359.82	84.022
360.04	84.274
360.25	82.359
360.47	78.787
360.68	78.318
360.90	78.664
361.11	76.325
361.32	76.592
361.54	79.737
361.75	79.332
361.97	80.779
362.18	82.129
362.40	83.762
362.61	85.338
362.83	85.490
363.04	86.798
363.25	88.489
363.47	89.794
363.68	87.101
363.90	90.568
364.11	91.066
364.32	91.317
364.54	89.471
364.75	86.698
364.97	90.688
365.18	89.123
365.40	86.729
365.61	86.926
365.82	87.528
366.04	86.768
366.25	86.093
366.47	83.579
366.68	81.909
366.89	82.709
367.11	80.721
367.32	80.566
367.54	78.131
367.75	77.474
367.96	76.695
368.18	77.911
368.39	76.624
368.61	76.548
368.82	77.235
369.03	79.204
369.25	82.767
369.46	83.339
369.68	84.295
369.89	85.395
370.10	85.872
370.32	86.107
370.53	85.233
370.75	81.581
370.96	84.187
371.17	84.991
371.39	82.383
371.60	82.434
371.81	83.084
372.03	85.015
372.24	85.513
372.46	88.500
372.67	89.209
372.88	87.804
373.10	87.154
373.31	85.956
373.52	86.307
373.74	84.976
373.95	83.937
374.17	84.921
374.38	87.251
374.59	87.767
374.81	86.157
375.02	84.831
375.23	88.241
375.45	85.736
375.66	83.456
375.87	85.171
376.09	85.992
376.30	84.900
376.52	86.383
376.73	84.037
376.94	82.335
377.16	83.343
377.37	87.476
377.58	87.708
377.80	89.201
378.01	90.028
378.22	91.490
378.44	92.331
378.65	94.191
378.86	94.066
379.08	94.751
379.29	95.308
379.50	98.444
379.72	98.448
379.93	101.605
380.14	104.861
380.36	105.830
380.57	107.061
380.78	107.486
381.00	108.402
381.21	110.084
381.42	111.190
381.64	111.684
381.85	111.252
382.06	111.572
382.28	111.561
382.49	111.074
382.70	111.457
382.92	111.734
383.13	110.877
383.34	111.327
383.56	112.203
383.77	113.465
383.98	112.971
384.20	114.018
384.41	114.091
384.62	114.177
384.83	114.580
385.05	114.973
385.26	115.839
385.47	116.619
385.69	117.544
385.90	118.293
386.11	118.997
386.33	119.906
386.54	120.693
386.75	121.363
386.97	122.517
387.18	123.278
387.39	124.153
387.60	124.625
387.82	125.132
388.03	125.491
388.24	125.985
388.46	126.408
388.67	126.570
388.88	126.568
389.09	126.494
389.31	126.303
389.52	126.098
389.73	125.568
389.95	125.110
390.16	124.566
390.37	124.125
390.58	123.658
390.80	122.939
391.01	122.389
391.22	121.820
391.44	120.892
391.65	120.148
391.86	119.408
392.07	119.093
392.29	118.583
392.50	118.052
392.71	117.524
392.92	117.236
393.14	116.830
393.35	116.628
393.56	116.604
393.78	116.628
393.99	116.841
394.20	117.183
394.41	117.466
394.63	117.767
394.84	118.325
395.05	118.996
395.26	119.632
395.48	120.320
395.69	120.983
395.90	121.941
396.11	122.814
396.33	123.657
396.54	124.528
396.75	125.264
396.96	126.029
397.18	126.699
397.39	127.338
397.60	128.001
397.81	128.545
398.03	128.922
398.24	129.237
398.45	129.379
398.66	129.441
398.87	129.447
399.09	129.333
399.30	128.971
399.51	128.428
399.72	127.957
399.94	127.375
400.15	126.699
400.36	125.865
400.57	124.990
400.79	124.112
401.00	123.112
401.21	122.197
401.42	121.251
401.63	120.296
401.85	119.397
402.06	118.600
402.27	117.809
402.48	117.135
402.69	116.541
402.91	115.969
403.12	115.462
403.33	115.188
403.54	115.046
403.76	114.877
403.97	114.921
404.18	115.089
404.39	115.366
404.60	115.785
404.82	116.319
405.03	116.965
405.24	117.622
405.45	118.356
405.66	119.166
405.88	119.994
406.09	120.936
406.30	121.771
406.51	122.539
406.72	123.365
406.94	124.139
407.15	124.848
407.36	125.601
407.57	126.290
407.78	126.819
407.99	127.206
408.21	127.576
408.42	127.832
408.63	128.019
408.84	128.005
409.05	127.924
409.27	127.650
409.48	127.209
409.69	126.693
409.90	126.168
410.11	125.531
410.32	124.837
410.54	123.985
410.75	123.072
410.96	122.121
411.17	121.136
411.38	120.140
411.59	119.156
411.81	118.087
412.02	117.043
412.23	116.040
412.44	115.132
412.65	114.346
412.86	113.638
413.08	112.922
413.29	112.278
413.50	111.819
413.71	111.466
413.92	111.206
414.13	111.062
414.34	111.027
414.56	111.011
414.77	111.164
414.98	111.395
415.19	111.862
415.40	112.422
415.61	113.031
415.82	113.696
416.04	114.448
416.25	115.212
416.46	116.052
416.67	116.971
416.88	117.835
417.09	118.700
417.30	119.505
417.52	120.355
417.73	121.125
417.94	121.810
418.15	122.459
418.36	123.120
418.57	123.601
418.78	123.991
418.99	124.380
419.21	124.631
419.42	124.805
419.63	124.825
419.84	124.734
420.05	124.513
420.26	124.166
420.47	123.668
420.68	123.191
420.89	122.601
421.11	121.852
421.32	121.141
421.53	120.302
421.74	119.440
421.95	118.550
422.16	117.665
422.37	116.769
422.58	115.792
422.79	114.815
423.01	113.930
423.22	113.037
423.43	112.225
423.64	111.456
423.85	110.777
424.06	110.192
424.27	109.656
424.48	109.234
424.69	108.983
424.90	108.826
425.11	108.740
425.33	108.775
425.54	108.903
425.75	109.089
425.96	109.389
426.17	109.807
426.38	110.304
426.59	110.879
426.80	111.522
427.01	112.261
427.22	113.084
427.43	114.005
427.64	114.882
427.85	115.739
428.07	116.649
428.28	117.508
428.49	118.385
428.70	119.254
428.91	120.081
429.12	120.800
429.33	121.522
429.54	122.177
429.75	122.730
429.96	123.276
430.17	123.720
430.38	124.065
430.59	124.246
430.80	124.326
431.01	124.320
431.22	124.243
431.44	124.039
431.65	123.744
431.86	123.310
432.07	122.841
432.28	122.294
432.49	121.645
432.70	120.923
432.91	120.093
433.12	119.194
433.33	118.266
433.54	117.365
433.75	116.422
433.96	115.476
434.17	114.447
434.38	113.481
434.59	112.546
434.80	111.627
435.01	110.851
435.22	110.120
435.43	109.464
435.64	108.840
435.85	108.303
436.06	107.846
436.27	107.506
436.48	107.263
436.69	107.074
436.90	107.019
437.11	107.079
437.33	107.231
437.54	107.498
437.75	107.899
437.96	108.305
438.17	108.803
438.38	109.330
438.59	110.002
438.80	110.683
439.01	111.477
439.22	112.346
439.43	113.082
439.64	113.878
439.85	114.689
440.06	115.486
440.27	116.326
440.48	117.092
440.69	117.833
440.90	118.524
441.11	119.223
441.32	119.830
441.53	120.365
441.74	120.807
441.95	121.214
442.16	121.501
442.37	121.687
442.58	121.811
442.79	121.862
443.00	121.818
443.21	121.686
443.42	121.389
443.62	120.939
443.83	120.587
444.04	120.103
444.25	119.547
444.46	118.904
444.67	118.170
444.88	117.418
445.09	116.584
445.30	115.717
445.51	114.788
445.72	113.830
445.93	112.921
446.14	111.983
446.35	111.012
446.56	110.116
446.77	109.251
446.98	108.381
447.19	107.540
447.40	106.781
447.61	106.030
447.82	105.379
448.03	104.834
448.24	104.313
448.45	103.888
448.66	103.550
448.87	103.293
449.08	103.151
449.29	103.082
449.49	103.113
449.70	103.240
449.91	103.438
450.12	103.752
450.33	104.090
450.54	104.532
450.75	105.057
450.96	105.607
451.17	106.230
451.38	106.887
451.59	107.595
451.80	108.301
452.01	109.063
452.22	109.847
452.43	110.590
452.64	111.327
452.84	112.078
453.05	112.786
453.26	113.506
453.47	114.143
453.68	114.763
453.89	115.332
454.10	115.798
454.31	116.245
454.52	116.580
454.73	116.886
454.94	117.080
455.15	117.181
455.36	117.187
455.56	117.128
455.77	116.979
455.98	116.771
456.19	116.492
456.40	116.150
456.61	115.738
456.82	115.223
457.03	114.656
457.24	114.001
457.45	113.320
457.65	112.527
457.86	111.737
458.07	110.907
458.28	109.991
458.49	109.127
458.70	108.193
458.91	107.280
459.12	106.358
459.33	105.420
459.54	104.540
459.74	103.680
459.95	102.837
460.16	102.083
460.37	101.375
460.58	100.720
460.79	100.093
461.00	99.515
461.21	99.032
461.41	98.624
461.62	98.294
461.83	98.057
462.04	97.913
462.25	97.797
462.46	97.797
462.67	97.900
462.88	98.073
463.08	98.345
463.29	98.654
463.50	99.035
463.71	99.506
463.92	100.009
464.13	100.548
464.34	101.152
464.54	101.809
464.75	102.490
464.96	103.181
465.17	103.902
465.38	104.597
465.59	105.346
465.80	106.065
466.00	106.757
466.21	107.432
466.42	108.071
466.63	108.732
466.84	109.343
467.05	109.892
467.26	110.390
467.46	110.776
467.67	111.157
467.88	111.490
468.09	111.718
468.30	111.915
468.51	112.041
468.71	112.066
468.92	112.028
469.13	111.916
469.34	111.747
469.55	111.473
469.76	111.172
469.96	110.771
470.17	110.316
470.38	109.820
470.59	109.242
470.80	108.608
471.00	107.970
471.21	107.246
471.42	106.512
471.63	105.747
471.84	104.970
472.05	104.149
472.25	103.318
472.46	102.489
472.67	101.618
472.88	100.804
473.09	99.977
473.29	99.149
473.50	98.381
473.71	97.621
473.92	96.908
474.13	96.242
474.33	95.637
474.54	95.077
474.75	94.576
474.96	94.128
475.17	93.754
475.37	93.398
475.58	93.141
475.79	92.960
476.00	92.840
476.21	92.813
476.41	92.845
476.62	92.955
476.83	93.124
477.04	93.401
477.24	93.699
477.45	94.072
477.66	94.494
477.87	94.943
478.08	95.468
478.28	96.001
478.49	96.589
478.70	97.217
478.91	97.842
479.11	98.483
479.32	99.166
479.53	99.823
479.74	100.524
479.94	101.187
480.15	101.815
480.36	102.430
480.57	103.021
480.78	103.611
480.98	104.115
481.19	104.593
481.40	105.014
481.61	105.425
481.81	105.772
482.02	106.059
482.23	106.322
482.44	106.484
482.64	106.623
482.85	106.683
483.06	106.655
483.27	106.605
483.47	106.504
483.68	106.318
483.89	106.076
484.10	105.760
484.30	105.404
484.51	104.972
484.72	104.519
484.92	103.980
485.13	103.422
485.34	102.833
485.55	102.196
485.75	101.532
485.96	100.813
486.17	100.079
486.38	99.341
486.58	98.566
486.79	97.803
487.00	97.020
487.20	96.237
487.41	95.487
487.62	94.742
487.83	93.999
488.03	93.277
488.24	92.591
488.45	91.926
488.65	91.286
488.86	90.709
489.07	90.161
489.28	89.674
489.48	89.222
489.69	88.858
489.90	88.523
490.10	88.260
490.31	88.052
490.52	87.886
490.73	87.790
490.93	87.755
491.14	87.779
491.35	87.868
491.55	88.006
491.76	88.194
491.97	88.433
492.17	88.710
492.38	89.051
492.59	89.434
492.79	89.868
493.00	90.339
493.21	90.841
493.41	91.368
493.62	91.919
493.83	92.495
494.04	93.048
494.24	93.634
494.45	94.224
494.66	94.797
494.86	95.403
495.07	95.968
495.28	96.546
495.48	97.082
495.69	97.604
495.90	98.108
496.10	98.582
496.31	99.006
496.52	99.395
496.72	99.777
496.93	100.107
497.14	100.382
497.34	100.593
497.55	100.784
497.76	100.917
497.96	100.994
498.17	101.017
498.37	101.003
498.58	100.912
498.79	100.768
498.99	100.599
499.20	100.356
499.41	100.069
499.61	99.712
499.82	99.328
500.03	98.882
500.23	98.424
500.44	97.901
500.65	97.356
500.85	96.787
501.06	96.156
501.26	95.513
501.47	94.846
501.68	94.179
501.88	93.471
502.09	92.766
502.30	92.050
502.50	91.330
502.71	90.617
502.91	89.917
503.12	89.221
503.33	88.535
503.53	87.882
503.74	87.234
503.95	86.610
504.15	86.022
504.36	85.461
504.56	84.924
504.77	84.447
504.98	83.990
505.18	83.592
505.39	83.229
505.59	82.914
505.80	82.649
506.01	82.442
506.21	82.284
506.42	82.174
506.62	82.112
506.83	82.095
507.04	82.139
507.24	82.227
507.45	82.369
507.65	82.557
507.86	82.771
508.07	83.040
508.27	83.355
508.48	83.695
508.68	84.091
508.89	84.510
509.10	84.948
509.30	85.413
509.51	85.890
509.71	86.386
509.92	86.896
510.12	87.413
510.33	87.934
510.54	88.452
510.74	88.978
510.95	89.490
511.15	90.002
511.36	90.508
511.56	90.998
511.77	91.460
511.98	91.908
512.18	92.342
512.39	92.748
512.59	93.122
512.80	93.461
513.00	93.763
513.21	94.022
513.42	94.256
513.62	94.448
513.83	94.603
514.03	94.707
514.24	94.766
514.44	94.775
514.65	94.752
514.85	94.691
515.06	94.588
515.26	94.432
515.47	94.243
515.68	93.997
515.88	93.714
516.09	93.389
516.29	93.029
516.50	92.632
516.70	92.193
516.91	91.723
517.11	91.229
517.32	90.710
517.52	90.163
517.73	89.610
517.93	89.024
518.14	88.424
518.34	87.821
518.55	87.206
518.76	86.592
518.96	85.958
519.17	85.316
519.37	84.672
519.58	84.055
519.78	83.428
519.99	82.808
520.19	82.210
520.40	81.650
520.60	81.097
520.81	80.560
521.01	80.041
521.22	79.573
521.42	79.129
521.63	78.716
521.83	78.336
522.04	77.984
522.24	77.691
522.45	77.434
522.65	77.222
522.86	77.052
523.06	76.917
523.27	76.833
523.47	76.792
523.68	76.792
523.88	76.825
524.09	76.907
524.29	77.041
524.50	77.205
524.70	77.400
524.91	77.629
525.11	77.910
525.32	78.234
525.52	78.570
525.72	78.953
525.93	79.354
526.13	79.786
526.34	80.223
526.54	80.695
526.75	81.160
526.95	81.645
527.16	82.127
527.36	82.630
527.57	83.130
527.77	83.625
527.98	84.134
528.18	84.638
528.39	85.124
528.59	85.606
528.79	86.070
529.00	86.529
529.20	86.963
529.41	87.398
529.61	87.800
529.82	88.171
530.02	88.505
530.23	88.825
530.43	89.097
530.64	89.353
530.84	89.555
531.04	89.727
531.25	89.887
531.45	90.017
531.66	90.101
531.86	90.148
532.07	90.151
532.27	90.115
532.47	90.045
532.68	89.961
532.88	89.836
533.09	89.673
533.29	89.454
533.50	89.216
533.70	88.906
533.90	88.588
534.11	88.252
534.31	87.883
534.52	87.478
534.72	87.075
534.93	86.644
535.13	86.179
535.33	85.713
535.54	85.198
535.74	84.679
535.95	84.134
536.15	83.608
536.35	83.068
536.56	82.523
536.76	81.958
536.97	81.401
537.17	80.835
537.37	80.278
537.58	79.749
537.78	79.220
537.99	78.712
538.19	78.195
538.39	77.693
538.60	77.220
538.80	76.780
539.01	76.336
539.21	75.927
539.41	75.557
539.62	75.203
539.82	74.888
540.03	74.595
540.23	74.353
540.43	74.127
540.64	73.957
540.84	73.810
541.04	73.711
541.25	73.655
541.45	73.628
541.66	73.637
541.86	73.681
542.06	73.765
542.27	73.881
542.47	74.052
542.67	74.238
542.88	74.461
543.08	74.713
543.28	75.008
543.49	75.318
543.69	75.663
543.90	76.040
544.10	76.420
544.30	76.850
544.51	77.282
544.71	77.752
544.91	78.209
545.12	78.692
545.32	79.189
545.52	79.666
545.73	80.178
545.93	80.684
546.13	81.168
546.34	81.649
546.54	82.130
546.74	82.598
546.95	83.083
547.15	83.548
547.35	83.985
547.56	84.432
547.76	84.870
547.96	85.275
548.17	85.672
548.37	86.060
548.57	86.388
548.78	86.701
548.98	86.982
549.18	87.231
549.39	87.454
549.59	87.644
549.79	87.832
550.00	87.970
550.20	88.105
550.40	88.188
550.61	88.254
550.81	88.283
551.01	88.278
551.22	88.240
551.42	88.166
551.62	88.065
551.82	87.915
552.03	87.749
552.23	87.550
552.43	87.316
552.64	87.056
552.84	86.772
553.04	86.459
553.25	86.121
553.45	85.753
553.65	85.370
553.85	84.986
554.06	84.570
554.26	84.128
554.46	83.654
554.67	83.188
554.87	82.697
555.07	82.214
555.27	81.710
555.48	81.200
555.68	80.700
555.88	80.187
556.09	79.684
556.29	79.160
556.49	78.657
556.69	78.143
556.90	77.641
557.10	77.171
557.30	76.718
557.50	76.257
557.71	75.837
557.91	75.426
558.11	75.015
558.31	74.640
558.52	74.290
558.72	73.970
558.92	73.674
559.13	73.409
559.33	73.167
559.53	72.947
559.73	72.769
559.94	72.610
560.14	72.483
560.34	72.383
560.54	72.320
560.75	72.294
560.95	72.295
561.15	72.340
561.35	72.400
561.55	72.482
561.76	72.611
561.96	72.750
562.16	72.937
562.36	73.163
562.57	73.398
562.77	73.663
562.97	73.957
563.17	74.264
563.38	74.586
563.58	74.941
563.78	75.319
563.98	75.706
564.18	76.108
564.39	76.534
564.59	76.966
564.79	77.419
564.99	77.865
565.20	78.316
565.40	78.757
565.60	79.208
565.80	79.680
566.00	80.135
566.21	80.598
566.41	81.034
566.61	81.474
566.81	81.915
567.01	82.338
567.22	82.755
567.42	83.160
567.62	83.541
567.82	83.907
568.02	84.257
568.23	84.590
568.43	84.902
568.63	85.202
568.83	85.463
569.03	85.694
569.24	85.913
569.44	86.119
569.64	86.302
569.84	86.467
570.04	86.576
570.24	86.675
570.45	86.748
570.65	86.801
570.85	86.817
571.05	86.794
571.25	86.747
571.45	86.666
571.66	86.579
571.86	86.468
572.06	86.313
572.26	86.142
572.46	85.950
572.66	85.741
572.87	85.487
573.07	85.233
573.27	84.951
573.47	84.651
573.67	84.324
573.87	83.971
574.08	83.592
574.28	83.223
574.48	82.827
574.68	82.408
574.88	81.984
575.08	81.534
575.28	81.088
575.49	80.642
575.69	80.193
575.89	79.714
576.09	79.254
576.29	78.777
576.49	78.298
576.69	77.819
576.90	77.348
577.10	76.890
577.30	76.433
577.50	75.990
577.70	75.544
577.90	75.112
578.10	74.714
578.30	74.322
578.51	73.943
578.71	73.591
578.91	73.254
579.11	72.927
579.31	72.625
579.51	72.341
579.71	72.087
579.91	71.843
580.12	71.640
580.32	71.460
580.52	71.318
580.72	71.186
580.92	71.083
581.12	70.993
581.32	70.940
581.52	70.929
581.72	70.929
581.92	70.960
582.13	71.032
582.33	71.103
582.53	71.213
582.73	71.338
582.93	71.495
583.13	71.679
583.33	71.896
583.53	72.133
583.73	72.395
583.93	72.678
584.13	72.986
584.34	73.321
584.54	73.643
584.74	73.977
584.94	74.354
585.14	74.734
585.34	75.132
585.54	75.509
585.74	75.901
585.94	76.318
586.14	76.751
586.34	77.167
586.54	77.609
586.74	78.049
586.94	78.501
587.15	78.953
587.35	79.394
587.55	79.823
587.75	80.255
587.95	80.669
588.15	81.071
588.35	81.461
588.55	81.850
588.75	82.239
588.95	82.615
589.15	82.969
589.35	83.313
589.55	83.637
589.75	83.980
589.95	84.280
590.15	84.561
590.35	84.811
590.55	85.052
590.75	85.266
590.95	85.456
591.15	85.623
591.35	85.760
591.56	85.877
591.76	85.974
591.96	86.045
592.16	86.106
592.36	86.138
592.56	86.154
592.76	86.132
592.96	86.101
593.16	86.027
593.36	85.940
593.56	85.836
593.76	85.721
593.96	85.558
594.16	85.393
594.36	85.205
594.56	84.997
594.76	84.771
594.96	84.530
595.16	84.254
595.36	83.970
595.56	83.654
595.76	83.315
595.96	82.959
596.16	82.608
596.36	82.233
596.56	81.857
596.76	81.453
596.96	81.044
597.16	80.629
597.36	80.221
597.56	79.794
597.76	79.353
597.96	78.909
598.16	78.474
598.36	78.033
598.56	77.584
598.76	77.143
598.96	76.713
599.16	76.279
599.36	75.878
599.56	75.474
599.76	75.076
599.96	74.697
600.15	74.326
600.35	73.969
600.55	73.625
600.75	73.279
600.95	72.964
601.15	72.651
601.35	72.350
601.55	72.072
601.75	71.827
601.95	71.594
602.15	71.388
602.35	71.179
602.55	71.005
602.75	70.859
602.95	70.723
603.15	70.595
603.35	70.507
603.55	70.428
603.75	70.370
603.95	70.342
604.15	70.339
604.35	70.367
604.54	70.405
604.74	70.487
604.94	70.580
605.14	70.686
605.34	70.823
605.54	70.994
605.74	71.185
605.94	71.382
606.14	71.609
606.34	71.847
606.54	72.117
606.74	72.404
606.94	72.703
607.14	73.027
607.33	73.378
607.53	73.722
607.73	74.076
607.93	74.433
608.13	74.807
608.33	75.190
608.53	75.565
608.73	75.964
608.93	76.341
609.13	76.736
609.33	77.145
609.52	77.555
609.72	77.958
609.92	78.356
610.12	78.762
610.32	79.158
610.52	79.566
610.72	79.951
610.92	80.334
611.12	80.711
611.31	81.083
611.51	81.440
611.71	81.789
611.91	82.146
612.11	82.502
612.31	82.842
612.51	83.158
612.71	83.479
612.91	83.762
613.10	84.048
613.30	84.345
613.50	84.604
613.70	84.842
613.90	85.052
614.10	85.244
614.30	85.405
614.50	85.560
614.69	85.674
614.89	85.788
615.09	85.878
615.29	85.952
615.49	86.002
615.69	86.029
615.89	86.045
616.08	86.038
616.28	85.999
616.48	85.944
616.68	85.865
616.88	85.766
617.08	85.648
617.27	85.525
617.47	85.359
617.67	85.182
617.87	84.985
618.07	84.782
618.27	84.563
618.47	84.343
618.66	84.094
618.86	83.840
619.06	83.556
619.26	83.270
619.46	82.967
619.66	82.641
619.85	82.307
620.05	81.960
620.25	81.589
620.45	81.225
620.65	80.843
620.84	80.481
621.04	80.099
621.24	79.734
621.44	79.331
621.64	78.916
621.84	78.521
622.03	78.118
622.23	77.720
622.43	77.320
622.63	76.924
622.83	76.531
623.02	76.142
623.22	75.768
623.42	75.374
623.62	74.999
623.82	74.643
624.01	74.284
624.21	73.933
624.41	73.603
624.61	73.286
624.81	72.990
625.00	72.682
625.20	72.396
625.40	72.115
625.60	71.862
625.79	71.634
625.99	71.423
626.19	71.219
626.39	71.033
626.59	70.863
626.78	70.722
626.98	70.592
627.18	70.475
627.38	70.386
627.57	70.341
627.77	70.297
627.97	70.267
628.17	70.276
628.37	70.294
628.56	70.347
628.76	70.402
628.96	70.475
629.16	70.571
629.35	70.707
629.55	70.852
629.75	71.017
629.95	71.201
630.14	71.392
630.34	71.614
630.54	71.848
630.74	72.090
630.93	72.348
631.13	72.618
631.33	72.898
631.53	73.172
631.72	73.458
631.92	73.771
632.12	74.103
632.31	74.427
632.51	74.787
632.71	75.139
632.91	75.492
633.10	75.859
633.30	76.241
633.50	76.600
633.70	76.987
633.89	77.363
634.09	77.752
634.29	78.135
634.48	78.518
634.68	78.915
634.88	79.309
635.08	79.703
635.27	80.104
635.47	80.497
635.67	80.897
635.86	81.293
636.06	81.669
636.26	82.022
636.46	82.382
636.65	82.720
636.85	83.067
637.05	83.404
637.24	83.711
637.44	84.015
637.64	84.314
637.83	84.605
638.03	84.891
638.23	85.135
638.43	85.382
638.62	85.602
638.82	85.790
639.02	85.981
639.21	86.141
639.41	86.279
639.61	86.424
639.80	86.546
640.00	86.645
640.20	86.757
640.39	86.859
640.59	86.929
640.79	86.988
640.98	87.013
641.18	87.031
641.38	87.046
641.57	87.021
641.77	86.977
641.97	86.903
642.16	86.821
642.36	86.735
642.56	86.624
642.75	86.518
642.95	86.383
643.15	86.234
643.34	86.088
643.54	85.923
643.74	85.721
643.93	85.512
644.13	85.269
644.33	85.001
644.52	84.733
644.72	84.465
644.91	84.180
645.11	83.870
645.31	83.561
645.50	83.249
645.70	82.938
645.90	82.624
646.09	82.290
646.29	81.941
646.48	81.586
646.68	81.220
646.88	80.851
647.07	80.485
647.27	80.110
647.47	79.723
647.66	79.349
647.86	78.969
648.05	78.600
648.25	78.238
648.45	77.871
648.64	77.493
648.84	77.131
649.04	76.758
649.23	76.395
649.43	76.043
649.62	75.685
649.82	75.326
650.02	74.981
650.21	74.651
650.41	74.349
650.60	74.050
650.80	73.782
651.00	73.494
651.19	73.238
651.39	72.987
651.58	72.744
651.78	72.520
651.97	72.326
652.17	72.132
652.37	71.949
652.56	71.800
652.76	71.659
652.95	71.531
653.15	71.445
653.35	71.361
653.54	71.286
653.74	71.220
653.93	71.182
654.13	71.162
654.32	71.147
654.52	71.130
654.72	71.149
654.91	71.176
655.11	71.231
655.30	71.302
655.50	71.395
655.69	71.506
655.89	71.614
656.08	71.734
656.28	71.879
656.48	72.045
656.67	72.216
656.87	72.407
657.06	72.598
657.26	72.794
657.45	73.021
657.65	73.267
657.84	73.535
658.04	73.797
658.23	74.081
658.43	74.384
658.62	74.700
658.82	75.014
659.02	75.335
659.21	75.678
659.41	76.012
659.60	76.354
659.80	76.704
659.99	77.084
660.19	77.457
660.38	77.835
660.58	78.199
660.77	78.582
660.97	78.949
661.16	79.324
661.36	79.690
661.55	80.069
661.75	80.439
661.94	80.800
662.14	81.175
662.33	81.548
662.53	81.910
662.72	82.271
662.92	82.621
663.11	82.956
663.31	83.300
663.50	83.642
663.70	83.984
663.89	84.316
664.09	84.621
664.28	84.936
664.48	85.229
664.67	85.538
664.87	85.807
665.06	86.084
665.26	86.344
665.45	86.600
665.65	86.837
665.84	87.074
666.04	87.289
666.23	87.470
666.43	87.629
666.62	87.784
666.82	87.926
667.01	88.059
667.21	88.185
667.40	88.277
667.59	88.374
667.79	88.434
667.98	88.467
668.18	88.493
668.37	88.497
668.57	88.514
668.76	88.497
668.96	88.460
669.15	88.415
669.35	88.373
669.54	88.299
669.73	88.218
669.93	88.119
670.12	88.020
670.32	87.928
670.51	87.805
670.71	87.672
670.90	87.533
671.10	87.378
671.29	87.199
671.48	87.006
671.68	86.799
671.87	86.590
672.07	86.364
672.26	86.164
672.46	85.926
672.65	85.669
672.84	85.403
673.04	85.144
673.23	84.872
673.43	84.579
673.62	84.298
673.82	84.006
674.01	83.678
674.20	83.361
674.40	83.021
674.59	82.695
674.79	82.371
674.98	82.028
675.17	81.687
675.37	81.356
675.56	81.021
675.76	80.676
675.95	80.316
676.14	79.981
676.34	79.608
676.53	79.260
676.73	78.904
676.92	78.550
677.11	78.202
677.31	77.851
677.50	77.517
677.70	77.175
677.89	76.829
678.08	76.516
678.28	76.201
678.47	75.907
678.66	75.617
678.86	75.332
679.05	75.053
679.25	74.790
679.44	74.539
679.63	74.311
679.83	74.078
680.02	73.871
680.21	73.672
680.41	73.485
680.60	73.295
680.79	73.124
680.99	72.969
681.18	72.807
681.38	72.675
681.57	72.566
681.76	72.474
681.96	72.399
682.15	72.329
682.34	72.259
682.54	72.204
682.73	72.172
682.92	72.139
683.12	72.141
683.31	72.151
683.50	72.169
683.70	72.203
683.89	72.238
684.08	72.303
684.28	72.377
684.47	72.465
684.66	72.578
684.86	72.701
685.05	72.844
685.24	73.012
685.44	73.174
685.63	73.345
685.82	73.535
686.02	73.722
686.21	73.949
686.40	74.185
686.60	74.440
686.79	74.701
686.98	74.969
687.18	75.246
687.37	75.523
687.56	75.803
687.75	76.093
687.95	76.400
688.14	76.702
688.33	77.022
688.53	77.347
688.72	77.691
688.91	78.034
689.11	78.368
689.30	78.734
689.49	79.103
689.68	79.469
689.88	79.822
690.07	80.183
690.26	80.524
690.46	80.883
690.65	81.219
690.84	81.565
691.03	81.925
691.23	82.273
691.42	82.624
691.61	82.981
691.80	83.318
692.00	83.662
692.19	83.989
692.38	84.314
692.58	84.642
692.77	84.952
692.96	85.251
693.15	85.556
693.35	85.837
693.54	86.136
693.73	86.424
693.92	86.695
694.12	86.973
694.31	87.227
694.50	87.494
694.69	87.726
694.89	87.954
695.08	88.161
695.27	88.381
695.46	88.575
695.66	88.771
695.85	88.968
696.04	89.147
696.23	89.339
696.43	89.507
696.62	89.642
696.81	89.769
697.00	89.900
697.19	90.017
697.39	90.106
697.58	90.179
697.77	90.228
697.96	90.290
698.16	90.324
698.35	90.382
698.54	90.396
698.73	90.435
698.92	90.423
699.12	90.412
699.31	90.379
699.50	90.343
699.69	90.300
699.89	90.232
700.08	90.162
700.27	90.064
700.46	89.967
700.65	89.857
700.85	89.758
701.04	89.630
701.23	89.476
701.42	89.321
701.61	89.159
701.81	88.984
702.00	88.793
702.19	88.603
702.38	88.376
702.57	88.161
702.76	87.913
702.96	87.686
703.15	87.438
703.34	87.173
703.53	86.903
703.72	86.602
703.92	86.303
704.11	85.999
704.30	85.684
704.49	85.368
704.68	85.061
704.87	84.718
705.07	84.385
705.26	84.064
705.45	83.764
705.64	83.424
705.83	83.121
706.02	82.799
706.21	82.488
706.41	82.162
706.60	81.823
706.79	81.504
706.98	81.190
707.17	80.863
707.36	80.547
707.56	80.251
707.75	79.951
707.94	79.656
708.13	79.368
708.32	79.096
708.51	78.808
708.70	78.543
708.89	78.272
709.09	78.002
709.28	77.744
709.47	77.454
709.66	77.188
709.85	76.923
710.04	76.666
710.23	76.395
710.42	76.176
710.62	75.948
710.81	75.704
711.00	75.474
711.19	75.274
711.38	75.071
711.57	74.858
711.76	74.667
711.95	74.503
712.15	74.346
712.34	74.195
712.53	74.059
712.72	73.924
712.91	73.828
713.10	73.731
713.29	73.646
713.48	73.571
713.67	73.528
713.86	73.495
714.05	73.465
714.25	73.450
714.44	73.419
714.63	73.418
714.82	73.454
715.01	73.494
715.20	73.554
715.39	73.609
715.58	73.690
715.77	73.784
715.96	73.880
716.15	73.975
716.34	74.065
716.54	74.177
716.73	74.306
716.92	74.429
717.11	74.575
717.30	74.735
717.49	74.914
717.68	75.098
717.87	75.259
718.06	75.471
718.25	75.699
718.44	75.933
718.63	76.176
718.82	76.416
719.01	76.658
719.20	76.906
719.39	77.174
719.58	77.443
719.77	77.708
719.96	77.964
720.16	78.236
720.35	78.535
720.54	78.826
720.73	79.121
720.92	79.425
721.11	79.747
721.30	80.058
721.49	80.369
721.68	80.689
721.87	81.034
722.06	81.354
722.25	81.667
722.44	81.990
722.63	82.301
722.82	82.607
723.01	82.908
723.20	83.198
723.39	83.505
723.58	83.837
723.77	84.168
723.96	84.499
724.15	84.844
724.34	85.167
724.53	85.486
724.72	85.782
724.91	86.101
725.10	86.414
725.29	86.705
725.48	87.026
725.67	87.295
725.86	87.552
726.05	87.818
726.24	88.076
726.43	88.324
726.62	88.576
726.81	88.853
727.00	89.107
727.19	89.375
727.38	89.618
727.57	89.829
727.76	90.036
727.95	90.237
728.14	90.405
728.33	90.582
728.52	90.751
728.71	90.913
728.90	91.064
729.09	91.182
729.28	91.294
729.47	91.388
729.65	91.496
729.84	91.606
730.03	91.703
730.22	91.787
730.41	91.869
730.60	91.942
730.79	91.964
730.98	92.002
731.17	92.038
731.36	92.039
731.55	92.025
731.74	92.008
731.93	91.985
732.12	91.954
732.31	91.930
732.50	91.911
732.69	91.893
732.88	91.826
733.06	91.754
733.25	91.684
733.44	91.614
733.63	91.510
733.82	91.400
734.01	91.258
734.20	91.121
734.39	90.959
734.58	90.808
734.77	90.665
734.96	90.493
735.15	90.298
735.33	90.108
735.52	89.927
735.71	89.729
735.90	89.512
736.09	89.285
736.28	89.027
736.47	88.765
736.66	88.490
736.85	88.226
737.04	87.937
737.23	87.662
737.41	87.361
737.60	87.101
737.79	86.801
737.98	86.522
738.17	86.237
738.36	85.975
738.55	85.694
738.74	85.419
738.92	85.129
739.11	84.853
739.30	84.557
739.49	84.250
739.68	83.962
739.87	83.701
740.06	83.438
740.25	83.145
740.43	82.876
740.62	82.588
740.81	82.291
741.00	82.029
741.19	81.736
741.38	81.444
741.57	81.145
741.75	80.877
741.94	80.589
742.13	80.301
742.32	79.996
742.51	79.706
742.70	79.428
742.89	79.169
743.07	78.891
743.26	78.629
743.45	78.346
743.64	78.092
743.83	77.814
744.02	77.521
744.20	77.279
744.39	77.028
744.58	76.802
744.77	76.596
744.96	76.406
745.15	76.243
745.33	76.083
745.52	75.920
745.71	75.762
745.90	75.621
746.09	75.497
746.28	75.382
746.46	75.245
746.65	75.107
746.84	74.994
747.03	74.886
747.22	74.798
747.40	74.746
747.59	74.673
747.78	74.620
747.97	74.609
748.16	74.587
748.34	74.545
748.53	74.528
748.72	74.524
748.91	74.500
749.10	74.487
749.28	74.498
749.47	74.532
749.66	74.551
749.85	74.564
750.04	74.597
750.22	74.632
750.41	74.700
750.60	74.786
750.79	74.846
750.97	74.922
751.16	75.024
751.35	75.109
751.54	75.201
751.73	75.322
751.91	75.428
752.10	75.579
752.29	75.715
752.48	75.879
752.66	76.043
752.85	76.215
753.04	76.388
753.23	76.587
753.41	76.759
753.60	76.976
753.79	77.207
753.98	77.417
754.16	77.643
754.35	77.866
754.54	78.087
754.73	78.345
754.91	78.606
755.10	78.855
755.29	79.130
755.48	79.393
755.66	79.659
755.85	79.934
756.04	80.186
756.22	80.478
756.41	80.734
756.60	81.002
756.79	81.301
756.97	81.599
757.16	81.851
757.35	82.142
757.54	82.427
757.72	82.703
757.91	82.997
758.10	83.290
758.28	83.575
758.47	83.856
758.66	84.165
758.85	84.459
759.03	84.759
759.22	85.056
759.41	85.359
759.59	85.655
759.78	85.950
759.97	86.227
760.15	86.493
760.34	86.794
760.53	87.065
760.71	87.310
760.90	87.584
761.09	87.851
761.28	88.116
761.46	88.369
761.65	88.624
761.84	88.885
762.02	89.137
762.21	89.412
762.40	89.640
762.58	89.842
762.77	90.045
762.96	90.257
763.14	90.482
763.33	90.680
763.52	90.844
763.70	90.993
763.89	91.169
764.08	91.352
764.26	91.483
764.45	91.641
764.64	91.805
764.82	91.923
765.01	92.051
765.20	92.148
765.38	92.257
765.57	92.335
765.75	92.409
765.94	92.456
766.13	92.514
766.31	92.593
766.50	92.641
766.69	92.727
766.87	92.796
767.06	92.822
767.25	92.864
767.43	92.929
767.62	92.994
767.80	93.028
767.99	93.032
768.18	93.029
768.36	93.017
768.55	92.995
768.74	92.965
768.92	92.937
769.11	92.933
769.29	92.886
769.48	92.869
769.67	92.805
769.85	92.767
770.04	92.650
770.22	92.547
770.41	92.424
770.60	92.271
770.78	92.098
770.97	91.944
771.15	91.795
771.34	91.600
771.53	91.434
771.71	91.253
771.90	91.095
772.08	90.981
772.27	90.812
772.46	90.610
772.64	90.413
772.83	90.207
773.01	89.951
773.20	89.721
773.39	89.489
773.57	89.258
773.76	89.017
773.94	88.831
774.13	88.590
774.31	88.335
774.50	88.116
774.68	87.865
774.87	87.613
775.06	87.314
775.24	87.055
775.43	86.758
775.61	86.473
775.80	86.190
775.98	85.874
776.17	85.569
776.36	85.281
776.54	84.997
776.73	84.700
776.91	84.423
777.10	84.137
777.28	83.823
777.47	83.534
777.65	83.234
777.84	82.921
778.02	82.648
778.21	82.385
778.39	82.077
778.58	81.804
778.77	81.532
778.95	81.285
779.14	81.033
779.32	80.788
779.51	80.548
779.69	80.284
779.88	80.044
780.06	79.813
780.25	79.571
780.43	79.324
780.62	79.102
780.80	78.875
780.99	78.643
781.17	78.419
781.36	78.187
781.54	77.976
781.73	77.732
781.91	77.511
782.10	77.311
782.28	77.114
782.47	76.915
782.65	76.700
782.84	76.501
783.02	76.320
783.21	76.156
783.39	75.984
783.58	75.827
783.76	75.646
783.95	75.490
784.13	75.375
784.32	75.256
784.50	75.128
784.69	75.036
784.87	74.945
785.05	74.867
785.24	74.802
785.42	74.743
785.61	74.690
785.79	74.648
785.98	74.611
786.16	74.564
786.35	74.551
786.53	74.538
786.72	74.522
786.90	74.509
787.09	74.481
787.27	74.485
787.45	74.503
787.64	74.521
787.82	74.535
788.01	74.555
788.19	74.597
788.38	74.637
788.56	74.628
788.75	74.683
788.93	74.752
789.11	74.791
789.30	74.827
789.48	74.902
789.67	74.982
789.85	75.045
790.04	75.163
790.22	75.261
790.40	75.379
790.59	75.484
790.77	75.601
790.96	75.755
791.14	75.900
791.32	76.035
791.51	76.188
791.69	76.356
791.88	76.522
792.06	76.689
792.25	76.852
792.43	77.072
792.61	77.257
792.80	77.416
792.98	77.631
793.17	77.833
793.35	78.006
793.53	78.197
793.72	78.439
793.90	78.645
794.08	78.851
794.27	79.068
794.45	79.316
794.64	79.542
794.82	79.760
795.00	79.952
795.19	80.184
795.37	80.409
795.55	80.590
795.74	80.819
795.92	81.054
796.11	81.313
796.29	81.556
796.47	81.786
796.66	82.014
796.84	82.270
797.02	82.533
797.21	82.815
797.39	83.076
797.58	83.319
797.76	83.556
797.94	83.820
798.13	84.081
798.31	84.355
798.49	84.598
798.68	84.847
798.86	85.138
799.04	85.377
799.23	85.637
799.41	85.912
799.59	86.155
799.78	86.359
799.96	86.589
800.14	86.826
800.33	87.067
800.51	87.328
800.69	87.517
800.88	87.745
801.06	87.984
801.24	88.161
801.43	88.356
801.61	88.534
801.79	88.703
801.98	88.869
802.16	89.047
802.34	89.242
802.52	89.420
802.71	89.549
802.89	89.720
803.07	89.872
803.26	90.013
803.44	90.136
803.62	90.280
803.81	90.399
803.99	90.481
804.17	90.562
804.35	90.641
804.54	90.721
804.72	90.816
804.90	90.888
805.09	91.010
805.27	91.114
805.45	91.220
805.63	91.288
805.82	91.362
806.00	91.357
806.18	91.394
806.37	91.443
806.55	91.454
806.73	91.486
806.91	91.501
807.10	91.527
807.28	91.538
807.46	91.555
807.64	91.550
807.83	91.550
808.01	91.548
808.19	91.488
808.37	91.439
808.56	91.367
808.74	91.308
808.92	91.243
809.10	91.135
809.29	91.067
809.47	90.992
809.65	90.860
809.83	90.803
810.02	90.685
810.20	90.576
810.38	90.486
810.56	90.357
810.75	90.262
810.93	90.152
811.11	90.036
811.29	89.912
811.47	89.781
811.66	89.627
811.84	89.487
812.02	89.417
812.20	89.304
812.39	89.186
812.57	89.047
812.75	88.912
812.93	88.808
813.11	88.653
813.30	88.523
813.48	88.417
813.66	88.255
813.84	88.107
814.02	87.937
814.21	87.789
814.39	87.588
814.57	87.395
814.75	87.195
814.93	86.991
815.12	86.776
815.30	86.571
815.48	86.366
815.66	86.139
815.84	85.880
816.03	85.634
816.21	85.358
816.39	85.111
816.57	84.808
816.75	84.497
816.93	84.211
817.12	83.901
817.30	83.593
817.48	83.297
817.66	83.033
817.84	82.771
818.02	82.518
818.21	82.246
818.39	81.990
818.57	81.717
818.75	81.495
818.93	81.237
819.11	80.969
819.30	80.724
819.48	80.497
819.66	80.284
819.84	80.086
820.02	79.864
820.20	79.638
820.38	79.421
820.57	79.216
820.75	79.031
820.93	78.830
821.11	78.632
821.29	78.450
821.47	78.236
821.65	78.024
821.83	77.802
822.02	77.614
822.20	77.407
822.38	77.247
822.56	77.003
822.74	76.788
822.92	76.554
823.10	76.347
823.28	76.113
823.46	75.883
823.65	75.653
823.83	75.457
824.01	75.252
824.19	75.045
824.37	74.839
824.55	74.604
824.73	74.424
824.91	74.229
825.09	74.032
825.27	73.848
825.46	73.644
825.64	73.442
825.82	73.283
826.00	73.093
826.18	72.918
826.36	72.777
826.54	72.652
826.72	72.573
826.90	72.472
827.08	72.384
827.26	72.312
827.44	72.218
827.63	72.130
827.81	72.063
827.99	72.027
828.17	71.970
828.35	71.934
828.53	71.891
828.71	71.886
828.89	71.863
829.07	71.839
829.25	71.813
829.43	71.833
829.61	71.813
829.79	71.812
829.97	71.819
830.15	71.795
830.33	71.803
830.51	71.792
830.69	71.810
830.87	71.778
831.06	71.789
831.24	71.803
831.42	71.821
831.60	71.819
831.78	71.853
831.96	71.909
832.14	71.973
832.32	72.036
832.50	72.075
832.68	72.114
832.86	72.162
833.04	72.267
833.22	72.316
833.40	72.411
833.58	72.477
833.76	72.539
833.94	72.664
834.12	72.776
834.30	72.899
834.48	72.992
834.66	73.154
834.84	73.253
835.02	73.407
835.20	73.557
835.38	73.719
835.56	73.875
835.74	74.042
835.92	74.204
836.10	74.348
836.28	74.509
836.46	74.692
836.64	74.868
836.82	75.003
837.00	75.173
837.18	75.340
837.36	75.546
837.54	75.733
837.72	75.913
837.90	76.103
838.08	76.286
838.26	76.474
838.43	76.647
838.61	76.845
838.79	77.028
838.97	77.224
839.15	77.420
839.33	77.602
839.51	77.736
839.69	77.905
839.87	78.092
840.05	78.306
840.23	78.497
840.41	78.688
840.59	78.848
840.77	79.050
840.95	79.220
841.13	79.380
841.31	79.545
841.49	79.698
841.67	79.828
841.84	80.003
842.02	80.135
842.20	80.328
842.38	80.468
842.56	80.608
842.74	80.760
842.92	80.869
843.10	81.012
843.28	81.211
843.46	81.353
843.64	81.458
843.82	81.586
843.99	81.707
844.17	81.876
844.35	82.113
844.53	82.276
844.71	82.474
844.89	82.608
845.07	82.797
845.25	82.983
845.43	83.174
845.61	83.329
845.78	83.546
845.96	83.710
846.14	83.903
846.32	84.099
846.50	84.248
846.68	84.477
846.86	84.649
847.04	84.803
847.22	84.909
847.39	85.093
847.57	85.214
847.75	85.337
847.93	85.403
848.11	85.492
848.29	85.634
848.47	85.699
848.65	85.836
848.82	85.890
849.00	85.978
849.18	86.019
849.36	86.062
849.54	86.117
849.72	86.113
849.89	86.168
850.07	86.230
850.25	86.238
850.43	86.198
850.61	86.197
850.79	86.153
850.97	86.221
851.14	86.243
851.32	86.236
851.50	86.252
851.68	86.308
851.86	86.357
852.04	86.322
852.21	86.359
852.39	86.369
852.57	86.437
852.75	86.438
852.93	86.451
853.10	86.440
853.28	86.398
853.46	86.400
853.64	86.333
853.82	86.258
854.00	86.286
854.17	86.242
854.35	86.166
854.53	86.132
854.71	86.045
854.89	85.928
855.06	85.890
855.24	85.847
855.42	85.757
855.60	85.619
855.78	85.534
855.95	85.411
856.13	85.309
856.31	85.122
856.49	84.978
856.66	84.872
856.84	84.715
857.02	84.650
857.20	84.572
857.38	84.421
857.55	84.277
857.73	84.051
857.91	83.951
858.09	83.797
858.26	83.660
858.44	83.527
858.62	83.397
858.80	83.223
858.97	83.044
859.15	82.868
859.33	82.659
859.51	82.495
859.68	82.319
859.86	82.129
860.04	81.963
860.22	81.770
860.39	81.565
860.57	81.356
860.75	81.094
860.93	80.866
861.10	80.735
861.28	80.566
861.46	80.362
861.64	80.163
861.81	80.011
861.99	79.800
862.17	79.578
862.35	79.386
862.52	79.224
862.70	79.025
862.88	78.856
863.05	78.656
863.23	78.436
863.41	78.239
863.59	78.020
863.76	77.851
863.94	77.646
864.12	77.457
864.29	77.301
864.47	77.077
864.65	76.877
864.83	76.607
865.00	76.366
865.18	76.194
865.36	76.007
865.53	75.793
865.71	75.641
865.89	75.439
866.06	75.222
866.24	74.977
866.42	74.770
866.59	74.527
866.77	74.369
866.95	74.168
867.12	73.921
867.30	73.757
867.48	73.519
867.65	73.330
867.83	73.118
868.01	72.930
868.18	72.733
868.36	72.536
868.54	72.381
868.71	72.236
868.89	72.078
869.07	71.884
869.24	71.710
869.42	71.511
869.60	71.355
869.77	71.236
869.95	71.080
870.13	70.926
870.30	70.816
870.48	70.622
870.66	70.464
870.83	70.357
871.01	70.162
871.18	70.038
871.36	69.898
871.54	69.752
871.71	69.615
871.89	69.521
872.07	69.342
872.24	69.213
872.42	69.114
872.59	68.998
872.77	68.868
872.95	68.762
873.12	68.610
873.30	68.476
873.48	68.362
873.65	68.256
873.83	68.152
874.00	68.030
874.18	67.945
874.36	67.884
874.53	67.795
874.71	67.715
874.88	67.634
875.06	67.604
875.24	67.593
875.41	67.546
875.59	67.509
875.76	67.534
875.94	67.477
876.11	67.363
876.29	67.262
876.47	67.216
876.64	67.162
876.82	67.124
876.99	67.088
877.17	67.052
877.35	67.035
877.52	66.997
877.70	66.962
877.87	66.957
878.05	66.952
878.22	66.960
878.40	66.995
878.57	66.988
878.75	66.946
878.93	66.902
879.10	66.903
879.28	66.908
879.45	66.915
879.63	66.901
879.80	66.903
879.98	66.952
880.15	66.977
880.33	67.022
880.50	67.067
880.68	67.169
880.86	67.222
881.03	67.288
881.21	67.375
881.38	67.447
881.56	67.605
881.73	67.652
881.91	67.698
882.08	67.756
882.26	67.880
882.43	67.997
882.61	68.164
882.78	68.284
882.96	68.427
883.13	68.542
883.31	68.692
883.48	68.886
883.66	69.045
883.83	69.210
884.01	69.327
884.18	69.545
884.36	69.690
884.53	69.816
884.71	69.961
884.88	70.070
885.06	70.237
885.23	70.296
885.41	70.443
885.58	70.580
885.76	70.756
885.93	70.841
886.11	71.015
886.28	71.122
886.46	71.249
886.63	71.372
886.81	71.496
886.98	71.675
887.15	71.759
887.33	71.924
887.50	72.107
887.68	72.257
887.85	72.340
888.03	72.467
888.20	72.627
888.38	72.783
888.55	72.944
888.73	73.017
888.90	73.151
889.08	73.283
889.25	73.402
889.42	73.529
889.60	73.722
889.77	73.808
889.95	73.946
890.12	74.043
890.30	74.130
890.47	74.204
890.64	74.330
890.82	74.495
890.99	74.611
891.17	74.709
891.34	74.844
891.52	74.963
891.69	75.096
891.86	75.227
892.04	75.336
892.21	75.493
892.39	75.735
892.56	75.907
892.73	76.014
892.91	76.172
893.08	76.378
893.26	76.476
893.43	76.644
893.60	76.734
893.78	76.893
893.95	77.058
894.13	77.319
894.30	77.473
894.47	77.677
894.65	77.808
894.82	77.971
895.00	78.092
895.17	78.276
895.34	78.452
895.52	78.624
895.69	78.747
895.86	78.883
896.04	78.915
896.21	79.068
896.39	79.253
896.56	79.405
896.73	79.416
896.91	79.474
897.08	79.559
897.25	79.740
897.43	79.797
897.60	79.882
897.77	79.881
897.95	79.875
898.12	79.866
898.30	79.973
898.47	79.986
898.64	80.061
898.82	80.071
898.99	80.051
899.16	80.053
899.34	80.048
899.51	79.960
899.68	79.954
899.86	79.907
900.03	79.844
900.20	79.801
900.38	79.817
900.55	79.898
900.72	79.849
900.90	79.786
901.07	79.885
901.24	79.871
901.41	79.885
901.59	79.906
901.76	79.915
901.93	79.866
902.11	79.798
902.28	79.790
902.45	79.876
902.63	79.921
902.80	79.883
902.97	79.890
903.15	79.996
903.32	80.066
903.49	80.061
903.66	80.094
903.84	80.113
904.01	80.105
904.18	80.078
904.36	80.099
904.53	80.077
904.70	80.016
904.87	80.001
905.05	79.934
905.22	79.965
905.39	79.930
905.56	79.874
905.74	79.852
905.91	79.764
906.08	79.649
906.26	79.548
906.43	79.466
906.60	79.374
906.77	79.226
906.95	79.113
907.12	79.002
907.29	78.854
907.46	78.833
907.64	78.741
907.81	78.635
907.98	78.473
908.15	78.375
908.33	78.255
908.50	78.132
908.67	78.033
908.84	77.906
909.01	77.762
909.19	77.676
909.36	77.561
909.53	77.414
909.70	77.188
909.88	77.092
910.05	76.922
910.22	76.836
910.39	76.714
910.57	76.624
910.74	76.543
910.91	76.499
911.08	76.292
911.25	76.147
911.43	76.028
911.60	75.907
911.77	75.762
911.94	75.548
912.11	75.393
912.29	75.194
912.46	74.954
912.63	74.748
912.80	74.520
912.97	74.337
913.15	74.219
913.32	74.109
913.49	73.890
913.66	73.811
913.83	73.591
914.00	73.370
914.18	73.150
914.35	72.947
914.52	72.668
914.69	72.447
914.86	72.247
915.03	72.039
915.21	71.904
915.38	71.693
915.55	71.602
915.72	71.430
915.89	71.303
916.06	71.212
916.24	71.134
916.41	70.979
916.58	70.849
916.75	70.651
916.92	70.463
917.09	70.272
917.26	69.996
917.44	69.794
917.61	69.671
917.78	69.473
917.95	69.312
918.12	69.135
918.29	69.047
918.46	68.856
918.64	68.695
918.81	68.547
918.98	68.403
919.15	68.234
919.32	68.086
919.49	67.858
919.66	67.658
919.83	67.454
920.00	67.280
920.18	67.130
920.35	67.076
920.52	66.962
920.69	66.913
920.86	66.908
921.03	66.806
921.20	66.672
921.37	66.551
921.54	66.311
921.71	66.208
921.89	66.036
922.06	65.970
922.23	65.839
922.40	65.701
922.57	65.514
922.74	65.396
922.91	65.314
923.08	65.249
923.25	65.147
923.42	65.068
923.59	65.029
923.76	64.817
923.93	64.601
924.11	64.435
924.28	64.286
924.45	64.144
924.62	64.118
924.79	64.014
924.96	63.868
925.13	63.824
925.30	63.721
925.47	63.562
925.64	63.464
925.81	63.394
925.98	63.330
926.15	63.293
926.32	63.135
926.49	63.024
926.66	62.929
926.83	62.824
927.00	62.762
927.17	62.639
927.34	62.684
927.51	62.658
927.69	62.687
927.86	62.643
928.03	62.531
928.20	62.488
928.37	62.384
928.54	62.406
928.71	62.368
928.88	62.381
929.05	62.410
929.22	62.396
929.39	62.364
929.56	62.287
929.73	62.251
929.90	62.294
930.07	62.283
930.24	62.246
930.41	62.262
930.58	62.329
930.75	62.395
930.92	62.349
931.09	62.330
931.26	62.290
931.43	62.255
931.60	62.250
931.77	62.188
931.94	62.268
932.11	62.297
932.27	62.328
932.44	62.344
932.61	62.377
932.78	62.335
932.95	62.401
933.12	62.347
933.29	62.364
933.46	62.355
933.63	62.296
933.80	62.306
933.97	62.297
934.14	62.240
934.31	62.177
934.48	62.215
934.65	62.229
934.82	62.282
934.99	62.330
935.16	62.377
935.33	62.455
935.50	62.568
935.67	62.650
935.84	62.676
936.00	62.684
936.17	62.731
936.34	62.849
936.51	62.835
936.68	62.922
936.85	62.946
937.02	63.069
937.19	63.126
937.36	63.282
937.53	63.295
937.70	63.390
937.87	63.457
938.03	63.457
938.20	63.515
938.37	63.593
938.54	63.653
938.71	63.734
938.88	63.843
939.05	63.780
939.22	63.736
939.39	63.822
939.56	64.011
939.72	64.061
939.89	64.120
940.06	64.205
940.23	64.287
940.40	64.410
940.57	64.554
940.74	64.707
940.91	64.751
941.08	64.946
941.24	65.018
941.41	65.212
941.58	65.451
941.75	65.587
941.92	65.754
942.09	65.895
942.26	65.981
942.42	66.021
942.59	66.259
942.76	66.605
942.93	66.767
943.10	66.773
943.27	66.964
943.44	67.078
943.60	67.270
943.77	67.273
943.94	67.475
944.11	67.497
944.28	67.566
944.45	67.706
944.61	67.813
944.78	67.855
944.95	67.889
945.12	68.082
945.29	68.209
945.46	68.152
945.62	68.177
945.79	68.410
945.96	68.746
946.13	68.869
946.30	68.854
946.46	69.008
946.63	69.114
946.80	69.240
946.97	69.408
947.14	69.463
947.31	69.977
947.47	70.193
947.64	70.376
947.81	70.563
947.98	70.752
948.15	70.841
948.31	71.086
948.48	71.241
948.65	71.245
948.82	71.384
948.98	71.555
949.15	71.869
949.32	71.899
949.49	71.846
949.66	71.919
949.82	71.980
949.99	72.118
950.16	72.246
950.33	72.193
950.49	72.284
950.66	72.262
950.83	72.097
951.00	71.928
951.16	71.744
951.33	71.776
951.50	71.689
951.67	71.740
951.83	71.744
952.00	71.727
952.17	71.697
952.34	71.692
952.50	71.831
952.67	71.793
952.84	71.865
953.01	71.785
953.17	71.806
953.34	71.930
953.51	71.842
953.68	71.763
953.84	71.759
954.01	71.701
954.18	71.651
954.34	71.712
954.51	71.807
954.68	71.947
954.85	71.945
955.01	72.086
955.18	72.347
955.35	72.100
955.51	72.106
955.68	72.195
955.85	72.392
956.02	72.274
956.18	72.279
956.35	72.229
956.52	72.324
956.68	72.316
956.85	72.182
957.02	72.253
957.18	72.288
957.35	72.306
957.52	72.394
957.69	72.505
957.85	72.564
958.02	72.444
958.19	72.353
958.35	72.390
958.52	72.164
958.69	71.821
958.85	72.045
959.02	72.101
959.19	71.847
959.35	71.730
959.52	71.808
959.69	71.822
959.85	71.827
960.02	71.799
960.19	71.717
960.35	71.675
960.52	71.578
960.68	71.522
960.85	71.599
961.02	71.353
961.18	71.320
961.35	71.109
961.52	71.152
961.68	71.147
961.85	71.003
962.02	71.085
962.18	71.084
962.35	70.839
962.51	70.697
962.68	70.754
962.85	70.612
963.01	70.356
963.18	70.248
963.35	69.891
963.51	69.730
963.68	69.711
963.84	69.466
964.01	69.502
964.18	69.367
964.34	69.118
964.51	68.948
964.67	68.770
964.84	68.657
965.01	68.485
965.17	68.210
965.34	68.217
965.50	67.936
965.67	67.876
965.84	67.868
966.00	67.986
966.17	68.067
966.33	67.969
966.50	67.860
966.66	67.798
966.83	67.860
967.00	67.768
967.16	67.565
967.33	67.515
967.49	67.272
967.66	67.470
967.82	67.319
967.99	67.477
968.16	67.497
968.32	67.447
968.49	67.215
968.65	67.422
968.82	67.313
968.98	67.392
969.15	67.142
969.31	66.893
969.48	66.635
969.64	66.314
969.81	66.313
969.98	66.239
970.14	65.815
970.31	65.747
970.47	65.502
970.64	65.299
970.80	65.344
970.97	64.903
971.13	64.600
971.30	64.521
971.46	64.349
971.63	64.124
971.79	64.189
971.96	64.237
972.12	63.940
972.29	63.494
972.45	63.374
972.62	63.370
972.78	63.427
972.95	63.032
973.11	62.808
973.28	62.614
973.44	62.639
973.61	62.988
973.77	62.824
973.94	62.823
974.10	62.908
974.27	62.896
974.43	63.176
974.60	63.078
974.76	63.062
974.93	63.049
975.09	62.878
975.26	62.591
975.42	62.501
975.59	62.344
975.75	62.741
975.92	62.658
976.08	62.174
976.24	62.009
976.41	61.842
976.57	61.939
976.74	61.865
976.90	61.490
977.07	60.947
977.23	60.935
977.40	60.763
977.56	60.221
977.73	59.914
977.89	59.610
978.05	59.217
978.22	59.029
978.38	58.694
978.55	58.512
978.71	58.344
978.88	58.355
979.04	58.295
979.20	58.019
979.37	57.936
979.53	57.976
979.70	58.027
979.86	58.304
980.03	58.130
980.19	58.007
980.35	58.015
980.52	57.881
980.68	57.877
980.85	57.863
981.01	58.024
981.17	57.983
981.34	57.838
981.50	57.802
981.67	57.801
981.83	57.719
981.99	57.619
982.16	57.412
982.32	56.592
982.49	56.645
982.65	56.549
982.81	56.655
982.98	56.624
983.14	56.519
983.30	56.145
983.47	56.050
983.63	55.829
983.80	55.659
983.96	55.473
984.12	55.875
984.29	55.984
984.45	56.177
984.61	55.842
984.78	56.074
984.94	56.416
985.10	56.875
985.27	56.715
985.43	57.207
985.59	57.605
985.76	58.166
985.92	58.332
986.08	58.677
986.25	58.141
986.41	58.783
986.57	58.240
986.74	58.611
986.90	58.480
987.06	58.343
987.23	58.301
987.39	58.113
987.55	57.197
987.72	56.836
987.88	56.138
988.04	56.616
988.21	57.029
988.37	56.749
988.53	55.968
988.70	56.372
988.86	55.719
989.02	55.348
989.19	54.929
989.35	54.975
989.51	54.166
989.67	54.190
989.84	53.557
990.00	53.746
990.16	53.925
990.33	54.221
990.49	54.725
990.65	54.975
990.82	55.407
990.98	55.441
991.14	55.507
991.30	56.332
991.47	55.695
991.63	55.550
991.79	56.462
991.95	56.717
992.12	56.747
992.28	57.183
992.44	57.434
992.61	57.692
992.77	57.542
992.93	58.283
993.09	58.337
993.26	58.775
993.42	59.333
993.58	58.832
993.74	58.603
993.91	58.132
994.07	57.891
994.23	58.039
994.39	58.353
994.55	58.772
994.72	58.288
994.88	58.515
995.04	58.145
995.20	57.743
995.37	57.588
995.53	57.633
995.69	57.212
995.85	56.653
996.02	56.685
996.18	57.128
996.34	56.746
996.50	57.103
996.66	57.915
996.83	57.384
996.99	56.863
997.15	57.479
997.31	57.393
997.47	57.728
997.64	57.647
997.80	57.792
997.96	58.094
998.12	58.389
998.28	59.410
998.45	60.056
998.61	59.898
998.77	59.476
998.93	59.422
999.09	60.745
999.25	61.148
999.42	62.321
999.58	62.023
999.74	61.753
999.90	61.420
1000.06	60.457
1000.22	60.947
1000.39	61.690
1000.55	61.501
1000.71	62.395
1000.87	62.371
1001.03	62.481
1001.19	62.586
1001.36	62.141
1001.52	61.520
1001.68	61.034
1001.84	61.479
1002.00	60.476
1002.16	60.806
1002.32	60.329
1002.49	58.647
1002.65	58.420
1002.81	57.761
1002.97	57.562
1003.13	57.453
1003.29	58.495
1003.45	58.393
1003.62	58.956
1003.78	58.681
1003.94	58.964
1004.10	58.119
1004.26	58.126
1004.42	57.954
1004.58	57.806
1004.74	58.272
1004.90	60.136
1005.07	59.953
1005.23	58.669
1005.39	60.090
1005.55	60.664
1005.71	60.442
1005.87	61.705
1006.03	62.901
1006.19	63.139
1006.35	63.046
1006.51	64.087
1006.67	63.940
1006.84	63.754
1007.00	63.047
1007.16	64.726
1007.32	63.190
1007.48	64.080
1007.64	65.590
1007.80	65.360
1007.96	64.332
1008.12	64.585
1008.28	62.721
1008.44	63.786
1008.60	64.542
1008.76	62.969
1008.92	61.856
1009.09	61.946
1009.25	61.504
1009.41	60.624
1009.57	61.267
1009.73	61.973
1009.89	62.628
1010.05	63.052
1010.21	64.709
1010.37	64.866
1010.53	65.645
1010.69	67.586
1010.85	66.879
1011.01	65.682
1011.17	64.946
1011.33	67.043
1011.49	67.158
1011.65	67.294
1011.81	66.427
1011.97	66.596
1012.13	69.050
1012.29	71.099
1012.45	72.526
1012.61	75.941
1012.77	73.774
1012.93	73.150
1013.09	71.719
1013.25	71.470
1013.41	72.316
1013.57	69.503
1013.73	68.999
1013.89	64.940
1014.05	66.647
1014.21	64.564
1014.37	62.429
1014.53	60.872
1014.69	60.694
1014.85	61.113
1015.01	63.593
1015.17	65.867
1015.33	66.461
1015.49	65.210
1015.65	66.719
1015.81	67.663
1015.97	64.446
1016.13	67.682
1016.29	67.103
1016.45	68.350
1016.61	68.917
1016.77	66.305
1016.93	67.467
1017.09	66.927
1017.25	68.537
1017.41	67.281
1017.56	70.376
1017.72	77.750
1017.88	79.916
1018.04	81.277
1018.20	79.271
1018.36	78.379
1018.52	76.204
1018.68	77.266
1018.84	78.975
1019.00	76.732
1019.16	77.733
1019.32	80.947
1019.48	81.381
1019.64	84.689
1019.79	82.354
1019.95	79.030
1020.11	83.982
1020.27	83.921
1020.43	89.240
1020.59	92.210
1020.75	89.822
1020.91	93.509
1021.07	85.583
1021.23	85.540
1021.39	80.843
1021.54	86.430
1021.70	84.432
1021.86	83.439
1022.02	80.648
1022.18	77.151
1022.34	80.687
1022.50	80.258
1022.66	78.273
1022.82	78.757
1022.97	77.902
1023.13	80.519
1023.29	85.759
1023.45	84.350
1023.61	85.123
1023.77	83.142
1023.93	82.998
1024.08	83.862
1024.24	80.618
1024.40	83.021
1024.56	91.939
1024.72	95.708
1024.88	83.307
1025.04	87.871
1025.19	86.015
1025.35	83.225
1025.51	87.898
1025.67	90.639
1025.83	85.717
1025.99	87.969
1026.14	86.027
1026.30	93.998
1026.46	97.749
1026.62	91.644
1026.78	83.940
1026.94	81.625
1027.09	79.101
1027.25	77.575
1027.41	78.791
1027.57	77.824
1027.73	75.920
1027.89	69.953
1028.04	68.811
1028.20	68.564
1028.36	69.402
1028.52	69.847
1028.68	70.814
1028.83	72.582
1028.99	68.798
1029.15	69.034
1029.31	67.668
1029.47	69.205
1029.62	67.280
1029.78	66.906
1029.94	67.760
1030.10	70.269
1030.25	72.193
1030.41	76.375
1030.57	77.698
1030.73	81.264
1030.89	82.675
1031.04	85.260
1031.20	91.650
1031.36	100.548
1031.52	109.533
1031.67	112.697
1031.83	118.045
1031.99	130.396
1032.15	114.060
1032.30	128.102
1032.46	146.682
1032.62	137.332
1032.78	123.302
1032.93	139.915
1033.09	120.404
1033.25	113.100
1033.41	115.939
1033.56	113.077
1033.72	15.343
1033.88	321.190
1034.04	52.152
1034.19	64.121
1034.35	81.273
1034.51	-18.333
1034.66	54.586
1034.82	1552.500
1034.98	1552.500
1035.14	1552.500
