345.22	47.697
345.43	47.697
345.65	47.697
345.86	41.342
346.08	164.811
346.29	3.816
346.51	34.505
346.72	25.758
346.94	-231.795
347.15	-87.724
347.37	208.577
347.58	237.495
347.80	267.874
348.01	225.359
348.23	149.355
348.44	136.939
348.66	123.773
348.87	125.099
349.09	116.672
349.30	103.613
349.52	96.002
349.73	99.294
349.95	98.040
350.16	99.169
350.38	95.374
350.59	88.806
350.81	87.600
351.02	85.023
351.24	83.173
351.45	82.086
351.67	84.288
351.88	82.962
352.10	79.764
352.31	78.696
352.53	82.402
352.74	84.050
352.96	84.988
353.17	84.054
353.39	85.232
353.60	87.275
353.82	88.213
354.03	88.590
354.25	83.161
354.46	78.716
354.67	75.725
354.89	73.978
355.10	77.831
355.32	76.546
355.53	78.172
355.75	80.311
355.96	81.762
356.18	80.891
356.39	81.045
356.61	85.329
356.82	85.005
357.04	80.752
357.25	80.876
357.46	80.702
357.68	79.784
357.89	78.030
358.11	76.802
358.32	79.776
358.54	77.642
358.75	79.506
358.97	81.410
359.18	85.022
359.40	84.842
359.61	85.255
359.82	86.562
360.04	86.314
360.25	84.283
360.47	80.137
360.68	79.805
360.90	79.964
361.11	77.728
361.32	77.725
361.54	81.521
361.75	81.254
361.97	82.373
362.18	84.192
362.40	85.626
362.61	86.836
362.83	86.615
363.04	88.014
363.25	89.511
363.47	90.649
363.68	88.103
363.90	91.448
364.11	91.426
364.32	91.670
364.54	89.954
364.75	87.204
364.97	91.278
365.18	90.105
365.40	87.983
365.61	87.736
365.82	88.520
366.04	87.484
366.25	87.263
366.47	85.491
366.68	83.422
366.89	84.279
367.11	81.848
367.32	82.042
367.54	79.494
367.75	79.026
367.96	78.185
368.18	79.212
368.39	78.427
368.61	78.760
368.82	80.244
369.03	82.481
369.25	86.669
369.46	87.338
369.68	87.721
369.89	88.808
370.10	88.911
370.32	89.030
370.53	88.736
370.75	85.304
370.96	87.061
371.17	87.819
371.39	85.873
371.60	86.270
371.81	87.293
372.03	89.399
372.24	89.996
372.46	93.188
372.67	94.155
372.88	93.039
373.10	92.450
373.31	90.951
373.52	90.894
373.74	89.046
373.95	87.710
374.17	89.087
374.38	91.335
374.59	92.293
374.81	90.814
375.02	89.105
375.23	92.350
375.45	90.016
375.66	87.829
375.87	88.509
376.09	89.202
376.30	87.766
376.52	89.665
376.73	87.123
376.94	85.110
377.16	85.737
377.37	89.638
377.58	90.027
377.80	91.409
378.01	92.485
378.22	93.903
378.44	94.840
378.65	96.649
378.86	96.489
379.08	96.745
379.29	96.973
379.50	99.784
379.72	99.532
379.93	102.758
380.14	105.949
380.36	106.943
380.57	108.250
380.78	108.437
381.00	109.137
381.21	110.903
381.42	111.839
381.64	112.198
381.85	111.685
382.06	111.569
382.28	111.361
382.49	110.795
382.70	111.190
382.92	111.396
383.13	110.638
383.34	111.027
383.56	111.983
383.77	113.131
383.98	112.776
384.20	113.793
384.41	113.891
384.62	114.083
384.83	114.557
385.05	114.982
385.26	115.911
385.47	116.700
385.69	117.534
385.90	118.311
386.11	119.003
386.33	119.977
386.54	120.843
386.75	121.473
386.97	122.638
387.18	123.393
387.39	124.256
387.60	124.726
387.82	125.238
388.03	125.587
388.24	126.143
388.46	126.538
388.67	126.670
388.88	126.630
389.09	126.535
389.31	126.331
389.52	126.072
389.73	125.508
389.95	125.046
390.16	124.521
390.37	124.074
390.58	123.610
390.80	122.845
391.01	122.273
391.22	121.707
391.44	120.777
391.65	120.018
391.86	119.283
392.07	118.914
392.29	118.396
392.50	117.857
392.71	117.291
392.92	116.970
393.14	116.536
393.35	116.338
393.56	116.285
393.78	116.298
393.99	116.526
394.20	116.900
394.41	117.160
394.63	117.434
394.84	117.977
395.05	118.657
395.26	119.294
395.48	119.998
395.69	120.661
395.90	121.600
396.11	122.480
396.33	123.316
396.54	124.210
396.75	124.947
396.96	125.737
397.18	126.422
397.39	127.083
397.60	127.798
397.81	128.352
398.03	128.743
398.24	129.063
398.45	129.207
398.66	129.250
398.87	129.262
399.09	129.171
399.30	128.826
399.51	128.289
399.72	127.806
399.94	127.210
400.15	126.536
400.36	125.726
400.57	124.846
400.79	123.964
401.00	122.954
401.21	122.021
401.42	121.049
401.63	120.083
401.85	119.168
402.06	118.360
402.27	117.548
402.48	116.884
402.69	116.272
402.91	115.692
403.12	115.184
403.33	114.901
403.54	114.748
403.76	114.561
403.97	114.593
404.18	114.754
404.39	115.034
404.60	115.446
404.82	115.960
405.03	116.587
405.24	117.229
405.45	117.971
405.66	118.797
405.88	119.634
406.09	120.584
406.30	121.421
406.51	122.172
406.72	123.012
406.94	123.796
407.15	124.523
407.36	125.281
407.57	125.965
407.78	126.498
407.99	126.893
408.21	127.282
408.42	127.548
408.63	127.738
408.84	127.724
409.05	127.652
409.27	127.381
409.48	126.946
409.69	126.440
409.90	125.914
410.11	125.282
410.32	124.581
410.54	123.723
410.75	122.814
410.96	121.865
411.17	120.853
411.38	119.839
411.59	118.857
411.81	117.784
412.02	116.743
412.23	115.739
412.44	114.811
412.65	114.013
412.86	113.290
413.08	112.561
413.29	111.927
413.50	111.452
413.71	111.112
413.92	110.854
414.13	110.709
414.34	110.650
414.56	110.632
414.77	110.783
414.98	111.027
415.19	111.482
415.40	112.045
415.61	112.680
415.82	113.333
416.04	114.090
416.25	114.858
416.46	115.703
416.67	116.628
416.88	117.504
417.09	118.381
417.30	119.187
417.52	120.062
417.73	120.835
417.94	121.539
418.15	122.194
418.36	122.874
418.57	123.371
418.78	123.776
418.99	124.169
419.21	124.425
419.42	124.596
419.63	124.639
419.84	124.549
420.05	124.335
420.26	124.002
420.47	123.504
420.68	123.027
420.89	122.435
421.11	121.683
421.32	120.968
421.53	120.117
421.74	119.263
421.95	118.362
422.16	117.470
422.37	116.561
422.58	115.573
422.79	114.579
423.01	113.690
423.22	112.788
423.43	111.971
423.64	111.203
423.85	110.523
424.06	109.921
424.27	109.384
424.48	108.954
424.69	108.693
424.90	108.523
425.11	108.434
425.33	108.468
425.54	108.588
425.75	108.774
425.96	109.075
426.17	109.483
426.38	109.984
426.59	110.556
426.80	111.208
427.01	111.952
427.22	112.783
427.43	113.701
427.64	114.595
427.85	115.456
428.07	116.376
428.28	117.239
428.49	118.123
428.70	118.995
428.91	119.819
429.12	120.550
429.33	121.276
429.54	121.939
429.75	122.503
429.96	123.062
430.17	123.515
430.38	123.872
430.59	124.066
430.80	124.147
431.01	124.149
431.22	124.079
431.44	123.879
431.65	123.592
431.86	123.161
432.07	122.686
432.28	122.145
432.49	121.492
432.70	120.771
432.91	119.945
433.12	119.048
433.33	118.125
433.54	117.228
433.75	116.286
433.96	115.343
434.17	114.311
434.38	113.339
434.59	112.394
434.80	111.469
435.01	110.683
435.22	109.944
435.43	109.274
435.64	108.645
435.85	108.102
436.06	107.635
436.27	107.292
436.48	107.051
436.69	106.856
436.90	106.799
437.11	106.854
437.33	107.006
437.54	107.270
437.75	107.666
437.96	108.064
438.17	108.561
438.38	109.078
438.59	109.746
438.80	110.427
439.01	111.226
439.22	112.098
439.43	112.841
439.64	113.652
439.85	114.477
440.06	115.277
440.27	116.123
440.48	116.897
440.69	117.642
440.90	118.342
441.11	119.048
441.32	119.665
441.53	120.209
441.74	120.663
441.95	121.077
442.16	121.376
442.37	121.573
442.58	121.705
442.79	121.768
443.00	121.733
443.21	121.609
443.42	121.313
443.62	120.869
443.83	120.523
444.04	120.039
444.25	119.487
444.46	118.843
444.67	118.109
444.88	117.359
445.09	116.530
445.30	115.660
445.51	114.724
445.72	113.757
445.93	112.844
446.14	111.890
446.35	110.912
446.56	110.002
446.77	109.123
446.98	108.242
447.19	107.391
447.40	106.622
447.61	105.863
447.82	105.203
448.03	104.647
448.24	104.114
448.45	103.677
448.66	103.330
448.87	103.072
449.08	102.928
449.29	102.851
449.49	102.871
449.70	102.996
449.91	103.191
450.12	103.507
450.33	103.843
450.54	104.288
450.75	104.813
450.96	105.368
451.17	106.000
451.38	106.658
451.59	107.374
451.80	108.086
452.01	108.850
452.22	109.648
452.43	110.406
452.64	111.158
452.84	111.922
453.05	112.636
453.26	113.363
453.47	114.009
453.68	114.640
453.89	115.224
454.10	115.699
454.31	116.157
454.52	116.503
454.73	116.820
454.94	117.023
455.15	117.128
455.36	117.141
455.56	117.092
455.77	116.949
455.98	116.754
456.19	116.483
456.40	116.147
456.61	115.740
456.82	115.222
457.03	114.654
457.24	114.000
457.45	113.321
457.65	112.530
457.86	111.735
458.07	110.905
458.28	109.978
458.49	109.106
458.70	108.165
458.91	107.247
459.12	106.314
459.33	105.368
459.54	104.483
459.74	103.619
459.95	102.761
460.16	102.004
460.37	101.279
460.58	100.613
460.79	99.982
461.00	99.390
461.21	98.901
461.41	98.480
461.62	98.140
461.83	97.901
462.04	97.747
462.25	97.623
462.46	97.615
462.67	97.715
462.88	97.889
463.08	98.162
463.29	98.471
463.50	98.857
463.71	99.335
463.92	99.848
464.13	100.389
464.34	101.001
464.54	101.659
464.75	102.350
464.96	103.054
465.17	103.780
465.38	104.488
465.59	105.252
465.80	105.988
466.00	106.693
466.21	107.374
466.42	108.030
466.63	108.705
466.84	109.331
467.05	109.890
467.26	110.398
467.46	110.792
467.67	111.177
467.88	111.520
468.09	111.758
468.30	111.958
468.51	112.092
468.71	112.128
468.92	112.101
469.13	111.993
469.34	111.823
469.55	111.555
469.76	111.259
469.96	110.857
470.17	110.401
470.38	109.903
470.59	109.325
470.80	108.688
471.00	108.044
471.21	107.315
471.42	106.583
471.63	105.804
471.84	105.021
472.05	104.198
472.25	103.357
472.46	102.520
472.67	101.642
472.88	100.823
473.09	99.985
473.29	99.150
473.50	98.378
473.71	97.610
473.92	96.889
474.13	96.207
474.33	95.592
474.54	95.021
474.75	94.510
474.96	94.057
475.17	93.670
475.37	93.310
475.58	93.045
475.79	92.856
476.00	92.742
476.21	92.711
476.41	92.738
476.62	92.848
476.83	93.015
477.04	93.289
477.24	93.588
477.45	93.964
477.66	94.390
477.87	94.843
478.08	95.374
478.28	95.912
478.49	96.515
478.70	97.153
478.91	97.788
479.11	98.437
479.32	99.131
479.53	99.804
479.74	100.515
479.94	101.192
480.15	101.832
480.36	102.456
480.57	103.064
480.78	103.667
480.98	104.183
481.19	104.672
481.40	105.108
481.61	105.530
481.81	105.885
482.02	106.177
482.23	106.443
482.44	106.610
482.64	106.752
482.85	106.816
483.06	106.792
483.27	106.746
483.47	106.650
483.68	106.471
483.89	106.232
484.10	105.921
484.30	105.565
484.51	105.133
484.72	104.683
484.92	104.140
485.13	103.579
485.34	102.987
485.55	102.345
485.75	101.675
485.96	100.947
486.17	100.212
486.38	99.469
486.58	98.691
486.79	97.924
487.00	97.136
487.20	96.347
487.41	95.591
487.62	94.839
487.83	94.088
488.03	93.353
488.24	92.657
488.45	91.978
488.65	91.327
488.86	90.737
489.07	90.178
489.28	89.680
489.48	89.218
489.69	88.847
489.90	88.505
490.10	88.236
490.31	88.025
490.52	87.850
490.73	87.752
490.93	87.713
491.14	87.733
491.35	87.823
491.55	87.956
491.76	88.142
491.97	88.377
492.17	88.658
492.38	89.002
492.59	89.389
492.79	89.830
493.00	90.309
493.21	90.821
493.41	91.354
493.62	91.914
493.83	92.499
494.04	93.059
494.24	93.657
494.45	94.259
494.66	94.844
494.86	95.462
495.07	96.035
495.28	96.623
495.48	97.170
495.69	97.699
495.90	98.215
496.10	98.700
496.31	99.139
496.52	99.537
496.72	99.929
496.93	100.269
497.14	100.552
497.34	100.771
497.55	100.971
497.76	101.110
497.96	101.195
498.17	101.224
498.37	101.216
498.58	101.127
498.79	100.985
498.99	100.816
499.20	100.573
499.41	100.287
499.61	99.929
499.82	99.545
500.03	99.101
500.23	98.641
500.44	98.117
500.65	97.571
500.85	96.999
501.06	96.361
501.26	95.711
501.47	95.040
501.68	94.368
501.88	93.650
502.09	92.940
502.30	92.213
502.50	91.486
502.71	90.766
502.91	90.058
503.12	89.352
503.33	88.658
503.53	87.998
503.74	87.344
503.95	86.713
504.15	86.114
504.36	85.543
504.56	85.000
504.77	84.514
504.98	84.045
505.18	83.639
505.39	83.270
505.59	82.952
505.80	82.681
506.01	82.463
506.21	82.302
506.42	82.190
506.62	82.124
506.83	82.106
507.04	82.150
507.24	82.236
507.45	82.379
507.65	82.565
507.86	82.779
508.07	83.052
508.27	83.371
508.48	83.716
508.68	84.119
508.89	84.540
509.10	84.980
509.30	85.456
509.51	85.940
509.71	86.445
509.92	86.959
510.12	87.484
510.33	88.015
510.54	88.540
510.74	89.077
510.95	89.601
511.15	90.121
511.36	90.636
511.56	91.139
511.77	91.608
511.98	92.066
512.18	92.507
512.39	92.917
512.59	93.296
512.80	93.646
513.00	93.952
513.21	94.221
513.42	94.462
513.62	94.658
513.83	94.821
514.03	94.930
514.24	94.996
514.44	95.011
514.65	94.995
514.85	94.939
515.06	94.837
515.26	94.682
515.47	94.491
515.68	94.245
515.88	93.963
516.09	93.641
516.29	93.283
516.50	92.885
516.70	92.443
516.91	91.971
517.11	91.472
517.32	90.948
517.52	90.395
517.73	89.837
517.93	89.247
518.14	88.639
518.34	88.028
518.55	87.407
518.76	86.781
518.96	86.133
519.17	85.483
519.37	84.833
519.58	84.207
519.78	83.576
519.99	82.948
520.19	82.337
520.40	81.765
520.60	81.199
520.81	80.654
521.01	80.132
521.22	79.656
521.42	79.204
521.63	78.783
521.83	78.397
522.04	78.037
522.24	77.734
522.45	77.471
522.65	77.252
522.86	77.077
523.06	76.940
523.27	76.856
523.47	76.810
523.68	76.806
523.88	76.837
524.09	76.914
524.29	77.043
524.50	77.210
524.70	77.406
524.91	77.641
525.11	77.925
525.32	78.247
525.52	78.589
525.72	78.978
525.93	79.386
526.13	79.824
526.34	80.267
526.54	80.747
526.75	81.218
526.95	81.712
527.16	82.203
527.36	82.713
527.57	83.218
527.77	83.722
527.98	84.240
528.18	84.751
528.39	85.246
528.59	85.742
528.79	86.214
529.00	86.684
529.20	87.127
529.41	87.569
529.61	87.982
529.82	88.356
530.02	88.696
530.23	89.020
530.43	89.298
530.64	89.563
530.84	89.774
531.04	89.953
531.25	90.120
531.45	90.254
531.66	90.345
531.86	90.395
532.07	90.404
532.27	90.372
532.47	90.309
532.68	90.227
532.88	90.105
533.09	89.942
533.29	89.726
533.50	89.484
533.70	89.173
533.90	88.853
534.11	88.520
534.31	88.151
534.52	87.742
534.72	87.338
534.93	86.904
535.13	86.431
535.33	85.963
535.54	85.444
535.74	84.923
535.95	84.372
536.15	83.840
536.35	83.292
536.56	82.741
536.76	82.167
536.97	81.605
537.17	81.030
537.37	80.466
537.58	79.928
537.78	79.394
537.99	78.880
538.19	78.358
538.39	77.848
538.60	77.368
538.80	76.925
539.01	76.476
539.21	76.060
539.41	75.686
539.62	75.324
539.82	75.003
540.03	74.703
540.23	74.457
540.43	74.226
540.64	74.053
540.84	73.899
541.04	73.797
541.25	73.738
541.45	73.710
541.66	73.717
541.86	73.758
542.06	73.842
542.27	73.961
542.47	74.131
542.67	74.317
542.88	74.540
543.08	74.792
543.28	75.089
543.49	75.404
543.69	75.750
543.90	76.132
544.10	76.519
544.30	76.954
544.51	77.389
544.71	77.867
544.91	78.333
545.12	78.824
545.32	79.328
545.52	79.812
545.73	80.330
545.93	80.843
546.13	81.336
546.34	81.823
546.54	82.311
546.74	82.789
546.95	83.282
547.15	83.758
547.35	84.202
547.56	84.655
547.76	85.097
547.96	85.508
548.17	85.911
548.37	86.303
548.57	86.636
548.78	86.957
548.98	87.243
549.18	87.495
549.39	87.720
549.59	87.917
549.79	88.105
550.00	88.246
550.20	88.385
550.40	88.470
550.61	88.538
550.81	88.566
551.01	88.563
551.22	88.527
551.42	88.453
551.62	88.353
551.82	88.203
552.03	88.039
552.23	87.842
552.43	87.606
552.64	87.346
552.84	87.060
553.04	86.745
553.25	86.403
553.45	86.033
553.65	85.646
553.85	85.255
554.06	84.838
554.26	84.394
554.46	83.917
554.67	83.445
554.87	82.950
555.07	82.463
555.27	81.954
555.48	81.439
555.68	80.932
555.88	80.415
556.09	79.903
556.29	79.370
556.49	78.857
556.69	78.335
556.90	77.824
557.10	77.347
557.30	76.889
557.50	76.423
557.71	75.995
557.91	75.581
558.11	75.164
558.31	74.780
558.52	74.422
558.72	74.095
558.92	73.794
559.13	73.522
559.33	73.273
559.53	73.049
559.73	72.862
559.94	72.696
560.14	72.561
560.34	72.455
560.54	72.386
560.75	72.359
560.95	72.358
561.15	72.402
561.35	72.457
561.55	72.534
561.76	72.661
561.96	72.801
562.16	72.985
562.36	73.209
562.57	73.447
562.77	73.713
562.97	74.008
563.17	74.316
563.38	74.644
563.58	75.003
563.78	75.382
563.98	75.776
564.18	76.185
564.39	76.621
564.59	77.061
564.79	77.525
564.99	77.977
565.20	78.437
565.40	78.886
565.60	79.343
565.80	79.827
566.00	80.286
566.21	80.754
566.41	81.200
566.61	81.648
566.81	82.095
567.01	82.527
567.22	82.953
567.42	83.369
567.62	83.755
567.82	84.127
568.02	84.485
568.23	84.824
568.43	85.140
568.63	85.444
568.83	85.711
569.03	85.947
569.24	86.171
569.44	86.380
569.64	86.568
569.84	86.738
570.04	86.851
570.24	86.958
570.45	87.037
570.65	87.092
570.85	87.112
571.05	87.094
571.25	87.049
571.45	86.968
571.66	86.881
571.86	86.770
572.06	86.615
572.26	86.442
572.46	86.253
572.66	86.047
572.87	85.796
573.07	85.540
573.27	85.257
573.47	84.957
573.67	84.627
573.87	84.272
574.08	83.893
574.28	83.521
574.48	83.121
574.68	82.698
574.88	82.270
575.08	81.814
575.28	81.363
575.49	80.911
575.69	80.452
575.89	79.966
576.09	79.502
576.29	79.023
576.49	78.542
576.69	78.053
576.90	77.574
577.10	77.107
577.30	76.639
577.50	76.190
577.70	75.736
577.90	75.300
578.10	74.892
578.30	74.488
578.51	74.102
578.71	73.741
578.91	73.396
579.11	73.063
579.31	72.758
579.51	72.470
579.71	72.210
579.91	71.965
580.12	71.757
580.32	71.568
580.52	71.417
580.72	71.277
580.92	71.167
581.12	71.072
581.32	71.015
581.52	71.004
581.72	70.997
581.92	71.024
582.13	71.088
582.33	71.156
582.53	71.265
582.73	71.390
582.93	71.546
583.13	71.732
583.33	71.951
583.53	72.185
583.73	72.449
583.93	72.732
584.13	73.040
584.34	73.378
584.54	73.704
584.74	74.043
584.94	74.424
585.14	74.811
585.34	75.213
585.54	75.593
585.74	75.989
585.94	76.414
586.14	76.853
586.34	77.277
586.54	77.726
586.74	78.175
586.94	78.633
587.15	79.091
587.35	79.534
587.55	79.970
587.75	80.410
587.95	80.828
588.15	81.238
588.35	81.638
588.55	82.032
588.75	82.428
588.95	82.813
589.15	83.176
589.35	83.527
589.55	83.860
589.75	84.213
589.95	84.520
590.15	84.806
590.35	85.062
590.55	85.315
590.75	85.537
590.95	85.731
591.15	85.904
591.35	86.045
591.56	86.168
591.76	86.268
591.96	86.343
592.16	86.406
592.36	86.443
592.56	86.462
592.76	86.443
592.96	86.417
593.16	86.344
593.36	86.256
593.56	86.154
593.76	86.040
593.96	85.875
594.16	85.711
594.36	85.522
594.56	85.312
594.76	85.076
594.96	84.832
595.16	84.554
595.36	84.265
595.56	83.949
595.76	83.610
595.96	83.251
596.16	82.896
596.36	82.519
596.56	82.142
596.76	81.733
596.96	81.321
597.16	80.901
597.36	80.490
597.56	80.059
597.76	79.614
597.96	79.165
598.16	78.722
598.36	78.275
598.56	77.821
598.76	77.375
598.96	76.942
599.16	76.502
599.36	76.092
599.56	75.682
599.76	75.274
599.96	74.884
600.15	74.508
600.35	74.144
600.55	73.793
600.75	73.435
600.95	73.112
601.15	72.792
601.35	72.483
601.55	72.196
601.75	71.940
601.95	71.698
602.15	71.485
602.35	71.272
602.55	71.092
602.75	70.939
602.95	70.797
603.15	70.663
603.35	70.573
603.55	70.492
603.75	70.429
603.95	70.398
604.15	70.394
604.35	70.416
604.54	70.453
604.74	70.530
604.94	70.626
605.14	70.730
605.34	70.869
605.54	71.040
605.74	71.232
605.94	71.433
606.14	71.663
606.34	71.903
606.54	72.174
606.74	72.465
606.94	72.765
607.14	73.091
607.33	73.442
607.53	73.791
607.73	74.150
607.93	74.513
608.13	74.892
608.33	75.284
608.53	75.667
608.73	76.074
608.93	76.462
609.13	76.866
609.33	77.283
609.52	77.700
609.72	78.109
609.92	78.509
610.12	78.921
610.32	79.327
610.52	79.745
610.72	80.141
610.92	80.530
611.12	80.918
611.31	81.301
611.51	81.670
611.71	82.028
611.91	82.390
612.11	82.753
612.31	83.101
612.51	83.420
612.71	83.744
612.91	84.033
613.10	84.322
613.30	84.619
613.50	84.883
613.70	85.124
613.90	85.338
614.10	85.536
614.30	85.703
614.50	85.862
614.69	85.979
614.89	86.095
615.09	86.189
615.29	86.263
615.49	86.314
615.69	86.343
615.89	86.362
616.08	86.358
616.28	86.325
616.48	86.274
616.68	86.196
616.88	86.101
617.08	85.984
617.27	85.863
617.47	85.702
617.67	85.524
617.87	85.328
618.07	85.129
618.27	84.913
618.47	84.692
618.66	84.439
618.86	84.185
619.06	83.901
619.26	83.613
619.46	83.311
619.66	82.983
619.85	82.644
620.05	82.290
620.25	81.912
620.45	81.538
620.65	81.148
620.84	80.785
621.04	80.399
621.24	80.030
621.44	79.622
621.64	79.201
621.84	78.799
622.03	78.390
622.23	77.981
622.43	77.576
622.63	77.174
622.83	76.772
623.02	76.373
623.22	75.989
623.42	75.584
623.62	75.200
623.82	74.836
624.01	74.469
624.21	74.111
624.41	73.775
624.61	73.452
624.81	73.148
625.00	72.831
625.20	72.534
625.40	72.241
625.60	71.979
625.79	71.743
625.99	71.529
626.19	71.317
626.39	71.127
626.59	70.951
626.78	70.805
626.98	70.673
627.18	70.554
627.38	70.459
627.57	70.412
627.77	70.364
627.97	70.332
628.17	70.336
628.37	70.351
628.56	70.401
628.76	70.456
628.96	70.528
629.16	70.620
629.35	70.756
629.55	70.901
629.75	71.065
629.95	71.246
630.14	71.433
630.34	71.655
630.54	71.885
630.74	72.128
630.93	72.386
631.13	72.655
631.33	72.935
631.53	73.209
631.72	73.498
631.92	73.813
632.12	74.146
632.31	74.476
632.51	74.842
632.71	75.201
632.91	75.561
633.10	75.934
633.30	76.328
633.50	76.693
633.70	77.084
633.89	77.467
634.09	77.864
634.29	78.255
634.48	78.640
634.68	79.042
634.88	79.443
635.08	79.840
635.27	80.248
635.47	80.649
635.67	81.060
635.86	81.461
636.06	81.847
636.26	82.207
636.46	82.573
636.65	82.918
636.85	83.273
637.05	83.615
637.24	83.931
637.44	84.240
637.64	84.543
637.83	84.841
638.03	85.133
638.23	85.382
638.43	85.635
638.62	85.864
638.82	86.061
639.02	86.256
639.21	86.425
639.41	86.571
639.61	86.721
639.80	86.850
640.00	86.956
640.20	87.068
640.39	87.173
640.59	87.245
640.79	87.305
640.98	87.334
641.18	87.352
641.38	87.366
641.57	87.342
641.77	87.303
641.97	87.233
642.16	87.153
642.36	87.070
642.56	86.963
642.75	86.859
642.95	86.726
643.15	86.579
643.34	86.431
643.54	86.261
643.74	86.057
643.93	85.845
644.13	85.600
644.33	85.332
644.52	85.064
644.72	84.794
644.91	84.505
645.11	84.192
645.31	83.880
645.50	83.568
645.70	83.254
645.90	82.936
646.09	82.596
646.29	82.243
646.48	81.884
646.68	81.508
646.88	81.134
647.07	80.761
647.27	80.378
647.47	79.986
647.66	79.607
647.86	79.221
648.05	78.841
648.25	78.473
648.45	78.099
648.64	77.715
648.84	77.349
649.04	76.972
649.23	76.603
649.43	76.248
649.62	75.883
649.82	75.516
650.02	75.167
650.21	74.831
650.41	74.521
650.60	74.216
650.80	73.946
651.00	73.649
651.19	73.385
651.39	73.128
651.58	72.879
651.78	72.652
651.97	72.455
652.17	72.258
652.37	72.068
652.56	71.916
652.76	71.772
652.95	71.636
653.15	71.543
653.35	71.455
653.54	71.373
653.74	71.300
653.93	71.258
654.13	71.233
654.32	71.212
654.52	71.191
654.72	71.207
654.91	71.230
655.11	71.284
655.30	71.357
655.50	71.448
655.69	71.556
655.89	71.664
656.08	71.781
656.28	71.926
656.48	72.093
656.67	72.263
656.87	72.452
657.06	72.645
657.26	72.846
657.45	73.072
657.65	73.319
657.84	73.591
658.04	73.856
658.23	74.143
658.43	74.448
658.62	74.769
658.82	75.084
659.02	75.412
659.21	75.760
659.41	76.099
659.60	76.446
659.80	76.802
659.99	77.184
660.19	77.559
660.38	77.942
660.58	78.313
660.77	78.701
660.97	79.074
661.16	79.453
661.36	79.823
661.55	80.210
661.75	80.588
661.94	80.957
662.14	81.340
662.33	81.723
662.53	82.095
662.72	82.464
662.92	82.822
663.11	83.164
663.31	83.517
663.50	83.868
663.70	84.217
663.89	84.555
664.09	84.872
664.28	85.197
664.48	85.495
664.67	85.808
664.87	86.081
665.06	86.366
665.26	86.632
665.45	86.889
665.65	87.127
665.84	87.371
666.04	87.595
666.23	87.779
666.43	87.941
666.62	88.101
666.82	88.241
667.01	88.374
667.21	88.499
667.40	88.590
667.59	88.690
667.79	88.751
667.98	88.787
668.18	88.812
668.37	88.817
668.57	88.838
668.76	88.824
668.96	88.792
669.15	88.748
669.35	88.710
669.54	88.641
669.73	88.564
669.93	88.466
670.12	88.365
670.32	88.272
670.51	88.149
670.71	88.013
670.90	87.875
671.10	87.724
671.29	87.546
671.48	87.354
671.68	87.144
671.87	86.935
672.07	86.710
672.26	86.509
672.46	86.271
672.65	86.015
672.84	85.752
673.04	85.491
673.23	85.214
673.43	84.919
673.62	84.635
673.82	84.339
674.01	84.003
674.20	83.678
674.40	83.336
674.59	83.004
674.79	82.678
674.98	82.332
675.17	81.985
675.37	81.652
675.56	81.310
675.76	80.959
675.95	80.590
676.14	80.247
676.34	79.869
676.53	79.515
676.73	79.154
676.92	78.786
677.11	78.427
677.31	78.070
677.50	77.730
677.70	77.379
677.89	77.026
678.08	76.709
678.28	76.390
678.47	76.086
678.66	75.792
678.86	75.502
679.05	75.217
679.25	74.948
679.44	74.688
679.63	74.455
679.83	74.216
680.02	74.005
680.21	73.800
680.41	73.607
680.60	73.409
680.79	73.232
680.99	73.073
681.18	72.914
681.38	72.781
681.57	72.667
681.76	72.572
681.96	72.494
682.15	72.419
682.34	72.345
682.54	72.286
682.73	72.250
682.92	72.211
683.12	72.209
683.31	72.218
683.50	72.239
683.70	72.269
683.89	72.305
684.08	72.368
684.28	72.442
684.47	72.530
684.66	72.644
684.86	72.768
685.05	72.909
685.24	73.071
685.44	73.232
685.63	73.400
685.82	73.590
686.02	73.778
686.21	74.010
686.40	74.245
686.60	74.500
686.79	74.760
686.98	75.032
687.18	75.312
687.37	75.593
687.56	75.875
687.75	76.172
687.95	76.483
688.14	76.792
688.33	77.118
688.53	77.448
688.72	77.795
688.91	78.139
689.11	78.478
689.30	78.849
689.49	79.226
689.68	79.595
689.88	79.956
690.07	80.321
690.26	80.667
690.46	81.033
690.65	81.379
690.84	81.730
691.03	82.095
691.23	82.450
691.42	82.804
691.61	83.163
691.80	83.504
692.00	83.850
692.19	84.178
692.38	84.507
692.58	84.836
692.77	85.149
692.96	85.454
693.15	85.763
693.35	86.051
693.54	86.351
693.73	86.650
693.92	86.922
694.12	87.208
694.31	87.466
694.50	87.740
694.69	87.982
694.89	88.216
695.08	88.428
695.27	88.656
695.46	88.859
695.66	89.062
695.85	89.260
696.04	89.448
696.23	89.649
696.43	89.820
696.62	89.962
696.81	90.092
697.00	90.228
697.19	90.351
697.39	90.445
697.58	90.525
697.77	90.579
697.96	90.653
698.16	90.693
698.35	90.755
698.54	90.767
698.73	90.805
698.92	90.797
699.12	90.790
699.31	90.759
699.50	90.726
699.69	90.682
699.89	90.617
700.08	90.545
700.27	90.444
700.46	90.350
700.65	90.242
700.85	90.148
701.04	90.018
701.23	89.866
701.42	89.716
701.61	89.553
701.81	89.379
702.00	89.185
702.19	88.992
702.38	88.765
702.57	88.553
702.76	88.304
702.96	88.073
703.15	87.822
703.34	87.553
703.53	87.278
703.72	86.973
703.92	86.670
704.11	86.365
704.30	86.046
704.49	85.729
704.68	85.419
704.87	85.070
705.07	84.737
705.26	84.409
705.45	84.100
705.64	83.759
705.83	83.444
706.02	83.112
706.21	82.796
706.41	82.465
706.60	82.116
706.79	81.795
706.98	81.479
707.17	81.146
707.36	80.823
707.56	80.524
707.75	80.220
707.94	79.922
708.13	79.627
708.32	79.348
708.51	79.053
708.70	78.784
708.89	78.510
709.09	78.236
709.28	77.977
709.47	77.680
709.66	77.407
709.85	77.140
710.04	76.879
710.23	76.601
710.42	76.372
710.62	76.140
710.81	75.885
711.00	75.645
711.19	75.437
711.38	75.230
711.57	75.010
711.76	74.816
711.95	74.646
712.15	74.483
712.34	74.330
712.53	74.184
712.72	74.038
712.91	73.937
713.10	73.833
713.29	73.739
713.48	73.659
713.67	73.611
713.86	73.574
714.05	73.540
714.25	73.521
714.44	73.490
714.63	73.488
714.82	73.525
715.01	73.560
715.20	73.623
715.39	73.674
715.58	73.752
715.77	73.848
715.96	73.944
716.15	74.041
716.34	74.130
716.54	74.249
716.73	74.379
716.92	74.502
717.11	74.647
717.30	74.809
717.49	74.986
717.68	75.173
717.87	75.331
718.06	75.544
718.25	75.772
718.44	76.010
718.63	76.255
718.82	76.495
719.01	76.743
719.20	76.992
719.39	77.265
719.58	77.537
719.77	77.802
719.96	78.058
720.16	78.333
720.35	78.634
720.54	78.929
720.73	79.229
720.92	79.532
721.11	79.864
721.30	80.177
721.49	80.495
721.68	80.821
721.87	81.173
722.06	81.499
722.25	81.820
722.44	82.148
722.63	82.467
722.82	82.780
723.01	83.085
723.20	83.386
723.39	83.700
723.58	84.041
723.77	84.377
723.96	84.719
724.15	85.070
724.34	85.399
724.53	85.727
724.72	86.028
724.91	86.357
725.10	86.677
725.29	86.977
725.48	87.307
725.67	87.580
725.86	87.842
726.05	88.117
726.24	88.379
726.43	88.628
726.62	88.878
726.81	89.157
727.00	89.415
727.19	89.683
727.38	89.932
727.57	90.145
727.76	90.357
727.95	90.557
728.14	90.730
728.33	90.907
728.52	91.074
728.71	91.240
728.90	91.392
729.09	91.512
729.28	91.623
729.47	91.714
729.65	91.820
729.84	91.931
730.03	92.029
730.22	92.115
730.41	92.204
730.60	92.287
730.79	92.316
730.98	92.359
731.17	92.400
731.36	92.408
731.55	92.401
731.74	92.392
731.93	92.376
732.12	92.350
732.31	92.327
732.50	92.312
732.69	92.296
732.88	92.232
733.06	92.160
733.25	92.098
733.44	92.031
733.63	91.936
733.82	91.830
734.01	91.694
734.20	91.558
734.39	91.399
734.58	91.247
734.77	91.108
734.96	90.938
735.15	90.744
735.33	90.544
735.52	90.362
735.71	90.162
735.90	89.943
736.09	89.713
736.28	89.461
736.47	89.200
736.66	88.928
736.85	88.666
737.04	88.378
737.23	88.107
737.41	87.807
737.60	87.540
737.79	87.233
737.98	86.952
738.17	86.664
738.36	86.400
738.55	86.121
738.74	85.836
738.92	85.543
739.11	85.259
739.30	84.958
739.49	84.641
739.68	84.346
739.87	84.072
740.06	83.802
740.25	83.502
740.43	83.222
740.62	82.928
740.81	82.623
741.00	82.353
741.19	82.047
741.38	81.748
741.57	81.443
741.75	81.172
741.94	80.874
742.13	80.579
742.32	80.263
742.51	79.965
742.70	79.678
742.89	79.410
743.07	79.128
743.26	78.863
743.45	78.580
743.64	78.325
743.83	78.049
744.02	77.751
744.20	77.507
744.39	77.251
744.58	77.019
744.77	76.803
744.96	76.606
745.15	76.438
745.33	76.275
745.52	76.109
745.71	75.946
745.90	75.797
746.09	75.669
746.28	75.550
746.46	75.404
746.65	75.261
746.84	75.145
747.03	75.033
747.22	74.939
747.40	74.875
747.59	74.795
747.78	74.732
747.97	74.715
748.16	74.685
748.34	74.642
748.53	74.625
748.72	74.619
748.91	74.590
749.10	74.570
749.28	74.579
749.47	74.609
749.66	74.629
749.85	74.644
750.04	74.670
750.22	74.700
750.41	74.769
750.60	74.853
750.79	74.913
750.97	74.990
751.16	75.093
751.35	75.187
751.54	75.278
751.73	75.405
751.91	75.518
752.10	75.677
752.29	75.815
752.48	75.977
752.66	76.146
752.85	76.326
753.04	76.507
753.23	76.703
753.41	76.877
753.60	77.092
753.79	77.321
753.98	77.538
754.16	77.769
754.35	77.996
754.54	78.222
754.73	78.485
754.91	78.748
755.10	78.999
755.29	79.277
755.48	79.546
755.66	79.814
755.85	80.095
756.04	80.346
756.22	80.641
756.41	80.907
756.60	81.178
756.79	81.471
756.97	81.768
757.16	82.022
757.35	82.322
757.54	82.615
757.72	82.902
757.91	83.201
758.10	83.499
758.28	83.789
758.47	84.077
758.66	84.385
758.85	84.678
759.03	84.980
759.22	85.273
759.41	85.581
759.59	85.877
759.78	86.172
759.97	86.451
760.15	86.719
760.34	87.028
760.53	87.303
760.71	87.556
760.90	87.844
761.09	88.125
761.28	88.392
761.46	88.648
761.65	88.911
761.84	89.178
762.02	89.439
762.21	89.720
762.40	89.955
762.58	90.164
762.77	90.379
762.96	90.601
763.14	90.835
763.33	91.036
763.52	91.212
763.70	91.369
763.89	91.555
764.08	91.744
764.26	91.872
764.45	92.037
764.64	92.211
764.82	92.329
765.01	92.453
765.20	92.555
765.38	92.667
765.57	92.743
765.75	92.819
765.94	92.865
766.13	92.929
766.31	93.009
766.50	93.066
766.69	93.157
766.87	93.231
767.06	93.261
767.25	93.308
767.43	93.374
767.62	93.439
767.80	93.472
767.99	93.479
768.18	93.478
768.36	93.471
768.55	93.453
768.74	93.430
768.92	93.404
769.11	93.401
769.29	93.358
769.48	93.338
769.67	93.274
769.85	93.235
770.04	93.114
770.22	93.014
770.41	92.889
770.60	92.734
770.78	92.561
770.97	92.413
771.15	92.264
771.34	92.068
771.53	91.903
771.71	91.724
771.90	91.566
772.08	91.448
772.27	91.279
772.46	91.074
772.64	90.874
772.83	90.671
773.01	90.420
773.20	90.190
773.39	89.964
773.57	89.729
773.76	89.486
773.94	89.298
774.13	89.054
774.31	88.801
774.50	88.580
774.68	88.329
774.87	88.071
775.06	87.769
775.24	87.506
775.43	87.206
775.61	86.916
775.80	86.630
775.98	86.312
776.17	85.998
776.36	85.705
776.54	85.413
776.73	85.109
776.91	84.827
777.10	84.542
777.28	84.220
777.47	83.935
777.65	83.636
777.84	83.321
778.02	83.039
778.21	82.766
778.39	82.455
778.58	82.174
778.77	81.898
778.95	81.647
779.14	81.398
779.32	81.154
779.51	80.909
779.69	80.643
779.88	80.399
780.06	80.165
780.25	79.917
780.43	79.668
780.62	79.447
780.80	79.210
780.99	78.966
781.17	78.734
781.36	78.495
781.54	78.277
781.73	78.022
781.91	77.806
782.10	77.598
782.28	77.390
782.47	77.189
782.65	76.964
782.84	76.760
783.02	76.566
783.21	76.394
783.39	76.218
783.58	76.054
783.76	75.869
783.95	75.708
784.13	75.590
784.32	75.469
784.50	75.330
784.69	75.238
784.87	75.147
785.05	75.071
785.24	74.996
785.42	74.934
785.61	74.883
785.79	74.833
785.98	74.796
786.16	74.751
786.35	74.734
786.53	74.725
786.72	74.702
786.90	74.688
787.09	74.658
787.27	74.667
787.45	74.688
787.64	74.703
787.82	74.717
788.01	74.729
788.19	74.768
788.38	74.809
788.56	74.790
788.75	74.845
788.93	74.913
789.11	74.947
789.30	74.984
789.48	75.056
789.67	75.132
789.85	75.198
790.04	75.315
790.22	75.412
790.40	75.526
790.59	75.638
790.77	75.761
790.96	75.915
791.14	76.051
791.32	76.182
791.51	76.338
791.69	76.505
791.88	76.682
792.06	76.854
792.25	77.016
792.43	77.245
792.61	77.427
792.80	77.590
792.98	77.818
793.17	78.021
793.35	78.200
793.53	78.393
793.72	78.631
793.90	78.840
794.08	79.049
794.27	79.267
794.45	79.514
794.64	79.741
794.82	79.964
795.00	80.163
795.19	80.401
795.37	80.630
795.55	80.817
795.74	81.051
795.92	81.290
796.11	81.557
796.29	81.807
796.47	82.051
796.66	82.289
796.84	82.553
797.02	82.821
797.21	83.111
797.39	83.383
797.58	83.637
797.76	83.880
797.94	84.154
798.13	84.419
798.31	84.695
798.49	84.939
798.68	85.183
798.86	85.477
799.04	85.714
799.23	85.980
799.41	86.252
799.59	86.494
799.78	86.700
799.96	86.928
800.14	87.167
800.33	87.407
800.51	87.669
800.69	87.858
800.88	88.094
801.06	88.330
801.24	88.514
801.43	88.716
801.61	88.900
801.79	89.074
801.98	89.251
802.16	89.443
802.34	89.646
802.52	89.843
802.71	89.981
802.89	90.172
803.07	90.328
803.26	90.477
803.44	90.598
803.62	90.748
803.81	90.876
803.99	90.959
804.17	91.046
804.35	91.125
804.54	91.207
804.72	91.309
804.90	91.383
805.09	91.507
805.27	91.610
805.45	91.717
805.63	91.784
805.82	91.855
806.00	91.853
806.18	91.887
806.37	91.936
806.55	91.955
806.73	91.982
806.91	91.998
807.10	92.032
807.28	92.055
807.46	92.071
807.64	92.068
807.83	92.073
808.01	92.072
808.19	92.016
808.37	91.973
808.56	91.901
808.74	91.846
808.92	91.778
809.10	91.672
809.29	91.612
809.47	91.541
809.65	91.420
809.83	91.364
810.02	91.260
810.20	91.156
810.38	91.058
810.56	90.924
810.75	90.828
810.93	90.719
811.11	90.595
811.29	90.478
811.47	90.350
811.66	90.197
811.84	90.055
812.02	89.986
812.20	89.869
812.39	89.747
812.57	89.610
812.75	89.479
812.93	89.374
813.11	89.215
813.30	89.085
813.48	88.970
813.66	88.803
813.84	88.645
814.02	88.467
814.21	88.322
814.39	88.125
814.57	87.934
814.75	87.727
814.93	87.528
815.12	87.308
815.30	87.093
815.48	86.890
815.66	86.665
815.84	86.404
816.03	86.156
816.21	85.879
816.39	85.632
816.57	85.323
816.75	85.013
816.93	84.721
817.12	84.407
817.30	84.097
817.48	83.796
817.66	83.530
817.84	83.261
818.02	83.006
818.21	82.728
818.39	82.467
818.57	82.193
818.75	81.973
818.93	81.712
819.11	81.446
819.30	81.191
819.48	80.961
819.66	80.742
819.84	80.543
820.02	80.318
820.20	80.086
820.38	79.864
820.57	79.647
820.75	79.454
820.93	79.250
821.11	79.046
821.29	78.864
821.47	78.644
821.65	78.429
821.83	78.198
822.02	78.007
822.20	77.792
822.38	77.622
822.56	77.364
822.74	77.141
822.92	76.893
823.10	76.686
823.28	76.438
823.46	76.210
823.65	75.968
823.83	75.764
824.01	75.548
824.19	75.336
824.37	75.132
824.55	74.901
824.73	74.713
824.91	74.514
825.09	74.312
825.27	74.128
825.46	73.922
825.64	73.714
825.82	73.546
826.00	73.355
826.18	73.186
826.36	73.044
826.54	72.919
826.72	72.845
826.90	72.737
827.08	72.650
827.26	72.566
827.44	72.470
827.63	72.379
827.81	72.312
827.99	72.271
828.17	72.215
828.35	72.173
828.53	72.118
828.71	72.101
828.89	72.072
829.07	72.049
829.25	72.024
829.43	72.042
829.61	72.020
829.79	72.009
829.97	72.009
830.15	71.982
830.33	71.985
830.51	71.964
830.69	71.972
830.87	71.938
831.06	71.949
831.24	71.970
831.42	71.987
831.60	71.983
831.78	72.016
831.96	72.070
832.14	72.132
832.32	72.197
832.50	72.245
832.68	72.288
832.86	72.330
833.04	72.423
833.22	72.469
833.40	72.568
833.58	72.640
833.76	72.707
833.94	72.834
834.12	72.955
834.30	73.085
834.48	73.184
834.66	73.350
834.84	73.443
835.02	73.594
835.20	73.744
835.38	73.916
835.56	74.076
835.74	74.235
835.92	74.406
836.10	74.556
836.28	74.710
836.46	74.895
836.64	75.067
836.82	75.212
837.00	75.396
837.18	75.562
837.36	75.771
837.54	75.958
837.72	76.143
837.90	76.332
838.08	76.527
838.26	76.726
838.43	76.908
838.61	77.126
838.79	77.315
838.97	77.516
839.15	77.717
839.33	77.911
839.51	78.065
839.69	78.237
839.87	78.436
840.05	78.661
840.23	78.860
840.41	79.059
840.59	79.223
840.77	79.428
840.95	79.603
841.13	79.769
841.31	79.941
841.49	80.094
841.67	80.232
841.84	80.406
842.02	80.542
842.20	80.735
842.38	80.868
842.56	81.016
842.74	81.172
842.92	81.278
843.10	81.422
843.28	81.613
843.46	81.756
843.64	81.859
843.82	81.997
843.99	82.120
844.17	82.294
844.35	82.531
844.53	82.699
844.71	82.900
844.89	83.032
845.07	83.227
845.25	83.421
845.43	83.608
845.61	83.772
845.78	83.990
845.96	84.156
846.14	84.358
846.32	84.554
846.50	84.707
846.68	84.939
846.86	85.112
847.04	85.269
847.22	85.377
847.39	85.560
847.57	85.676
847.75	85.805
847.93	85.878
848.11	85.978
848.29	86.113
848.47	86.183
848.65	86.329
848.82	86.381
849.00	86.463
849.18	86.518
849.36	86.558
849.54	86.619
849.72	86.623
849.89	86.679
850.07	86.746
850.25	86.760
850.43	86.724
850.61	86.723
850.79	86.691
850.97	86.759
851.14	86.780
851.32	86.778
851.50	86.796
851.68	86.856
851.86	86.906
852.04	86.886
852.21	86.921
852.39	86.935
852.57	87.002
852.75	87.014
852.93	87.020
853.10	87.012
853.28	86.971
853.46	86.966
853.64	86.901
853.82	86.828
854.00	86.861
854.17	86.820
854.35	86.750
854.53	86.718
854.71	86.639
854.89	86.531
855.06	86.498
855.24	86.452
855.42	86.366
855.60	86.221
855.78	86.128
855.95	86.014
856.13	85.915
856.31	85.735
856.49	85.597
856.66	85.499
856.84	85.343
857.02	85.282
857.20	85.208
857.38	85.053
857.55	84.916
857.73	84.687
857.91	84.585
858.09	84.423
858.26	84.280
858.44	84.144
858.62	84.018
858.80	83.840
858.97	83.661
859.15	83.472
859.33	83.270
859.51	83.111
859.68	82.929
859.86	82.730
860.04	82.561
860.22	82.354
860.39	82.145
860.57	81.937
860.75	81.661
860.93	81.424
861.10	81.287
861.28	81.103
861.46	80.894
861.64	80.690
861.81	80.538
861.99	80.324
862.17	80.094
862.35	79.893
862.52	79.734
862.70	79.529
862.88	79.357
863.05	79.149
863.23	78.918
863.41	78.724
863.59	78.509
863.76	78.342
863.94	78.144
864.12	77.955
864.29	77.788
864.47	77.567
864.65	77.377
864.83	77.116
865.00	76.884
865.18	76.723
865.36	76.527
865.53	76.312
865.71	76.158
865.89	75.959
866.06	75.742
866.24	75.489
866.42	75.288
866.59	75.057
866.77	74.899
866.95	74.694
867.12	74.441
867.30	74.264
867.48	74.016
867.65	73.813
867.83	73.591
868.01	73.404
868.18	73.204
868.36	73.000
868.54	72.842
868.71	72.684
868.89	72.517
869.07	72.325
869.24	72.155
869.42	71.953
869.60	71.795
869.77	71.671
869.95	71.512
870.13	71.347
870.30	71.229
870.48	71.034
870.66	70.883
870.83	70.770
871.01	70.570
871.18	70.450
871.36	70.324
871.54	70.175
871.71	70.048
871.89	69.947
872.07	69.768
872.24	69.633
872.42	69.532
872.59	69.398
872.77	69.259
872.95	69.155
873.12	69.004
873.30	68.866
873.48	68.750
873.65	68.632
873.83	68.526
874.00	68.391
874.18	68.305
874.36	68.231
874.53	68.139
874.71	68.070
874.88	67.987
875.06	67.938
875.24	67.925
875.41	67.862
875.59	67.829
875.76	67.847
875.94	67.791
876.11	67.670
876.29	67.578
876.47	67.544
876.64	67.479
876.82	67.430
876.99	67.388
877.17	67.343
877.35	67.334
877.52	67.297
877.70	67.256
877.87	67.239
878.05	67.232
878.22	67.240
878.40	67.272
878.57	67.263
878.75	67.223
878.93	67.169
879.10	67.157
879.28	67.158
879.45	67.160
879.63	67.141
879.80	67.139
879.98	67.186
880.15	67.206
880.33	67.245
880.50	67.297
880.68	67.399
880.86	67.458
881.03	67.525
881.21	67.613
881.38	67.692
881.56	67.855
881.73	67.914
881.91	67.980
882.08	68.044
882.26	68.171
882.43	68.288
882.61	68.467
882.78	68.597
882.96	68.729
883.13	68.849
883.31	68.995
883.48	69.198
883.66	69.358
883.83	69.526
884.01	69.641
884.18	69.849
884.36	69.987
884.53	70.113
884.71	70.253
884.88	70.355
885.06	70.522
885.23	70.588
885.41	70.726
885.58	70.844
885.76	71.006
885.93	71.069
886.11	71.243
886.28	71.348
886.46	71.471
886.63	71.598
886.81	71.718
886.98	71.902
887.15	72.003
887.33	72.162
887.50	72.351
887.68	72.517
887.85	72.610
888.03	72.756
888.20	72.921
888.38	73.076
888.55	73.252
888.73	73.332
888.90	73.460
889.08	73.609
889.25	73.733
889.42	73.868
889.60	74.074
889.77	74.156
889.95	74.302
890.12	74.394
890.30	74.492
890.47	74.584
890.64	74.721
890.82	74.866
890.99	74.982
891.17	75.072
891.34	75.197
891.52	75.327
891.69	75.455
891.86	75.585
892.04	75.701
892.21	75.857
892.39	76.098
892.56	76.278
892.73	76.367
892.91	76.525
893.08	76.721
893.26	76.817
893.43	76.986
893.60	77.083
893.78	77.260
893.95	77.436
894.13	77.695
894.30	77.856
894.47	78.060
894.65	78.203
894.82	78.374
895.00	78.508
895.17	78.671
895.34	78.841
895.52	79.010
895.69	79.139
895.86	79.272
896.04	79.321
896.21	79.483
896.39	79.692
896.56	79.854
896.73	79.872
896.91	79.944
897.08	80.047
897.25	80.229
897.43	80.294
897.60	80.385
897.77	80.384
897.95	80.374
898.12	80.380
898.30	80.486
898.47	80.503
898.64	80.567
898.82	80.605
898.99	80.598
899.16	80.603
899.34	80.598
899.51	80.527
899.68	80.517
899.86	80.471
900.03	80.407
900.20	80.376
900.38	80.415
900.55	80.499
900.72	80.441
900.90	80.376
901.07	80.482
901.24	80.461
901.41	80.488
901.59	80.518
901.76	80.505
901.93	80.458
902.11	80.404
902.28	80.398
902.45	80.496
902.63	80.539
902.80	80.513
902.97	80.516
903.15	80.622
903.32	80.700
903.49	80.710
903.66	80.755
903.84	80.778
904.01	80.763
904.18	80.757
904.36	80.792
904.53	80.775
904.70	80.714
904.87	80.697
905.05	80.614
905.22	80.638
905.39	80.625
905.56	80.563
905.74	80.535
905.91	80.459
906.08	80.325
906.26	80.228
906.43	80.136
906.60	80.046
906.77	79.889
906.95	79.774
907.12	79.653
907.29	79.496
907.46	79.465
907.64	79.361
907.81	79.241
907.98	79.068
908.15	78.966
908.33	78.840
908.50	78.720
908.67	78.640
908.84	78.514
909.01	78.360
909.19	78.287
909.36	78.167
909.53	78.039
909.70	77.815
909.88	77.714
910.05	77.551
910.22	77.489
910.39	77.364
910.57	77.263
910.74	77.175
910.91	77.120
911.08	76.904
911.25	76.760
911.43	76.630
911.60	76.511
911.77	76.356
911.94	76.134
912.11	75.974
912.29	75.756
912.46	75.504
912.63	75.297
912.80	75.058
912.97	74.867
913.15	74.714
913.32	74.594
913.49	74.379
913.66	74.295
913.83	74.064
914.00	73.847
914.18	73.641
914.35	73.437
914.52	73.157
914.69	72.944
914.86	72.757
915.03	72.553
915.21	72.424
915.38	72.218
915.55	72.123
915.72	71.948
915.89	71.820
916.06	71.739
916.24	71.666
916.41	71.519
916.58	71.389
916.75	71.192
916.92	71.007
917.09	70.811
917.26	70.547
917.44	70.329
917.61	70.216
917.78	70.012
917.95	69.849
918.12	69.660
918.29	69.565
918.46	69.359
918.64	69.189
918.81	69.024
918.98	68.878
919.15	68.686
919.32	68.533
919.49	68.309
919.66	68.096
919.83	67.897
920.00	67.711
920.18	67.563
920.35	67.513
920.52	67.397
920.69	67.335
920.86	67.311
921.03	67.213
921.20	67.050
921.37	66.923
921.54	66.674
921.71	66.570
921.89	66.387
922.06	66.311
922.23	66.194
922.40	66.058
922.57	65.860
922.74	65.768
922.91	65.685
923.08	65.613
923.25	65.500
923.42	65.385
923.59	65.336
923.76	65.128
923.93	64.903
924.11	64.724
924.28	64.586
924.45	64.448
924.62	64.431
924.79	64.338
924.96	64.173
925.13	64.133
925.30	64.015
925.47	63.855
925.64	63.764
925.81	63.683
925.98	63.617
926.15	63.588
926.32	63.412
926.49	63.283
926.66	63.195
926.83	63.092
927.00	63.067
927.17	62.942
927.34	63.004
927.51	62.973
927.69	63.011
927.86	62.961
928.03	62.841
928.20	62.775
928.37	62.679
928.54	62.712
928.71	62.675
928.88	62.710
929.05	62.750
929.22	62.739
929.39	62.685
929.56	62.602
929.73	62.551
929.90	62.621
930.07	62.615
930.24	62.558
930.41	62.584
930.58	62.622
930.75	62.687
930.92	62.600
931.09	62.573
931.26	62.529
931.43	62.500
931.60	62.509
931.77	62.454
931.94	62.515
932.11	62.530
932.27	62.555
932.44	62.576
932.61	62.603
932.78	62.563
932.95	62.663
933.12	62.630
933.29	62.659
933.46	62.647
933.63	62.592
933.80	62.614
933.97	62.611
934.14	62.582
934.31	62.515
934.48	62.577
934.65	62.611
934.82	62.685
934.99	62.721
935.16	62.773
935.33	62.835
935.50	62.974
935.67	63.060
935.84	63.094
936.00	63.106
936.17	63.150
936.34	63.270
936.51	63.259
936.68	63.299
936.85	63.347
937.02	63.461
937.19	63.530
937.36	63.680
937.53	63.679
937.70	63.774
937.87	63.888
938.03	63.884
938.20	63.954
938.37	64.021
938.54	64.096
938.71	64.158
938.88	64.271
939.05	64.171
939.22	64.116
939.39	64.200
939.56	64.384
939.72	64.452
939.89	64.490
940.06	64.539
940.23	64.643
940.40	64.735
940.57	64.860
940.74	65.013
940.91	65.068
941.08	65.267
941.24	65.348
941.41	65.501
941.58	65.734
941.75	65.880
941.92	66.031
942.09	66.162
942.26	66.266
942.42	66.340
942.59	66.583
942.76	66.967
942.93	67.123
943.10	67.129
943.27	67.283
943.44	67.421
943.60	67.612
943.77	67.631
943.94	67.852
944.11	67.902
944.28	67.991
944.45	68.146
944.61	68.234
944.78	68.261
944.95	68.296
945.12	68.506
945.29	68.609
945.46	68.576
945.62	68.598
945.79	68.810
945.96	69.110
946.13	69.250
946.30	69.232
946.46	69.397
946.63	69.508
946.80	69.650
946.97	69.817
947.14	69.907
947.31	70.439
947.47	70.651
947.64	70.841
947.81	71.015
947.98	71.186
948.15	71.296
948.31	71.538
948.48	71.706
948.65	71.715
948.82	71.872
948.98	72.067
949.15	72.389
949.32	72.434
949.49	72.426
949.66	72.494
949.82	72.553
949.99	72.669
950.16	72.780
950.33	72.760
950.49	72.865
950.66	72.818
950.83	72.635
951.00	72.483
951.16	72.277
951.33	72.317
951.50	72.232
951.67	72.275
951.83	72.291
952.00	72.308
952.17	72.252
952.34	72.242
952.50	72.388
952.67	72.334
952.84	72.403
953.01	72.312
953.17	72.338
953.34	72.440
953.51	72.384
953.68	72.303
953.84	72.252
954.01	72.189
954.18	72.166
954.34	72.237
954.51	72.317
954.68	72.463
954.85	72.469
955.01	72.637
955.18	72.906
955.35	72.682
955.51	72.644
955.68	72.736
955.85	72.952
956.02	72.815
956.18	72.889
956.35	72.819
956.52	72.896
956.68	72.901
956.85	72.809
957.02	72.866
957.18	72.954
957.35	72.984
957.52	73.033
957.69	73.153
957.85	73.230
958.02	73.120
958.19	73.052
958.35	73.041
958.52	72.806
958.69	72.513
958.85	72.706
959.02	72.827
959.19	72.591
959.35	72.437
959.52	72.500
959.69	72.449
959.85	72.483
960.02	72.505
960.19	72.423
960.35	72.333
960.52	72.262
960.68	72.204
960.85	72.311
961.02	72.083
961.18	72.082
961.35	71.809
961.52	71.840
961.68	71.803
961.85	71.714
962.02	71.804
962.18	71.799
962.35	71.571
962.51	71.405
962.68	71.445
962.85	71.356
963.01	71.071
963.18	70.981
963.35	70.628
963.51	70.419
963.68	70.385
963.84	70.170
964.01	70.176
964.18	70.069
964.34	69.829
964.51	69.705
964.67	69.475
964.84	69.447
965.01	69.232
965.17	69.002
965.34	69.017
965.50	68.732
965.67	68.668
965.84	68.645
966.00	68.728
966.17	68.829
966.33	68.686
966.50	68.589
966.66	68.539
966.83	68.636
967.00	68.579
967.16	68.428
967.33	68.404
967.49	68.184
967.66	68.342
967.82	68.175
967.99	68.314
968.16	68.362
968.32	68.242
968.49	68.065
968.65	68.271
968.82	68.165
968.98	68.234
969.15	67.919
969.31	67.657
969.48	67.399
969.64	67.075
969.81	67.046
969.98	67.026
970.14	66.681
970.31	66.567
970.47	66.277
970.64	66.023
970.80	66.090
970.97	65.633
971.13	65.285
971.30	65.209
971.46	65.001
971.63	64.710
971.79	64.822
971.96	64.848
972.12	64.566
972.29	64.080
972.45	63.975
972.62	63.995
972.78	64.100
972.95	63.696
973.11	63.463
973.28	63.306
973.44	63.300
973.61	63.522
973.77	63.360
973.94	63.417
974.10	63.514
974.27	63.405
974.43	63.700
974.60	63.612
974.76	63.539
974.93	63.511
975.09	63.395
975.26	63.091
975.42	63.072
975.59	62.869
975.75	63.295
975.92	63.162
976.08	62.679
976.24	62.513
976.41	62.366
976.57	62.474
976.74	62.408
976.90	62.020
977.07	61.539
977.23	61.546
977.40	61.358
977.56	60.793
977.73	60.475
977.89	60.173
978.05	59.843
978.22	59.662
978.38	59.340
978.55	59.125
978.71	58.972
978.88	58.944
979.04	58.928
979.20	58.596
979.37	58.519
979.53	58.557
979.70	58.637
979.86	58.925
980.03	58.718
980.19	58.615
980.35	58.688
980.52	58.559
980.68	58.606
980.85	58.595
981.01	58.753
981.17	58.745
981.34	58.589
981.50	58.577
981.67	58.630
981.83	58.577
981.99	58.534
982.16	58.269
982.32	57.417
982.49	57.424
982.65	57.353
982.81	57.492
982.98	57.546
983.14	57.400
983.30	56.961
983.47	56.910
983.63	56.703
983.80	56.479
983.96	56.298
984.12	56.639
984.29	56.744
984.45	56.983
984.61	56.742
984.78	57.095
984.94	57.348
985.10	57.810
985.27	57.670
985.43	58.046
985.59	58.464
985.76	59.041
985.92	59.164
986.08	59.473
986.25	58.973
986.41	59.501
986.57	59.051
986.74	59.458
986.90	59.432
987.06	59.262
987.23	59.200
987.39	59.001
987.55	58.008
987.72	57.699
987.88	56.848
988.04	57.266
988.21	57.559
988.37	57.250
988.53	56.572
988.70	56.926
988.86	56.314
989.02	55.903
989.19	55.632
989.35	55.687
989.51	54.912
989.67	54.953
989.84	54.408
990.00	54.353
990.16	54.584
990.33	54.718
990.49	55.171
990.65	55.487
990.82	55.887
990.98	55.969
991.14	55.973
991.30	56.976
991.47	56.323
991.63	56.197
991.79	57.078
991.95	57.308
992.12	57.303
992.28	57.737
992.44	58.098
992.61	58.212
992.77	58.267
992.93	58.906
993.09	58.957
993.26	59.245
993.42	59.896
993.58	59.564
993.74	59.406
993.91	59.020
994.07	58.755
994.23	58.984
994.39	59.127
994.55	59.334
994.72	58.835
994.88	58.981
995.04	58.570
995.20	58.246
995.37	57.819
995.53	57.844
995.69	57.563
995.85	57.059
996.02	57.274
996.18	57.574
996.34	57.126
996.50	57.241
996.66	58.096
996.83	57.597
996.99	56.856
997.15	57.526
997.31	57.410
997.47	57.775
997.64	57.736
997.80	58.309
997.96	58.838
998.12	59.200
998.28	60.319
998.45	60.928
998.61	60.861
998.77	60.877
998.93	61.195
999.09	62.613
999.25	62.882
999.42	63.790
999.58	63.348
999.74	63.130
999.90	62.929
1000.06	62.062
1000.22	62.487
1000.39	63.216
1000.55	62.752
1000.71	63.632
1000.87	63.481
1001.03	63.226
1001.19	63.085
1001.36	62.838
1001.52	62.329
1001.68	61.699
1001.84	62.242
1002.00	61.358
1002.16	61.406
1002.32	60.669
1002.49	59.039
1002.65	58.839
1002.81	58.292
1002.97	58.236
1003.13	58.484
1003.29	59.377
1003.45	59.306
1003.62	59.991
1003.78	59.758
1003.94	60.347
1004.10	59.430
1004.26	59.493
1004.42	59.515
1004.58	59.573
1004.74	59.800
1004.90	61.403
1005.07	61.323
1005.23	59.970
1005.39	61.185
1005.55	61.972
1005.71	61.989
1005.87	63.031
1006.03	64.202
1006.19	64.411
1006.35	64.206
1006.51	65.048
1006.67	65.050
1006.84	64.871
1007.00	64.295
1007.16	65.617
1007.32	63.980
1007.48	64.857
1007.64	66.335
1007.80	66.139
1007.96	64.842
1008.12	65.111
1008.28	63.222
1008.44	64.461
1008.60	65.197
1008.76	63.881
1008.92	62.719
1009.09	62.519
1009.25	62.090
1009.41	61.226
1009.57	61.800
1009.73	62.556
1009.89	63.318
1010.05	64.029
1010.21	65.540
1010.37	65.297
1010.53	66.458
1010.69	68.521
1010.85	68.215
1011.01	67.013
1011.17	66.284
1011.33	68.902
1011.49	68.964
1011.65	69.536
1011.81	68.855
1011.97	68.954
1012.13	71.398
1012.29	73.506
1012.45	75.264
1012.61	79.077
1012.77	77.043
1012.93	76.466
1013.09	74.864
1013.25	74.747
1013.41	75.298
1013.57	72.707
1013.73	72.028
1013.89	67.558
1014.05	69.683
1014.21	68.187
1014.37	66.263
1014.53	65.315
1014.69	64.542
1014.85	65.140
1015.01	67.563
1015.17	70.013
1015.33	71.153
1015.49	70.224
1015.65	71.357
1015.81	71.600
1015.97	68.097
1016.13	72.032
1016.29	70.751
1016.45	72.514
1016.61	73.455
1016.77	70.783
1016.93	72.256
1017.09	72.743
1017.25	74.583
1017.41	72.657
1017.56	74.414
1017.72	81.964
1017.88	83.533
1018.04	86.070
1018.20	84.180
1018.36	82.995
1018.52	80.923
1018.68	82.205
1018.84	83.128
1019.00	81.615
1019.16	83.075
1019.32	85.733
1019.48	85.843
1019.64	89.950
1019.79	87.309
1019.95	83.387
1020.11	88.886
1020.27	88.576
1020.43	94.099
1020.59	96.684
1020.75	94.432
1020.91	98.865
1021.07	90.102
1021.23	91.279
1021.39	85.685
1021.54	90.716
1021.70	89.552
1021.86	89.182
1022.02	86.729
1022.18	83.728
1022.34	86.036
1022.50	85.863
1022.66	83.743
1022.82	84.124
1022.97	83.277
1023.13	85.357
1023.29	90.751
1023.45	89.642
1023.61	91.200
1023.77	89.223
1023.93	90.143
1024.08	91.120
1024.24	87.272
1024.40	90.204
1024.56	97.735
1024.72	101.066
1024.88	90.633
1025.04	94.678
1025.19	90.836
1025.35	87.682
1025.51	91.613
1025.67	95.520
1025.83	89.263
1025.99	91.901
1026.14	88.940
1026.30	97.667
1026.46	101.259
1026.62	93.937
1026.78	85.463
1026.94	82.293
1027.09	79.714
1027.25	77.076
1027.41	78.557
1027.57	79.250
1027.73	78.377
1027.89	72.401
1028.04	71.275
1028.20	70.752
1028.36	71.450
1028.52	70.897
1028.68	71.655
1028.83	72.418
1028.99	68.764
1029.15	68.995
1029.31	68.629
1029.47	70.706
1029.62	69.592
1029.78	69.716
1029.94	71.531
1030.10	73.702
1030.25	76.326
1030.41	80.548
1030.57	83.207
1030.73	85.113
1030.89	85.295
1031.04	88.045
1031.20	94.965
1031.36	104.891
1031.52	111.903
1031.67	114.319
1031.83	120.629
1031.99	132.644
1032.15	118.716
1032.30	134.840
1032.46	158.862
1032.62	146.138
1032.78	129.625
1032.93	147.759
1033.09	126.244
1033.25	118.600
1033.41	124.536
1033.56	120.746
1033.72	42.500
1033.88	422.024
1034.04	53.671
1034.19	54.424
1034.35	80.439
1034.51	-37.391
1034.66	50.603
1034.82	1362.500
1034.98	1362.500
1035.14	1362.500
