345.22	46.320
345.43	46.320
345.65	46.320
345.86	43.175
346.08	147.292
346.29	8.333
346.51	33.964
346.72	33.030
346.94	-259.551
347.15	-97.079
347.37	195.079
347.58	226.462
347.80	252.387
348.01	212.014
348.23	143.183
348.44	133.008
348.66	119.634
348.87	120.487
349.09	113.369
349.30	100.226
349.52	92.577
349.73	95.031
349.95	94.082
350.16	95.996
350.38	92.538
350.59	86.405
350.81	84.914
351.02	83.509
351.24	82.886
351.45	81.211
351.67	83.060
351.88	82.126
352.10	78.612
352.31	77.879
352.53	82.069
352.74	84.174
352.96	84.680
353.17	84.249
353.39	85.699
353.60	87.532
353.82	88.707
354.03	89.266
354.25	84.599
354.46	79.700
354.67	76.969
354.89	75.092
355.10	78.937
355.32	77.723
355.53	78.676
355.75	79.649
355.96	81.317
356.18	81.029
356.39	80.967
356.61	85.445
356.82	84.756
357.04	80.290
357.25	79.720
357.46	79.179
357.68	78.614
357.89	77.221
358.11	76.049
358.32	78.763
358.54	76.846
358.75	78.493
358.97	80.708
359.18	83.663
359.40	83.336
359.61	83.755
359.82	85.608
360.04	85.585
360.25	83.923
360.47	80.263
360.68	79.371
360.90	79.418
361.11	76.972
361.32	77.239
361.54	81.265
361.75	80.793
361.97	82.016
362.18	83.079
362.40	84.130
362.61	85.219
362.83	85.136
363.04	86.435
363.25	87.762
363.47	88.948
363.68	86.339
363.90	89.655
364.11	89.732
364.32	89.529
364.54	87.902
364.75	85.252
364.97	88.836
365.18	87.987
365.40	85.566
365.61	85.454
365.82	86.844
366.04	85.711
366.25	85.575
366.47	84.033
366.68	82.374
366.89	83.283
367.11	80.972
367.32	81.521
367.54	78.732
367.75	78.628
367.96	77.444
368.18	78.734
368.39	77.809
368.61	78.007
368.82	79.368
369.03	81.692
369.25	85.706
369.46	86.410
369.68	87.124
369.89	88.640
370.10	88.861
370.32	88.569
370.53	87.893
370.75	84.398
370.96	86.590
371.17	87.765
371.39	85.323
371.60	85.821
371.81	86.596
372.03	88.550
372.24	88.954
372.46	92.316
372.67	92.646
372.88	91.312
373.10	90.676
373.31	88.987
373.52	88.701
373.74	86.769
373.95	85.522
374.17	86.555
374.38	88.271
374.59	89.226
374.81	87.527
375.02	86.128
375.23	89.347
375.45	86.932
375.66	84.630
375.87	85.786
376.09	86.113
376.30	84.678
376.52	86.632
376.73	83.730
376.94	81.909
377.16	82.892
377.37	86.956
377.58	87.280
377.80	88.434
378.01	89.488
378.22	91.181
378.44	92.076
378.65	93.991
378.86	94.070
379.08	94.326
379.29	94.753
379.50	97.426
379.72	97.605
379.93	100.845
380.14	104.059
380.36	105.172
380.57	106.688
380.78	107.098
381.00	107.843
381.21	109.626
381.42	110.710
381.64	111.079
381.85	110.605
382.06	110.696
382.28	110.779
382.49	110.350
382.70	110.798
382.92	111.037
383.13	110.290
383.34	110.845
383.56	111.816
383.77	113.092
383.98	112.712
384.20	113.681
384.41	113.782
384.62	114.055
384.83	114.562
385.05	114.961
385.26	115.872
385.47	116.684
385.69	117.576
385.90	118.376
386.11	119.095
386.33	120.040
386.54	120.894
386.75	121.586
386.97	122.707
387.18	123.455
387.39	124.375
387.60	124.849
387.82	125.304
388.03	125.691
388.24	126.227
388.46	126.641
388.67	126.796
388.88	126.766
389.09	126.646
389.31	126.434
389.52	126.195
389.73	125.645
389.95	125.179
390.16	124.616
390.37	124.179
390.58	123.706
390.80	122.977
391.01	122.413
391.22	121.851
391.44	120.958
391.65	120.229
391.86	119.487
392.07	119.156
392.29	118.675
392.50	118.137
392.71	117.597
392.92	117.301
393.14	116.884
393.35	116.693
393.56	116.651
393.78	116.658
393.99	116.907
394.20	117.274
394.41	117.549
394.63	117.864
394.84	118.402
395.05	119.102
395.26	119.733
395.48	120.452
395.69	121.099
395.90	122.037
396.11	122.900
396.33	123.728
396.54	124.602
396.75	125.323
396.96	126.099
397.18	126.750
397.39	127.406
397.60	128.074
397.81	128.616
398.03	128.985
398.24	129.294
398.45	129.399
398.66	129.453
398.87	129.465
399.09	129.341
399.30	128.976
399.51	128.423
399.72	127.941
399.94	127.323
400.15	126.656
400.36	125.830
400.57	124.955
400.79	124.079
401.00	123.061
401.21	122.150
401.42	121.184
401.63	120.249
401.85	119.347
402.06	118.563
402.27	117.779
402.48	117.130
402.69	116.551
402.91	116.002
403.12	115.498
403.33	115.214
403.54	115.096
403.76	114.936
403.97	114.979
404.18	115.167
404.39	115.466
404.60	115.881
404.82	116.404
405.03	117.048
405.24	117.697
405.45	118.446
405.66	119.259
405.88	120.104
406.09	121.037
406.30	121.869
406.51	122.624
406.72	123.441
406.94	124.215
407.15	124.928
407.36	125.664
407.57	126.334
407.78	126.865
407.99	127.230
408.21	127.592
408.42	127.847
408.63	128.013
408.84	127.980
409.05	127.892
409.27	127.611
409.48	127.155
409.69	126.633
409.90	126.090
410.11	125.448
410.32	124.740
410.54	123.881
410.75	122.963
410.96	122.013
411.17	121.019
411.38	120.004
411.59	119.015
411.81	117.960
412.02	116.923
412.23	115.930
412.44	115.039
412.65	114.261
412.86	113.557
413.08	112.842
413.29	112.218
413.50	111.770
413.71	111.441
413.92	111.198
414.13	111.075
414.34	111.046
414.56	111.040
414.77	111.201
414.98	111.455
415.19	111.926
415.40	112.500
415.61	113.127
415.82	113.797
416.04	114.561
416.25	115.324
416.46	116.169
416.67	117.078
416.88	117.931
417.09	118.795
417.30	119.590
417.52	120.443
417.73	121.192
417.94	121.879
418.15	122.519
418.36	123.173
418.57	123.648
418.78	124.027
418.99	124.403
419.21	124.639
419.42	124.799
419.63	124.810
419.84	124.693
420.05	124.467
420.26	124.118
420.47	123.605
420.68	123.119
420.89	122.518
421.11	121.772
421.32	121.050
421.53	120.205
421.74	119.353
421.95	118.467
422.16	117.583
422.37	116.684
422.58	115.695
422.79	114.721
423.01	113.844
423.22	112.968
423.43	112.166
423.64	111.416
423.85	110.748
424.06	110.179
424.27	109.671
424.48	109.253
424.69	109.014
424.90	108.868
425.11	108.787
425.33	108.841
425.54	108.969
425.75	109.183
425.96	109.494
426.17	109.916
426.38	110.412
426.59	110.998
426.80	111.647
427.01	112.395
427.22	113.222
427.43	114.143
427.64	115.019
427.85	115.879
428.07	116.783
428.28	117.637
428.49	118.496
428.70	119.349
428.91	120.161
429.12	120.867
429.33	121.571
429.54	122.211
429.75	122.749
429.96	123.283
430.17	123.714
430.38	124.056
430.59	124.216
430.80	124.288
431.01	124.265
431.22	124.177
431.44	123.970
431.65	123.668
431.86	123.219
432.07	122.736
432.28	122.179
432.49	121.528
432.70	120.798
432.91	119.970
433.12	119.074
433.33	118.147
433.54	117.251
433.75	116.316
433.96	115.389
434.17	114.372
434.38	113.418
434.59	112.488
434.80	111.578
435.01	110.817
435.22	110.098
435.43	109.455
435.64	108.848
435.85	108.319
436.06	107.870
436.27	107.545
436.48	107.323
436.69	107.154
436.90	107.110
437.11	107.187
437.33	107.356
437.54	107.634
437.75	108.046
437.96	108.460
438.17	108.957
438.38	109.485
438.59	110.155
438.80	110.833
439.01	111.627
439.22	112.490
439.43	113.223
439.64	114.023
439.85	114.839
440.06	115.629
440.27	116.465
440.48	117.226
440.69	117.953
440.90	118.630
441.11	119.313
441.32	119.906
441.53	120.427
441.74	120.853
441.95	121.250
442.16	121.527
442.37	121.705
442.58	121.822
442.79	121.861
443.00	121.803
443.21	121.663
443.42	121.353
443.62	120.894
443.83	120.532
444.04	120.035
444.25	119.472
444.46	118.821
444.67	118.082
444.88	117.327
445.09	116.494
445.30	115.630
445.51	114.700
445.72	113.744
445.93	112.835
446.14	111.900
446.35	110.930
446.56	110.035
446.77	109.171
446.98	108.304
447.19	107.469
447.40	106.720
447.61	105.986
447.82	105.343
448.03	104.812
448.24	104.299
448.45	103.882
448.66	103.555
448.87	103.307
449.08	103.184
449.29	103.124
449.49	103.164
449.70	103.298
449.91	103.504
450.12	103.820
450.33	104.166
450.54	104.616
450.75	105.149
450.96	105.702
451.17	106.330
451.38	106.991
451.59	107.705
451.80	108.410
452.01	109.168
452.22	109.951
452.43	110.688
452.64	111.423
452.84	112.170
453.05	112.868
453.26	113.581
453.47	114.202
453.68	114.815
453.89	115.375
454.10	115.838
454.31	116.278
454.52	116.610
454.73	116.906
454.94	117.084
455.15	117.169
455.36	117.165
455.56	117.097
455.77	116.939
455.98	116.724
456.19	116.442
456.40	116.093
456.61	115.679
456.82	115.157
457.03	114.587
457.24	113.928
457.45	113.245
457.65	112.453
457.86	111.656
458.07	110.830
458.28	109.915
458.49	109.046
458.70	108.111
458.91	107.199
459.12	106.280
459.33	105.351
459.54	104.478
459.74	103.631
459.95	102.792
460.16	102.046
460.37	101.347
460.58	100.699
460.79	100.083
461.00	99.509
461.21	99.040
461.41	98.637
461.62	98.317
461.83	98.089
462.04	97.956
462.25	97.854
462.46	97.860
462.67	97.967
462.88	98.149
463.08	98.429
463.29	98.741
463.50	99.134
463.71	99.615
463.92	100.128
464.13	100.666
464.34	101.270
464.54	101.922
464.75	102.603
464.96	103.294
465.17	104.009
465.38	104.710
465.59	105.459
465.80	106.175
466.00	106.863
466.21	107.535
466.42	108.164
466.63	108.811
466.84	109.410
467.05	109.949
467.26	110.439
467.46	110.810
467.67	111.178
467.88	111.498
468.09	111.718
468.30	111.899
468.51	112.020
468.71	112.040
468.92	111.996
469.13	111.874
469.34	111.693
469.55	111.413
469.76	111.100
469.96	110.689
470.17	110.227
470.38	109.729
470.59	109.143
470.80	108.508
471.00	107.869
471.21	107.144
471.42	106.418
471.63	105.648
471.84	104.878
472.05	104.062
472.25	103.233
472.46	102.409
472.67	101.543
472.88	100.731
473.09	99.909
473.29	99.090
473.50	98.331
473.71	97.580
473.92	96.875
474.13	96.213
474.33	95.620
474.54	95.068
474.75	94.573
474.96	94.136
475.17	93.765
475.37	93.420
475.58	93.171
475.79	92.998
476.00	92.895
476.21	92.872
476.41	92.914
476.62	93.029
476.83	93.203
477.04	93.486
477.24	93.792
477.45	94.166
477.66	94.594
477.87	95.044
478.08	95.571
478.28	96.105
478.49	96.697
478.70	97.324
478.91	97.950
479.11	98.588
479.32	99.268
479.53	99.928
479.74	100.622
479.94	101.279
480.15	101.901
480.36	102.504
480.57	103.094
480.78	103.676
480.98	104.175
481.19	104.645
481.40	105.060
481.61	105.463
481.81	105.802
482.02	106.077
482.23	106.330
482.44	106.479
482.64	106.606
482.85	106.656
483.06	106.613
483.27	106.553
483.47	106.444
483.68	106.254
483.89	106.006
484.10	105.686
484.30	105.325
484.51	104.886
484.72	104.434
484.92	103.887
485.13	103.325
485.34	102.733
485.55	102.090
485.75	101.423
485.96	100.700
486.17	99.968
486.38	99.230
486.58	98.459
486.79	97.700
487.00	96.924
487.20	96.145
487.41	95.404
487.62	94.665
487.83	93.929
488.03	93.211
488.24	92.530
488.45	91.871
488.65	91.238
488.86	90.666
489.07	90.124
489.28	89.645
489.48	89.198
489.69	88.838
489.90	88.512
490.10	88.255
490.31	88.058
490.52	87.899
490.73	87.814
490.93	87.788
491.14	87.821
491.35	87.915
491.55	88.058
491.76	88.251
491.97	88.495
492.17	88.777
492.38	89.123
492.59	89.508
492.79	89.946
493.00	90.422
493.21	90.927
493.41	91.450
493.62	92.004
493.83	92.581
494.04	93.136
494.24	93.722
494.45	94.311
494.66	94.881
494.86	95.484
495.07	96.044
495.28	96.614
495.48	97.148
495.69	97.664
495.90	98.163
496.10	98.632
496.31	99.053
496.52	99.436
496.72	99.811
496.93	100.134
497.14	100.401
497.34	100.602
497.55	100.787
497.76	100.912
497.96	100.979
498.17	100.994
498.37	100.971
498.58	100.872
498.79	100.722
498.99	100.547
499.20	100.295
499.41	100.000
499.61	99.637
499.82	99.247
500.03	98.799
500.23	98.337
500.44	97.810
500.65	97.259
500.85	96.686
501.06	96.052
501.26	95.408
501.47	94.740
501.68	94.076
501.88	93.368
502.09	92.668
502.30	91.954
502.50	91.241
502.71	90.534
502.91	89.835
503.12	89.144
503.33	88.463
503.53	87.818
503.74	87.180
503.95	86.565
504.15	85.983
504.36	85.431
504.56	84.903
504.77	84.434
504.98	83.983
505.18	83.592
505.39	83.238
505.59	82.928
505.80	82.672
506.01	82.470
506.21	82.322
506.42	82.220
506.62	82.162
506.83	82.153
507.04	82.206
507.24	82.300
507.45	82.449
507.65	82.638
507.86	82.857
508.07	83.129
508.27	83.446
508.48	83.789
508.68	84.187
508.89	84.604
509.10	85.040
509.30	85.507
509.51	85.985
509.71	86.479
509.92	86.992
510.12	87.508
510.33	88.030
510.54	88.543
510.74	89.065
510.95	89.579
511.15	90.084
511.36	90.586
511.56	91.073
511.77	91.528
511.98	91.972
512.18	92.398
512.39	92.796
512.59	93.161
512.80	93.491
513.00	93.782
513.21	94.034
513.42	94.264
513.62	94.449
513.83	94.601
514.03	94.701
514.24	94.751
514.44	94.752
514.65	94.723
514.85	94.655
515.06	94.547
515.26	94.383
515.47	94.189
515.68	93.936
515.88	93.651
516.09	93.323
516.29	92.961
516.50	92.559
516.70	92.118
516.91	91.647
517.11	91.152
517.32	90.630
517.52	90.084
517.73	89.529
517.93	88.943
518.14	88.342
518.34	87.739
518.55	87.126
518.76	86.510
518.96	85.873
519.17	85.234
519.37	84.591
519.58	83.978
519.78	83.356
519.99	82.741
520.19	82.144
520.40	81.586
520.60	81.037
520.81	80.507
521.01	79.996
521.22	79.533
521.42	79.096
521.63	78.689
521.83	78.314
522.04	77.969
522.24	77.682
522.45	77.429
522.65	77.220
522.86	77.057
523.06	76.931
523.27	76.854
523.47	76.820
523.68	76.825
523.88	76.864
524.09	76.949
524.29	77.086
524.50	77.257
524.70	77.457
524.91	77.690
525.11	77.974
525.32	78.297
525.52	78.636
525.72	79.021
525.93	79.424
526.13	79.858
526.34	80.295
526.54	80.767
526.75	81.230
526.95	81.716
527.16	82.198
527.36	82.697
527.57	83.195
527.77	83.686
527.98	84.194
528.18	84.692
528.39	85.175
528.59	85.656
528.79	86.115
529.00	86.571
529.20	87.002
529.41	87.432
529.61	87.830
529.82	88.192
530.02	88.522
530.23	88.837
530.43	89.105
530.64	89.355
530.84	89.555
531.04	89.722
531.25	89.876
531.45	89.998
531.66	90.078
531.86	90.120
532.07	90.120
532.27	90.077
532.47	90.007
532.68	89.915
532.88	89.784
533.09	89.615
533.29	89.393
533.50	89.149
533.70	88.835
533.90	88.515
534.11	88.180
534.31	87.809
534.52	87.399
534.72	86.995
534.93	86.564
535.13	86.094
535.33	85.627
535.54	85.112
535.74	84.595
535.95	84.051
536.15	83.522
536.35	82.982
536.56	82.439
536.76	81.872
536.97	81.320
537.17	80.759
537.37	80.207
537.58	79.679
537.78	79.156
537.99	78.652
538.19	78.142
538.39	77.645
538.60	77.175
538.80	76.741
539.01	76.305
539.21	75.901
539.41	75.536
539.62	75.189
539.82	74.879
540.03	74.594
540.23	74.359
540.43	74.139
540.64	73.975
540.84	73.831
541.04	73.739
541.25	73.689
541.45	73.666
541.66	73.678
541.86	73.726
542.06	73.815
542.27	73.935
542.47	74.110
542.67	74.298
542.88	74.525
543.08	74.783
543.28	75.077
543.49	75.389
543.69	75.735
543.90	76.114
544.10	76.498
544.30	76.927
544.51	77.358
544.71	77.828
544.91	78.287
545.12	78.771
545.32	79.269
545.52	79.744
545.73	80.254
545.93	80.755
546.13	81.237
546.34	81.713
546.54	82.191
546.74	82.654
546.95	83.134
547.15	83.598
547.35	84.030
547.56	84.472
547.76	84.904
547.96	85.304
548.17	85.694
548.37	86.074
548.57	86.397
548.78	86.706
548.98	86.986
549.18	87.227
549.39	87.443
549.59	87.626
549.79	87.805
550.00	87.936
550.20	88.068
550.40	88.146
550.61	88.204
550.81	88.225
551.01	88.215
551.22	88.175
551.42	88.094
551.62	87.987
551.82	87.833
552.03	87.666
552.23	87.466
552.43	87.227
552.64	86.965
552.84	86.677
553.04	86.361
553.25	86.019
553.45	85.650
553.65	85.266
553.85	84.882
554.06	84.468
554.26	84.027
554.46	83.556
554.67	83.090
554.87	82.602
555.07	82.124
555.27	81.624
555.48	81.114
555.68	80.616
555.88	80.108
556.09	79.606
556.29	79.082
556.49	78.580
556.69	78.071
556.90	77.574
557.10	77.106
557.30	76.659
557.50	76.202
557.71	75.788
557.91	75.383
558.11	74.976
558.31	74.603
558.52	74.259
558.72	73.942
558.92	73.652
559.13	73.394
559.33	73.154
559.53	72.937
559.73	72.767
559.94	72.612
560.14	72.486
560.34	72.390
560.54	72.329
560.75	72.309
560.95	72.311
561.15	72.362
561.35	72.424
561.55	72.510
561.76	72.641
561.96	72.782
562.16	72.970
562.36	73.199
562.57	73.439
562.77	73.707
562.97	74.002
563.17	74.311
563.38	74.634
563.58	74.993
563.78	75.373
563.98	75.761
564.18	76.161
564.39	76.591
564.59	77.023
564.79	77.480
564.99	77.927
565.20	78.381
565.40	78.820
565.60	79.268
565.80	79.738
566.00	80.192
566.21	80.650
566.41	81.083
566.61	81.518
566.81	81.954
567.01	82.375
567.22	82.788
567.42	83.191
567.62	83.568
567.82	83.927
568.02	84.273
568.23	84.599
568.43	84.908
568.63	85.204
568.83	85.463
569.03	85.686
569.24	85.899
569.44	86.095
569.64	86.274
569.84	86.435
570.04	86.539
570.24	86.632
570.45	86.700
570.65	86.750
570.85	86.763
571.05	86.735
571.25	86.686
571.45	86.597
571.66	86.505
571.86	86.390
572.06	86.231
572.26	86.057
572.46	85.864
572.66	85.654
572.87	85.400
573.07	85.141
573.27	84.857
573.47	84.555
573.67	84.227
573.87	83.872
574.08	83.493
574.28	83.123
574.48	82.729
574.68	82.315
574.88	81.891
575.08	81.441
575.28	80.997
575.49	80.548
575.69	80.101
575.89	79.624
576.09	79.165
576.29	78.692
576.49	78.219
576.69	77.742
576.90	77.274
577.10	76.815
577.30	76.363
577.50	75.927
577.70	75.487
577.90	75.061
578.10	74.666
578.30	74.279
578.51	73.904
578.71	73.556
578.91	73.221
579.11	72.896
579.31	72.600
579.51	72.324
579.71	72.075
579.91	71.837
580.12	71.639
580.32	71.463
580.52	71.325
580.72	71.194
580.92	71.092
581.12	71.004
581.32	70.954
581.52	70.945
581.72	70.946
581.92	70.978
582.13	71.050
582.33	71.123
582.53	71.236
582.73	71.364
582.93	71.522
583.13	71.711
583.33	71.932
583.53	72.170
583.73	72.434
583.93	72.717
584.13	73.026
584.34	73.362
584.54	73.685
584.74	74.019
584.94	74.396
585.14	74.780
585.34	75.179
585.54	75.554
585.74	75.946
585.94	76.362
586.14	76.795
586.34	77.209
586.54	77.650
586.74	78.090
586.94	78.539
587.15	78.988
587.35	79.424
587.55	79.852
587.75	80.282
587.95	80.690
588.15	81.090
588.35	81.478
588.55	81.862
588.75	82.248
588.95	82.621
589.15	82.973
589.35	83.312
589.55	83.630
589.75	83.971
589.95	84.269
590.15	84.545
590.35	84.791
590.55	85.032
590.75	85.243
590.95	85.426
591.15	85.592
591.35	85.721
591.56	85.833
591.76	85.925
591.96	85.990
592.16	86.046
592.36	86.075
592.56	86.087
592.76	86.061
592.96	86.026
593.16	85.947
593.36	85.853
593.56	85.748
593.76	85.631
593.96	85.463
594.16	85.297
594.36	85.107
594.56	84.897
594.76	84.663
594.96	84.419
595.16	84.139
595.36	83.850
595.56	83.536
595.76	83.200
595.96	82.844
596.16	82.494
596.36	82.120
596.56	81.746
596.76	81.342
596.96	80.935
597.16	80.522
597.36	80.119
597.56	79.694
597.76	79.257
597.96	78.816
598.16	78.382
598.36	77.943
598.56	77.495
598.76	77.058
598.96	76.633
599.16	76.204
599.36	75.807
599.56	75.409
599.76	75.013
599.96	74.636
600.15	74.270
600.35	73.916
600.55	73.577
600.75	73.232
600.95	72.924
601.15	72.615
601.35	72.317
601.55	72.042
601.75	71.799
601.95	71.567
602.15	71.363
602.35	71.162
602.55	70.992
602.75	70.851
602.95	70.718
603.15	70.595
603.35	70.511
603.55	70.438
603.75	70.381
603.95	70.358
604.15	70.357
604.35	70.386
604.54	70.427
604.74	70.509
604.94	70.606
605.14	70.713
605.34	70.853
605.54	71.025
605.74	71.219
605.94	71.419
606.14	71.649
606.34	71.892
606.54	72.162
606.74	72.450
606.94	72.746
607.14	73.070
607.33	73.418
607.53	73.764
607.73	74.117
607.93	74.475
608.13	74.848
608.33	75.232
608.53	75.608
608.73	76.005
608.93	76.382
609.13	76.777
609.33	77.184
609.52	77.591
609.72	77.992
609.92	78.383
610.12	78.783
610.32	79.178
610.52	79.584
610.72	79.968
610.92	80.349
611.12	80.727
611.31	81.095
611.51	81.451
611.71	81.800
611.91	82.154
612.11	82.504
612.31	82.841
612.51	83.153
612.71	83.465
612.91	83.744
613.10	84.027
613.30	84.316
613.50	84.571
613.70	84.805
613.90	85.012
614.10	85.201
614.30	85.360
614.50	85.512
614.69	85.620
614.89	85.729
615.09	85.814
615.29	85.883
615.49	85.930
615.69	85.954
615.89	85.964
616.08	85.952
616.28	85.914
616.48	85.856
616.68	85.773
616.88	85.675
617.08	85.557
617.27	85.433
617.47	85.271
617.67	85.089
617.87	84.888
618.07	84.686
618.27	84.470
618.47	84.247
618.66	83.995
618.86	83.740
619.06	83.457
619.26	83.173
619.46	82.871
619.66	82.544
619.85	82.208
620.05	81.862
620.25	81.490
620.45	81.125
620.65	80.742
620.84	80.384
621.04	80.003
621.24	79.640
621.44	79.238
621.64	78.823
621.84	78.429
622.03	78.030
622.23	77.632
622.43	77.234
622.63	76.842
622.83	76.449
623.02	76.062
623.22	75.686
623.42	75.293
623.62	74.921
623.82	74.570
624.01	74.213
624.21	73.865
624.41	73.540
624.61	73.226
624.81	72.932
625.00	72.627
625.20	72.341
625.40	72.061
625.60	71.809
625.79	71.583
625.99	71.376
626.19	71.176
626.39	70.997
626.59	70.830
626.78	70.695
626.98	70.571
627.18	70.460
627.38	70.378
627.57	70.337
627.77	70.295
627.97	70.268
628.17	70.279
628.37	70.301
628.56	70.357
628.76	70.415
628.96	70.492
629.16	70.590
629.35	70.731
629.55	70.879
629.75	71.047
629.95	71.233
630.14	71.425
630.34	71.648
630.54	71.879
630.74	72.122
630.93	72.380
631.13	72.649
631.33	72.930
631.53	73.202
631.72	73.487
631.92	73.800
632.12	74.131
632.31	74.458
632.51	74.818
632.71	75.169
632.91	75.525
633.10	75.892
633.30	76.278
633.50	76.637
633.70	77.022
633.89	77.399
634.09	77.787
634.29	78.171
634.48	78.549
634.68	78.944
634.88	79.335
635.08	79.725
635.27	80.123
635.47	80.512
635.67	80.910
635.86	81.303
636.06	81.679
636.26	82.031
636.46	82.389
636.65	82.726
636.85	83.075
637.05	83.411
637.24	83.714
637.44	84.013
637.64	84.310
637.83	84.597
638.03	84.880
638.23	85.117
638.43	85.358
638.62	85.579
638.82	85.764
639.02	85.951
639.21	86.110
639.41	86.247
639.61	86.390
639.80	86.510
640.00	86.609
640.20	86.714
640.39	86.810
640.59	86.875
640.79	86.928
640.98	86.946
641.18	86.956
641.38	86.967
641.57	86.940
641.77	86.895
641.97	86.820
642.16	86.737
642.36	86.652
642.56	86.541
642.75	86.433
642.95	86.296
643.15	86.148
643.34	85.998
643.54	85.831
643.74	85.626
643.93	85.415
644.13	85.169
644.33	84.901
644.52	84.632
644.72	84.362
644.91	84.075
645.11	83.764
645.31	83.456
645.50	83.146
645.70	82.834
645.90	82.516
646.09	82.180
646.29	81.830
646.48	81.476
646.68	81.107
646.88	80.738
647.07	80.372
647.27	79.996
647.47	79.611
647.66	79.237
647.86	78.858
648.05	78.490
648.25	78.130
648.45	77.765
648.64	77.390
648.84	77.031
649.04	76.662
649.23	76.303
649.43	75.953
649.62	75.600
649.82	75.242
650.02	74.902
650.21	74.575
650.41	74.277
650.60	73.981
650.80	73.720
651.00	73.436
651.19	73.181
651.39	72.934
651.58	72.696
651.78	72.480
651.97	72.291
652.17	72.103
652.37	71.922
652.56	71.778
652.76	71.645
652.95	71.519
653.15	71.437
653.35	71.356
653.54	71.286
653.74	71.221
653.93	71.191
654.13	71.172
654.32	71.163
654.52	71.146
654.72	71.168
654.91	71.198
655.11	71.257
655.30	71.337
655.50	71.430
655.69	71.542
655.89	71.651
656.08	71.773
656.28	71.920
656.48	72.089
656.67	72.262
656.87	72.451
657.06	72.643
657.26	72.839
657.45	73.068
657.65	73.313
657.84	73.583
658.04	73.844
658.23	74.130
658.43	74.430
658.62	74.748
658.82	75.060
659.02	75.380
659.21	75.723
659.41	76.054
659.60	76.394
659.80	76.745
659.99	77.124
660.19	77.495
660.38	77.872
660.58	78.234
660.77	78.616
660.97	78.981
661.16	79.354
661.36	79.719
661.55	80.098
661.75	80.470
661.94	80.830
662.14	81.204
662.33	81.576
662.53	81.938
662.72	82.298
662.92	82.646
663.11	82.978
663.31	83.318
663.50	83.658
663.70	84.001
663.89	84.329
664.09	84.633
664.28	84.947
664.48	85.233
664.67	85.539
664.87	85.802
665.06	86.080
665.26	86.336
665.45	86.587
665.65	86.816
665.84	87.049
666.04	87.259
666.23	87.434
666.43	87.589
666.62	87.740
666.82	87.878
667.01	88.006
667.21	88.127
667.40	88.215
667.59	88.310
667.79	88.369
667.98	88.398
668.18	88.418
668.37	88.418
668.57	88.438
668.76	88.419
668.96	88.379
669.15	88.326
669.35	88.283
669.54	88.206
669.73	88.123
669.93	88.022
670.12	87.919
670.32	87.825
670.51	87.700
670.71	87.565
670.90	87.423
671.10	87.268
671.29	87.086
671.48	86.893
671.68	86.682
671.87	86.469
672.07	86.245
672.26	86.046
672.46	85.809
672.65	85.552
672.84	85.287
673.04	85.033
673.23	84.763
673.43	84.471
673.62	84.192
673.82	83.898
674.01	83.569
674.20	83.251
674.40	82.914
674.59	82.588
674.79	82.264
674.98	81.926
675.17	81.586
675.37	81.257
675.56	80.925
675.76	80.582
675.95	80.224
676.14	79.887
676.34	79.515
676.53	79.168
676.73	78.813
676.92	78.457
677.11	78.105
677.31	77.756
677.50	77.425
677.70	77.086
677.89	76.745
678.08	76.437
678.28	76.128
678.47	75.834
678.66	75.547
678.86	75.267
679.05	74.990
679.25	74.731
679.44	74.484
679.63	74.256
679.83	74.028
680.02	73.828
680.21	73.630
680.41	73.446
680.60	73.257
680.79	73.090
680.99	72.938
681.18	72.785
681.38	72.657
681.57	72.553
681.76	72.467
681.96	72.394
682.15	72.324
682.34	72.255
682.54	72.203
682.73	72.175
682.92	72.145
683.12	72.148
683.31	72.162
683.50	72.184
683.70	72.221
683.89	72.261
684.08	72.325
684.28	72.407
684.47	72.500
684.66	72.617
684.86	72.741
685.05	72.887
685.24	73.053
685.44	73.217
685.63	73.383
685.82	73.573
686.02	73.762
686.21	73.994
686.40	74.229
686.60	74.485
686.79	74.746
686.98	75.015
687.18	75.295
687.37	75.573
687.56	75.852
687.75	76.146
687.95	76.451
688.14	76.754
688.33	77.075
688.53	77.397
688.72	77.743
688.91	78.085
689.11	78.417
689.30	78.784
689.49	79.154
689.68	79.520
689.88	79.874
690.07	80.232
690.26	80.573
690.46	80.931
690.65	81.268
690.84	81.612
691.03	81.969
691.23	82.313
691.42	82.660
691.61	83.015
691.80	83.346
692.00	83.685
692.19	84.007
692.38	84.327
692.58	84.652
692.77	84.958
692.96	85.255
693.15	85.561
693.35	85.840
693.54	86.132
693.73	86.422
693.92	86.690
694.12	86.966
694.31	87.216
694.50	87.481
694.69	87.712
694.89	87.938
695.08	88.140
695.27	88.362
695.46	88.555
695.66	88.747
695.85	88.940
696.04	89.119
696.23	89.310
696.43	89.475
696.62	89.609
696.81	89.729
697.00	89.857
697.19	89.968
697.39	90.054
697.58	90.126
697.77	90.174
697.96	90.237
698.16	90.271
698.35	90.326
698.54	90.334
698.73	90.368
698.92	90.354
699.12	90.344
699.31	90.306
699.50	90.271
699.69	90.222
699.89	90.152
700.08	90.078
700.27	89.976
700.46	89.876
700.65	89.763
700.85	89.665
701.04	89.533
701.23	89.382
701.42	89.227
701.61	89.063
701.81	88.884
702.00	88.690
702.19	88.496
702.38	88.269
702.57	88.055
702.76	87.809
702.96	87.578
703.15	87.330
703.34	87.064
703.53	86.793
703.72	86.497
703.92	86.201
704.11	85.900
704.30	85.587
704.49	85.275
704.68	84.969
704.87	84.623
705.07	84.294
705.26	83.968
705.45	83.669
705.64	83.333
705.83	83.029
706.02	82.707
706.21	82.395
706.41	82.072
706.60	81.731
706.79	81.417
706.98	81.108
707.17	80.779
707.36	80.464
707.56	80.167
707.75	79.869
707.94	79.575
708.13	79.288
708.32	79.015
708.51	78.730
708.70	78.470
708.89	78.206
709.09	77.940
709.28	77.689
709.47	77.402
709.66	77.136
709.85	76.875
710.04	76.617
710.23	76.353
710.42	76.131
710.62	75.909
710.81	75.663
711.00	75.432
711.19	75.235
711.38	75.035
711.57	74.826
711.76	74.640
711.95	74.479
712.15	74.323
712.34	74.175
712.53	74.039
712.72	73.903
712.91	73.807
713.10	73.713
713.29	73.630
713.48	73.555
713.67	73.515
713.86	73.485
714.05	73.459
714.25	73.446
714.44	73.420
714.63	73.420
714.82	73.462
715.01	73.502
715.20	73.572
715.39	73.631
715.58	73.710
715.77	73.806
715.96	73.904
716.15	74.006
716.34	74.100
716.54	74.219
716.73	74.350
716.92	74.475
717.11	74.624
717.30	74.784
717.49	74.965
717.68	75.155
717.87	75.313
718.06	75.527
718.25	75.753
718.44	75.992
718.63	76.234
718.82	76.471
719.01	76.717
719.20	76.962
719.39	77.228
719.58	77.502
719.77	77.764
719.96	78.018
720.16	78.288
720.35	78.588
720.54	78.874
720.73	79.168
720.92	79.470
721.11	79.791
721.30	80.098
721.49	80.408
721.68	80.726
721.87	81.073
722.06	81.391
722.25	81.709
722.44	82.029
722.63	82.343
722.82	82.651
723.01	82.950
723.20	83.239
723.39	83.545
723.58	83.875
723.77	84.204
723.96	84.536
724.15	84.877
724.34	85.194
724.53	85.515
724.72	85.810
724.91	86.127
725.10	86.441
725.29	86.735
725.48	87.055
725.67	87.316
725.86	87.574
726.05	87.842
726.24	88.094
726.43	88.337
726.62	88.580
726.81	88.853
727.00	89.103
727.19	89.371
727.38	89.612
727.57	89.823
727.76	90.028
727.95	90.225
728.14	90.389
728.33	90.561
728.52	90.726
728.71	90.885
728.90	91.032
729.09	91.143
729.28	91.245
729.47	91.334
729.65	91.437
729.84	91.537
730.03	91.625
730.22	91.704
730.41	91.785
730.60	91.860
730.79	91.873
730.98	91.910
731.17	91.940
731.36	91.942
731.55	91.926
731.74	91.912
731.93	91.885
732.12	91.856
732.31	91.830
732.50	91.808
732.69	91.787
732.88	91.716
733.06	91.640
733.25	91.576
733.44	91.505
733.63	91.405
733.82	91.299
734.01	91.163
734.20	91.027
734.39	90.864
734.58	90.713
734.77	90.577
734.96	90.405
735.15	90.215
735.33	90.023
735.52	89.839
735.71	89.637
735.90	89.425
736.09	89.196
736.28	88.947
736.47	88.685
736.66	88.416
736.85	88.158
737.04	87.872
737.23	87.597
737.41	87.298
737.60	87.041
737.79	86.741
737.98	86.458
738.17	86.173
738.36	85.912
738.55	85.631
738.74	85.356
738.92	85.071
739.11	84.791
739.30	84.494
739.49	84.189
739.68	83.899
739.87	83.633
740.06	83.371
740.25	83.074
740.43	82.805
740.62	82.514
740.81	82.216
741.00	81.953
741.19	81.661
741.38	81.372
741.57	81.069
741.75	80.802
741.94	80.512
742.13	80.228
742.32	79.924
742.51	79.636
742.70	79.354
742.89	79.091
743.07	78.814
743.26	78.552
743.45	78.274
743.64	78.027
743.83	77.753
744.02	77.458
744.20	77.220
744.39	76.970
744.58	76.745
744.77	76.538
744.96	76.350
745.15	76.186
745.33	76.028
745.52	75.874
745.71	75.719
745.90	75.581
746.09	75.457
746.28	75.345
746.46	75.210
746.65	75.080
746.84	74.970
747.03	74.864
747.22	74.780
747.40	74.726
747.59	74.654
747.78	74.598
747.97	74.593
748.16	74.570
748.34	74.534
748.53	74.526
748.72	74.526
748.91	74.508
749.10	74.496
749.28	74.507
749.47	74.541
749.66	74.562
749.85	74.580
750.04	74.615
750.22	74.652
750.41	74.718
750.60	74.804
750.79	74.865
750.97	74.948
751.16	75.052
751.35	75.144
751.54	75.239
751.73	75.369
751.91	75.477
752.10	75.633
752.29	75.772
752.48	75.931
752.66	76.096
752.85	76.270
753.04	76.449
753.23	76.652
753.41	76.825
753.60	77.043
753.79	77.269
753.98	77.480
754.16	77.706
754.35	77.934
754.54	78.155
754.73	78.417
754.91	78.680
755.10	78.928
755.29	79.203
755.48	79.465
755.66	79.729
755.85	80.004
756.04	80.255
756.22	80.544
756.41	80.804
756.60	81.073
756.79	81.363
756.97	81.653
757.16	81.899
757.35	82.188
757.54	82.473
757.72	82.754
757.91	83.054
758.10	83.344
758.28	83.627
758.47	83.909
758.66	84.217
758.85	84.500
759.03	84.795
759.22	85.084
759.41	85.385
759.59	85.678
759.78	85.966
759.97	86.236
760.15	86.498
760.34	86.798
760.53	87.067
760.71	87.317
760.90	87.599
761.09	87.870
761.28	88.132
761.46	88.379
761.65	88.633
761.84	88.887
762.02	89.140
762.21	89.409
762.40	89.636
762.58	89.834
762.77	90.041
762.96	90.255
763.14	90.477
763.33	90.672
763.52	90.838
763.70	90.991
763.89	91.172
764.08	91.352
764.26	91.476
764.45	91.637
764.64	91.797
764.82	91.908
765.01	92.027
765.20	92.122
765.38	92.233
765.57	92.308
765.75	92.382
765.94	92.427
766.13	92.488
766.31	92.565
766.50	92.615
766.69	92.695
766.87	92.759
767.06	92.787
767.25	92.828
767.43	92.885
767.62	92.945
767.80	92.975
767.99	92.980
768.18	92.978
768.36	92.964
768.55	92.944
768.74	92.911
768.92	92.884
769.11	92.878
769.29	92.831
769.48	92.806
769.67	92.736
769.85	92.691
770.04	92.567
770.22	92.457
770.41	92.330
770.60	92.180
770.78	92.011
770.97	91.851
771.15	91.699
771.34	91.508
771.53	91.341
771.71	91.160
771.90	91.004
772.08	90.885
772.27	90.715
772.46	90.511
772.64	90.321
772.83	90.119
773.01	89.867
773.20	89.634
773.39	89.407
773.57	89.176
773.76	88.941
773.94	88.757
774.13	88.522
774.31	88.269
774.50	88.049
774.68	87.797
774.87	87.551
775.06	87.252
775.24	86.992
775.43	86.699
775.61	86.411
775.80	86.129
775.98	85.813
776.17	85.507
776.36	85.216
776.54	84.927
776.73	84.627
776.91	84.348
777.10	84.071
777.28	83.756
777.47	83.475
777.65	83.177
777.84	82.867
778.02	82.590
778.21	82.323
778.39	82.023
778.58	81.753
778.77	81.483
778.95	81.241
779.14	80.994
779.32	80.753
779.51	80.518
779.69	80.253
779.88	80.017
780.06	79.787
780.25	79.548
780.43	79.304
780.62	79.088
780.80	78.861
780.99	78.623
781.17	78.401
781.36	78.168
781.54	77.955
781.73	77.709
781.91	77.500
782.10	77.303
782.28	77.101
782.47	76.903
782.65	76.687
782.84	76.489
783.02	76.302
783.21	76.133
783.39	75.963
783.58	75.806
783.76	75.627
783.95	75.476
784.13	75.369
784.32	75.254
784.50	75.124
784.69	75.037
784.87	74.951
785.05	74.879
785.24	74.810
785.42	74.754
785.61	74.708
785.79	74.663
785.98	74.631
786.16	74.581
786.35	74.569
786.53	74.564
786.72	74.547
786.90	74.540
787.09	74.517
787.27	74.525
787.45	74.550
787.64	74.575
787.82	74.590
788.01	74.601
788.19	74.643
788.38	74.687
788.56	74.678
788.75	74.736
788.93	74.803
789.11	74.844
789.30	74.883
789.48	74.953
789.67	75.030
789.85	75.101
790.04	75.225
790.22	75.323
790.40	75.440
790.59	75.551
790.77	75.670
790.96	75.825
791.14	75.968
791.32	76.098
791.51	76.250
791.69	76.416
791.88	76.590
792.06	76.761
792.25	76.922
792.43	77.143
792.61	77.325
792.80	77.487
792.98	77.709
793.17	77.911
793.35	78.087
793.53	78.284
793.72	78.519
793.90	78.729
794.08	78.938
794.27	79.153
794.45	79.396
794.64	79.620
794.82	79.840
795.00	80.032
795.19	80.268
795.37	80.493
795.55	80.677
795.74	80.905
795.92	81.141
796.11	81.406
796.29	81.657
796.47	81.892
796.66	82.123
796.84	82.377
797.02	82.640
797.21	82.923
797.39	83.185
797.58	83.428
797.76	83.661
797.94	83.928
798.13	84.186
798.31	84.457
798.49	84.696
798.68	84.937
798.86	85.226
799.04	85.453
799.23	85.712
799.41	85.980
799.59	86.217
799.78	86.414
799.96	86.632
800.14	86.859
800.33	87.096
800.51	87.355
800.69	87.542
800.88	87.761
801.06	87.992
801.24	88.164
801.43	88.351
801.61	88.527
801.79	88.691
801.98	88.856
802.16	89.037
802.34	89.237
802.52	89.421
802.71	89.551
802.89	89.730
803.07	89.874
803.26	90.014
803.44	90.130
803.62	90.271
803.81	90.394
803.99	90.476
804.17	90.549
804.35	90.621
804.54	90.695
804.72	90.794
804.90	90.870
805.09	90.994
805.27	91.098
805.45	91.201
805.63	91.263
805.82	91.335
806.00	91.329
806.18	91.357
806.37	91.399
806.55	91.410
806.73	91.435
806.91	91.450
807.10	91.478
807.28	91.496
807.46	91.511
807.64	91.506
807.83	91.507
808.01	91.511
808.19	91.451
808.37	91.405
808.56	91.336
808.74	91.274
808.92	91.202
809.10	91.091
809.29	91.023
809.47	90.950
809.65	90.820
809.83	90.765
810.02	90.655
810.20	90.552
810.38	90.462
810.56	90.333
810.75	90.235
810.93	90.128
811.11	90.001
811.29	89.879
811.47	89.744
811.66	89.581
811.84	89.433
812.02	89.368
812.20	89.253
812.39	89.133
812.57	88.996
812.75	88.867
812.93	88.765
813.11	88.614
813.30	88.486
813.48	88.376
813.66	88.209
813.84	88.061
814.02	87.885
814.21	87.735
814.39	87.534
814.57	87.342
814.75	87.137
814.93	86.940
815.12	86.723
815.30	86.513
815.48	86.311
815.66	86.090
815.84	85.830
816.03	85.589
816.21	85.312
816.39	85.066
816.57	84.761
816.75	84.458
816.93	84.167
817.12	83.856
817.30	83.554
817.48	83.254
817.66	82.991
817.84	82.725
818.02	82.474
818.21	82.204
818.39	81.951
818.57	81.681
818.75	81.469
818.93	81.210
819.11	80.952
819.30	80.703
819.48	80.480
819.66	80.265
819.84	80.065
820.02	79.840
820.20	79.613
820.38	79.396
820.57	79.188
820.75	79.008
820.93	78.807
821.11	78.607
821.29	78.432
821.47	78.219
821.65	78.011
821.83	77.786
822.02	77.604
822.20	77.394
822.38	77.230
822.56	76.980
822.74	76.767
822.92	76.535
823.10	76.340
823.28	76.103
823.46	75.873
823.65	75.643
823.83	75.448
824.01	75.239
824.19	75.030
824.37	74.828
824.55	74.593
824.73	74.415
824.91	74.217
825.09	74.026
825.27	73.844
825.46	73.640
825.64	73.440
825.82	73.277
826.00	73.092
826.18	72.932
826.36	72.794
826.54	72.670
826.72	72.589
826.90	72.487
827.08	72.409
827.26	72.332
827.44	72.237
827.63	72.153
827.81	72.091
827.99	72.059
828.17	72.000
828.35	71.961
828.53	71.914
828.71	71.905
828.89	71.875
829.07	71.853
829.25	71.834
829.43	71.855
829.61	71.838
829.79	71.832
829.97	71.831
830.15	71.812
830.33	71.818
830.51	71.806
830.69	71.815
830.87	71.774
831.06	71.792
831.24	71.817
831.42	71.840
831.60	71.840
831.78	71.875
831.96	71.929
832.14	71.998
832.32	72.062
832.50	72.107
832.68	72.158
832.86	72.198
833.04	72.304
833.22	72.355
833.40	72.450
833.58	72.527
833.76	72.599
833.94	72.717
834.12	72.835
834.30	72.959
834.48	73.058
834.66	73.224
834.84	73.313
835.02	73.456
835.20	73.600
835.38	73.766
835.56	73.915
835.74	74.081
835.92	74.245
836.10	74.395
836.28	74.556
836.46	74.736
836.64	74.910
836.82	75.039
837.00	75.208
837.18	75.372
837.36	75.569
837.54	75.742
837.72	75.927
837.90	76.115
838.08	76.307
838.26	76.496
838.43	76.674
838.61	76.885
838.79	77.074
838.97	77.270
839.15	77.469
839.33	77.663
839.51	77.810
839.69	77.980
839.87	78.171
840.05	78.393
840.23	78.577
840.41	78.771
840.59	78.939
840.77	79.149
840.95	79.324
841.13	79.484
841.31	79.655
841.49	79.808
841.67	79.941
841.84	80.110
842.02	80.239
842.20	80.431
842.38	80.558
842.56	80.705
842.74	80.859
842.92	80.961
843.10	81.102
843.28	81.296
843.46	81.426
843.64	81.524
843.82	81.655
843.99	81.781
844.17	81.948
844.35	82.178
844.53	82.328
844.71	82.523
844.89	82.657
845.07	82.843
845.25	83.023
845.43	83.211
845.61	83.366
845.78	83.585
845.96	83.744
846.14	83.950
846.32	84.136
846.50	84.285
846.68	84.514
846.86	84.678
847.04	84.824
847.22	84.932
847.39	85.113
847.57	85.229
847.75	85.348
847.93	85.419
848.11	85.511
848.29	85.652
848.47	85.710
848.65	85.848
848.82	85.898
849.00	85.981
849.18	86.022
849.36	86.060
849.54	86.119
849.72	86.110
849.89	86.153
850.07	86.220
850.25	86.227
850.43	86.186
850.61	86.179
850.79	86.138
850.97	86.203
851.14	86.217
851.32	86.203
851.50	86.219
851.68	86.273
851.86	86.325
852.04	86.292
852.21	86.331
852.39	86.342
852.57	86.406
852.75	86.409
852.93	86.418
853.10	86.410
853.28	86.364
853.46	86.373
853.64	86.311
853.82	86.226
854.00	86.254
854.17	86.210
854.35	86.139
854.53	86.101
854.71	86.020
854.89	85.901
855.06	85.864
855.24	85.817
855.42	85.727
855.60	85.585
855.78	85.492
855.95	85.370
856.13	85.267
856.31	85.081
856.49	84.940
856.66	84.843
856.84	84.687
857.02	84.621
857.20	84.537
857.38	84.380
857.55	84.246
857.73	84.022
857.91	83.918
858.09	83.759
858.26	83.624
858.44	83.486
858.62	83.371
858.80	83.195
858.97	83.022
859.15	82.836
859.33	82.623
859.51	82.464
859.68	82.288
859.86	82.097
860.04	81.927
860.22	81.731
860.39	81.523
860.57	81.305
860.75	81.026
860.93	80.801
861.10	80.664
861.28	80.486
861.46	80.276
861.64	80.076
861.81	79.926
861.99	79.712
862.17	79.488
862.35	79.288
862.52	79.129
862.70	78.928
862.88	78.760
863.05	78.568
863.23	78.355
863.41	78.161
863.59	77.942
863.76	77.782
863.94	77.587
864.12	77.392
864.29	77.248
864.47	77.043
864.65	76.846
864.83	76.582
865.00	76.352
865.18	76.195
865.36	76.003
865.53	75.796
865.71	75.648
865.89	75.459
866.06	75.243
866.24	74.999
866.42	74.800
866.59	74.567
866.77	74.405
866.95	74.204
867.12	73.952
867.30	73.783
867.48	73.546
867.65	73.351
867.83	73.144
868.01	72.953
868.18	72.758
868.36	72.562
868.54	72.410
868.71	72.252
868.89	72.088
869.07	71.906
869.24	71.735
869.42	71.529
869.60	71.369
869.77	71.255
869.95	71.100
870.13	70.944
870.30	70.837
870.48	70.650
870.66	70.500
870.83	70.395
871.01	70.203
871.18	70.078
871.36	69.950
871.54	69.803
871.71	69.675
871.89	69.579
872.07	69.404
872.24	69.273
872.42	69.179
872.59	69.058
872.77	68.926
872.95	68.827
873.12	68.696
873.30	68.556
873.48	68.445
873.65	68.345
873.83	68.239
874.00	68.108
874.18	68.019
874.36	67.948
874.53	67.869
874.71	67.798
874.88	67.731
875.06	67.682
875.24	67.682
875.41	67.634
875.59	67.590
875.76	67.609
875.94	67.563
876.11	67.445
876.29	67.352
876.47	67.323
876.64	67.266
876.82	67.220
876.99	67.197
877.17	67.158
877.35	67.135
877.52	67.098
877.70	67.062
877.87	67.050
878.05	67.046
878.22	67.053
878.40	67.092
878.57	67.077
878.75	67.047
878.93	66.988
879.10	66.987
879.28	67.009
879.45	67.016
879.63	66.996
879.80	67.001
879.98	67.051
880.15	67.062
880.33	67.104
880.50	67.135
880.68	67.228
880.86	67.283
881.03	67.353
881.21	67.438
881.38	67.523
881.56	67.685
881.73	67.728
881.91	67.779
882.08	67.836
882.26	67.972
882.43	68.085
882.61	68.256
882.78	68.364
882.96	68.486
883.13	68.603
883.31	68.765
883.48	68.969
883.66	69.126
883.83	69.295
884.01	69.399
884.18	69.629
884.36	69.771
884.53	69.899
884.71	70.044
884.88	70.143
885.06	70.304
885.23	70.370
885.41	70.514
885.58	70.636
885.76	70.805
885.93	70.871
886.11	71.047
886.28	71.153
886.46	71.282
886.63	71.413
886.81	71.528
886.98	71.692
887.15	71.782
887.33	71.946
887.50	72.124
887.68	72.281
887.85	72.357
888.03	72.497
888.20	72.654
888.38	72.799
888.55	72.978
888.73	73.046
888.90	73.179
889.08	73.320
889.25	73.431
889.42	73.555
889.60	73.750
889.77	73.824
889.95	73.967
890.12	74.053
890.30	74.137
890.47	74.212
890.64	74.352
890.82	74.502
890.99	74.611
891.17	74.708
891.34	74.834
891.52	74.955
891.69	75.077
891.86	75.192
892.04	75.308
892.21	75.461
892.39	75.705
892.56	75.872
892.73	75.972
892.91	76.128
893.08	76.329
893.26	76.423
893.43	76.588
893.60	76.684
893.78	76.852
893.95	77.016
894.13	77.277
894.30	77.419
894.47	77.622
894.65	77.749
894.82	77.910
895.00	78.048
895.17	78.218
895.34	78.396
895.52	78.579
895.69	78.692
895.86	78.824
896.04	78.858
896.21	79.012
896.39	79.194
896.56	79.362
896.73	79.371
896.91	79.426
897.08	79.525
897.25	79.703
897.43	79.765
897.60	79.852
897.77	79.851
897.95	79.847
898.12	79.835
898.30	79.944
898.47	79.953
898.64	80.012
898.82	80.024
898.99	80.005
899.16	79.988
899.34	79.988
899.51	79.913
899.68	79.898
899.86	79.854
900.03	79.792
900.20	79.747
900.38	79.776
900.55	79.871
900.72	79.818
900.90	79.744
901.07	79.841
901.24	79.827
901.41	79.848
901.59	79.862
901.76	79.867
901.93	79.819
902.11	79.765
902.28	79.746
902.45	79.855
902.63	79.894
902.80	79.874
902.97	79.876
903.15	79.961
903.32	80.030
903.49	80.033
903.66	80.081
903.84	80.102
904.01	80.083
904.18	80.045
904.36	80.080
904.53	80.053
904.70	79.995
904.87	79.990
905.05	79.920
905.22	79.955
905.39	79.922
905.56	79.853
905.74	79.819
905.91	79.745
906.08	79.624
906.26	79.528
906.43	79.447
906.60	79.354
906.77	79.199
906.95	79.098
907.12	78.969
907.29	78.814
907.46	78.794
907.64	78.686
907.81	78.585
907.98	78.403
908.15	78.315
908.33	78.190
908.50	78.051
908.67	77.948
908.84	77.819
909.01	77.678
909.19	77.613
909.36	77.500
909.53	77.361
909.70	77.135
909.88	77.036
910.05	76.870
910.22	76.800
910.39	76.694
910.57	76.600
910.74	76.509
910.91	76.455
911.08	76.240
911.25	76.128
911.43	76.005
911.60	75.883
911.77	75.744
911.94	75.529
912.11	75.377
912.29	75.181
912.46	74.939
912.63	74.735
912.80	74.501
912.97	74.305
913.15	74.175
913.32	74.055
913.49	73.832
913.66	73.755
913.83	73.532
914.00	73.312
914.18	73.106
914.35	72.924
914.52	72.664
914.69	72.470
914.86	72.256
915.03	72.051
915.21	71.912
915.38	71.688
915.55	71.597
915.72	71.421
915.89	71.291
916.06	71.194
916.24	71.113
916.41	70.957
916.58	70.838
916.75	70.640
916.92	70.461
917.09	70.276
917.26	70.007
917.44	69.800
917.61	69.671
917.78	69.452
917.95	69.291
918.12	69.102
918.29	68.981
918.46	68.801
918.64	68.652
918.81	68.510
918.98	68.368
919.15	68.181
919.32	68.036
919.49	67.818
919.66	67.618
919.83	67.435
920.00	67.253
920.18	67.108
920.35	67.056
920.52	66.936
920.69	66.876
920.86	66.847
921.03	66.757
921.20	66.623
921.37	66.516
921.54	66.273
921.71	66.173
921.89	66.003
922.06	65.923
922.23	65.790
922.40	65.662
922.57	65.468
922.74	65.371
922.91	65.289
923.08	65.211
923.25	65.124
923.42	65.007
923.59	64.982
923.76	64.775
923.93	64.574
924.11	64.414
924.28	64.277
924.45	64.157
924.62	64.121
924.79	64.028
924.96	63.868
925.13	63.827
925.30	63.712
925.47	63.572
925.64	63.468
925.81	63.398
925.98	63.335
926.15	63.318
926.32	63.160
926.49	63.048
926.66	62.961
926.83	62.853
927.00	62.825
927.17	62.700
927.34	62.759
927.51	62.726
927.69	62.746
927.86	62.710
928.03	62.586
928.20	62.541
928.37	62.431
928.54	62.465
928.71	62.436
928.88	62.454
929.05	62.478
929.22	62.494
929.39	62.442
929.56	62.373
929.73	62.317
929.90	62.362
930.07	62.353
930.24	62.320
930.41	62.326
930.58	62.374
930.75	62.444
930.92	62.370
931.09	62.345
931.26	62.315
931.43	62.272
931.60	62.291
931.77	62.236
931.94	62.314
932.11	62.337
932.27	62.348
932.44	62.361
932.61	62.385
932.78	62.324
932.95	62.430
933.12	62.371
933.29	62.418
933.46	62.412
933.63	62.362
933.80	62.390
933.97	62.402
934.14	62.365
934.31	62.285
934.48	62.343
934.65	62.378
934.82	62.431
934.99	62.475
935.16	62.512
935.33	62.577
935.50	62.701
935.67	62.789
935.84	62.838
936.00	62.866
936.17	62.925
936.34	63.061
936.51	63.028
936.68	63.083
936.85	63.114
937.02	63.218
937.19	63.274
937.36	63.409
937.53	63.420
937.70	63.499
937.87	63.597
938.03	63.603
938.20	63.668
938.37	63.760
938.54	63.842
938.71	63.913
938.88	64.024
939.05	63.940
939.22	63.899
939.39	63.985
939.56	64.156
939.72	64.207
939.89	64.246
940.06	64.304
940.23	64.399
940.40	64.498
940.57	64.636
940.74	64.799
940.91	64.851
941.08	65.046
941.24	65.137
941.41	65.322
941.58	65.562
941.75	65.715
941.92	65.862
942.09	65.975
942.26	66.073
942.42	66.128
942.59	66.363
942.76	66.703
942.93	66.839
943.10	66.853
943.27	67.034
943.44	67.167
943.60	67.352
943.77	67.380
943.94	67.586
944.11	67.646
944.28	67.719
944.45	67.845
944.61	67.934
944.78	67.964
944.95	68.001
945.12	68.185
945.29	68.274
945.46	68.238
945.62	68.283
945.79	68.472
945.96	68.767
946.13	68.928
946.30	68.917
946.46	69.092
946.63	69.220
946.80	69.350
946.97	69.503
947.14	69.591
947.31	70.104
947.47	70.332
947.64	70.503
947.81	70.671
947.98	70.867
948.15	70.960
948.31	71.182
948.48	71.322
948.65	71.316
948.82	71.443
948.98	71.588
949.15	71.888
949.32	71.950
949.49	71.954
949.66	71.994
949.82	72.035
949.99	72.151
950.16	72.262
950.33	72.208
950.49	72.282
950.66	72.253
950.83	72.087
951.00	71.894
951.16	71.685
951.33	71.717
951.50	71.616
951.67	71.692
951.83	71.722
952.00	71.711
952.17	71.646
952.34	71.664
952.50	71.850
952.67	71.799
952.84	71.829
953.01	71.751
953.17	71.784
953.34	71.932
953.51	71.834
953.68	71.745
953.84	71.731
954.01	71.687
954.18	71.636
954.34	71.685
954.51	71.782
954.68	71.936
954.85	71.938
955.01	72.102
955.18	72.331
955.35	72.127
955.51	72.089
955.68	72.203
955.85	72.360
956.02	72.228
956.18	72.243
956.35	72.199
956.52	72.244
956.68	72.232
956.85	72.079
957.02	72.149
957.18	72.205
957.35	72.219
957.52	72.299
957.69	72.432
957.85	72.490
958.02	72.395
958.19	72.330
958.35	72.328
958.52	72.114
958.69	71.805
958.85	71.956
959.02	72.086
959.19	71.845
959.35	71.730
959.52	71.792
959.69	71.809
959.85	71.849
960.02	71.863
960.19	71.750
960.35	71.727
960.52	71.637
960.68	71.586
960.85	71.677
961.02	71.428
961.18	71.428
961.35	71.201
961.52	71.260
961.68	71.259
961.85	71.159
962.02	71.223
962.18	71.229
962.35	70.981
962.51	70.807
962.68	70.854
962.85	70.760
963.01	70.439
963.18	70.338
963.35	69.983
963.51	69.787
963.68	69.836
963.84	69.575
964.01	69.608
964.18	69.492
964.34	69.197
964.51	69.068
964.67	68.830
964.84	68.794
965.01	68.521
965.17	68.280
965.34	68.298
965.50	68.031
965.67	68.009
965.84	68.034
966.00	68.135
966.17	68.227
966.33	68.090
966.50	67.981
966.66	67.930
966.83	67.979
967.00	67.931
967.16	67.713
967.33	67.671
967.49	67.494
967.66	67.691
967.82	67.561
967.99	67.725
968.16	67.766
968.32	67.624
968.49	67.460
968.65	67.624
968.82	67.450
968.98	67.519
969.15	67.129
969.31	66.874
969.48	66.593
969.64	66.260
969.81	66.255
969.98	66.253
970.14	65.845
970.31	65.800
970.47	65.517
970.64	65.334
970.80	65.373
970.97	64.903
971.13	64.525
971.30	64.481
971.46	64.277
971.63	64.005
971.79	64.098
971.96	64.164
972.12	63.855
972.29	63.409
972.45	63.286
972.62	63.355
972.78	63.409
972.95	63.078
973.11	62.897
973.28	62.749
973.44	62.785
973.61	63.105
973.77	62.926
973.94	62.965
974.10	63.088
974.27	63.015
974.43	63.279
974.60	63.241
974.76	63.170
974.93	63.190
975.09	63.087
975.26	62.807
975.42	62.703
975.59	62.530
975.75	62.950
975.92	62.872
976.08	62.389
976.24	62.233
976.41	62.059
976.57	62.131
976.74	62.010
976.90	61.632
977.07	61.106
977.23	61.165
977.40	61.010
977.56	60.378
977.73	60.103
977.89	59.793
978.05	59.421
978.22	59.253
978.38	58.884
978.55	58.596
978.71	58.472
978.88	58.449
979.04	58.413
979.20	58.238
979.37	58.091
979.53	58.092
979.70	58.183
979.86	58.500
980.03	58.237
980.19	58.086
980.35	58.115
980.52	57.923
980.68	57.916
980.85	57.805
981.01	57.975
981.17	57.940
981.34	57.815
981.50	57.757
981.67	57.787
981.83	57.662
981.99	57.649
982.16	57.461
982.32	56.601
982.49	56.577
982.65	56.387
982.81	56.544
982.98	56.569
983.14	56.571
983.30	56.117
983.47	56.153
983.63	56.056
983.80	55.804
983.96	55.710
984.12	56.116
984.29	56.314
984.45	56.543
984.61	56.331
984.78	56.531
984.94	56.804
985.10	57.300
985.27	57.173
985.43	57.758
985.59	58.024
985.76	58.656
985.92	58.846
986.08	59.229
986.25	58.771
986.41	59.327
986.57	58.646
986.74	58.951
986.90	58.842
987.06	58.696
987.23	58.823
987.39	58.553
987.55	57.545
987.72	57.272
987.88	56.384
988.04	56.744
988.21	57.170
988.37	56.926
988.53	56.126
988.70	56.386
988.86	55.655
989.02	55.339
989.19	54.933
989.35	54.899
989.51	54.126
989.67	54.094
989.84	53.585
990.00	53.756
990.16	54.036
990.33	54.259
990.49	54.655
990.65	54.798
990.82	55.226
990.98	55.320
991.14	55.254
991.30	56.260
991.47	55.595
991.63	55.514
991.79	56.360
991.95	56.685
992.12	56.915
992.28	57.285
992.44	57.463
992.61	57.726
992.77	57.832
992.93	58.586
993.09	58.791
993.26	59.057
993.42	59.601
993.58	59.053
993.74	58.849
993.91	58.383
994.07	58.135
994.23	58.341
994.39	58.583
994.55	58.802
994.72	58.096
994.88	58.402
995.04	57.987
995.20	57.523
995.37	57.144
995.53	57.138
995.69	56.856
995.85	56.317
996.02	56.366
996.18	56.648
996.34	56.019
996.50	56.031
996.66	57.116
996.83	56.612
996.99	56.225
997.15	56.846
997.31	57.108
997.47	57.371
997.64	57.235
997.80	57.564
997.96	58.204
998.12	58.769
998.28	59.690
998.45	60.137
998.61	60.044
998.77	59.949
998.93	60.179
999.09	61.419
999.25	61.847
999.42	63.139
999.58	62.878
999.74	62.683
999.90	62.625
1000.06	61.346
1000.22	61.859
1000.39	62.356
1000.55	61.965
1000.71	62.434
1000.87	62.211
1001.03	62.136
1001.19	62.240
1001.36	61.832
1001.52	61.299
1001.68	60.928
1001.84	61.623
1002.00	60.701
1002.16	60.945
1002.32	60.224
1002.49	58.347
1002.65	58.165
1002.81	57.385
1002.97	57.170
1003.13	57.382
1003.29	58.379
1003.45	58.491
1003.62	59.056
1003.78	59.066
1003.94	59.393
1004.10	58.511
1004.26	58.795
1004.42	58.571
1004.58	58.270
1004.74	58.626
1004.90	60.183
1005.07	60.169
1005.23	58.823
1005.39	60.356
1005.55	60.942
1005.71	60.826
1005.87	62.199
1006.03	63.350
1006.19	63.406
1006.35	63.056
1006.51	63.721
1006.67	63.360
1006.84	63.014
1007.00	62.354
1007.16	63.479
1007.32	62.053
1007.48	62.837
1007.64	64.213
1007.80	64.131
1007.96	63.062
1008.12	63.329
1008.28	61.621
1008.44	62.514
1008.60	63.202
1008.76	61.560
1008.92	60.448
1009.09	60.196
1009.25	59.781
1009.41	59.193
1009.57	59.722
1009.73	60.793
1009.89	61.760
1010.05	62.475
1010.21	63.978
1010.37	63.868
1010.53	65.104
1010.69	67.253
1010.85	67.265
1011.01	65.850
1011.17	65.306
1011.33	67.393
1011.49	67.569
1011.65	68.031
1011.81	66.910
1011.97	67.178
1012.13	70.191
1012.29	72.117
1012.45	73.531
1012.61	76.900
1012.77	74.633
1012.93	74.608
1013.09	73.230
1013.25	73.008
1013.41	74.582
1013.57	71.982
1013.73	71.242
1013.89	67.181
1014.05	69.061
1014.21	67.122
1014.37	65.327
1014.53	64.261
1014.69	64.526
1014.85	64.711
1015.01	66.927
1015.17	69.727
1015.33	71.042
1015.49	69.343
1015.65	71.065
1015.81	71.958
1015.97	68.997
1016.13	72.580
1016.29	71.588
1016.45	72.809
1016.61	73.587
1016.77	70.032
1016.93	71.971
1017.09	72.027
1017.25	73.663
1017.41	72.280
1017.56	74.521
1017.72	82.201
1017.88	84.142
1018.04	85.828
1018.20	84.294
1018.36	83.053
1018.52	80.494
1018.68	81.728
1018.84	82.967
1019.00	81.366
1019.16	83.400
1019.32	86.109
1019.48	86.489
1019.64	89.881
1019.79	86.892
1019.95	82.582
1020.11	87.994
1020.27	87.495
1020.43	93.463
1020.59	96.036
1020.75	93.628
1020.91	97.237
1021.07	88.925
1021.23	89.647
1021.39	84.063
1021.54	89.543
1021.70	87.623
1021.86	87.868
1022.02	85.013
1022.18	81.690
1022.34	83.952
1022.50	82.326
1022.66	80.208
1022.82	80.558
1022.97	79.466
1023.13	82.490
1023.29	88.707
1023.45	87.006
1023.61	88.547
1023.77	86.507
1023.93	86.816
1024.08	87.286
1024.24	84.682
1024.40	87.431
1024.56	95.330
1024.72	99.219
1024.88	87.541
1025.04	93.506
1025.19	89.535
1025.35	85.947
1025.51	91.195
1025.67	95.995
1025.83	91.213
1025.99	93.891
1026.14	91.717
1026.30	102.687
1026.46	104.350
1026.62	95.197
1026.78	87.352
1026.94	83.649
1027.09	82.410
1027.25	80.440
1027.41	81.906
1027.57	80.329
1027.73	78.152
1027.89	71.570
1028.04	70.286
1028.20	69.835
1028.36	69.716
1028.52	70.143
1028.68	70.494
1028.83	70.995
1028.99	66.284
1029.15	66.681
1029.31	65.748
1029.47	67.283
1029.62	64.962
1029.78	64.673
1029.94	66.371
1030.10	68.254
1030.25	70.440
1030.41	72.201
1030.57	73.979
1030.73	76.752
1030.89	76.978
1031.04	80.704
1031.20	85.594
1031.36	94.953
1031.52	101.869
1031.67	106.017
1031.83	111.197
1031.99	122.977
1032.15	108.177
1032.30	121.439
1032.46	144.492
1032.62	135.061
1032.78	119.206
1032.93	135.361
1033.09	121.879
1033.25	113.788
1033.41	116.147
1033.56	110.815
1033.72	-6.127
1033.88	347.024
1034.04	90.886
1034.19	73.394
1034.35	76.047
1034.51	-19.366
1034.66	70.012
1034.82	1877.500
1034.98	1877.500
1035.14	1877.500
