345.22	46.626
345.43	46.626
345.65	46.626
345.86	44.542
346.08	145.019
346.29	2.271
346.51	37.432
346.72	20.328
346.94	-222.756
347.15	-81.237
347.37	191.371
347.58	223.586
347.80	250.685
348.01	210.870
348.23	142.233
348.44	131.647
348.66	118.332
348.87	119.664
349.09	112.372
349.30	100.333
349.52	93.243
349.73	95.971
349.95	95.144
350.16	96.941
350.38	93.385
350.59	86.647
350.81	85.033
351.02	83.344
351.24	81.996
351.45	81.440
351.67	83.883
351.88	82.745
352.10	78.878
352.31	78.106
352.53	81.925
352.74	83.729
352.96	84.822
353.17	84.573
353.39	85.880
353.60	87.766
353.82	88.956
354.03	89.094
354.25	84.202
354.46	79.505
354.67	76.865
354.89	74.810
355.10	78.998
355.32	77.565
355.53	79.206
355.75	81.027
355.96	82.669
356.18	81.855
356.39	81.717
356.61	85.994
356.82	85.337
357.04	81.465
357.25	81.628
357.46	81.303
357.68	80.361
357.89	78.876
358.11	77.200
358.32	80.270
358.54	78.471
358.75	80.196
358.97	82.094
359.18	84.839
359.40	84.603
359.61	84.660
359.82	86.443
360.04	85.998
360.25	84.155
360.47	80.058
360.68	79.835
360.90	80.046
361.11	78.095
361.32	78.291
361.54	81.550
361.75	81.298
361.97	82.341
362.18	83.771
362.40	85.401
362.61	86.905
362.83	86.412
363.04	87.502
363.25	89.319
363.47	90.050
363.68	87.533
363.90	91.476
364.11	91.429
364.32	91.574
364.54	89.492
364.75	86.822
364.97	90.361
365.18	89.158
365.40	87.006
365.61	86.803
365.82	87.578
366.04	87.071
366.25	86.322
366.47	84.480
366.68	82.566
366.89	83.063
367.11	80.859
367.32	81.051
367.54	78.199
367.75	77.183
367.96	76.409
368.18	77.659
368.39	76.422
368.61	76.892
368.82	77.996
369.03	80.526
369.25	84.391
369.46	85.135
369.68	85.830
369.89	87.500
370.10	88.201
370.32	88.414
370.53	88.008
370.75	84.737
370.96	86.684
371.17	87.594
371.39	85.059
371.60	85.352
371.81	86.404
372.03	88.998
372.24	89.720
372.46	92.681
372.67	93.393
372.88	92.120
373.10	91.639
373.31	90.177
373.52	90.388
373.74	88.603
373.95	87.425
374.17	88.723
374.38	90.446
374.59	90.849
374.81	89.119
375.02	87.307
375.23	90.388
375.45	88.158
375.66	85.986
375.87	87.292
376.09	87.474
376.30	85.786
376.52	87.422
376.73	84.565
376.94	83.347
377.16	84.240
377.37	88.048
377.58	87.917
377.80	89.206
378.01	90.041
378.22	91.296
378.44	92.105
378.65	93.952
378.86	94.197
379.08	94.537
379.29	95.033
379.50	98.032
379.72	97.984
379.93	101.134
380.14	104.245
380.36	105.040
380.57	106.833
380.78	107.212
381.00	107.971
381.21	109.706
381.42	110.704
381.64	111.094
381.85	110.783
382.06	111.109
382.28	111.015
382.49	110.565
382.70	111.132
382.92	111.415
383.13	110.607
383.34	110.894
383.56	111.824
383.77	112.967
383.98	112.541
384.20	113.629
384.41	113.692
384.62	113.866
384.83	114.439
385.05	114.767
385.26	115.710
385.47	116.520
385.69	117.415
385.90	118.183
386.11	118.880
386.33	119.802
386.54	120.599
386.75	121.274
386.97	122.421
387.18	123.163
387.39	124.060
387.60	124.491
387.82	125.047
388.03	125.405
388.24	125.933
388.46	126.371
388.67	126.472
388.88	126.461
389.09	126.372
389.31	126.161
389.52	125.942
389.73	125.410
389.95	124.932
390.16	124.406
390.37	123.957
390.58	123.471
390.80	122.718
391.01	122.171
391.22	121.628
391.44	120.696
391.65	119.915
391.86	119.153
392.07	118.809
392.29	118.298
392.50	117.762
392.71	117.233
392.92	116.902
393.14	116.485
393.35	116.285
393.56	116.245
393.78	116.241
393.99	116.471
394.20	116.799
394.41	117.093
394.63	117.394
394.84	117.933
395.05	118.629
395.26	119.277
395.48	119.982
395.69	120.643
395.90	121.600
396.11	122.491
396.33	123.333
396.54	124.229
396.75	124.959
396.96	125.734
397.18	126.405
397.39	127.077
397.60	127.769
397.81	128.311
398.03	128.686
398.24	129.029
398.45	129.159
398.66	129.216
398.87	129.227
399.09	129.107
399.30	128.766
399.51	128.223
399.72	127.745
399.94	127.155
400.15	126.480
400.36	125.649
400.57	124.770
400.79	123.889
401.00	122.867
401.21	121.938
401.42	120.985
401.63	120.028
401.85	119.103
402.06	118.300
402.27	117.499
402.48	116.831
402.69	116.212
402.91	115.631
403.12	115.129
403.33	114.824
403.54	114.689
403.76	114.493
403.97	114.537
404.18	114.693
404.39	114.953
404.60	115.355
404.82	115.872
405.03	116.515
405.24	117.174
405.45	117.912
405.66	118.723
405.88	119.561
406.09	120.498
406.30	121.342
406.51	122.105
406.72	122.944
406.94	123.728
407.15	124.462
407.36	125.234
407.57	125.923
407.78	126.472
407.99	126.865
408.21	127.264
408.42	127.528
408.63	127.732
408.84	127.737
409.05	127.670
409.27	127.399
409.48	126.955
409.69	126.441
409.90	125.929
410.11	125.303
410.32	124.608
410.54	123.760
410.75	122.844
410.96	121.893
411.17	120.891
411.38	119.890
411.59	118.889
411.81	117.801
412.02	116.756
412.23	115.739
412.44	114.819
412.65	114.017
412.86	113.294
413.08	112.555
413.29	111.908
413.50	111.428
413.71	111.074
413.92	110.810
414.13	110.662
414.34	110.595
414.56	110.573
414.77	110.714
414.98	110.950
415.19	111.410
415.40	111.976
415.61	112.594
415.82	113.252
416.04	114.010
416.25	114.774
416.46	115.617
416.67	116.550
416.88	117.422
417.09	118.300
417.30	119.108
417.52	119.976
417.73	120.741
417.94	121.450
418.15	122.119
418.36	122.800
418.57	123.296
418.78	123.705
418.99	124.104
419.21	124.365
419.42	124.548
419.63	124.579
419.84	124.487
420.05	124.284
420.26	123.945
420.47	123.454
420.68	122.990
420.89	122.394
421.11	121.640
421.32	120.923
421.53	120.084
421.74	119.235
421.95	118.347
422.16	117.463
422.37	116.559
422.58	115.564
422.79	114.574
423.01	113.673
423.22	112.778
423.43	111.958
423.64	111.188
423.85	110.502
424.06	109.911
424.27	109.368
424.48	108.933
424.69	108.673
424.90	108.498
425.11	108.401
425.33	108.428
425.54	108.553
425.75	108.735
425.96	109.019
426.17	109.420
426.38	109.910
426.59	110.484
426.80	111.127
427.01	111.872
427.22	112.701
427.43	113.628
427.64	114.510
427.85	115.371
428.07	116.290
428.28	117.160
428.49	118.041
428.70	118.917
428.91	119.749
429.12	120.485
429.33	121.216
429.54	121.879
429.75	122.458
429.96	123.021
430.17	123.484
430.38	123.846
430.59	124.039
430.80	124.131
431.01	124.128
431.22	124.060
431.44	123.868
431.65	123.582
431.86	123.158
432.07	122.695
432.28	122.154
432.49	121.501
432.70	120.778
432.91	119.948
433.12	119.056
433.33	118.125
433.54	117.225
433.75	116.286
433.96	115.347
434.17	114.309
434.38	113.334
434.59	112.389
434.80	111.467
435.01	110.682
435.22	109.939
435.43	109.271
435.64	108.635
435.85	108.087
436.06	107.615
436.27	107.263
436.48	107.017
436.69	106.822
436.90	106.755
437.11	106.804
437.33	106.958
437.54	107.217
437.75	107.607
437.96	108.007
438.17	108.496
438.38	109.021
438.59	109.685
438.80	110.358
439.01	111.155
439.22	112.020
439.43	112.762
439.64	113.569
439.85	114.396
440.06	115.203
440.27	116.051
440.48	116.835
440.69	117.580
440.90	118.279
441.11	118.994
441.32	119.614
441.53	120.163
441.74	120.616
441.95	121.035
442.16	121.339
442.37	121.535
442.58	121.674
442.79	121.733
443.00	121.707
443.21	121.591
443.42	121.299
443.62	120.862
443.83	120.517
444.04	120.039
444.25	119.489
444.46	118.848
444.67	118.115
444.88	117.357
445.09	116.528
445.30	115.660
445.51	114.715
445.72	113.756
445.93	112.842
446.14	111.893
446.35	110.916
446.56	110.003
446.77	109.123
446.98	108.238
447.19	107.377
447.40	106.606
447.61	105.845
447.82	105.176
448.03	104.618
448.24	104.081
448.45	103.644
448.66	103.294
448.87	103.028
449.08	102.884
449.29	102.810
449.49	102.832
449.70	102.955
449.91	103.151
450.12	103.456
450.33	103.789
450.54	104.230
450.75	104.758
450.96	105.315
451.17	105.945
451.38	106.606
451.59	107.324
451.80	108.032
452.01	108.803
452.22	109.602
452.43	110.356
452.64	111.108
452.84	111.870
453.05	112.580
453.26	113.312
453.47	113.956
453.68	114.588
453.89	115.173
454.10	115.651
454.31	116.116
454.52	116.468
454.73	116.791
454.94	116.995
455.15	117.100
455.36	117.116
455.56	117.065
455.77	116.930
455.98	116.740
456.19	116.473
456.40	116.137
456.61	115.731
456.82	115.218
457.03	114.655
457.24	114.007
457.45	113.338
457.65	112.547
457.86	111.758
458.07	110.929
458.28	110.004
458.49	109.131
458.70	108.187
458.91	107.271
459.12	106.339
459.33	105.386
459.54	104.500
459.74	103.635
459.95	102.787
460.16	102.022
460.37	101.298
460.58	100.631
460.79	99.993
461.00	99.403
461.21	98.913
461.41	98.489
461.62	98.146
461.83	97.897
462.04	97.741
462.25	97.614
462.46	97.606
462.67	97.705
462.88	97.880
463.08	98.151
463.29	98.452
463.50	98.833
463.71	99.317
463.92	99.825
464.13	100.367
464.34	100.971
464.54	101.629
464.75	102.318
464.96	103.017
465.17	103.745
465.38	104.453
465.59	105.217
465.80	105.949
466.00	106.653
466.21	107.340
466.42	107.989
466.63	108.666
466.84	109.288
467.05	109.849
467.26	110.360
467.46	110.757
467.67	111.149
467.88	111.496
468.09	111.734
468.30	111.938
468.51	112.077
468.71	112.112
468.92	112.086
469.13	111.979
469.34	111.818
469.55	111.557
469.76	111.259
469.96	110.858
470.17	110.406
470.38	109.909
470.59	109.336
470.80	108.706
471.00	108.061
471.21	107.337
471.42	106.603
471.63	105.828
471.84	105.045
472.05	104.223
472.25	103.382
472.46	102.545
472.67	101.667
472.88	100.844
473.09	100.011
473.29	99.176
473.50	98.400
473.71	97.628
473.92	96.900
474.13	96.218
474.33	95.600
474.54	95.029
474.75	94.520
474.96	94.058
475.17	93.675
475.37	93.313
475.58	93.043
475.79	92.852
476.00	92.733
476.21	92.701
476.41	92.728
476.62	92.834
476.83	93.000
477.04	93.274
477.24	93.569
477.45	93.940
477.66	94.361
477.87	94.812
478.08	95.340
478.28	95.879
478.49	96.477
478.70	97.117
478.91	97.753
479.11	98.403
479.32	99.098
479.53	99.766
479.74	100.478
479.94	101.156
480.15	101.797
480.36	102.418
480.57	103.024
480.78	103.629
480.98	104.148
481.19	104.638
481.40	105.073
481.61	105.499
481.81	105.855
482.02	106.154
482.23	106.428
482.44	106.600
482.64	106.747
482.85	106.813
483.06	106.789
483.27	106.743
483.47	106.648
483.68	106.470
483.89	106.231
484.10	105.919
484.30	105.566
484.51	105.138
484.72	104.693
484.92	104.152
485.13	103.594
485.34	103.005
485.55	102.364
485.75	101.701
485.96	100.973
486.17	100.239
486.38	99.496
486.58	98.715
486.79	97.947
487.00	97.161
487.20	96.374
487.41	95.615
487.62	94.863
487.83	94.112
488.03	93.380
488.24	92.686
488.45	92.009
488.65	91.358
488.86	90.767
489.07	90.206
489.28	89.706
489.48	89.237
489.69	88.859
489.90	88.513
490.10	88.238
490.31	88.026
490.52	87.847
490.73	87.744
490.93	87.702
491.14	87.719
491.35	87.802
491.55	87.933
491.76	88.120
491.97	88.355
492.17	88.634
492.38	88.974
492.59	89.359
492.79	89.799
493.00	90.277
493.21	90.785
493.41	91.314
493.62	91.873
493.83	92.461
494.04	93.024
494.24	93.623
494.45	94.223
494.66	94.808
494.86	95.425
495.07	95.999
495.28	96.586
495.48	97.136
495.69	97.668
495.90	98.183
496.10	98.672
496.31	99.111
496.52	99.510
496.72	99.906
496.93	100.246
497.14	100.529
497.34	100.752
497.55	100.953
497.76	101.095
497.96	101.183
498.17	101.212
498.37	101.205
498.58	101.120
498.79	100.982
498.99	100.817
499.20	100.579
499.41	100.295
499.61	99.941
499.82	99.561
500.03	99.118
500.23	98.661
500.44	98.137
500.65	97.590
500.85	97.019
501.06	96.382
501.26	95.735
501.47	95.064
501.68	94.388
501.88	93.674
502.09	92.964
502.30	92.238
502.50	91.512
502.71	90.793
502.91	90.079
503.12	89.373
503.33	88.679
503.53	88.018
503.74	87.363
503.95	86.731
504.15	86.131
504.36	85.560
504.56	85.014
504.77	84.527
504.98	84.057
505.18	83.649
505.39	83.277
505.59	82.955
505.80	82.683
506.01	82.465
506.21	82.302
506.42	82.189
506.62	82.120
506.83	82.102
507.04	82.141
507.24	82.226
507.45	82.368
507.65	82.555
507.86	82.767
508.07	83.038
508.27	83.354
508.48	83.697
508.68	84.100
508.89	84.520
509.10	84.960
509.30	85.433
509.51	85.915
509.71	86.418
509.92	86.935
510.12	87.460
510.33	87.992
510.54	88.517
510.74	89.054
510.95	89.578
511.15	90.099
511.36	90.619
511.56	91.121
511.77	91.592
511.98	92.048
512.18	92.492
512.39	92.903
512.59	93.284
512.80	93.634
513.00	93.940
513.21	94.208
513.42	94.453
513.62	94.653
513.83	94.818
514.03	94.932
514.24	94.997
514.44	95.011
514.65	94.996
514.85	94.940
515.06	94.841
515.26	94.690
515.47	94.500
515.68	94.254
515.88	93.975
516.09	93.652
516.29	93.295
516.50	92.898
516.70	92.459
516.91	91.990
517.11	91.492
517.32	90.972
517.52	90.424
517.73	89.866
517.93	89.276
518.14	88.669
518.34	88.058
518.55	87.437
518.76	86.818
518.96	86.171
519.17	85.521
519.37	84.867
519.58	84.241
519.78	83.610
519.99	82.982
520.19	82.370
520.40	81.798
520.60	81.234
520.81	80.691
521.01	80.166
521.22	79.686
521.42	79.233
521.63	78.808
521.83	78.418
522.04	78.055
522.24	77.753
522.45	77.487
522.65	77.265
522.86	77.086
523.06	76.943
523.27	76.856
523.47	76.809
523.68	76.804
523.88	76.832
524.09	76.909
524.29	77.038
524.50	77.205
524.70	77.399
524.91	77.630
525.11	77.911
525.32	78.232
525.52	78.573
525.72	78.961
525.93	79.366
526.13	79.805
526.34	80.246
526.54	80.721
526.75	81.191
526.95	81.684
527.16	82.175
527.36	82.684
527.57	83.191
527.77	83.695
527.98	84.213
528.18	84.725
528.39	85.220
528.59	85.712
528.79	86.183
529.00	86.653
529.20	87.097
529.41	87.542
529.61	87.954
529.82	88.329
530.02	88.670
530.23	88.997
530.43	89.275
530.64	89.543
530.84	89.761
531.04	89.942
531.25	90.113
531.45	90.250
531.66	90.346
531.86	90.398
532.07	90.407
532.27	90.375
532.47	90.313
532.68	90.231
532.88	90.111
533.09	89.951
533.29	89.736
533.50	89.496
533.70	89.186
533.90	88.870
534.11	88.537
534.31	88.172
534.52	87.767
534.72	87.365
534.93	86.932
535.13	86.461
535.33	85.991
535.54	85.471
535.74	84.947
535.95	84.394
536.15	83.863
536.35	83.318
536.56	82.769
536.76	82.193
536.97	81.631
537.17	81.059
537.37	80.496
537.58	79.957
537.78	79.420
537.99	78.901
538.19	78.380
538.39	77.871
538.60	77.389
538.80	76.941
539.01	76.492
539.21	76.075
539.41	75.696
539.62	75.335
539.82	75.014
540.03	74.715
540.23	74.469
540.43	74.237
540.64	74.063
540.84	73.908
541.04	73.805
541.25	73.745
541.45	73.714
541.66	73.716
541.86	73.758
542.06	73.841
542.27	73.958
542.47	74.125
542.67	74.309
542.88	74.532
543.08	74.786
543.28	75.077
543.49	75.389
543.69	75.737
543.90	76.117
544.10	76.503
544.30	76.938
544.51	77.373
544.71	77.849
544.91	78.310
545.12	78.799
545.32	79.305
545.52	79.791
545.73	80.308
545.93	80.823
546.13	81.314
546.34	81.802
546.54	82.291
546.74	82.766
546.95	83.259
547.15	83.732
547.35	84.176
547.56	84.630
547.76	85.075
547.96	85.484
548.17	85.887
548.37	86.281
548.57	86.616
548.78	86.934
548.98	87.221
549.18	87.477
549.39	87.706
549.59	87.903
549.79	88.095
550.00	88.239
550.20	88.378
550.40	88.465
550.61	88.534
550.81	88.565
551.01	88.563
551.22	88.529
551.42	88.458
551.62	88.359
551.82	88.211
552.03	88.047
552.23	87.852
552.43	87.619
552.64	87.359
552.84	87.076
553.04	86.761
553.25	86.422
553.45	86.051
553.65	85.667
553.85	85.278
554.06	84.859
554.26	84.416
554.46	83.941
554.67	83.471
554.87	82.978
555.07	82.491
555.27	81.986
555.48	81.467
555.68	80.961
555.88	80.445
556.09	79.933
556.29	79.401
556.49	78.890
556.69	78.367
556.90	77.856
557.10	77.374
557.30	76.916
557.50	76.447
557.71	76.021
557.91	75.603
558.11	75.185
558.31	74.799
558.52	74.439
558.72	74.108
558.92	73.806
559.13	73.530
559.33	73.279
559.53	73.049
559.73	72.867
559.94	72.701
560.14	72.565
560.34	72.458
560.54	72.388
560.75	72.358
560.95	72.353
561.15	72.394
561.35	72.450
561.55	72.528
561.76	72.653
561.96	72.787
562.16	72.972
562.36	73.195
562.57	73.431
562.77	73.697
562.97	73.991
563.17	74.299
563.38	74.627
563.58	74.985
563.78	75.366
563.98	75.757
564.18	76.160
564.39	76.590
564.59	77.028
564.79	77.489
564.99	77.941
565.20	78.404
565.40	78.852
565.60	79.309
565.80	79.789
566.00	80.250
566.21	80.719
566.41	81.162
566.61	81.608
566.81	82.057
567.01	82.491
567.22	82.917
567.42	83.331
567.62	83.719
567.82	84.092
568.02	84.452
568.23	84.791
568.43	85.111
568.63	85.420
568.83	85.691
569.03	85.930
569.24	86.155
569.44	86.363
569.64	86.552
569.84	86.723
570.04	86.841
570.24	86.948
570.45	87.031
570.65	87.089
570.85	87.111
571.05	87.093
571.25	87.050
571.45	86.974
571.66	86.889
571.86	86.781
572.06	86.627
572.26	86.458
572.46	86.272
572.66	86.068
572.87	85.819
573.07	85.563
573.27	85.283
573.47	84.983
573.67	84.653
573.87	84.299
574.08	83.922
574.28	83.549
574.48	83.152
574.68	82.730
574.88	82.304
575.08	81.847
575.28	81.396
575.49	80.944
575.69	80.484
575.89	79.999
576.09	79.533
576.29	79.054
576.49	78.570
576.69	78.081
576.90	77.603
577.10	77.134
577.30	76.668
577.50	76.217
577.70	75.764
577.90	75.327
578.10	74.920
578.30	74.518
578.51	74.130
578.71	73.766
578.91	73.419
579.11	73.082
579.31	72.776
579.51	72.487
579.71	72.224
579.91	71.976
580.12	71.767
580.32	71.578
580.52	71.426
580.72	71.286
580.92	71.173
581.12	71.072
581.32	71.013
581.52	70.998
581.72	70.990
581.92	71.016
582.13	71.077
582.33	71.144
582.53	71.252
582.73	71.375
582.93	71.531
583.13	71.717
583.33	71.936
583.53	72.170
583.73	72.432
583.93	72.715
584.13	73.025
584.34	73.363
584.54	73.684
584.74	74.020
584.94	74.400
585.14	74.786
585.34	75.192
585.54	75.571
585.74	75.968
585.94	76.392
586.14	76.831
586.34	77.259
586.54	77.708
586.74	78.156
586.94	78.614
587.15	79.072
587.35	79.515
587.55	79.950
587.75	80.389
587.95	80.808
588.15	81.216
588.35	81.613
588.55	82.005
588.75	82.404
588.95	82.792
589.15	83.152
589.35	83.506
589.55	83.837
589.75	84.190
589.95	84.498
590.15	84.785
590.35	85.041
590.55	85.291
590.75	85.511
590.95	85.706
591.15	85.882
591.35	86.023
591.56	86.146
591.76	86.249
591.96	86.325
592.16	86.392
592.36	86.429
592.56	86.451
592.76	86.437
592.96	86.409
593.16	86.335
593.36	86.250
593.56	86.149
593.76	86.034
593.96	85.873
594.16	85.711
594.36	85.526
594.56	85.320
594.76	85.089
594.96	84.848
595.16	84.569
595.36	84.280
595.56	83.965
595.76	83.627
595.96	83.268
596.16	82.915
596.36	82.538
596.56	82.162
596.76	81.753
596.96	81.341
597.16	80.924
597.36	80.516
597.56	80.087
597.76	79.643
597.96	79.196
598.16	78.753
598.36	78.306
598.56	77.848
598.76	77.402
598.96	76.966
599.16	76.527
599.36	76.118
599.56	75.707
599.76	75.298
599.96	74.909
600.15	74.534
600.35	74.169
600.55	73.818
600.75	73.461
600.95	73.136
601.15	72.813
601.35	72.501
601.55	72.210
601.75	71.954
601.95	71.709
602.15	71.496
602.35	71.279
602.55	71.097
602.75	70.943
602.95	70.800
603.15	70.666
603.35	70.572
603.55	70.488
603.75	70.422
603.95	70.391
604.15	70.381
604.35	70.401
604.54	70.436
604.74	70.512
604.94	70.602
605.14	70.708
605.34	70.846
605.54	71.015
605.74	71.210
605.94	71.408
606.14	71.635
606.34	71.873
606.54	72.146
606.74	72.436
606.94	72.737
607.14	73.062
607.33	73.414
607.53	73.762
607.73	74.120
607.93	74.485
608.13	74.863
608.33	75.255
608.53	75.640
608.73	76.046
608.93	76.433
609.13	76.841
609.33	77.259
609.52	77.676
609.72	78.086
609.92	78.485
610.12	78.897
610.32	79.305
610.52	79.722
610.72	80.115
610.92	80.506
611.12	80.894
611.31	81.274
611.51	81.642
611.71	82.002
611.91	82.367
612.11	82.730
612.31	83.079
612.51	83.399
612.71	83.725
612.91	84.014
613.10	84.304
613.30	84.601
613.50	84.864
613.70	85.105
613.90	85.322
614.10	85.523
614.30	85.690
614.50	85.848
614.69	85.964
614.89	86.084
615.09	86.177
615.29	86.252
615.49	86.303
615.69	86.336
615.89	86.355
616.08	86.351
616.28	86.317
616.48	86.266
616.68	86.191
616.88	86.094
617.08	85.982
617.27	85.864
617.47	85.705
617.67	85.527
617.87	85.332
618.07	85.132
618.27	84.918
618.47	84.698
618.66	84.449
618.86	84.198
619.06	83.913
619.26	83.628
619.46	83.325
619.66	83.001
619.85	82.662
620.05	82.311
620.25	81.936
620.45	81.565
620.65	81.176
620.84	80.810
621.04	80.425
621.24	80.057
621.44	79.647
621.64	79.226
621.84	78.826
622.03	78.418
622.23	78.011
622.43	77.603
622.63	77.201
622.83	76.798
623.02	76.399
623.22	76.015
623.42	75.611
623.62	75.227
623.82	74.861
624.01	74.493
624.21	74.132
624.41	73.794
624.61	73.470
624.81	73.166
625.00	72.850
625.20	72.552
625.40	72.257
625.60	71.992
625.79	71.754
625.99	71.535
626.19	71.323
626.39	71.131
626.59	70.952
626.78	70.805
626.98	70.670
627.18	70.548
627.38	70.455
627.57	70.404
627.77	70.353
627.97	70.321
628.17	70.323
628.37	70.336
628.56	70.385
628.76	70.437
628.96	70.505
629.16	70.595
629.35	70.731
629.55	70.875
629.75	71.038
629.95	71.218
630.14	71.406
630.34	71.626
630.54	71.857
630.74	72.098
630.93	72.354
631.13	72.623
631.33	72.903
631.53	73.177
631.72	73.465
631.92	73.781
632.12	74.114
632.31	74.444
632.51	74.811
632.71	75.168
632.91	75.525
633.10	75.899
633.30	76.292
633.50	76.656
633.70	77.047
633.89	77.431
634.09	77.827
634.29	78.220
634.48	78.606
634.68	79.007
634.88	79.408
635.08	79.808
635.27	80.217
635.47	80.618
635.67	81.027
635.86	81.427
636.06	81.814
636.26	82.176
636.46	82.543
636.65	82.891
636.85	83.249
637.05	83.596
637.24	83.911
637.44	84.219
637.64	84.525
637.83	84.825
638.03	85.117
638.23	85.366
638.43	85.615
638.62	85.846
638.82	86.045
639.02	86.241
639.21	86.410
639.41	86.555
639.61	86.705
639.80	86.833
640.00	86.941
640.20	87.053
640.39	87.159
640.59	87.232
640.79	87.290
640.98	87.315
641.18	87.335
641.38	87.352
641.57	87.333
641.77	87.295
641.97	87.225
642.16	87.147
642.36	87.064
642.56	86.962
642.75	86.859
642.95	86.727
643.15	86.580
643.34	86.433
643.54	86.267
643.74	86.065
643.93	85.857
644.13	85.615
644.33	85.349
644.52	85.079
644.72	84.809
644.91	84.522
645.11	84.213
645.31	83.902
645.50	83.590
645.70	83.276
645.90	82.955
646.09	82.614
646.29	82.262
646.48	81.904
646.68	81.527
646.88	81.153
647.07	80.782
647.27	80.402
647.47	80.009
647.66	79.627
647.86	79.241
648.05	78.862
648.25	78.492
648.45	78.118
648.64	77.733
648.84	77.365
649.04	76.989
649.23	76.618
649.43	76.259
649.62	75.895
649.82	75.527
650.02	75.179
650.21	74.844
650.41	74.534
650.60	74.228
650.80	73.955
651.00	73.659
651.19	73.392
651.39	73.133
651.58	72.885
651.78	72.660
651.97	72.463
652.17	72.263
652.37	72.073
652.56	71.918
652.76	71.773
652.95	71.640
653.15	71.545
653.35	71.456
653.54	71.374
653.74	71.302
653.93	71.259
654.13	71.232
654.32	71.211
654.52	71.191
654.72	71.206
654.91	71.231
655.11	71.282
655.30	71.354
655.50	71.442
655.69	71.548
655.89	71.653
656.08	71.769
656.28	71.915
656.48	72.080
656.67	72.252
656.87	72.442
657.06	72.632
657.26	72.831
657.45	73.058
657.65	73.303
657.84	73.571
658.04	73.837
658.23	74.123
658.43	74.427
658.62	74.746
658.82	75.062
659.02	75.389
659.21	75.737
659.41	76.073
659.60	76.420
659.80	76.777
659.99	77.158
660.19	77.532
660.38	77.911
660.58	78.280
660.77	78.666
660.97	79.037
661.16	79.419
661.36	79.790
661.55	80.178
661.75	80.558
661.94	80.927
662.14	81.308
662.33	81.688
662.53	82.059
662.72	82.427
662.92	82.787
663.11	83.128
663.31	83.477
663.50	83.828
663.70	84.179
663.89	84.517
664.09	84.831
664.28	85.155
664.48	85.456
664.67	85.772
664.87	86.048
665.06	86.335
665.26	86.599
665.45	86.859
665.65	87.098
665.84	87.342
666.04	87.564
666.23	87.752
666.43	87.920
666.62	88.077
666.82	88.222
667.01	88.355
667.21	88.483
667.40	88.580
667.59	88.679
667.79	88.743
667.98	88.781
668.18	88.813
668.37	88.820
668.57	88.841
668.76	88.829
668.96	88.798
669.15	88.753
669.35	88.716
669.54	88.645
669.73	88.568
669.93	88.471
670.12	88.374
670.32	88.281
670.51	88.155
670.71	88.022
670.90	87.882
671.10	87.730
671.29	87.552
671.48	87.360
671.68	87.150
671.87	86.939
672.07	86.716
672.26	86.516
672.46	86.280
672.65	86.024
672.84	85.759
673.04	85.498
673.23	85.227
673.43	84.933
673.62	84.649
673.82	84.352
674.01	84.019
674.20	83.693
674.40	83.352
674.59	83.023
674.79	82.696
674.98	82.352
675.17	82.006
675.37	81.670
675.56	81.330
675.76	80.983
675.95	80.618
676.14	80.273
676.34	79.894
676.53	79.537
676.73	79.176
676.92	78.810
677.11	78.451
677.31	78.091
677.50	77.749
677.70	77.396
677.89	77.046
678.08	76.728
678.28	76.409
678.47	76.107
678.66	75.812
678.86	75.522
679.05	75.234
679.25	74.964
679.44	74.707
679.63	74.473
679.83	74.234
680.02	74.024
680.21	73.817
680.41	73.621
680.60	73.426
680.79	73.247
680.99	73.086
681.18	72.926
681.38	72.790
681.57	72.678
681.76	72.586
681.96	72.503
682.15	72.423
682.34	72.348
682.54	72.284
682.73	72.246
682.92	72.207
683.12	72.206
683.31	72.214
683.50	72.230
683.70	72.259
683.89	72.292
684.08	72.351
684.28	72.426
684.47	72.514
684.66	72.628
684.86	72.753
685.05	72.896
685.24	73.057
685.44	73.215
685.63	73.382
685.82	73.569
686.02	73.759
686.21	73.990
686.40	74.224
686.60	74.479
686.79	74.740
686.98	75.008
687.18	75.289
687.37	75.567
687.56	75.850
687.75	76.149
687.95	76.458
688.14	76.763
688.33	77.088
688.53	77.418
688.72	77.765
688.91	78.110
689.11	78.447
689.30	78.820
689.49	79.197
689.68	79.567
689.88	79.928
690.07	80.291
690.26	80.638
690.46	81.004
690.65	81.350
690.84	81.700
691.03	82.066
691.23	82.418
691.42	82.774
691.61	83.136
691.80	83.475
692.00	83.824
692.19	84.153
692.38	84.479
692.58	84.810
692.77	85.121
692.96	85.424
693.15	85.732
693.35	86.018
693.54	86.319
693.73	86.618
693.92	86.890
694.12	87.178
694.31	87.438
694.50	87.711
694.69	87.954
694.89	88.190
695.08	88.405
695.27	88.636
695.46	88.839
695.66	89.041
695.85	89.238
696.04	89.427
696.23	89.630
696.43	89.803
696.62	89.941
696.81	90.074
697.00	90.209
697.19	90.334
697.39	90.428
697.58	90.509
697.77	90.565
697.96	90.639
698.16	90.682
698.35	90.743
698.54	90.760
698.73	90.800
698.92	90.791
699.12	90.785
699.31	90.753
699.50	90.721
699.69	90.679
699.89	90.616
700.08	90.548
700.27	90.450
700.46	90.358
700.65	90.251
700.85	90.157
701.04	90.031
701.23	89.882
701.42	89.732
701.61	89.568
701.81	89.392
702.00	89.199
702.19	89.003
702.38	88.775
702.57	88.561
702.76	88.313
702.96	88.083
703.15	87.833
703.34	87.563
703.53	87.291
703.72	86.988
703.92	86.686
704.11	86.376
704.30	86.058
704.49	85.740
704.68	85.428
704.87	85.079
705.07	84.742
705.26	84.415
705.45	84.107
705.64	83.766
705.83	83.455
706.02	83.128
706.21	82.813
706.41	82.485
706.60	82.139
706.79	81.818
706.98	81.502
707.17	81.165
707.36	80.845
707.56	80.540
707.75	80.236
707.94	79.936
708.13	79.640
708.32	79.362
708.51	79.067
708.70	78.800
708.89	78.526
709.09	78.256
709.28	77.998
709.47	77.701
709.66	77.427
709.85	77.159
710.04	76.894
710.23	76.617
710.42	76.389
710.62	76.155
710.81	75.901
711.00	75.661
711.19	75.453
711.38	75.241
711.57	75.026
711.76	74.831
711.95	74.660
712.15	74.502
712.34	74.344
712.53	74.197
712.72	74.052
712.91	73.949
713.10	73.843
713.29	73.746
713.48	73.665
713.67	73.618
713.86	73.582
714.05	73.545
714.25	73.525
714.44	73.489
714.63	73.486
714.82	73.522
715.01	73.559
715.20	73.624
715.39	73.679
715.58	73.754
715.77	73.846
715.96	73.941
716.15	74.033
716.34	74.130
716.54	74.249
716.73	74.380
716.92	74.502
717.11	74.648
717.30	74.810
717.49	74.990
717.68	75.176
717.87	75.333
718.06	75.548
718.25	75.774
718.44	76.011
718.63	76.256
718.82	76.493
719.01	76.735
719.20	76.983
719.39	77.251
719.58	77.523
719.77	77.787
719.96	78.043
720.16	78.317
720.35	78.613
720.54	78.905
720.73	79.204
720.92	79.509
721.11	79.838
721.30	80.150
721.49	80.461
721.68	80.783
721.87	81.137
722.06	81.460
722.25	81.783
722.44	82.112
722.63	82.427
722.82	82.742
723.01	83.050
723.20	83.349
723.39	83.666
723.58	84.004
723.77	84.339
723.96	84.681
724.15	85.034
724.34	85.363
724.53	85.691
724.72	85.992
724.91	86.320
725.10	86.639
725.29	86.941
725.48	87.275
725.67	87.551
725.86	87.810
726.05	88.088
726.24	88.347
726.43	88.597
726.62	88.853
726.81	89.135
727.00	89.394
727.19	89.663
727.38	89.912
727.57	90.128
727.76	90.343
727.95	90.546
728.14	90.720
728.33	90.896
728.52	91.066
728.71	91.231
728.90	91.387
729.09	91.506
729.28	91.616
729.47	91.708
729.65	91.816
729.84	91.928
730.03	92.023
730.22	92.111
730.41	92.198
730.60	92.277
730.79	92.299
730.98	92.347
731.17	92.391
731.36	92.396
731.55	92.390
731.74	92.380
731.93	92.361
732.12	92.334
732.31	92.315
732.50	92.302
732.69	92.286
732.88	92.222
733.06	92.154
733.25	92.094
733.44	92.028
733.63	91.930
733.82	91.827
734.01	91.693
734.20	91.560
734.39	91.401
734.58	91.254
734.77	91.118
734.96	90.945
735.15	90.751
735.33	90.556
735.52	90.377
735.71	90.176
735.90	89.963
736.09	89.736
736.28	89.482
736.47	89.222
736.66	88.951
736.85	88.688
737.04	88.397
737.23	88.118
737.41	87.818
737.60	87.554
737.79	87.249
737.98	86.965
738.17	86.676
738.36	86.412
738.55	86.125
738.74	85.842
738.92	85.548
739.11	85.264
739.30	84.961
739.49	84.645
739.68	84.348
739.87	84.074
740.06	83.800
740.25	83.506
740.43	83.224
740.62	82.928
740.81	82.626
741.00	82.355
741.19	82.058
741.38	81.755
741.57	81.447
741.75	81.170
741.94	80.877
742.13	80.584
742.32	80.270
742.51	79.976
742.70	79.693
742.89	79.425
743.07	79.137
743.26	78.873
743.45	78.588
743.64	78.334
743.83	78.056
744.02	77.759
744.20	77.511
744.39	77.258
744.58	77.025
744.77	76.811
744.96	76.615
745.15	76.445
745.33	76.285
745.52	76.122
745.71	75.959
745.90	75.806
746.09	75.676
746.28	75.558
746.46	75.413
746.65	75.268
746.84	75.149
747.03	75.040
747.22	74.945
747.40	74.881
747.59	74.800
747.78	74.735
747.97	74.719
748.16	74.688
748.34	74.643
748.53	74.627
748.72	74.614
748.91	74.587
749.10	74.566
749.28	74.569
749.47	74.596
749.66	74.614
749.85	74.627
750.04	74.654
750.22	74.685
750.41	74.753
750.60	74.833
750.79	74.891
750.97	74.970
751.16	75.071
751.35	75.161
751.54	75.255
751.73	75.384
751.91	75.501
752.10	75.654
752.29	75.791
752.48	75.950
752.66	76.117
752.85	76.291
753.04	76.471
753.23	76.672
753.41	76.853
753.60	77.073
753.79	77.304
753.98	77.518
754.16	77.742
754.35	77.965
754.54	78.189
754.73	78.454
754.91	78.714
755.10	78.969
755.29	79.250
755.48	79.512
755.66	79.776
755.85	80.049
756.04	80.303
756.22	80.599
756.41	80.865
756.60	81.140
756.79	81.440
756.97	81.738
757.16	81.994
757.35	82.286
757.54	82.575
757.72	82.860
757.91	83.164
758.10	83.465
758.28	83.757
758.47	84.047
758.66	84.359
758.85	84.653
759.03	84.948
759.22	85.238
759.41	85.545
759.59	85.847
759.78	86.141
759.97	86.420
760.15	86.690
760.34	86.995
760.53	87.267
760.71	87.524
760.90	87.807
761.09	88.086
761.28	88.358
761.46	88.617
761.65	88.882
761.84	89.150
762.02	89.408
762.21	89.688
762.40	89.925
762.58	90.133
762.77	90.352
762.96	90.576
763.14	90.811
763.33	91.016
763.52	91.192
763.70	91.351
763.89	91.538
764.08	91.729
764.26	91.862
764.45	92.030
764.64	92.197
764.82	92.318
765.01	92.441
765.20	92.539
765.38	92.654
765.57	92.733
765.75	92.809
765.94	92.863
766.13	92.928
766.31	93.010
766.50	93.068
766.69	93.155
766.87	93.232
767.06	93.270
767.25	93.322
767.43	93.389
767.62	93.456
767.80	93.494
767.99	93.499
768.18	93.502
768.36	93.493
768.55	93.476
768.74	93.452
768.92	93.431
769.11	93.431
769.29	93.386
769.48	93.369
769.67	93.302
769.85	93.264
770.04	93.146
770.22	93.040
770.41	92.914
770.60	92.762
770.78	92.590
770.97	92.431
771.15	92.277
771.34	92.084
771.53	91.914
771.71	91.732
771.90	91.573
772.08	91.460
772.27	91.289
772.46	91.085
772.64	90.887
772.83	90.684
773.01	90.432
773.20	90.201
773.39	89.974
773.57	89.740
773.76	89.497
773.94	89.304
774.13	89.061
774.31	88.807
774.50	88.586
774.68	88.333
774.87	88.082
775.06	87.780
775.24	87.513
775.43	87.215
775.61	86.927
775.80	86.638
775.98	86.315
776.17	86.005
776.36	85.713
776.54	85.419
776.73	85.116
776.91	84.837
777.10	84.551
777.28	84.231
777.47	83.945
777.65	83.645
777.84	83.334
778.02	83.055
778.21	82.783
778.39	82.475
778.58	82.197
778.77	81.922
778.95	81.678
779.14	81.426
779.32	81.187
779.51	80.940
779.69	80.674
779.88	80.430
780.06	80.191
780.25	79.939
780.43	79.689
780.62	79.461
780.80	79.226
780.99	78.984
781.17	78.749
781.36	78.508
781.54	78.283
781.73	78.029
781.91	77.809
782.10	77.603
782.28	77.393
782.47	77.189
782.65	76.963
782.84	76.753
783.02	76.564
783.21	76.385
783.39	76.210
783.58	76.048
783.76	75.863
783.95	75.708
784.13	75.593
784.32	75.472
784.50	75.344
784.69	75.249
784.87	75.152
785.05	75.076
785.24	75.005
785.42	74.949
785.61	74.897
785.79	74.850
785.98	74.814
786.16	74.760
786.35	74.743
786.53	74.734
786.72	74.713
786.90	74.698
787.09	74.669
787.27	74.678
787.45	74.698
787.64	74.715
787.82	74.724
788.01	74.739
788.19	74.778
788.38	74.816
788.56	74.795
788.75	74.846
788.93	74.911
789.11	74.948
789.30	74.978
789.48	75.044
789.67	75.118
789.85	75.183
790.04	75.305
790.22	75.400
790.40	75.515
790.59	75.621
790.77	75.739
790.96	75.890
791.14	76.029
791.32	76.160
791.51	76.311
791.69	76.479
791.88	76.649
792.06	76.819
792.25	76.978
792.43	77.207
792.61	77.395
792.80	77.557
792.98	77.778
793.17	77.988
793.35	78.168
793.53	78.365
793.72	78.602
793.90	78.815
794.08	79.026
794.27	79.241
794.45	79.491
794.64	79.718
794.82	79.941
795.00	80.140
795.19	80.376
795.37	80.603
795.55	80.791
795.74	81.023
795.92	81.261
796.11	81.530
796.29	81.779
796.47	82.022
796.66	82.259
796.84	82.526
797.02	82.793
797.21	83.082
797.39	83.353
797.58	83.604
797.76	83.849
797.94	84.119
798.13	84.388
798.31	84.663
798.49	84.905
798.68	85.152
798.86	85.443
799.04	85.679
799.23	85.945
799.41	86.221
799.59	86.464
799.78	86.667
799.96	86.892
800.14	87.128
800.33	87.371
800.51	87.633
800.69	87.823
800.88	88.055
801.06	88.295
801.24	88.475
801.43	88.677
801.61	88.855
801.79	89.030
801.98	89.200
802.16	89.390
802.34	89.600
802.52	89.792
802.71	89.934
802.89	90.122
803.07	90.282
803.26	90.424
803.44	90.555
803.62	90.710
803.81	90.845
803.99	90.939
804.17	91.021
804.35	91.107
804.54	91.189
804.72	91.292
804.90	91.370
805.09	91.496
805.27	91.599
805.45	91.709
805.63	91.780
805.82	91.859
806.00	91.858
806.18	91.896
806.37	91.947
806.55	91.964
806.73	91.997
806.91	92.014
807.10	92.050
807.28	92.066
807.46	92.083
807.64	92.075
807.83	92.078
808.01	92.080
808.19	92.015
808.37	91.974
808.56	91.901
808.74	91.844
808.92	91.776
809.10	91.672
809.29	91.609
809.47	91.538
809.65	91.413
809.83	91.360
810.02	91.247
810.20	91.145
810.38	91.048
810.56	90.918
810.75	90.828
810.93	90.721
811.11	90.603
811.29	90.482
811.47	90.352
811.66	90.199
811.84	90.055
812.02	89.993
812.20	89.877
812.39	89.762
812.57	89.625
812.75	89.493
812.93	89.391
813.11	89.235
813.30	89.105
813.48	88.991
813.66	88.822
813.84	88.666
814.02	88.488
814.21	88.338
814.39	88.132
814.57	87.934
814.75	87.726
814.93	87.528
815.12	87.309
815.30	87.096
815.48	86.888
815.66	86.663
815.84	86.404
816.03	86.158
816.21	85.875
816.39	85.629
816.57	85.326
816.75	85.014
816.93	84.721
817.12	84.406
817.30	84.097
817.48	83.798
817.66	83.532
817.84	83.264
818.02	83.011
818.21	82.737
818.39	82.478
818.57	82.206
818.75	81.977
818.93	81.714
819.11	81.451
819.30	81.200
819.48	80.972
819.66	80.747
819.84	80.538
820.02	80.314
820.20	80.078
820.38	79.856
820.57	79.644
820.75	79.453
820.93	79.246
821.11	79.040
821.29	78.857
821.47	78.637
821.65	78.419
821.83	78.188
822.02	77.996
822.20	77.780
822.38	77.609
822.56	77.355
822.74	77.128
822.92	76.884
823.10	76.677
823.28	76.430
823.46	76.200
823.65	75.960
823.83	75.754
824.01	75.548
824.19	75.335
824.37	75.125
824.55	74.892
824.73	74.706
824.91	74.509
825.09	74.307
825.27	74.123
825.46	73.919
825.64	73.714
825.82	73.551
826.00	73.358
826.18	73.187
826.36	73.044
826.54	72.924
826.72	72.843
826.90	72.736
827.08	72.656
827.26	72.573
827.44	72.478
827.63	72.388
827.81	72.312
827.99	72.270
828.17	72.213
828.35	72.169
828.53	72.121
828.71	72.106
828.89	72.078
829.07	72.048
829.25	72.023
829.43	72.034
829.61	72.007
829.79	72.000
829.97	71.999
830.15	71.974
830.33	71.972
830.51	71.955
830.69	71.958
830.87	71.911
831.06	71.919
831.24	71.938
831.42	71.957
831.60	71.953
831.78	71.985
831.96	72.034
832.14	72.102
832.32	72.161
832.50	72.210
832.68	72.252
832.86	72.295
833.04	72.391
833.22	72.447
833.40	72.541
833.58	72.614
833.76	72.681
833.94	72.804
834.12	72.931
834.30	73.056
834.48	73.161
834.66	73.331
834.84	73.430
835.02	73.576
835.20	73.731
835.38	73.899
835.56	74.057
835.74	74.225
835.92	74.389
836.10	74.538
836.28	74.691
836.46	74.878
836.64	75.062
836.82	75.202
837.00	75.374
837.18	75.544
837.36	75.752
837.54	75.936
837.72	76.128
837.90	76.321
838.08	76.517
838.26	76.712
838.43	76.893
838.61	77.111
838.79	77.307
838.97	77.512
839.15	77.715
839.33	77.911
839.51	78.059
839.69	78.235
839.87	78.438
840.05	78.666
840.23	78.858
840.41	79.050
840.59	79.224
840.77	79.435
840.95	79.612
841.13	79.775
841.31	79.952
841.49	80.105
841.67	80.235
841.84	80.414
842.02	80.547
842.20	80.742
842.38	80.870
842.56	81.016
842.74	81.163
842.92	81.270
843.10	81.407
843.28	81.602
843.46	81.746
843.64	81.846
843.82	81.984
843.99	82.108
844.17	82.285
844.35	82.521
844.53	82.684
844.71	82.881
844.89	83.022
845.07	83.211
845.25	83.399
845.43	83.589
845.61	83.748
845.78	83.972
845.96	84.138
846.14	84.344
846.32	84.543
846.50	84.691
846.68	84.931
846.86	85.103
847.04	85.266
847.22	85.371
847.39	85.561
847.57	85.680
847.75	85.810
847.93	85.877
848.11	85.971
848.29	86.115
848.47	86.185
848.65	86.322
848.82	86.378
849.00	86.467
849.18	86.513
849.36	86.551
849.54	86.609
849.72	86.603
849.89	86.656
850.07	86.725
850.25	86.751
850.43	86.722
850.61	86.725
850.79	86.685
850.97	86.759
851.14	86.780
851.32	86.770
851.50	86.793
851.68	86.851
851.86	86.909
852.04	86.879
852.21	86.922
852.39	86.940
852.57	87.003
852.75	87.014
852.93	87.025
853.10	87.023
853.28	86.980
853.46	86.995
853.64	86.932
853.82	86.848
854.00	86.876
854.17	86.823
854.35	86.755
854.53	86.718
854.71	86.639
854.89	86.525
855.06	86.496
855.24	86.451
855.42	86.364
855.60	86.222
855.78	86.131
855.95	86.013
856.13	85.914
856.31	85.737
856.49	85.593
856.66	85.500
856.84	85.341
857.02	85.280
857.20	85.201
857.38	85.046
857.55	84.915
857.73	84.687
857.91	84.583
858.09	84.425
858.26	84.284
858.44	84.144
858.62	84.015
858.80	83.837
858.97	83.661
859.15	83.486
859.33	83.278
859.51	83.126
859.68	82.947
859.86	82.747
860.04	82.576
860.22	82.380
860.39	82.169
860.57	81.954
860.75	81.677
860.93	81.438
861.10	81.305
861.28	81.125
861.46	80.904
861.64	80.706
861.81	80.550
861.99	80.338
862.17	80.110
862.35	79.907
862.52	79.742
862.70	79.536
862.88	79.365
863.05	79.157
863.23	78.932
863.41	78.729
863.59	78.516
863.76	78.355
863.94	78.155
864.12	77.974
864.29	77.818
864.47	77.610
864.65	77.413
864.83	77.151
865.00	76.917
865.18	76.766
865.36	76.574
865.53	76.361
865.71	76.210
865.89	76.009
866.06	75.799
866.24	75.560
866.42	75.343
866.59	75.102
866.77	74.942
866.95	74.733
867.12	74.489
867.30	74.316
867.48	74.067
867.65	73.858
867.83	73.633
868.01	73.437
868.18	73.234
868.36	73.035
868.54	72.872
868.71	72.709
868.89	72.537
869.07	72.340
869.24	72.163
869.42	71.954
869.60	71.795
869.77	71.667
869.95	71.496
870.13	71.342
870.30	71.223
870.48	71.029
870.66	70.873
870.83	70.754
871.01	70.555
871.18	70.424
871.36	70.287
871.54	70.136
871.71	69.999
871.89	69.896
872.07	69.713
872.24	69.570
872.42	69.475
872.59	69.353
872.77	69.221
872.95	69.110
873.12	68.966
873.30	68.826
873.48	68.713
873.65	68.607
873.83	68.501
874.00	68.371
874.18	68.280
874.36	68.213
874.53	68.125
874.71	68.046
874.88	67.976
875.06	67.938
875.24	67.927
875.41	67.878
875.59	67.837
875.76	67.859
875.94	67.810
876.11	67.682
876.29	67.571
876.47	67.533
876.64	67.477
876.82	67.440
876.99	67.393
877.17	67.349
877.35	67.325
877.52	67.287
877.70	67.246
877.87	67.233
878.05	67.212
878.22	67.216
878.40	67.250
878.57	67.227
878.75	67.180
878.93	67.132
879.10	67.126
879.28	67.128
879.45	67.125
879.63	67.111
879.80	67.118
879.98	67.185
880.15	67.203
880.33	67.242
880.50	67.274
880.68	67.384
880.86	67.440
881.03	67.515
881.21	67.604
881.38	67.695
881.56	67.856
881.73	67.914
881.91	67.977
882.08	68.039
882.26	68.169
882.43	68.295
882.61	68.459
882.78	68.572
882.96	68.710
883.13	68.826
883.31	68.973
883.48	69.169
883.66	69.315
883.83	69.472
884.01	69.586
884.18	69.796
884.36	69.949
884.53	70.080
884.71	70.218
884.88	70.327
885.06	70.470
885.23	70.536
885.41	70.689
885.58	70.810
885.76	70.978
885.93	71.064
886.11	71.240
886.28	71.341
886.46	71.472
886.63	71.605
886.81	71.726
886.98	71.907
887.15	72.004
887.33	72.178
887.50	72.370
887.68	72.531
887.85	72.628
888.03	72.759
888.20	72.923
888.38	73.074
888.55	73.241
888.73	73.321
888.90	73.456
889.08	73.586
889.25	73.701
889.42	73.828
889.60	74.019
889.77	74.092
889.95	74.248
890.12	74.334
890.30	74.418
890.47	74.510
890.64	74.641
890.82	74.786
890.99	74.895
891.17	74.987
891.34	75.113
891.52	75.231
891.69	75.358
891.86	75.480
892.04	75.591
892.21	75.751
892.39	75.999
892.56	76.170
892.73	76.275
892.91	76.439
893.08	76.647
893.26	76.744
893.43	76.921
893.60	77.010
893.78	77.187
893.95	77.367
894.13	77.618
894.30	77.781
894.47	77.992
894.65	78.124
894.82	78.288
895.00	78.427
895.17	78.603
895.34	78.773
895.52	78.948
895.69	79.077
895.86	79.220
896.04	79.273
896.21	79.443
896.39	79.643
896.56	79.819
896.73	79.842
896.91	79.909
897.08	80.002
897.25	80.194
897.43	80.262
897.60	80.351
897.77	80.361
897.95	80.349
898.12	80.353
898.30	80.484
898.47	80.505
898.64	80.573
898.82	80.601
898.99	80.598
899.16	80.602
899.34	80.605
899.51	80.521
899.68	80.507
899.86	80.464
900.03	80.393
900.20	80.349
900.38	80.374
900.55	80.460
900.72	80.418
900.90	80.357
901.07	80.463
901.24	80.439
901.41	80.459
901.59	80.483
901.76	80.488
901.93	80.442
902.11	80.385
902.28	80.389
902.45	80.484
902.63	80.534
902.80	80.503
902.97	80.509
903.15	80.608
903.32	80.689
903.49	80.686
903.66	80.742
903.84	80.766
904.01	80.757
904.18	80.735
904.36	80.768
904.53	80.745
904.70	80.682
904.87	80.683
905.05	80.608
905.22	80.628
905.39	80.603
905.56	80.529
905.74	80.500
905.91	80.409
906.08	80.283
906.26	80.181
906.43	80.090
906.60	79.990
906.77	79.837
906.95	79.715
907.12	79.596
907.29	79.434
907.46	79.405
907.64	79.311
907.81	79.202
907.98	79.034
908.15	78.922
908.33	78.804
908.50	78.671
908.67	78.587
908.84	78.468
909.01	78.312
909.19	78.232
909.36	78.108
909.53	77.984
909.70	77.763
909.88	77.663
910.05	77.502
910.22	77.434
910.39	77.310
910.57	77.204
910.74	77.126
910.91	77.081
911.08	76.866
911.25	76.717
911.43	76.599
911.60	76.468
911.77	76.335
911.94	76.108
912.11	75.940
912.29	75.729
912.46	75.483
912.63	75.276
912.80	75.044
912.97	74.857
913.15	74.706
913.32	74.587
913.49	74.370
913.66	74.304
913.83	74.090
914.00	73.888
914.18	73.690
914.35	73.472
914.52	73.188
914.69	72.970
914.86	72.771
915.03	72.559
915.21	72.421
915.38	72.202
915.55	72.108
915.72	71.936
915.89	71.802
916.06	71.717
916.24	71.637
916.41	71.494
916.58	71.374
916.75	71.170
916.92	70.990
917.09	70.790
917.26	70.510
917.44	70.301
917.61	70.176
917.78	69.955
917.95	69.803
918.12	69.620
918.29	69.525
918.46	69.321
918.64	69.152
918.81	68.999
918.98	68.854
919.15	68.676
919.32	68.538
919.49	68.310
919.66	68.091
919.83	67.898
920.00	67.705
920.18	67.547
920.35	67.497
920.52	67.379
920.69	67.312
920.86	67.293
921.03	67.182
921.20	67.027
921.37	66.920
921.54	66.665
921.71	66.555
921.89	66.375
922.06	66.314
922.23	66.195
922.40	66.062
922.57	65.863
922.74	65.751
922.91	65.653
923.08	65.573
923.25	65.487
923.42	65.379
923.59	65.338
923.76	65.135
923.93	64.938
924.11	64.759
924.28	64.627
924.45	64.477
924.62	64.451
924.79	64.351
924.96	64.188
925.13	64.148
925.30	64.040
925.47	63.881
925.64	63.782
925.81	63.697
925.98	63.622
926.15	63.594
926.32	63.436
926.49	63.328
926.66	63.236
926.83	63.126
927.00	63.084
927.17	62.957
927.34	62.991
927.51	62.933
927.69	62.984
927.86	62.945
928.03	62.826
928.20	62.757
928.37	62.660
928.54	62.679
928.71	62.639
928.88	62.650
929.05	62.687
929.22	62.656
929.39	62.611
929.56	62.543
929.73	62.486
929.90	62.528
930.07	62.521
930.24	62.480
930.41	62.471
930.58	62.513
930.75	62.580
930.92	62.529
931.09	62.510
931.26	62.454
931.43	62.410
931.60	62.424
931.77	62.387
931.94	62.457
932.11	62.497
932.27	62.519
932.44	62.561
932.61	62.593
932.78	62.554
932.95	62.654
933.12	62.604
933.29	62.648
933.46	62.650
933.63	62.583
933.80	62.621
933.97	62.655
934.14	62.636
934.31	62.568
934.48	62.604
934.65	62.644
934.82	62.697
934.99	62.739
935.16	62.793
935.33	62.852
935.50	62.972
935.67	63.051
935.84	63.100
936.00	63.102
936.17	63.155
936.34	63.292
936.51	63.264
936.68	63.324
936.85	63.351
937.02	63.467
937.19	63.531
937.36	63.670
937.53	63.661
937.70	63.729
937.87	63.825
938.03	63.847
938.20	63.912
938.37	63.984
938.54	64.057
938.71	64.107
938.88	64.220
939.05	64.140
939.22	64.084
939.39	64.160
939.56	64.327
939.72	64.385
939.89	64.428
940.06	64.497
940.23	64.592
940.40	64.705
940.57	64.841
940.74	65.000
940.91	65.053
941.08	65.240
941.24	65.338
941.41	65.509
941.58	65.731
941.75	65.866
941.92	66.007
942.09	66.128
942.26	66.227
942.42	66.274
942.59	66.504
942.76	66.865
942.93	67.033
943.10	67.047
943.27	67.211
943.44	67.341
943.60	67.539
943.77	67.564
943.94	67.768
944.11	67.806
944.28	67.887
944.45	68.030
944.61	68.132
944.78	68.167
944.95	68.222
945.12	68.422
945.29	68.527
945.46	68.521
945.62	68.553
945.79	68.790
945.96	69.096
946.13	69.238
946.30	69.219
946.46	69.388
946.63	69.532
946.80	69.669
946.97	69.848
947.14	69.908
947.31	70.405
947.47	70.625
947.64	70.810
947.81	70.983
947.98	71.186
948.15	71.285
948.31	71.508
948.48	71.654
948.65	71.663
948.82	71.821
948.98	71.965
949.15	72.302
949.32	72.330
949.49	72.333
949.66	72.408
949.82	72.488
949.99	72.588
950.16	72.655
950.33	72.615
950.49	72.700
950.66	72.692
950.83	72.544
951.00	72.388
951.16	72.190
951.33	72.230
951.50	72.120
951.67	72.181
951.83	72.227
952.00	72.223
952.17	72.168
952.34	72.198
952.50	72.379
952.67	72.301
952.84	72.350
953.01	72.282
953.17	72.319
953.34	72.439
953.51	72.366
953.68	72.321
953.84	72.286
954.01	72.233
954.18	72.169
954.34	72.203
954.51	72.279
954.68	72.445
954.85	72.428
955.01	72.593
955.18	72.827
955.35	72.615
955.51	72.596
955.68	72.711
955.85	72.850
956.02	72.705
956.18	72.762
956.35	72.722
956.52	72.777
956.68	72.760
956.85	72.612
957.02	72.666
957.18	72.712
957.35	72.741
957.52	72.837
957.69	72.945
957.85	73.002
958.02	72.885
958.19	72.800
958.35	72.831
958.52	72.585
958.69	72.270
958.85	72.434
959.02	72.531
959.19	72.266
959.35	72.179
959.52	72.264
959.69	72.250
959.85	72.287
960.02	72.321
960.19	72.221
960.35	72.174
960.52	72.068
960.68	72.064
960.85	72.166
961.02	71.924
961.18	71.978
961.35	71.800
961.52	71.864
961.68	71.885
961.85	71.785
962.02	71.862
962.18	71.921
962.35	71.655
962.51	71.485
962.68	71.519
962.85	71.381
963.01	71.064
963.18	70.980
963.35	70.590
963.51	70.345
963.68	70.370
963.84	70.117
964.01	70.175
964.18	70.032
964.34	69.762
964.51	69.587
964.67	69.349
964.84	69.251
965.01	69.028
965.17	68.743
965.34	68.760
965.50	68.504
965.67	68.418
965.84	68.448
966.00	68.594
966.17	68.699
966.33	68.543
966.50	68.489
966.66	68.436
966.83	68.520
967.00	68.504
967.16	68.281
967.33	68.297
967.49	68.059
967.66	68.263
967.82	68.086
967.99	68.258
968.16	68.223
968.32	68.155
968.49	67.975
968.65	68.137
968.82	68.004
968.98	68.099
969.15	67.799
969.31	67.471
969.48	67.152
969.64	66.904
969.81	66.944
969.98	66.890
970.14	66.506
970.31	66.472
970.47	66.216
970.64	66.045
970.80	66.126
970.97	65.656
971.13	65.274
971.30	65.267
971.46	65.055
971.63	64.868
971.79	64.953
971.96	64.964
972.12	64.708
972.29	64.257
972.45	64.099
972.62	64.142
972.78	64.256
972.95	63.891
973.11	63.598
973.28	63.410
973.44	63.432
973.61	63.699
973.77	63.512
973.94	63.500
974.10	63.578
974.27	63.464
974.43	63.849
974.60	63.792
974.76	63.715
974.93	63.694
975.09	63.570
975.26	63.262
975.42	63.191
975.59	63.024
975.75	63.451
975.92	63.353
976.08	62.842
976.24	62.708
976.41	62.528
976.57	62.630
976.74	62.533
976.90	62.180
977.07	61.688
977.23	61.688
977.40	61.509
977.56	60.922
977.73	60.615
977.89	60.288
978.05	59.911
978.22	59.745
978.38	59.402
978.55	59.148
978.71	58.969
978.88	58.977
979.04	58.911
979.20	58.678
979.37	58.520
979.53	58.558
979.70	58.689
979.86	59.020
980.03	58.835
980.19	58.735
980.35	58.740
980.52	58.530
980.68	58.521
980.85	58.473
981.01	58.644
981.17	58.621
981.34	58.433
981.50	58.416
981.67	58.485
981.83	58.426
981.99	58.345
982.16	58.183
982.32	57.372
982.49	57.385
982.65	57.176
982.81	57.379
982.98	57.366
983.14	57.191
983.30	56.722
983.47	56.727
983.63	56.497
983.80	56.299
983.96	56.104
984.12	56.510
984.29	56.641
984.45	56.740
984.61	56.501
984.78	56.787
984.94	57.017
985.10	57.320
985.27	57.120
985.43	57.650
985.59	58.033
985.76	58.609
985.92	58.735
986.08	59.119
986.25	58.620
986.41	59.240
986.57	58.680
986.74	59.058
986.90	58.911
987.06	58.823
987.23	58.906
987.39	58.692
987.55	57.712
987.72	57.507
987.88	56.799
988.04	57.144
988.21	57.564
988.37	57.328
988.53	56.662
988.70	57.106
988.86	56.510
989.02	56.036
989.19	55.614
989.35	55.614
989.51	54.862
989.67	54.991
989.84	54.405
990.00	54.482
990.16	54.794
990.33	55.008
990.49	55.585
990.65	55.687
990.82	56.103
990.98	56.184
991.14	56.053
991.30	56.913
991.47	56.295
991.63	56.133
991.79	57.023
991.95	57.398
992.12	57.447
992.28	57.731
992.44	57.937
992.61	58.253
992.77	58.328
992.93	58.950
993.09	58.991
993.26	59.327
993.42	59.982
993.58	59.495
993.74	59.185
993.91	58.539
994.07	58.370
994.23	58.784
994.39	58.934
994.55	59.212
994.72	58.798
994.88	59.023
995.04	58.591
995.20	58.271
995.37	57.863
995.53	57.867
995.69	57.713
995.85	57.299
996.02	57.377
996.18	57.779
996.34	57.376
996.50	57.397
996.66	58.294
996.83	57.774
996.99	57.054
997.15	57.888
997.31	58.144
997.47	58.551
997.64	58.420
997.80	58.886
997.96	59.567
998.12	59.764
998.28	60.752
998.45	61.343
998.61	61.048
998.77	60.910
998.93	61.077
999.09	62.299
999.25	62.934
999.42	63.999
999.58	63.733
999.74	63.556
999.90	63.429
1000.06	62.394
1000.22	62.787
1000.39	63.602
1000.55	63.345
1000.71	63.977
1000.87	63.745
1001.03	63.575
1001.19	63.540
1001.36	62.702
1001.52	62.302
1001.68	61.796
1001.84	62.241
1002.00	61.297
1002.16	61.409
1002.32	60.816
1002.49	59.083
1002.65	58.846
1002.81	58.125
1002.97	57.835
1003.13	57.674
1003.29	58.659
1003.45	58.466
1003.62	59.312
1003.78	59.189
1003.94	59.570
1004.10	58.730
1004.26	58.892
1004.42	58.865
1004.58	58.697
1004.74	59.484
1004.90	61.022
1005.07	60.995
1005.23	59.745
1005.39	61.264
1005.55	61.902
1005.71	61.680
1005.87	62.914
1006.03	63.538
1006.19	63.678
1006.35	63.106
1006.51	64.232
1006.67	63.940
1006.84	63.908
1007.00	63.120
1007.16	64.386
1007.32	62.648
1007.48	63.613
1007.64	65.239
1007.80	65.004
1007.96	63.991
1008.12	64.253
1008.28	62.799
1008.44	63.674
1008.60	64.378
1008.76	62.996
1008.92	61.919
1009.09	62.145
1009.25	61.752
1009.41	61.207
1009.57	61.991
1009.73	63.458
1009.89	64.293
1010.05	65.145
1010.21	66.859
1010.37	66.877
1010.53	67.994
1010.69	69.930
1010.85	69.372
1011.01	67.623
1011.17	66.612
1011.33	69.010
1011.49	69.492
1011.65	69.699
1011.81	69.136
1011.97	69.789
1012.13	72.404
1012.29	74.639
1012.45	75.882
1012.61	79.456
1012.77	77.450
1012.93	76.574
1013.09	74.848
1013.25	75.088
1013.41	75.454
1013.57	72.999
1013.73	72.215
1013.89	68.259
1014.05	70.209
1014.21	68.179
1014.37	66.546
1014.53	65.751
1014.69	65.574
1014.85	65.713
1015.01	68.054
1015.17	70.460
1015.33	71.359
1015.49	69.953
1015.65	71.500
1015.81	71.838
1015.97	68.315
1016.13	72.127
1016.29	71.657
1016.45	72.478
1016.61	72.709
1016.77	70.237
1016.93	71.135
1017.09	70.833
1017.25	72.668
1017.41	71.341
1017.56	73.563
1017.72	80.875
1017.88	83.048
1018.04	84.534
1018.20	82.554
1018.36	81.680
1018.52	79.646
1018.68	80.495
1018.84	81.379
1019.00	79.267
1019.16	81.017
1019.32	83.873
1019.48	84.598
1019.64	87.813
1019.79	85.490
1019.95	81.730
1020.11	86.720
1020.27	86.717
1020.43	92.894
1020.59	95.342
1020.75	93.248
1020.91	97.199
1021.07	88.987
1021.23	88.908
1021.39	84.180
1021.54	89.558
1021.70	87.561
1021.86	86.783
1022.02	84.352
1022.18	82.459
1022.34	85.586
1022.50	84.428
1022.66	82.683
1022.82	81.843
1022.97	81.027
1023.13	84.657
1023.29	91.012
1023.45	90.829
1023.61	92.227
1023.77	90.664
1023.93	91.137
1024.08	91.423
1024.24	89.583
1024.40	92.528
1024.56	101.459
1024.72	104.909
1024.88	94.125
1025.04	99.478
1025.19	96.550
1025.35	93.792
1025.51	96.575
1025.67	98.575
1025.83	95.073
1025.99	97.292
1026.14	95.410
1026.30	105.810
1026.46	108.608
1026.62	99.813
1026.78	89.884
1026.94	86.203
1027.09	83.589
1027.25	80.978
1027.41	82.486
1027.57	80.350
1027.73	79.530
1027.89	73.488
1028.04	72.194
1028.20	70.433
1028.36	70.750
1028.52	70.219
1028.68	70.161
1028.83	70.859
1028.99	67.477
1029.15	67.556
1029.31	67.130
1029.47	69.529
1029.62	67.975
1029.78	67.778
1029.94	68.954
1030.10	72.124
1030.25	74.804
1030.41	78.426
1030.57	81.429
1030.73	84.239
1030.89	86.557
1031.04	88.784
1031.20	96.066
1031.36	105.500
1031.52	113.659
1031.67	116.687
1031.83	124.429
1031.99	139.126
1032.15	124.562
1032.30	140.882
1032.46	166.452
1032.62	154.530
1032.78	135.642
1032.93	154.345
1033.09	133.319
1033.25	127.343
1033.41	134.091
1033.56	132.756
1033.72	46.471
1033.88	274.881
1034.04	78.312
1034.19	67.758
1034.35	83.187
1034.51	-27.264
1034.66	56.738
1034.82	680.000
1034.98	680.000
1035.14	680.000
