345.22	43.937
345.43	43.937
345.65	43.937
345.86	41.333
346.08	145.890
346.29	6.341
346.51	38.889
346.72	17.803
346.94	-229.615
347.15	-78.907
347.37	181.485
347.58	212.654
347.80	240.915
348.01	207.989
348.23	140.250
348.44	129.876
348.66	117.591
348.87	119.150
349.09	111.794
349.30	100.007
349.52	92.766
349.73	95.438
349.95	95.119
350.16	96.837
350.38	92.369
350.59	86.419
350.81	85.213
351.02	84.075
351.24	82.565
351.45	81.501
351.67	84.081
351.88	82.890
352.10	79.481
352.31	78.559
352.53	82.008
352.74	83.519
352.96	84.657
353.17	84.120
353.39	84.831
353.60	86.717
353.82	87.582
354.03	87.946
354.25	83.237
354.46	78.259
354.67	75.804
354.89	74.397
355.10	77.662
355.32	76.408
355.53	78.157
355.75	80.347
355.96	81.874
356.18	81.064
356.39	80.849
356.61	84.858
356.82	84.914
357.04	80.867
357.25	81.385
357.46	80.717
357.68	79.994
357.89	78.138
358.11	76.609
358.32	79.617
358.54	77.617
358.75	79.039
358.97	81.088
359.18	83.605
359.40	82.941
359.61	83.624
359.82	84.907
360.04	84.535
360.25	82.197
360.47	78.111
360.68	77.707
360.90	77.521
361.11	75.000
361.32	74.940
361.54	78.420
361.75	77.812
361.97	79.038
362.18	80.381
362.40	81.984
362.61	83.128
362.83	82.829
363.04	84.247
363.25	85.636
363.47	86.541
363.68	83.961
363.90	87.932
364.11	88.463
364.32	88.946
364.54	87.025
364.75	84.466
364.97	88.496
365.18	87.459
365.40	85.909
365.61	86.592
365.82	86.916
366.04	85.401
366.25	84.901
366.47	82.941
366.68	81.119
366.89	82.376
367.11	80.652
367.32	81.218
367.54	78.766
367.75	78.149
367.96	77.136
368.18	78.278
368.39	77.057
368.61	77.068
368.82	78.319
369.03	80.733
369.25	84.972
369.46	85.271
369.68	85.900
369.89	86.926
370.10	87.295
370.32	87.716
370.53	87.217
370.75	83.786
370.96	85.843
371.17	86.346
371.39	83.846
371.60	83.652
371.81	84.077
372.03	86.080
372.24	87.114
372.46	90.450
372.67	91.464
372.88	90.239
373.10	89.597
373.31	87.762
373.52	87.928
373.74	86.080
373.95	85.062
374.17	86.081
374.38	88.199
374.59	88.431
374.81	86.951
375.02	85.737
375.23	88.810
375.45	86.581
375.66	84.717
375.87	86.011
376.09	86.612
376.30	85.026
376.52	86.492
376.73	83.581
376.94	81.757
377.16	82.402
377.37	86.420
377.58	86.781
377.80	88.346
378.01	89.246
378.22	90.533
378.44	91.613
378.65	93.384
378.86	93.410
379.08	94.130
379.29	94.476
379.50	97.402
379.72	97.701
379.93	101.005
380.14	103.951
380.36	104.814
380.57	106.588
380.78	107.008
381.00	107.809
381.21	109.759
381.42	110.866
381.64	111.276
381.85	110.835
382.06	110.973
382.28	110.875
382.49	110.392
382.70	110.889
382.92	111.013
383.13	110.339
383.34	110.805
383.56	111.681
383.77	112.904
383.98	112.519
384.20	113.564
384.41	113.596
384.62	113.923
384.83	114.500
385.05	114.846
385.26	115.764
385.47	116.619
385.69	117.435
385.90	118.234
386.11	118.916
386.33	119.841
386.54	120.647
386.75	121.380
386.97	122.543
387.18	123.304
387.39	124.186
387.60	124.640
387.82	125.131
388.03	125.476
388.24	126.004
388.46	126.386
388.67	126.505
388.88	126.505
389.09	126.362
389.31	126.111
389.52	125.845
389.73	125.291
389.95	124.814
390.16	124.286
390.37	123.833
390.58	123.345
390.80	122.578
391.01	122.032
391.22	121.449
391.44	120.519
391.65	119.747
391.86	119.036
392.07	118.713
392.29	118.206
392.50	117.693
392.71	117.173
392.92	116.893
393.14	116.496
393.35	116.310
393.56	116.295
393.78	116.332
393.99	116.613
394.20	116.977
394.41	117.276
394.63	117.601
394.84	118.169
395.05	118.890
395.26	119.556
395.48	120.247
395.69	120.915
395.90	121.863
396.11	122.739
396.33	123.569
396.54	124.441
396.75	125.175
396.96	125.934
397.18	126.587
397.39	127.227
397.60	127.892
397.81	128.407
398.03	128.759
398.24	129.065
398.45	129.158
398.66	129.202
398.87	129.184
399.09	129.051
399.30	128.664
399.51	128.088
399.72	127.590
399.94	126.986
400.15	126.290
400.36	125.452
400.57	124.584
400.79	123.697
401.00	122.689
401.21	121.764
401.42	120.815
401.63	119.863
401.85	118.966
402.06	118.170
402.27	117.392
402.48	116.745
402.69	116.165
402.91	115.611
403.12	115.111
403.33	114.847
403.54	114.732
403.76	114.585
403.97	114.659
404.18	114.861
404.39	115.175
404.60	115.616
404.82	116.170
405.03	116.823
405.24	117.488
405.45	118.230
405.66	119.054
405.88	119.905
406.09	120.851
406.30	121.698
406.51	122.461
406.72	123.291
406.94	124.054
407.15	124.761
407.36	125.504
407.57	126.185
407.78	126.706
407.99	127.071
408.21	127.429
408.42	127.674
408.63	127.832
408.84	127.784
409.05	127.681
409.27	127.373
409.48	126.907
409.69	126.367
409.90	125.821
410.11	125.169
410.32	124.438
410.54	123.567
410.75	122.624
410.96	121.664
411.17	120.653
411.38	119.646
411.59	118.640
411.81	117.572
412.02	116.529
412.23	115.529
412.44	114.623
412.65	113.838
412.86	113.134
413.08	112.428
413.29	111.813
413.50	111.368
413.71	111.049
413.92	110.822
414.13	110.709
414.34	110.691
414.56	110.709
414.77	110.889
414.98	111.155
415.19	111.655
415.40	112.236
415.61	112.885
415.82	113.565
416.04	114.351
416.25	115.126
416.46	115.977
416.67	116.907
416.88	117.779
417.09	118.654
417.30	119.456
417.52	120.310
417.73	121.064
417.94	121.750
418.15	122.389
418.36	123.041
418.57	123.518
418.78	123.894
418.99	124.253
419.21	124.489
419.42	124.639
419.63	124.645
419.84	124.528
420.05	124.285
420.26	123.921
420.47	123.404
420.68	122.914
420.89	122.301
421.11	121.527
421.32	120.797
421.53	119.933
421.74	119.058
421.95	118.156
422.16	117.257
422.37	116.349
422.58	115.357
422.79	114.368
423.01	113.471
423.22	112.584
423.43	111.787
423.64	111.029
423.85	110.366
424.06	109.788
424.27	109.271
424.48	108.869
424.69	108.636
424.90	108.491
425.11	108.422
425.33	108.485
425.54	108.635
425.75	108.848
425.96	109.173
426.17	109.615
426.38	110.137
426.59	110.739
426.80	111.403
427.01	112.167
427.22	113.011
427.43	113.949
427.64	114.841
427.85	115.706
428.07	116.629
428.28	117.491
428.49	118.364
428.70	119.230
428.91	120.043
429.12	120.757
429.33	121.472
429.54	122.120
429.75	122.668
429.96	123.206
430.17	123.633
430.38	123.965
430.59	124.132
430.80	124.186
431.01	124.157
431.22	124.063
431.44	123.843
431.65	123.527
431.86	123.071
432.07	122.574
432.28	122.004
432.49	121.336
432.70	120.595
432.91	119.754
433.12	118.846
433.33	117.908
433.54	117.006
433.75	116.055
433.96	115.104
434.17	114.068
434.38	113.101
434.59	112.167
434.80	111.254
435.01	110.482
435.22	109.764
435.43	109.119
435.64	108.510
435.85	107.985
436.06	107.541
436.27	107.224
436.48	107.011
436.69	106.843
436.90	106.809
437.11	106.893
437.33	107.072
437.54	107.364
437.75	107.785
437.96	108.208
438.17	108.723
438.38	109.267
438.59	109.958
438.80	110.660
439.01	111.473
439.22	112.352
439.43	113.102
439.64	113.913
439.85	114.738
440.06	115.538
440.27	116.385
440.48	117.157
440.69	117.891
440.90	118.584
441.11	119.283
441.32	119.881
441.53	120.409
441.74	120.840
441.95	121.230
442.16	121.503
442.37	121.672
442.58	121.785
442.79	121.822
443.00	121.758
443.21	121.609
443.42	121.289
443.62	120.828
443.83	120.450
444.04	119.944
444.25	119.370
444.46	118.712
444.67	117.957
444.88	117.189
445.09	116.343
445.30	115.457
445.51	114.511
445.72	113.541
445.93	112.628
446.14	111.678
446.35	110.701
446.56	109.804
446.77	108.937
446.98	108.062
447.19	107.218
447.40	106.461
447.61	105.716
447.82	105.068
448.03	104.535
448.24	104.029
448.45	103.616
448.66	103.298
448.87	103.055
449.08	102.939
449.29	102.891
449.49	102.943
449.70	103.093
449.91	103.316
450.12	103.650
450.33	104.004
450.54	104.467
450.75	105.019
450.96	105.588
451.17	106.228
451.38	106.903
451.59	107.633
451.80	108.356
452.01	109.133
452.22	109.938
452.43	110.689
452.64	111.433
452.84	112.191
453.05	112.893
453.26	113.611
453.47	114.245
453.68	114.863
453.89	115.429
454.10	115.885
454.31	116.320
454.52	116.653
454.73	116.945
454.94	117.124
455.15	117.206
455.36	117.194
455.56	117.117
455.77	116.953
455.98	116.726
456.19	116.431
456.40	116.065
456.61	115.631
456.82	115.097
457.03	114.512
457.24	113.841
457.45	113.145
457.65	112.341
457.86	111.527
458.07	110.689
458.28	109.758
458.49	108.879
458.70	107.937
458.91	107.013
459.12	106.084
459.33	105.145
459.54	104.262
459.74	103.409
459.95	102.569
460.16	101.817
460.37	101.112
460.58	100.465
460.79	99.852
461.00	99.279
461.21	98.815
461.41	98.416
461.62	98.099
461.83	97.884
462.04	97.757
462.25	97.661
462.46	97.672
462.67	97.796
462.88	97.994
463.08	98.285
463.29	98.612
463.50	99.017
463.71	99.513
463.92	100.042
464.13	100.597
464.34	101.218
464.54	101.890
464.75	102.592
464.96	103.297
465.17	104.026
465.38	104.740
465.59	105.497
465.80	106.229
466.00	106.929
466.21	107.605
466.42	108.248
466.63	108.908
466.84	109.519
467.05	110.064
467.26	110.562
467.46	110.940
467.67	111.313
467.88	111.635
468.09	111.851
468.30	112.031
468.51	112.147
468.71	112.158
468.92	112.111
469.13	111.980
469.34	111.793
469.55	111.507
469.76	111.190
469.96	110.769
470.17	110.293
470.38	109.780
470.59	109.189
470.80	108.541
471.00	107.887
471.21	107.150
471.42	106.403
471.63	105.618
471.84	104.833
472.05	104.000
472.25	103.153
472.46	102.317
472.67	101.438
472.88	100.615
473.09	99.787
473.29	98.956
473.50	98.191
473.71	97.434
473.92	96.721
474.13	96.054
474.33	95.455
474.54	94.903
474.75	94.412
474.96	93.973
475.17	93.604
475.37	93.262
475.58	93.018
475.79	92.851
476.00	92.754
476.21	92.740
476.41	92.790
476.62	92.926
476.83	93.112
477.04	93.405
477.24	93.722
477.45	94.112
477.66	94.551
477.87	95.016
478.08	95.555
478.28	96.105
478.49	96.709
478.70	97.354
478.91	97.996
479.11	98.647
479.32	99.341
479.53	100.013
479.74	100.723
479.94	101.393
480.15	102.030
480.36	102.646
480.57	103.242
480.78	103.833
480.98	104.337
481.19	104.814
481.40	105.235
481.61	105.644
481.81	105.986
482.02	106.266
482.23	106.519
482.44	106.671
482.64	106.800
482.85	106.848
483.06	106.803
483.27	106.736
483.47	106.625
483.68	106.424
483.89	106.165
484.10	105.833
484.30	105.460
484.51	105.014
484.72	104.551
484.92	103.996
485.13	103.423
485.34	102.821
485.55	102.169
485.75	101.493
485.96	100.757
486.17	100.013
486.38	99.263
486.58	98.478
486.79	97.709
487.00	96.918
487.20	96.130
487.41	95.378
487.62	94.631
487.83	93.883
488.03	93.161
488.24	92.479
488.45	91.814
488.65	91.179
488.86	90.600
489.07	90.054
489.28	89.572
489.48	89.126
489.69	88.768
489.90	88.442
490.10	88.187
490.31	87.993
490.52	87.840
490.73	87.759
490.93	87.745
491.14	87.781
491.35	87.887
491.55	88.041
491.76	88.245
491.97	88.499
492.17	88.793
492.38	89.149
492.59	89.546
492.79	89.998
493.00	90.486
493.21	91.005
493.41	91.544
493.62	92.109
493.83	92.702
494.04	93.264
494.24	93.865
494.45	94.466
494.66	95.051
494.86	95.663
495.07	96.234
495.28	96.815
495.48	97.356
495.69	97.880
495.90	98.385
496.10	98.862
496.31	99.287
496.52	99.675
496.72	100.054
496.93	100.381
497.14	100.652
497.34	100.858
497.55	101.044
497.76	101.169
497.96	101.239
498.17	101.251
498.37	101.227
498.58	101.123
498.79	100.968
498.99	100.782
499.20	100.524
499.41	100.221
499.61	99.847
499.82	99.453
500.03	98.996
500.23	98.522
500.44	97.986
500.65	97.428
500.85	96.845
501.06	96.202
501.26	95.548
501.47	94.867
501.68	94.188
501.88	93.465
502.09	92.755
502.30	92.028
502.50	91.301
502.71	90.584
502.91	89.874
503.12	89.174
503.33	88.485
503.53	87.830
503.74	87.186
503.95	86.563
504.15	85.972
504.36	85.411
504.56	84.880
504.77	84.403
504.98	83.951
505.18	83.558
505.39	83.202
505.59	82.894
505.80	82.641
506.01	82.441
506.21	82.297
506.42	82.197
506.62	82.146
506.83	82.142
507.04	82.199
507.24	82.300
507.45	82.458
507.65	82.662
507.86	82.892
508.07	83.176
508.27	83.507
508.48	83.862
508.68	84.275
508.89	84.707
509.10	85.159
509.30	85.640
509.51	86.130
509.71	86.639
509.92	87.160
510.12	87.687
510.33	88.219
510.54	88.746
510.74	89.279
510.95	89.800
511.15	90.316
511.36	90.827
511.56	91.324
511.77	91.786
511.98	92.236
512.18	92.667
512.39	93.070
512.59	93.442
512.80	93.781
513.00	94.078
513.21	94.331
513.42	94.559
513.62	94.744
513.83	94.894
514.03	94.990
514.24	95.040
514.44	95.039
514.65	95.008
514.85	94.935
515.06	94.822
515.26	94.655
515.47	94.456
515.68	94.197
515.88	93.902
516.09	93.564
516.29	93.194
516.50	92.784
516.70	92.330
516.91	91.846
517.11	91.338
517.32	90.805
517.52	90.250
517.73	89.685
517.93	89.087
518.14	88.475
518.34	87.859
518.55	87.235
518.76	86.612
518.96	85.966
519.17	85.315
519.37	84.663
519.58	84.037
519.78	83.406
519.99	82.781
520.19	82.179
520.40	81.616
520.60	81.060
520.81	80.524
521.01	80.009
521.22	79.542
521.42	79.099
521.63	78.686
521.83	78.308
522.04	77.961
522.24	77.674
522.45	77.421
522.65	77.215
522.86	77.055
523.06	76.928
523.27	76.857
523.47	76.827
523.68	76.838
523.88	76.883
524.09	76.973
524.29	77.121
524.50	77.299
524.70	77.508
524.91	77.752
525.11	78.047
525.32	78.382
525.52	78.732
525.72	79.130
525.93	79.546
526.13	79.992
526.34	80.440
526.54	80.922
526.75	81.398
526.95	81.895
527.16	82.387
527.36	82.898
527.57	83.407
527.77	83.909
527.98	84.425
528.18	84.936
528.39	85.428
528.59	85.917
528.79	86.385
529.00	86.847
529.20	87.283
529.41	87.720
529.61	88.122
529.82	88.488
530.02	88.819
530.23	89.136
530.43	89.403
530.64	89.656
530.84	89.859
531.04	90.027
531.25	90.186
531.45	90.311
531.66	90.390
531.86	90.426
532.07	90.421
532.27	90.375
532.47	90.298
532.68	90.204
532.88	90.068
533.09	89.893
533.29	89.666
533.50	89.414
533.70	89.091
533.90	88.763
534.11	88.419
534.31	88.042
534.52	87.625
534.72	87.213
534.93	86.773
535.13	86.294
535.33	85.816
535.54	85.288
535.74	84.760
535.95	84.206
536.15	83.672
536.35	83.123
536.56	82.573
536.76	81.997
536.97	81.437
537.17	80.863
537.37	80.301
537.58	79.765
537.78	79.234
537.99	78.722
538.19	78.204
538.39	77.702
538.60	77.228
538.80	76.790
539.01	76.349
539.21	75.943
539.41	75.578
539.62	75.229
539.82	74.921
540.03	74.633
540.23	74.398
540.43	74.179
540.64	74.018
540.84	73.877
541.04	73.790
541.25	73.743
541.45	73.730
541.66	73.748
541.86	73.803
542.06	73.898
542.27	74.028
542.47	74.214
542.67	74.410
542.88	74.645
543.08	74.909
543.28	75.217
543.49	75.542
543.69	75.897
543.90	76.288
544.10	76.680
544.30	77.123
544.51	77.565
544.71	78.046
544.91	78.514
545.12	79.008
545.32	79.515
545.52	80.000
545.73	80.517
545.93	81.031
546.13	81.521
546.34	82.009
546.54	82.494
546.74	82.965
546.95	83.455
547.15	83.928
547.35	84.367
547.56	84.813
547.76	85.250
547.96	85.654
548.17	86.050
548.37	86.435
548.57	86.760
548.78	87.071
548.98	87.351
549.18	87.597
549.39	87.814
549.59	88.001
549.79	88.182
550.00	88.315
550.20	88.446
550.40	88.523
550.61	88.582
550.81	88.602
551.01	88.589
551.22	88.543
551.42	88.457
551.62	88.345
551.82	88.184
552.03	88.009
552.23	87.800
552.43	87.554
552.64	87.285
552.84	86.989
553.04	86.664
553.25	86.314
553.45	85.934
553.65	85.541
553.85	85.143
554.06	84.717
554.26	84.264
554.46	83.781
554.67	83.305
554.87	82.804
555.07	82.313
555.27	81.801
555.48	81.282
555.68	80.774
555.88	80.259
556.09	79.749
556.29	79.217
556.49	78.708
556.69	78.188
556.90	77.683
557.10	77.210
557.30	76.757
557.50	76.294
557.71	75.872
557.91	75.464
558.11	75.055
558.31	74.680
558.52	74.334
558.72	74.014
558.92	73.722
559.13	73.458
559.33	73.220
559.53	73.004
559.73	72.831
559.94	72.677
560.14	72.551
560.34	72.456
560.54	72.398
560.75	72.382
560.95	72.392
561.15	72.442
561.35	72.509
561.55	72.599
561.76	72.737
561.96	72.885
562.16	73.080
562.36	73.312
562.57	73.557
562.77	73.831
562.97	74.134
563.17	74.452
563.38	74.788
563.58	75.150
563.78	75.540
563.98	75.938
564.18	76.348
564.39	76.786
564.59	77.229
564.79	77.695
564.99	78.149
565.20	78.611
565.40	79.065
565.60	79.524
565.80	80.002
566.00	80.461
566.21	80.929
566.41	81.369
566.61	81.814
566.81	82.259
567.01	82.687
567.22	83.108
567.42	83.514
567.62	83.893
567.82	84.259
568.02	84.608
568.23	84.940
568.43	85.254
568.63	85.554
568.83	85.814
569.03	86.042
569.24	86.257
569.44	86.457
569.64	86.634
569.84	86.795
570.04	86.901
570.24	86.996
570.45	87.065
570.65	87.112
570.85	87.123
571.05	87.096
571.25	87.042
571.45	86.955
571.66	86.860
571.86	86.744
572.06	86.581
572.26	86.401
572.46	86.199
572.66	85.984
572.87	85.723
573.07	85.459
573.27	85.170
573.47	84.863
573.67	84.526
573.87	84.163
574.08	83.775
574.28	83.396
574.48	82.994
574.68	82.568
574.88	82.138
575.08	81.679
575.28	81.224
575.49	80.768
575.69	80.306
575.89	79.821
576.09	79.355
576.29	78.875
576.49	78.393
576.69	77.910
576.90	77.432
577.10	76.967
577.30	76.505
577.50	76.059
577.70	75.610
577.90	75.177
578.10	74.777
578.30	74.383
578.51	74.004
578.71	73.649
578.91	73.308
579.11	72.979
579.31	72.681
579.51	72.400
579.71	72.149
579.91	71.910
580.12	71.711
580.32	71.532
580.52	71.393
580.72	71.265
580.92	71.166
581.12	71.081
581.32	71.033
581.52	71.030
581.72	71.033
581.92	71.070
582.13	71.145
582.33	71.224
582.53	71.340
582.73	71.470
582.93	71.637
583.13	71.833
583.33	72.062
583.53	72.306
583.73	72.577
583.93	72.869
584.13	73.186
584.34	73.530
584.54	73.859
584.74	74.201
584.94	74.585
585.14	74.975
585.34	75.384
585.54	75.767
585.74	76.167
585.94	76.593
586.14	77.035
586.34	77.460
586.54	77.909
586.74	78.358
586.94	78.817
587.15	79.276
587.35	79.718
587.55	80.153
587.75	80.588
587.95	81.004
588.15	81.411
588.35	81.805
588.55	82.196
588.75	82.590
588.95	82.970
589.15	83.327
589.35	83.674
589.55	83.997
589.75	84.342
589.95	84.643
590.15	84.923
590.35	85.171
590.55	85.414
590.75	85.625
590.95	85.812
591.15	85.978
591.35	86.108
591.56	86.224
591.76	86.315
591.96	86.385
592.16	86.440
592.36	86.467
592.56	86.477
592.76	86.454
592.96	86.415
593.16	86.336
593.36	86.242
593.56	86.134
593.76	86.011
593.96	85.839
594.16	85.666
594.36	85.471
594.56	85.255
594.76	85.014
594.96	84.766
595.16	84.483
595.36	84.189
595.56	83.869
595.76	83.525
595.96	83.160
596.16	82.799
596.36	82.417
596.56	82.034
596.76	81.620
596.96	81.202
597.16	80.780
597.36	80.365
597.56	79.933
597.76	79.486
597.96	79.038
598.16	78.596
598.36	78.149
598.56	77.694
598.76	77.249
598.96	76.815
599.16	76.377
599.36	75.969
599.56	75.562
599.76	75.156
599.96	74.771
600.15	74.399
600.35	74.039
600.55	73.693
600.75	73.346
600.95	73.031
601.15	72.714
601.35	72.413
601.55	72.132
601.75	71.885
601.95	71.648
602.15	71.441
602.35	71.234
602.55	71.061
602.75	70.918
602.95	70.783
603.15	70.660
603.35	70.579
603.55	70.505
603.75	70.449
603.95	70.428
604.15	70.429
604.35	70.460
604.54	70.506
604.74	70.593
604.94	70.693
605.14	70.804
605.34	70.950
605.54	71.128
605.74	71.329
605.94	71.535
606.14	71.771
606.34	72.018
606.54	72.297
606.74	72.593
606.94	72.899
607.14	73.231
607.33	73.590
607.53	73.944
607.73	74.307
607.93	74.676
608.13	75.059
608.33	75.453
608.53	75.839
608.73	76.246
608.93	76.637
609.13	77.043
609.33	77.464
609.52	77.885
609.72	78.295
609.92	78.697
610.12	79.108
610.32	79.511
610.52	79.927
610.72	80.318
610.92	80.703
611.12	81.088
611.31	81.463
611.51	81.824
611.71	82.178
611.91	82.535
612.11	82.891
612.31	83.235
612.51	83.553
612.71	83.871
612.91	84.155
613.10	84.439
613.30	84.731
613.50	84.986
613.70	85.220
613.90	85.429
614.10	85.619
614.30	85.778
614.50	85.931
614.69	86.040
614.89	86.149
615.09	86.239
615.29	86.307
615.49	86.352
615.69	86.375
615.89	86.385
616.08	86.370
616.28	86.329
616.48	86.266
616.68	86.178
616.88	86.077
617.08	85.953
617.27	85.823
617.47	85.653
617.67	85.468
617.87	85.261
618.07	85.054
618.27	84.831
618.47	84.603
618.66	84.347
618.86	84.087
619.06	83.798
619.26	83.504
619.46	83.195
619.66	82.862
619.85	82.519
620.05	82.164
620.25	81.785
620.45	81.409
620.65	81.018
620.84	80.649
621.04	80.257
621.24	79.887
621.44	79.476
621.64	79.054
621.84	78.650
622.03	78.243
622.23	77.838
622.43	77.432
622.63	77.032
622.83	76.631
623.02	76.236
623.22	75.855
623.42	75.456
623.62	75.078
623.82	74.722
624.01	74.358
624.21	74.005
624.41	73.676
624.61	73.356
624.81	73.059
625.00	72.751
625.20	72.464
625.40	72.178
625.60	71.925
625.79	71.695
625.99	71.485
626.19	71.281
626.39	71.096
626.59	70.926
626.78	70.787
626.98	70.661
627.18	70.548
627.38	70.461
627.57	70.419
627.77	70.377
627.97	70.349
628.17	70.362
628.37	70.383
628.56	70.439
628.76	70.502
628.96	70.581
629.16	70.681
629.35	70.825
629.55	70.977
629.75	71.149
629.95	71.339
630.14	71.535
630.34	71.763
630.54	72.002
630.74	72.250
630.93	72.515
631.13	72.791
631.33	73.077
631.53	73.360
631.72	73.653
631.92	73.973
632.12	74.311
632.31	74.645
632.51	75.014
632.71	75.373
632.91	75.735
633.10	76.109
633.30	76.504
633.50	76.869
633.70	77.262
633.89	77.646
634.09	78.043
634.29	78.436
634.48	78.822
634.68	79.227
634.88	79.627
635.08	80.025
635.27	80.433
635.47	80.831
635.67	81.237
635.86	81.636
636.06	82.019
636.26	82.377
636.46	82.739
636.65	83.079
636.85	83.432
637.05	83.771
637.24	84.082
637.44	84.384
637.64	84.685
637.83	84.976
638.03	85.263
638.23	85.506
638.43	85.751
638.62	85.975
638.82	86.162
639.02	86.349
639.21	86.511
639.41	86.645
639.61	86.787
639.80	86.907
640.00	87.004
640.20	87.110
640.39	87.209
640.59	87.275
640.79	87.331
640.98	87.353
641.18	87.365
641.38	87.374
641.57	87.346
641.77	87.300
641.97	87.222
642.16	87.134
642.36	87.042
642.56	86.930
642.75	86.817
642.95	86.678
643.15	86.528
643.34	86.374
643.54	86.204
643.74	85.994
643.93	85.778
644.13	85.528
644.33	85.254
644.52	84.977
644.72	84.701
644.91	84.409
645.11	84.090
645.31	83.776
645.50	83.459
645.70	83.142
645.90	82.817
646.09	82.473
646.29	82.118
646.48	81.757
646.68	81.381
646.88	81.005
647.07	80.633
647.27	80.251
647.47	79.859
647.66	79.478
647.86	79.092
648.05	78.717
648.25	78.352
648.45	77.980
648.64	77.600
648.84	77.235
649.04	76.858
649.23	76.490
649.43	76.134
649.62	75.772
649.82	75.408
650.02	75.063
650.21	74.733
650.41	74.429
650.60	74.130
650.80	73.861
651.00	73.573
651.19	73.312
651.39	73.058
651.58	72.813
651.78	72.592
651.97	72.400
652.17	72.205
652.37	72.019
652.56	71.873
652.76	71.736
652.95	71.610
653.15	71.525
653.35	71.445
653.54	71.373
653.74	71.308
653.93	71.274
654.13	71.257
654.32	71.242
654.52	71.228
654.72	71.250
654.91	71.282
655.11	71.341
655.30	71.422
655.50	71.520
655.69	71.634
655.89	71.748
656.08	71.873
656.28	72.026
656.48	72.201
656.67	72.377
656.87	72.572
657.06	72.767
657.26	72.971
657.45	73.204
657.65	73.456
657.84	73.732
658.04	74.001
658.23	74.292
658.43	74.602
658.62	74.928
658.82	75.246
659.02	75.575
659.21	75.925
659.41	76.265
659.60	76.612
659.80	76.969
659.99	77.354
660.19	77.730
660.38	78.113
660.58	78.483
660.77	78.872
660.97	79.245
661.16	79.628
661.36	79.998
661.55	80.385
661.75	80.761
661.94	81.125
662.14	81.506
662.33	81.884
662.53	82.251
662.72	82.616
662.92	82.971
663.11	83.311
663.31	83.660
663.50	84.006
663.70	84.354
663.89	84.693
664.09	85.003
664.28	85.323
664.48	85.619
664.67	85.931
664.87	86.201
665.06	86.484
665.26	86.742
665.45	86.998
665.65	87.232
665.84	87.470
666.04	87.690
666.23	87.870
666.43	88.033
666.62	88.190
666.82	88.328
667.01	88.458
667.21	88.579
667.40	88.666
667.59	88.761
667.79	88.816
667.98	88.841
668.18	88.860
668.37	88.861
668.57	88.875
668.76	88.852
668.96	88.812
669.15	88.760
669.35	88.717
669.54	88.640
669.73	88.557
669.93	88.451
670.12	88.344
670.32	88.247
670.51	88.114
670.71	87.974
670.90	87.829
671.10	87.671
671.29	87.490
671.48	87.291
671.68	87.076
671.87	86.861
672.07	86.634
672.26	86.430
672.46	86.185
672.65	85.922
672.84	85.652
673.04	85.389
673.23	85.111
673.43	84.812
673.62	84.523
673.82	84.226
674.01	83.892
674.20	83.567
674.40	83.223
674.59	82.890
674.79	82.561
674.98	82.216
675.17	81.867
675.37	81.530
675.56	81.191
675.76	80.843
675.95	80.476
676.14	80.135
676.34	79.759
676.53	79.410
676.73	79.051
676.92	78.691
677.11	78.336
677.31	77.980
677.50	77.642
677.70	77.294
677.89	76.944
678.08	76.631
678.28	76.314
678.47	76.015
678.66	75.724
678.86	75.438
679.05	75.153
679.25	74.890
679.44	74.635
679.63	74.405
679.83	74.173
680.02	73.968
680.21	73.765
680.41	73.574
680.60	73.381
680.79	73.210
680.99	73.051
681.18	72.891
681.38	72.758
681.57	72.648
681.76	72.560
681.96	72.486
682.15	72.415
682.34	72.349
682.54	72.293
682.73	72.265
682.92	72.234
683.12	72.240
683.31	72.256
683.50	72.282
683.70	72.321
683.89	72.358
684.08	72.425
684.28	72.508
684.47	72.603
684.66	72.721
684.86	72.852
685.05	73.004
685.24	73.176
685.44	73.347
685.63	73.522
685.82	73.718
686.02	73.913
686.21	74.147
686.40	74.388
686.60	74.648
686.79	74.912
686.98	75.188
687.18	75.470
687.37	75.752
687.56	76.035
687.75	76.335
687.95	76.648
688.14	76.956
688.33	77.284
688.53	77.616
688.72	77.967
688.91	78.314
689.11	78.653
689.30	79.026
689.49	79.400
689.68	79.771
689.88	80.131
690.07	80.494
690.26	80.843
690.46	81.207
690.65	81.554
690.84	81.905
691.03	82.268
691.23	82.621
691.42	82.978
691.61	83.341
691.80	83.680
692.00	84.025
692.19	84.357
692.38	84.684
692.58	85.012
692.77	85.321
692.96	85.620
693.15	85.927
693.35	86.210
693.54	86.508
693.73	86.805
693.92	87.074
694.12	87.355
694.31	87.609
694.50	87.878
694.69	88.114
694.89	88.342
695.08	88.550
695.27	88.774
695.46	88.967
695.66	89.165
695.85	89.359
696.04	89.543
696.23	89.737
696.43	89.904
696.62	90.039
696.81	90.168
697.00	90.300
697.19	90.418
697.39	90.506
697.58	90.581
697.77	90.628
697.96	90.694
698.16	90.731
698.35	90.789
698.54	90.796
698.73	90.827
698.92	90.813
699.12	90.802
699.31	90.765
699.50	90.727
699.69	90.677
699.89	90.607
700.08	90.530
700.27	90.428
700.46	90.325
700.65	90.212
700.85	90.111
701.04	89.978
701.23	89.823
701.42	89.665
701.61	89.496
701.81	89.315
702.00	89.120
702.19	88.920
702.38	88.686
702.57	88.470
702.76	88.218
702.96	87.986
703.15	87.731
703.34	87.461
703.53	87.185
703.72	86.879
703.92	86.574
704.11	86.268
704.30	85.945
704.49	85.627
704.68	85.315
704.87	84.961
705.07	84.624
705.26	84.292
705.45	83.986
705.64	83.646
705.83	83.334
706.02	83.004
706.21	82.687
706.41	82.359
706.60	82.009
706.79	81.688
706.98	81.370
707.17	81.039
707.36	80.716
707.56	80.412
707.75	80.110
707.94	79.812
708.13	79.518
708.32	79.240
708.51	78.948
708.70	78.678
708.89	78.408
709.09	78.137
709.28	77.883
709.47	77.588
709.66	77.316
709.85	77.050
710.04	76.792
710.23	76.519
710.42	76.293
710.62	76.067
710.81	75.818
711.00	75.585
711.19	75.380
711.38	75.178
711.57	74.965
711.76	74.771
711.95	74.608
712.15	74.449
712.34	74.297
712.53	74.157
712.72	74.023
712.91	73.926
713.10	73.829
713.29	73.743
713.48	73.669
713.67	73.627
713.86	73.598
714.05	73.570
714.25	73.560
714.44	73.534
714.63	73.537
714.82	73.579
715.01	73.618
715.20	73.684
715.39	73.741
715.58	73.824
715.77	73.925
715.96	74.023
716.15	74.124
716.34	74.223
716.54	74.349
716.73	74.482
716.92	74.608
717.11	74.758
717.30	74.923
717.49	75.106
717.68	75.299
717.87	75.460
718.06	75.677
718.25	75.908
718.44	76.147
718.63	76.396
718.82	76.638
719.01	76.892
719.20	77.148
719.39	77.424
719.58	77.701
719.77	77.969
719.96	78.229
720.16	78.508
720.35	78.810
720.54	79.104
720.73	79.409
720.92	79.720
721.11	80.050
721.30	80.362
721.49	80.682
721.68	81.007
721.87	81.362
722.06	81.687
722.25	82.007
722.44	82.339
722.63	82.656
722.82	82.971
723.01	83.274
723.20	83.571
723.39	83.885
723.58	84.222
723.77	84.558
723.96	84.898
724.15	85.242
724.34	85.568
724.53	85.894
724.72	86.190
724.91	86.514
725.10	86.830
725.29	87.129
725.48	87.453
725.67	87.721
725.86	87.977
726.05	88.247
726.24	88.510
726.43	88.757
726.62	89.009
726.81	89.289
727.00	89.544
727.19	89.810
727.38	90.054
727.57	90.266
727.76	90.474
727.95	90.675
728.14	90.848
728.33	91.024
728.52	91.193
728.71	91.356
728.90	91.507
729.09	91.626
729.28	91.736
729.47	91.825
729.65	91.934
729.84	92.042
730.03	92.138
730.22	92.217
730.41	92.297
730.60	92.371
730.79	92.386
730.98	92.429
731.17	92.466
731.36	92.472
731.55	92.461
731.74	92.443
731.93	92.421
732.12	92.391
732.31	92.364
732.50	92.342
732.69	92.318
732.88	92.247
733.06	92.168
733.25	92.100
733.44	92.031
733.63	91.924
733.82	91.815
734.01	91.672
734.20	91.532
734.39	91.373
734.58	91.220
734.77	91.079
734.96	90.897
735.15	90.702
735.33	90.495
735.52	90.309
735.71	90.110
735.90	89.888
736.09	89.650
736.28	89.390
736.47	89.123
736.66	88.850
736.85	88.586
737.04	88.294
737.23	88.014
737.41	87.711
737.60	87.448
737.79	87.139
737.98	86.855
738.17	86.562
738.36	86.297
738.55	86.007
738.74	85.723
738.92	85.435
739.11	85.145
739.30	84.845
739.49	84.530
739.68	84.232
739.87	83.964
740.06	83.695
740.25	83.396
740.43	83.119
740.62	82.828
740.81	82.526
741.00	82.258
741.19	81.959
741.38	81.663
741.57	81.356
741.75	81.086
741.94	80.790
742.13	80.501
742.32	80.186
742.51	79.897
742.70	79.613
742.89	79.341
743.07	79.060
743.26	78.798
743.45	78.513
743.64	78.263
743.83	77.985
744.02	77.691
744.20	77.450
744.39	77.200
744.58	76.967
744.77	76.757
744.96	76.562
745.15	76.394
745.33	76.234
745.52	76.076
745.71	75.915
745.90	75.772
746.09	75.650
746.28	75.536
746.46	75.397
746.65	75.260
746.84	75.153
747.03	75.048
747.22	74.960
747.40	74.906
747.59	74.830
747.78	74.773
747.97	74.764
748.16	74.741
748.34	74.700
748.53	74.693
748.72	74.688
748.91	74.669
749.10	74.658
749.28	74.667
749.47	74.699
749.66	74.724
749.85	74.742
750.04	74.774
750.22	74.812
750.41	74.882
750.60	74.968
750.79	75.026
750.97	75.108
751.16	75.213
751.35	75.307
751.54	75.402
751.73	75.533
751.91	75.643
752.10	75.801
752.29	75.943
752.48	76.104
752.66	76.275
752.85	76.450
753.04	76.632
753.23	76.837
753.41	77.017
753.60	77.240
753.79	77.478
753.98	77.694
754.16	77.922
754.35	78.153
754.54	78.379
754.73	78.648
754.91	78.915
755.10	79.170
755.29	79.450
755.48	79.713
755.66	79.983
755.85	80.263
756.04	80.518
756.22	80.816
756.41	81.084
756.60	81.360
756.79	81.657
756.97	81.957
757.16	82.210
757.35	82.505
757.54	82.796
757.72	83.077
757.91	83.379
758.10	83.678
758.28	83.967
758.47	84.256
758.66	84.567
758.85	84.863
759.03	85.167
759.22	85.463
759.41	85.775
759.59	86.077
759.78	86.375
759.97	86.653
760.15	86.921
760.34	87.228
760.53	87.498
760.71	87.752
760.90	88.035
761.09	88.310
761.28	88.578
761.46	88.832
761.65	89.094
761.84	89.359
762.02	89.617
762.21	89.895
762.40	90.128
762.58	90.338
762.77	90.549
762.96	90.763
763.14	90.990
763.33	91.189
763.52	91.357
763.70	91.510
763.89	91.692
764.08	91.877
764.26	92.000
764.45	92.164
764.64	92.332
764.82	92.448
765.01	92.572
765.20	92.669
765.38	92.777
765.57	92.853
765.75	92.924
765.94	92.970
766.13	93.031
766.31	93.108
766.50	93.154
766.69	93.234
766.87	93.305
767.06	93.334
767.25	93.378
767.43	93.439
767.62	93.506
767.80	93.540
767.99	93.542
768.18	93.539
768.36	93.528
768.55	93.502
768.74	93.472
768.92	93.441
769.11	93.434
769.29	93.386
769.48	93.360
769.67	93.290
769.85	93.248
770.04	93.120
770.22	93.016
770.41	92.886
770.60	92.732
770.78	92.552
770.97	92.396
771.15	92.240
771.34	92.043
771.53	91.869
771.71	91.685
771.90	91.524
772.08	91.407
772.27	91.231
772.46	91.028
772.64	90.831
772.83	90.627
773.01	90.372
773.20	90.134
773.39	89.908
773.57	89.671
773.76	89.425
773.94	89.232
774.13	88.983
774.31	88.727
774.50	88.506
774.68	88.252
774.87	87.993
775.06	87.691
775.24	87.425
775.43	87.124
775.61	86.828
775.80	86.537
775.98	86.216
776.17	85.906
776.36	85.614
776.54	85.319
776.73	85.017
776.91	84.732
777.10	84.449
777.28	84.124
777.47	83.840
777.65	83.543
777.84	83.232
778.02	82.954
778.21	82.683
778.39	82.371
778.58	82.097
778.77	81.825
778.95	81.581
779.14	81.327
779.32	81.085
779.51	80.846
779.69	80.581
779.88	80.336
780.06	80.098
780.25	79.849
780.43	79.597
780.62	79.373
780.80	79.143
780.99	78.905
781.17	78.676
781.36	78.436
781.54	78.216
781.73	77.966
781.91	77.745
782.10	77.542
782.28	77.341
782.47	77.141
782.65	76.922
782.84	76.717
783.02	76.531
783.21	76.362
783.39	76.186
783.58	76.026
783.76	75.846
783.95	75.693
784.13	75.582
784.32	75.466
784.50	75.339
784.69	75.251
784.87	75.162
785.05	75.089
785.24	75.022
785.42	74.967
785.61	74.917
785.79	74.876
785.98	74.842
786.16	74.795
786.35	74.777
786.53	74.767
786.72	74.751
786.90	74.741
787.09	74.714
787.27	74.725
787.45	74.750
787.64	74.773
787.82	74.786
788.01	74.802
788.19	74.843
788.38	74.887
788.56	74.876
788.75	74.935
788.93	75.005
789.11	75.045
789.30	75.083
789.48	75.159
789.67	75.239
789.85	75.314
790.04	75.437
790.22	75.537
790.40	75.657
790.59	75.766
790.77	75.886
790.96	76.040
791.14	76.188
791.32	76.322
791.51	76.478
791.69	76.650
791.88	76.828
792.06	77.005
792.25	77.170
792.43	77.396
792.61	77.582
792.80	77.749
792.98	77.975
793.17	78.180
793.35	78.358
793.53	78.558
793.72	78.797
793.90	79.011
794.08	79.224
794.27	79.442
794.45	79.694
794.64	79.921
794.82	80.147
795.00	80.342
795.19	80.584
795.37	80.815
795.55	81.003
795.74	81.236
795.92	81.472
796.11	81.741
796.29	81.993
796.47	82.225
796.66	82.461
796.84	82.723
797.02	82.994
797.21	83.281
797.39	83.548
797.58	83.800
797.76	84.038
797.94	84.312
798.13	84.583
798.31	84.858
798.49	85.108
798.68	85.356
798.86	85.654
799.04	85.893
799.23	86.155
799.41	86.430
799.59	86.670
799.78	86.877
799.96	87.103
800.14	87.339
800.33	87.584
800.51	87.845
800.69	88.039
800.88	88.270
801.06	88.510
801.24	88.692
801.43	88.886
801.61	89.070
801.79	89.240
801.98	89.406
802.16	89.593
802.34	89.797
802.52	89.980
802.71	90.115
802.89	90.295
803.07	90.450
803.26	90.592
803.44	90.714
803.62	90.865
803.81	90.990
803.99	91.075
804.17	91.159
804.35	91.234
804.54	91.313
804.72	91.411
804.90	91.482
805.09	91.600
805.27	91.705
805.45	91.816
805.63	91.885
805.82	91.964
806.00	91.960
806.18	91.994
806.37	92.044
806.55	92.057
806.73	92.081
806.91	92.092
807.10	92.126
807.28	92.144
807.46	92.152
807.64	92.143
807.83	92.144
808.01	92.145
808.19	92.080
808.37	92.029
808.56	91.954
808.74	91.897
808.92	91.830
809.10	91.715
809.29	91.638
809.47	91.557
809.65	91.418
809.83	91.356
810.02	91.235
810.20	91.127
810.38	91.029
810.56	90.895
810.75	90.800
810.93	90.685
811.11	90.559
811.29	90.433
811.47	90.301
811.66	90.140
811.84	89.986
812.02	89.920
812.20	89.803
812.39	89.684
812.57	89.538
812.75	89.400
812.93	89.296
813.11	89.139
813.30	89.010
813.48	88.902
813.66	88.738
813.84	88.585
814.02	88.404
814.21	88.250
814.39	88.046
814.57	87.849
814.75	87.641
814.93	87.432
815.12	87.210
815.30	86.991
815.48	86.782
815.66	86.557
815.84	86.291
816.03	86.038
816.21	85.756
816.39	85.514
816.57	85.205
816.75	84.896
816.93	84.604
817.12	84.288
817.30	83.971
817.48	83.660
817.66	83.393
817.84	83.127
818.02	82.872
818.21	82.596
818.39	82.338
818.57	82.066
818.75	81.851
818.93	81.598
819.11	81.338
819.30	81.092
819.48	80.863
819.66	80.644
819.84	80.446
820.02	80.225
820.20	79.991
820.38	79.772
820.57	79.557
820.75	79.370
820.93	79.169
821.11	78.971
821.29	78.797
821.47	78.580
821.65	78.368
821.83	78.142
822.02	77.956
822.20	77.740
822.38	77.569
822.56	77.317
822.74	77.095
822.92	76.852
823.10	76.648
823.28	76.407
823.46	76.182
823.65	75.944
823.83	75.745
824.01	75.532
824.19	75.320
824.37	75.111
824.55	74.882
824.73	74.692
824.91	74.501
825.09	74.303
825.27	74.117
825.46	73.916
825.64	73.711
825.82	73.547
826.00	73.358
826.18	73.193
826.36	73.051
826.54	72.927
826.72	72.848
826.90	72.745
827.08	72.665
827.26	72.584
827.44	72.494
827.63	72.403
827.81	72.340
827.99	72.312
828.17	72.260
828.35	72.215
828.53	72.167
828.71	72.158
828.89	72.133
829.07	72.112
829.25	72.089
829.43	72.105
829.61	72.088
829.79	72.085
829.97	72.089
830.15	72.068
830.33	72.077
830.51	72.069
830.69	72.080
830.87	72.041
831.06	72.059
831.24	72.079
831.42	72.100
831.60	72.104
831.78	72.135
831.96	72.195
832.14	72.266
832.32	72.333
832.50	72.376
832.68	72.420
832.86	72.465
833.04	72.564
833.22	72.620
833.40	72.715
833.58	72.792
833.76	72.860
833.94	72.993
834.12	73.113
834.30	73.238
834.48	73.344
834.66	73.518
834.84	73.611
835.02	73.764
835.20	73.918
835.38	74.082
835.56	74.238
835.74	74.403
835.92	74.568
836.10	74.720
836.28	74.879
836.46	75.066
836.64	75.245
836.82	75.388
837.00	75.561
837.18	75.736
837.36	75.938
837.54	76.124
837.72	76.306
837.90	76.493
838.08	76.686
838.26	76.877
838.43	77.052
838.61	77.266
838.79	77.458
838.97	77.656
839.15	77.861
839.33	78.057
839.51	78.205
839.69	78.383
839.87	78.586
840.05	78.809
840.23	79.006
840.41	79.214
840.59	79.382
840.77	79.596
840.95	79.778
841.13	79.948
841.31	80.124
841.49	80.276
841.67	80.418
841.84	80.599
842.02	80.730
842.20	80.932
842.38	81.070
842.56	81.220
842.74	81.380
842.92	81.493
843.10	81.633
843.28	81.831
843.46	81.969
843.64	82.063
843.82	82.200
843.99	82.325
844.17	82.487
844.35	82.724
844.53	82.885
844.71	83.080
844.89	83.213
845.07	83.404
845.25	83.597
845.43	83.785
845.61	83.936
845.78	84.160
845.96	84.325
846.14	84.527
846.32	84.716
846.50	84.866
846.68	85.099
846.86	85.266
847.04	85.425
847.22	85.534
847.39	85.717
847.57	85.834
847.75	85.960
847.93	86.027
848.11	86.122
848.29	86.265
848.47	86.329
848.65	86.467
848.82	86.520
849.00	86.601
849.18	86.648
849.36	86.689
849.54	86.746
849.72	86.739
849.89	86.790
850.07	86.854
850.25	86.869
850.43	86.829
850.61	86.829
850.79	86.788
850.97	86.853
851.14	86.874
851.32	86.865
851.50	86.878
851.68	86.936
851.86	86.991
852.04	86.963
852.21	86.993
852.39	87.003
852.57	87.070
852.75	87.079
852.93	87.088
853.10	87.078
853.28	87.036
853.46	87.037
853.64	86.970
853.82	86.890
854.00	86.909
854.17	86.856
854.35	86.785
854.53	86.749
854.71	86.666
854.89	86.552
855.06	86.518
855.24	86.471
855.42	86.382
855.60	86.234
855.78	86.139
855.95	86.021
856.13	85.925
856.31	85.737
856.49	85.589
856.66	85.483
856.84	85.328
857.02	85.257
857.20	85.180
857.38	85.010
857.55	84.876
857.73	84.644
857.91	84.541
858.09	84.376
858.26	84.225
858.44	84.090
858.62	83.958
858.80	83.773
858.97	83.599
859.15	83.416
859.33	83.198
859.51	83.031
859.68	82.846
859.86	82.649
860.04	82.473
860.22	82.278
860.39	82.070
860.57	81.855
860.75	81.579
860.93	81.336
861.10	81.214
861.28	81.034
861.46	80.828
861.64	80.620
861.81	80.465
861.99	80.255
862.17	80.024
862.35	79.829
862.52	79.667
862.70	79.456
862.88	79.281
863.05	79.079
863.23	78.857
863.41	78.667
863.59	78.441
863.76	78.278
863.94	78.076
864.12	77.883
864.29	77.724
864.47	77.509
864.65	77.321
864.83	77.049
865.00	76.808
865.18	76.640
865.36	76.452
865.53	76.238
865.71	76.088
865.89	75.890
866.06	75.677
866.24	75.432
866.42	75.217
866.59	74.981
866.77	74.817
866.95	74.614
867.12	74.357
867.30	74.187
867.48	73.943
867.65	73.738
867.83	73.517
868.01	73.329
868.18	73.129
868.36	72.927
868.54	72.778
868.71	72.628
868.89	72.473
869.07	72.280
869.24	72.109
869.42	71.899
869.60	71.732
869.77	71.609
869.95	71.449
870.13	71.298
870.30	71.173
870.48	70.984
870.66	70.827
870.83	70.726
871.01	70.525
871.18	70.398
871.36	70.263
871.54	70.123
871.71	69.990
871.89	69.894
872.07	69.714
872.24	69.572
872.42	69.464
872.59	69.329
872.77	69.190
872.95	69.086
873.12	68.943
873.30	68.812
873.48	68.697
873.65	68.596
873.83	68.497
874.00	68.369
874.18	68.277
874.36	68.208
874.53	68.114
874.71	68.040
874.88	67.967
875.06	67.921
875.24	67.906
875.41	67.855
875.59	67.810
875.76	67.829
875.94	67.778
876.11	67.664
876.29	67.568
876.47	67.538
876.64	67.476
876.82	67.438
876.99	67.401
877.17	67.360
877.35	67.334
877.52	67.292
877.70	67.262
877.87	67.251
878.05	67.252
878.22	67.265
878.40	67.299
878.57	67.279
878.75	67.245
878.93	67.199
879.10	67.191
879.28	67.205
879.45	67.220
879.63	67.210
879.80	67.217
879.98	67.275
880.15	67.299
880.33	67.358
880.50	67.396
880.68	67.499
880.86	67.553
881.03	67.624
881.21	67.718
881.38	67.814
881.56	67.985
881.73	68.034
881.91	68.086
882.08	68.161
882.26	68.294
882.43	68.417
882.61	68.596
882.78	68.719
882.96	68.849
883.13	68.954
883.31	69.106
883.48	69.306
883.66	69.463
883.83	69.620
884.01	69.717
884.18	69.937
884.36	70.093
884.53	70.227
884.71	70.379
884.88	70.487
885.06	70.635
885.23	70.701
885.41	70.844
885.58	70.969
885.76	71.124
885.93	71.217
886.11	71.397
886.28	71.499
886.46	71.631
886.63	71.768
886.81	71.892
886.98	72.073
887.15	72.166
887.33	72.339
887.50	72.536
887.68	72.710
887.85	72.801
888.03	72.929
888.20	73.095
888.38	73.250
888.55	73.421
888.73	73.495
888.90	73.624
889.08	73.766
889.25	73.885
889.42	74.018
889.60	74.209
889.77	74.290
889.95	74.433
890.12	74.522
890.30	74.614
890.47	74.705
890.64	74.838
890.82	74.989
890.99	75.087
891.17	75.174
891.34	75.297
891.52	75.413
891.69	75.547
891.86	75.660
892.04	75.769
892.21	75.929
892.39	76.175
892.56	76.359
892.73	76.463
892.91	76.630
893.08	76.842
893.26	76.933
893.43	77.096
893.60	77.189
893.78	77.369
893.95	77.538
894.13	77.785
894.30	77.946
894.47	78.154
894.65	78.307
894.82	78.463
895.00	78.604
895.17	78.777
895.34	78.947
895.52	79.130
895.69	79.258
895.86	79.381
896.04	79.424
896.21	79.583
896.39	79.779
896.56	79.944
896.73	79.962
896.91	80.036
897.08	80.133
897.25	80.318
897.43	80.380
897.60	80.463
897.77	80.468
897.95	80.454
898.12	80.450
898.30	80.558
898.47	80.594
898.64	80.656
898.82	80.684
898.99	80.679
899.16	80.672
899.34	80.654
899.51	80.585
899.68	80.573
899.86	80.523
900.03	80.449
900.20	80.398
900.38	80.423
900.55	80.488
900.72	80.444
900.90	80.375
901.07	80.465
901.24	80.456
901.41	80.484
901.59	80.514
901.76	80.522
901.93	80.465
902.11	80.398
902.28	80.395
902.45	80.500
902.63	80.534
902.80	80.516
902.97	80.528
903.15	80.629
903.32	80.697
903.49	80.693
903.66	80.734
903.84	80.764
904.01	80.736
904.18	80.723
904.36	80.750
904.53	80.729
904.70	80.671
904.87	80.663
905.05	80.577
905.22	80.592
905.39	80.550
905.56	80.484
905.74	80.452
905.91	80.363
906.08	80.227
906.26	80.133
906.43	80.032
906.60	79.936
906.77	79.771
906.95	79.666
907.12	79.550
907.29	79.388
907.46	79.345
907.64	79.254
907.81	79.148
907.98	78.965
908.15	78.856
908.33	78.733
908.50	78.594
908.67	78.508
908.84	78.383
909.01	78.256
909.19	78.190
909.36	78.074
909.53	77.939
909.70	77.714
909.88	77.618
910.05	77.465
910.22	77.378
910.39	77.264
910.57	77.168
910.74	77.082
910.91	77.036
911.08	76.835
911.25	76.688
911.43	76.556
911.60	76.435
911.77	76.299
911.94	76.075
912.11	75.912
912.29	75.708
912.46	75.456
912.63	75.236
912.80	74.998
912.97	74.807
913.15	74.659
913.32	74.538
913.49	74.321
913.66	74.235
913.83	74.018
914.00	73.795
914.18	73.589
914.35	73.379
914.52	73.112
914.69	72.886
914.86	72.685
915.03	72.483
915.21	72.350
915.38	72.133
915.55	72.037
915.72	71.867
915.89	71.733
916.06	71.648
916.24	71.569
916.41	71.406
916.58	71.285
916.75	71.090
916.92	70.913
917.09	70.699
917.26	70.423
917.44	70.217
917.61	70.101
917.78	69.887
917.95	69.724
918.12	69.535
918.29	69.447
918.46	69.251
918.64	69.092
918.81	68.947
918.98	68.805
919.15	68.623
919.32	68.468
919.49	68.232
919.66	68.023
919.83	67.826
920.00	67.652
920.18	67.508
920.35	67.455
920.52	67.327
920.69	67.278
920.86	67.264
921.03	67.167
921.20	67.010
921.37	66.895
921.54	66.649
921.71	66.551
921.89	66.383
922.06	66.319
922.23	66.188
922.40	66.047
922.57	65.835
922.74	65.736
922.91	65.647
923.08	65.583
923.25	65.476
923.42	65.371
923.59	65.320
923.76	65.102
923.93	64.900
924.11	64.732
924.28	64.578
924.45	64.441
924.62	64.407
924.79	64.315
924.96	64.142
925.13	64.113
925.30	64.002
925.47	63.842
925.64	63.734
925.81	63.664
925.98	63.599
926.15	63.571
926.32	63.411
926.49	63.300
926.66	63.206
926.83	63.106
927.00	63.064
927.17	62.949
927.34	63.002
927.51	62.958
927.69	62.986
927.86	62.947
928.03	62.807
928.20	62.763
928.37	62.668
928.54	62.701
928.71	62.647
928.88	62.662
929.05	62.682
929.22	62.685
929.39	62.630
929.56	62.559
929.73	62.529
929.90	62.570
930.07	62.560
930.24	62.536
930.41	62.537
930.58	62.570
930.75	62.634
930.92	62.565
931.09	62.545
931.26	62.505
931.43	62.480
931.60	62.497
931.77	62.433
931.94	62.518
932.11	62.554
932.27	62.585
932.44	62.608
932.61	62.642
932.78	62.595
932.95	62.689
933.12	62.631
933.29	62.666
933.46	62.674
933.63	62.614
933.80	62.616
933.97	62.631
934.14	62.605
934.31	62.546
934.48	62.595
934.65	62.618
934.82	62.681
934.99	62.731
935.16	62.802
935.33	62.870
935.50	62.980
935.67	63.039
935.84	63.090
936.00	63.096
936.17	63.158
936.34	63.282
936.51	63.284
936.68	63.356
936.85	63.379
937.02	63.486
937.19	63.550
937.36	63.692
937.53	63.698
937.70	63.801
937.87	63.885
938.03	63.882
938.20	63.950
938.37	64.047
938.54	64.103
938.71	64.167
938.88	64.292
939.05	64.210
939.22	64.186
939.39	64.252
939.56	64.430
939.72	64.478
939.89	64.520
940.06	64.567
940.23	64.637
940.40	64.742
940.57	64.890
940.74	65.045
940.91	65.107
941.08	65.304
941.24	65.388
941.41	65.566
941.58	65.811
941.75	65.959
941.92	66.079
942.09	66.194
942.26	66.276
942.42	66.333
942.59	66.568
942.76	66.916
942.93	67.083
943.10	67.107
943.27	67.282
943.44	67.428
943.60	67.626
943.77	67.651
943.94	67.865
944.11	67.893
944.28	67.976
944.45	68.112
944.61	68.208
944.78	68.228
944.95	68.265
945.12	68.454
945.29	68.547
945.46	68.517
945.62	68.577
945.79	68.809
945.96	69.122
946.13	69.277
946.30	69.263
946.46	69.423
946.63	69.530
946.80	69.655
946.97	69.826
947.14	69.900
947.31	70.413
947.47	70.632
947.64	70.840
947.81	71.027
947.98	71.221
948.15	71.342
948.31	71.590
948.48	71.750
948.65	71.773
948.82	71.941
948.98	72.129
949.15	72.457
949.32	72.472
949.49	72.432
949.66	72.495
949.82	72.566
949.99	72.675
950.16	72.793
950.33	72.771
950.49	72.856
950.66	72.831
950.83	72.680
951.00	72.526
951.16	72.313
951.33	72.343
951.50	72.255
951.67	72.295
951.83	72.318
952.00	72.327
952.17	72.256
952.34	72.253
952.50	72.421
952.67	72.330
952.84	72.400
953.01	72.337
953.17	72.352
953.34	72.470
953.51	72.411
953.68	72.346
953.84	72.315
954.01	72.244
954.18	72.183
954.34	72.241
954.51	72.326
954.68	72.470
954.85	72.467
955.01	72.616
955.18	72.860
955.35	72.611
955.51	72.584
955.68	72.697
955.85	72.890
956.02	72.730
956.18	72.796
956.35	72.762
956.52	72.823
956.68	72.809
956.85	72.682
957.02	72.762
957.18	72.795
957.35	72.828
957.52	72.920
957.69	73.032
957.85	73.110
958.02	72.990
958.19	72.905
958.35	72.910
958.52	72.697
958.69	72.359
958.85	72.588
959.02	72.677
959.19	72.416
959.35	72.259
959.52	72.347
959.69	72.343
959.85	72.354
960.02	72.390
960.19	72.284
960.35	72.208
960.52	72.091
960.68	72.117
960.85	72.181
961.02	71.879
961.18	71.928
961.35	71.696
961.52	71.754
961.68	71.762
961.85	71.668
962.02	71.745
962.18	71.832
962.35	71.539
962.51	71.378
962.68	71.455
962.85	71.366
963.01	71.066
963.18	70.975
963.35	70.596
963.51	70.371
963.68	70.392
963.84	70.188
964.01	70.240
964.18	70.011
964.34	69.799
964.51	69.707
964.67	69.435
964.84	69.334
965.01	69.098
965.17	68.812
965.34	68.824
965.50	68.518
965.67	68.457
965.84	68.463
966.00	68.547
966.17	68.640
966.33	68.513
966.50	68.388
966.66	68.320
966.83	68.438
967.00	68.388
967.16	68.166
967.33	68.083
967.49	67.862
967.66	68.085
967.82	67.898
967.99	68.089
968.16	68.123
968.32	68.038
968.49	67.853
968.65	68.062
968.82	67.917
968.98	67.995
969.15	67.643
969.31	67.381
969.48	67.106
969.64	66.718
969.81	66.681
969.98	66.657
970.14	66.263
970.31	66.194
970.47	65.887
970.64	65.698
970.80	65.835
970.97	65.347
971.13	65.003
971.30	64.935
971.46	64.692
971.63	64.405
971.79	64.482
971.96	64.496
972.12	64.207
972.29	63.800
972.45	63.696
972.62	63.742
972.78	63.784
972.95	63.426
973.11	63.197
973.28	63.069
973.44	63.084
973.61	63.363
973.77	63.122
973.94	63.189
974.10	63.365
974.27	63.238
974.43	63.549
974.60	63.429
974.76	63.361
974.93	63.341
975.09	63.258
975.26	62.993
975.42	62.953
975.59	62.790
975.75	63.142
975.92	63.042
976.08	62.476
976.24	62.374
976.41	62.215
976.57	62.297
976.74	62.206
976.90	61.831
977.07	61.306
977.23	61.353
977.40	61.173
977.56	60.511
977.73	60.197
977.89	59.922
978.05	59.591
978.22	59.408
978.38	59.057
978.55	58.774
978.71	58.637
978.88	58.642
979.04	58.607
979.20	58.405
979.37	58.318
979.53	58.350
979.70	58.431
979.86	58.707
980.03	58.567
980.19	58.407
980.35	58.457
980.52	58.342
980.68	58.303
980.85	58.332
981.01	58.508
981.17	58.477
981.34	58.304
981.50	58.258
981.67	58.333
981.83	58.231
981.99	58.268
982.16	58.034
982.32	57.179
982.49	57.159
982.65	56.947
982.81	57.062
982.98	57.195
983.14	57.090
983.30	56.656
983.47	56.587
983.63	56.355
983.80	56.151
983.96	55.949
984.12	56.356
984.29	56.308
984.45	56.486
984.61	56.254
984.78	56.476
984.94	56.756
985.10	57.191
985.27	57.054
985.43	57.430
985.59	57.717
985.76	58.319
985.92	58.430
986.08	58.788
986.25	58.325
986.41	58.805
986.57	58.228
986.74	58.617
986.90	58.670
987.06	58.651
987.23	58.676
987.39	58.392
987.55	57.420
987.72	57.228
987.88	56.404
988.04	56.852
988.21	57.249
988.37	57.026
988.53	56.214
988.70	56.692
988.86	56.176
989.02	55.875
989.19	55.532
989.35	55.582
989.51	54.929
989.67	54.994
989.84	54.453
990.00	54.475
990.16	54.775
990.33	54.864
990.49	55.239
990.65	55.520
990.82	55.990
990.98	56.208
991.14	56.111
991.30	57.096
991.47	56.477
991.63	56.459
991.79	57.345
991.95	57.669
992.12	57.616
992.28	57.939
992.44	58.105
992.61	58.312
992.77	58.372
992.93	58.860
993.09	58.855
993.26	59.123
993.42	59.852
993.58	59.324
993.74	59.156
993.91	58.648
994.07	58.311
994.23	58.590
994.39	58.528
994.55	58.725
994.72	58.226
994.88	58.424
995.04	57.781
995.20	57.332
995.37	56.971
995.53	57.015
995.69	56.816
995.85	56.469
996.02	56.535
996.18	56.855
996.34	56.528
996.50	56.661
996.66	57.651
996.83	57.046
996.99	56.402
997.15	57.005
997.31	57.253
997.47	57.622
997.64	57.714
997.80	58.323
997.96	59.170
998.12	59.368
998.28	60.213
998.45	60.974
998.61	60.833
998.77	60.846
998.93	61.028
999.09	62.144
999.25	62.420
999.42	63.619
999.58	63.322
999.74	63.233
999.90	63.161
1000.06	62.128
1000.22	62.303
1000.39	62.931
1000.55	62.639
1000.71	63.446
1000.87	63.408
1001.03	63.073
1001.19	63.224
1001.36	62.442
1001.52	62.138
1001.68	61.874
1001.84	62.212
1002.00	61.437
1002.16	61.695
1002.32	61.277
1002.49	59.576
1002.65	59.305
1002.81	58.536
1002.97	58.591
1003.13	58.537
1003.29	59.178
1003.45	59.119
1003.62	60.019
1003.78	60.027
1003.94	60.414
1004.10	59.367
1004.26	59.205
1004.42	59.112
1004.58	58.744
1004.74	59.406
1004.90	60.910
1005.07	60.706
1005.23	59.664
1005.39	60.764
1005.55	61.182
1005.71	60.386
1005.87	61.770
1006.03	62.921
1006.19	62.946
1006.35	62.472
1006.51	63.290
1006.67	63.211
1006.84	62.975
1007.00	62.580
1007.16	63.935
1007.32	62.494
1007.48	63.388
1007.64	64.928
1007.80	64.907
1007.96	63.762
1008.12	63.798
1008.28	62.086
1008.44	63.572
1008.60	63.985
1008.76	62.762
1008.92	61.409
1009.09	61.670
1009.25	61.123
1009.41	60.342
1009.57	61.020
1009.73	61.668
1009.89	62.286
1010.05	63.121
1010.21	64.807
1010.37	64.675
1010.53	65.913
1010.69	67.943
1010.85	67.278
1011.01	65.982
1011.17	64.830
1011.33	67.276
1011.49	68.134
1011.65	68.218
1011.81	67.050
1011.97	67.967
1012.13	70.620
1012.29	72.856
1012.45	74.492
1012.61	78.291
1012.77	76.300
1012.93	75.765
1013.09	74.743
1013.25	74.662
1013.41	75.451
1013.57	72.538
1013.73	71.589
1013.89	66.845
1014.05	68.847
1014.21	67.880
1014.37	65.811
1014.53	65.288
1014.69	64.999
1014.85	64.888
1015.01	67.178
1015.17	69.103
1015.33	69.086
1015.49	67.823
1015.65	69.305
1015.81	69.913
1015.97	66.361
1016.13	69.840
1016.29	69.198
1016.45	70.410
1016.61	71.145
1016.77	68.418
1016.93	69.716
1017.09	69.468
1017.25	71.587
1017.41	70.101
1017.56	71.281
1017.72	78.684
1017.88	80.586
1018.04	81.961
1018.20	79.564
1018.36	79.332
1018.52	76.945
1018.68	78.065
1018.84	79.135
1019.00	77.366
1019.16	79.098
1019.32	82.865
1019.48	82.785
1019.64	86.352
1019.79	84.088
1019.95	80.117
1020.11	85.134
1020.27	84.828
1020.43	91.210
1020.59	93.735
1020.75	91.169
1020.91	95.009
1021.07	86.620
1021.23	86.584
1021.39	82.314
1021.54	87.744
1021.70	85.954
1021.86	86.173
1022.02	83.929
1022.18	80.439
1022.34	83.041
1022.50	80.761
1022.66	77.812
1022.82	78.299
1022.97	77.200
1023.13	79.124
1023.29	85.129
1023.45	83.647
1023.61	84.760
1023.77	82.174
1023.93	82.777
1024.08	83.855
1024.24	81.733
1024.40	84.723
1024.56	93.128
1024.72	95.990
1024.88	85.371
1025.04	89.652
1025.19	86.029
1025.35	84.027
1025.51	88.532
1025.67	91.749
1025.83	88.005
1025.99	89.727
1026.14	88.473
1026.30	97.828
1026.46	101.330
1026.62	92.662
1026.78	84.739
1026.94	81.664
1027.09	79.162
1027.25	76.910
1027.41	77.344
1027.57	76.415
1027.73	74.346
1027.89	68.605
1028.04	67.726
1028.20	67.248
1028.36	67.472
1028.52	67.102
1028.68	66.785
1028.83	67.393
1028.99	64.540
1029.15	64.835
1029.31	64.242
1029.47	65.148
1029.62	63.578
1029.78	62.800
1029.94	64.255
1030.10	65.978
1030.25	68.928
1030.41	73.304
1030.57	74.578
1030.73	77.800
1030.89	78.232
1031.04	81.722
1031.20	85.873
1031.36	94.837
1031.52	101.379
1031.67	105.501
1031.83	113.087
1031.99	126.075
1032.15	113.440
1032.30	125.088
1032.46	147.517
1032.62	140.383
1032.78	123.902
1032.93	138.177
1033.09	119.604
1033.25	111.149
1033.41	114.787
1033.56	107.977
1033.72	48.971
1033.88	225.952
1034.04	66.287
1034.19	98.152
1034.35	71.104
1034.51	-10.670
1034.66	50.792
1034.82	2056.667
1034.98	2056.667
1035.14	2056.667
