345.22	43.221
345.43	43.221
345.65	43.221
345.86	44.675
346.08	147.992
346.29	-5.785
346.51	33.063
346.72	19.444
346.94	-226.538
347.15	-105.681
347.37	204.560
347.58	238.978
347.80	266.493
348.01	226.147
348.23	150.667
348.44	139.235
348.66	123.809
348.87	124.901
349.09	115.865
349.30	103.516
349.52	95.663
349.73	98.415
349.95	97.363
350.16	98.437
350.38	94.195
350.59	87.910
350.81	86.938
351.02	85.290
351.24	83.369
351.45	82.194
351.67	84.345
351.88	82.897
352.10	79.075
352.31	78.575
352.53	82.388
352.74	83.818
352.96	84.732
353.17	84.165
353.39	85.139
353.60	88.005
353.82	88.657
354.03	88.567
354.25	83.653
354.46	78.641
354.67	75.861
354.89	74.188
355.10	77.490
355.32	76.102
355.53	77.608
355.75	79.789
355.96	80.874
356.18	80.392
356.39	80.414
356.61	84.350
356.82	83.720
357.04	79.688
357.25	79.942
357.46	79.770
357.68	79.244
357.89	77.697
358.11	75.897
358.32	78.619
358.54	76.633
358.75	78.474
358.97	80.667
359.18	83.491
359.40	83.102
359.61	83.504
359.82	84.801
360.04	84.920
360.25	82.858
360.47	78.887
360.68	78.207
360.90	78.427
361.11	76.453
361.32	76.517
361.54	80.251
361.75	79.954
361.97	80.869
362.18	82.026
362.40	83.643
362.61	84.921
362.83	85.270
363.04	86.316
363.25	87.421
363.47	88.298
363.68	85.872
363.90	89.740
364.11	90.471
364.32	90.622
364.54	88.331
364.75	85.928
364.97	89.900
365.18	88.819
365.40	86.959
365.61	87.077
365.82	88.100
366.04	86.703
366.25	86.346
366.47	84.322
366.68	82.521
366.89	83.406
367.11	81.093
367.32	81.272
367.54	78.729
367.75	78.300
367.96	77.431
368.18	79.043
368.39	77.886
368.61	77.893
368.82	79.566
369.03	82.253
369.25	85.945
369.46	86.732
369.68	87.407
369.89	88.539
370.10	88.850
370.32	88.999
370.53	88.593
370.75	84.947
370.96	87.125
371.17	87.789
371.39	85.479
371.60	85.487
371.81	86.209
372.03	88.379
372.24	88.910
372.46	91.986
372.67	92.358
372.88	91.173
373.10	90.474
373.31	88.770
373.52	88.500
373.74	86.845
373.95	85.634
374.17	86.780
374.38	88.789
374.59	89.252
374.81	87.566
375.02	85.962
375.23	89.181
375.45	87.046
375.66	85.158
375.87	86.196
376.09	87.346
376.30	86.061
376.52	87.980
376.73	85.341
376.94	83.629
377.16	84.454
377.37	88.268
377.58	88.737
377.80	90.099
378.01	91.296
378.22	92.865
378.44	93.777
378.65	95.332
378.86	95.208
379.08	95.693
379.29	96.103
379.50	99.105
379.72	99.109
379.93	102.059
380.14	105.196
380.36	106.084
380.57	107.383
380.78	107.615
381.00	108.301
381.21	110.072
381.42	111.106
381.64	111.503
381.85	111.114
382.06	111.112
382.28	110.908
382.49	110.362
382.70	110.670
382.92	110.891
383.13	110.312
383.34	110.795
383.56	111.696
383.77	112.747
383.98	112.327
384.20	113.341
384.41	113.420
384.62	113.628
384.83	114.225
385.05	114.531
385.26	115.436
385.47	116.292
385.69	117.156
385.90	117.968
386.11	118.682
386.33	119.635
386.54	120.479
386.75	121.187
386.97	122.316
387.18	123.133
387.39	124.021
387.60	124.450
387.82	124.958
388.03	125.359
388.24	125.958
388.46	126.402
388.67	126.547
388.88	126.558
389.09	126.511
389.31	126.286
389.52	126.096
389.73	125.560
389.95	125.098
390.16	124.557
390.37	124.124
390.58	123.652
390.80	122.904
391.01	122.349
391.22	121.794
391.44	120.886
391.65	120.101
391.86	119.333
392.07	118.971
392.29	118.436
392.50	117.881
392.71	117.321
392.92	116.967
393.14	116.527
393.35	116.309
393.56	116.221
393.78	116.185
393.99	116.387
394.20	116.719
394.41	116.988
394.63	117.271
394.84	117.789
395.05	118.457
395.26	119.083
395.48	119.755
395.69	120.388
395.90	121.318
396.11	122.201
396.33	123.038
396.54	123.941
396.75	124.687
396.96	125.471
397.18	126.152
397.39	126.844
397.60	127.546
397.81	128.118
398.03	128.521
398.24	128.877
398.45	129.024
398.66	129.117
398.87	129.140
399.09	129.058
399.30	128.733
399.51	128.218
399.72	127.755
399.94	127.185
400.15	126.537
400.36	125.724
400.57	124.849
400.79	123.973
401.00	122.957
401.21	122.025
401.42	121.058
401.63	120.096
401.85	119.164
402.06	118.354
402.27	117.535
402.48	116.852
402.69	116.232
402.91	115.648
403.12	115.095
403.33	114.773
403.54	114.598
403.76	114.387
403.97	114.390
404.18	114.529
404.39	114.785
404.60	115.159
404.82	115.669
405.03	116.296
405.24	116.936
405.45	117.663
405.66	118.469
405.88	119.307
406.09	120.240
406.30	121.081
406.51	121.840
406.72	122.683
406.94	123.471
407.15	124.213
407.36	124.978
407.57	125.687
407.78	126.252
407.99	126.667
408.21	127.077
408.42	127.376
408.63	127.604
408.84	127.625
409.05	127.588
409.27	127.328
409.48	126.912
409.69	126.437
409.90	125.934
410.11	125.322
410.32	124.636
410.54	123.799
410.75	122.894
410.96	121.958
411.17	120.963
411.38	119.959
411.59	118.952
411.81	117.885
412.02	116.833
412.23	115.816
412.44	114.892
412.65	114.072
412.86	113.326
413.08	112.566
413.29	111.899
413.50	111.394
413.71	111.022
413.92	110.731
414.13	110.556
414.34	110.479
414.56	110.438
414.77	110.564
414.98	110.781
415.19	111.227
415.40	111.779
415.61	112.381
415.82	113.026
416.04	113.783
416.25	114.532
416.46	115.370
416.67	116.294
416.88	117.160
417.09	118.041
417.30	118.857
417.52	119.737
417.73	120.519
417.94	121.244
418.15	121.922
418.36	122.620
418.57	123.135
418.78	123.561
418.99	123.981
419.21	124.266
419.42	124.475
419.63	124.534
419.84	124.456
420.05	124.277
420.26	123.956
420.47	123.489
420.68	123.039
420.89	122.476
421.11	121.743
421.32	121.048
421.53	120.224
421.74	119.381
421.95	118.494
422.16	117.615
422.37	116.711
422.58	115.721
422.79	114.726
423.01	113.824
423.22	112.912
423.43	112.086
423.64	111.295
423.85	110.586
424.06	109.969
424.27	109.416
424.48	108.956
424.69	108.684
424.90	108.482
425.11	108.361
425.33	108.358
425.54	108.448
425.75	108.612
425.96	108.880
426.17	109.269
426.38	109.745
426.59	110.301
426.80	110.934
427.01	111.671
427.22	112.483
427.43	113.400
427.64	114.284
427.85	115.135
428.07	116.054
428.28	116.924
428.49	117.816
428.70	118.695
428.91	119.542
429.12	120.281
429.33	121.029
429.54	121.718
429.75	122.308
429.96	122.889
430.17	123.369
430.38	123.748
430.59	123.960
430.80	124.074
431.01	124.097
431.22	124.049
431.44	123.873
431.65	123.616
431.86	123.205
432.07	122.757
432.28	122.239
432.49	121.611
432.70	120.906
432.91	120.091
433.12	119.207
433.33	118.285
433.54	117.395
433.75	116.452
433.96	115.503
434.17	114.471
434.38	113.492
434.59	112.536
434.80	111.604
435.01	110.804
435.22	110.050
435.43	109.365
435.64	108.717
435.85	108.146
436.06	107.652
436.27	107.287
436.48	107.016
436.69	106.797
436.90	106.710
437.11	106.742
437.33	106.868
437.54	107.102
437.75	107.473
437.96	107.850
438.17	108.328
438.38	108.839
438.59	109.487
438.80	110.162
439.01	110.946
439.22	111.803
439.43	112.541
439.64	113.345
439.85	114.169
440.06	114.975
440.27	115.836
440.48	116.625
440.69	117.378
440.90	118.090
441.11	118.816
441.32	119.445
441.53	120.009
441.74	120.478
441.95	120.919
442.16	121.241
442.37	121.456
442.58	121.611
442.79	121.691
443.00	121.686
443.21	121.579
443.42	121.310
443.62	120.887
443.83	120.564
444.04	120.099
444.25	119.559
444.46	118.931
444.67	118.207
444.88	117.466
445.09	116.647
445.30	115.786
445.51	114.855
445.72	113.891
445.93	112.977
446.14	112.030
446.35	111.045
446.56	110.134
446.77	109.257
446.98	108.368
447.19	107.503
447.40	106.715
447.61	105.944
447.82	105.264
448.03	104.700
448.24	104.145
448.45	103.689
448.66	103.324
448.87	103.042
449.08	102.871
449.29	102.777
449.49	102.779
449.70	102.880
449.91	103.052
450.12	103.350
450.33	103.668
450.54	104.090
450.75	104.605
450.96	105.145
451.17	105.753
451.38	106.401
451.59	107.115
451.80	107.821
452.01	108.585
452.22	109.378
452.43	110.133
452.64	110.886
452.84	111.653
453.05	112.375
453.26	113.109
453.47	113.769
453.68	114.410
453.89	115.005
454.10	115.499
454.31	115.975
454.52	116.345
454.73	116.679
454.94	116.899
455.15	117.028
455.36	117.062
455.56	117.039
455.77	116.921
455.98	116.738
456.19	116.487
456.40	116.166
456.61	115.784
456.82	115.283
457.03	114.735
457.24	114.098
457.45	113.437
457.65	112.656
457.86	111.875
458.07	111.053
458.28	110.136
458.49	109.268
458.70	108.329
458.91	107.408
459.12	106.477
459.33	105.531
459.54	104.635
459.74	103.767
459.95	102.902
460.16	102.125
460.37	101.391
460.58	100.713
460.79	100.066
461.00	99.456
461.21	98.949
461.41	98.513
461.62	98.152
461.83	97.889
462.04	97.721
462.25	97.577
462.46	97.553
462.67	97.634
462.88	97.788
463.08	98.043
463.29	98.330
463.50	98.700
463.71	99.162
463.92	99.662
464.13	100.189
464.34	100.788
464.54	101.443
464.75	102.128
464.96	102.819
465.17	103.543
465.38	104.250
465.59	105.011
465.80	105.748
466.00	106.460
466.21	107.149
466.42	107.808
466.63	108.492
466.84	109.121
467.05	109.699
467.26	110.222
467.46	110.634
467.67	111.039
467.88	111.396
468.09	111.651
468.30	111.865
468.51	112.021
468.71	112.073
468.92	112.062
469.13	111.971
469.34	111.826
469.55	111.577
469.76	111.298
469.96	110.916
470.17	110.473
470.38	109.991
470.59	109.431
470.80	108.809
471.00	108.178
471.21	107.464
471.42	106.741
471.63	105.975
471.84	105.195
472.05	104.374
472.25	103.534
472.46	102.702
472.67	101.825
472.88	101.001
473.09	100.162
473.29	99.320
473.50	98.541
473.71	97.765
473.92	97.030
474.13	96.336
474.33	95.709
474.54	95.122
474.75	94.594
474.96	94.121
475.17	93.719
475.37	93.343
475.58	93.058
475.79	92.846
476.00	92.709
476.21	92.657
476.41	92.670
476.62	92.764
476.83	92.914
477.04	93.171
477.24	93.451
477.45	93.812
477.66	94.219
477.87	94.654
478.08	95.169
478.28	95.701
478.49	96.291
478.70	96.922
478.91	97.553
479.11	98.200
479.32	98.888
479.53	99.559
479.74	100.269
479.94	100.947
480.15	101.590
480.36	102.221
480.57	102.833
480.78	103.444
480.98	103.970
481.19	104.469
481.40	104.915
481.61	105.351
481.81	105.723
482.02	106.040
482.23	106.333
482.44	106.521
482.64	106.681
482.85	106.760
483.06	106.753
483.27	106.727
483.47	106.650
483.68	106.487
483.89	106.265
484.10	105.966
484.30	105.627
484.51	105.212
484.72	104.777
484.92	104.251
485.13	103.703
485.34	103.125
485.55	102.496
485.75	101.838
485.96	101.119
486.17	100.388
486.38	99.646
486.58	98.864
486.79	98.096
487.00	97.308
487.20	96.518
487.41	95.755
487.62	94.994
487.83	94.235
488.03	93.499
488.24	92.793
488.45	92.109
488.65	91.454
488.86	90.852
489.07	90.281
489.28	89.772
489.48	89.296
489.69	88.907
489.90	88.548
490.10	88.262
490.31	88.032
490.52	87.839
490.73	87.722
490.93	87.669
491.14	87.673
491.35	87.742
491.55	87.865
491.76	88.042
491.97	88.264
492.17	88.533
492.38	88.862
492.59	89.237
492.79	89.667
493.00	90.134
493.21	90.636
493.41	91.160
493.62	91.711
493.83	92.291
494.04	92.849
494.24	93.446
494.45	94.045
494.66	94.632
494.86	95.252
495.07	95.832
495.28	96.425
495.48	96.980
495.69	97.520
495.90	98.041
496.10	98.533
496.31	98.980
496.52	99.389
496.72	99.793
496.93	100.146
497.14	100.443
497.34	100.674
497.55	100.889
497.76	101.043
497.96	101.145
498.17	101.187
498.37	101.193
498.58	101.120
498.79	100.993
498.99	100.843
499.20	100.614
499.41	100.341
499.61	99.996
499.82	99.626
500.03	99.193
500.23	98.748
500.44	98.235
500.65	97.703
500.85	97.141
501.06	96.514
501.26	95.874
501.47	95.206
501.68	94.540
501.88	93.827
502.09	93.119
502.30	92.394
502.50	91.669
502.71	90.950
502.91	90.236
503.12	89.528
503.33	88.825
503.53	88.159
503.74	87.498
503.95	86.859
504.15	86.250
504.36	85.671
504.56	85.115
504.77	84.616
504.98	84.134
505.18	83.714
505.39	83.331
505.59	82.993
505.80	82.708
506.01	82.478
506.21	82.301
506.42	82.172
506.62	82.092
506.83	82.060
507.04	82.086
507.24	82.158
507.45	82.289
507.65	82.466
507.86	82.669
508.07	82.929
508.27	83.235
508.48	83.570
508.68	83.964
508.89	84.377
509.10	84.812
509.30	85.280
509.51	85.757
509.71	86.257
509.92	86.775
510.12	87.296
510.33	87.825
510.54	88.351
510.74	88.890
510.95	89.415
511.15	89.938
511.36	90.458
511.56	90.964
511.77	91.440
511.98	91.906
512.18	92.360
512.39	92.780
512.59	93.172
512.80	93.531
513.00	93.849
513.21	94.129
513.42	94.384
513.62	94.593
513.83	94.768
514.03	94.889
514.24	94.964
514.44	94.993
514.65	94.990
514.85	94.948
515.06	94.860
515.26	94.718
515.47	94.542
515.68	94.311
515.88	94.040
516.09	93.728
516.29	93.380
516.50	92.988
516.70	92.556
516.91	92.091
517.11	91.602
517.32	91.086
517.52	90.543
517.73	89.991
517.93	89.406
518.14	88.805
518.34	88.198
518.55	87.581
518.76	86.959
518.96	86.314
519.17	85.663
519.37	85.009
519.58	84.381
519.78	83.744
519.99	83.112
520.19	82.500
520.40	81.923
520.60	81.350
520.81	80.800
521.01	80.268
521.22	79.782
521.42	79.320
521.63	78.887
521.83	78.488
522.04	78.115
522.24	77.803
522.45	77.526
522.65	77.296
522.86	77.109
523.06	76.958
523.27	76.858
523.47	76.800
523.68	76.785
523.88	76.804
524.09	76.871
524.29	76.991
524.50	77.146
524.70	77.332
524.91	77.556
525.11	77.826
525.32	78.141
525.52	78.475
525.72	78.856
525.93	79.254
526.13	79.685
526.34	80.123
526.54	80.594
526.75	81.062
526.95	81.551
527.16	82.037
527.36	82.545
527.57	83.053
527.77	83.558
527.98	84.078
528.18	84.592
528.39	85.091
528.59	85.589
528.79	86.064
529.00	86.538
529.20	86.986
529.41	87.439
529.61	87.860
529.82	88.242
530.02	88.593
530.23	88.930
530.43	89.218
530.64	89.494
530.84	89.717
531.04	89.906
531.25	90.087
531.45	90.235
531.66	90.337
531.86	90.397
532.07	90.416
532.27	90.395
532.47	90.345
532.68	90.273
532.88	90.158
533.09	90.008
533.29	89.803
533.50	89.573
533.70	89.270
533.90	88.957
534.11	88.632
534.31	88.270
534.52	87.868
534.72	87.473
534.93	87.046
535.13	86.582
535.33	86.119
535.54	85.603
535.74	85.084
535.95	84.537
536.15	84.009
536.35	83.462
536.56	82.911
536.76	82.333
536.97	81.773
537.17	81.199
537.37	80.631
537.58	80.090
537.78	79.553
537.99	79.034
538.19	78.509
538.39	77.995
538.60	77.505
538.80	77.053
539.01	76.596
539.21	76.171
539.41	75.786
539.62	75.415
539.82	75.084
540.03	74.776
540.23	74.519
540.43	74.277
540.64	74.092
540.84	73.929
541.04	73.817
541.25	73.744
541.45	73.706
541.66	73.702
541.86	73.733
542.06	73.805
542.27	73.909
542.47	74.071
542.67	74.246
542.88	74.462
543.08	74.706
543.28	74.993
543.49	75.298
543.69	75.637
543.90	76.012
544.10	76.392
544.30	76.821
544.51	77.252
544.71	77.725
544.91	78.187
545.12	78.675
545.32	79.178
545.52	79.663
545.73	80.179
545.93	80.692
546.13	81.184
546.34	81.673
546.54	82.166
546.74	82.645
546.95	83.140
547.15	83.618
547.35	84.067
547.56	84.523
547.76	84.974
547.96	85.391
548.17	85.802
548.37	86.203
548.57	86.546
548.78	86.873
548.98	87.168
549.18	87.429
549.39	87.662
549.59	87.870
549.79	88.071
550.00	88.224
550.20	88.373
550.40	88.471
550.61	88.550
550.81	88.588
551.01	88.595
551.22	88.571
551.42	88.507
551.62	88.417
551.82	88.277
552.03	88.123
552.23	87.935
552.43	87.710
552.64	87.456
552.84	87.177
553.04	86.870
553.25	86.538
553.45	86.175
553.65	85.796
553.85	85.412
554.06	84.997
554.26	84.556
554.46	84.082
554.67	83.614
554.87	83.122
555.07	82.639
555.27	82.130
555.48	81.612
555.68	81.105
555.88	80.588
556.09	80.077
556.29	79.541
556.49	79.028
556.69	78.500
556.90	77.989
557.10	77.506
557.30	77.041
557.50	76.565
557.71	76.131
557.91	75.707
558.11	75.280
558.31	74.888
558.52	74.521
558.72	74.185
558.92	73.872
559.13	73.591
559.33	73.331
559.53	73.095
559.73	72.902
559.94	72.730
560.14	72.585
560.34	72.469
560.54	72.390
560.75	72.350
560.95	72.339
561.15	72.371
561.35	72.417
561.55	72.487
561.76	72.607
561.96	72.736
562.16	72.913
562.36	73.130
562.57	73.360
562.77	73.619
562.97	73.909
563.17	74.213
563.38	74.535
563.58	74.887
563.78	75.264
563.98	75.651
564.18	76.050
564.39	76.478
564.59	76.914
564.79	77.375
564.99	77.828
565.20	78.287
565.40	78.735
565.60	79.192
565.80	79.674
566.00	80.136
566.21	80.608
566.41	81.053
566.61	81.502
566.81	81.952
567.01	82.389
567.22	82.817
567.42	83.237
567.62	83.628
567.82	84.007
568.02	84.371
568.23	84.716
568.43	85.044
568.63	85.359
568.83	85.637
569.03	85.882
569.24	86.113
569.44	86.330
569.64	86.528
569.84	86.707
570.04	86.831
570.24	86.945
570.45	87.032
570.65	87.097
570.85	87.127
571.05	87.118
571.25	87.084
571.45	87.014
571.66	86.936
571.86	86.835
572.06	86.686
572.26	86.526
572.46	86.346
572.66	86.144
572.87	85.900
573.07	85.650
573.27	85.373
573.47	85.078
573.67	84.753
573.87	84.401
574.08	84.027
574.28	83.660
574.48	83.266
574.68	82.850
574.88	82.428
575.08	81.974
575.28	81.523
575.49	81.071
575.69	80.616
575.89	80.131
576.09	79.666
576.29	79.185
576.49	78.698
576.69	78.209
576.90	77.730
577.10	77.260
577.30	76.793
577.50	76.341
577.70	75.885
577.90	75.445
578.10	75.032
578.30	74.627
578.51	74.233
578.71	73.865
578.91	73.511
579.11	73.169
579.31	72.857
579.51	72.561
579.71	72.294
579.91	72.038
580.12	71.821
580.32	71.626
580.52	71.472
580.72	71.326
580.92	71.208
581.12	71.103
581.32	71.037
581.52	71.012
581.72	70.997
581.92	71.016
582.13	71.073
582.33	71.133
582.53	71.232
582.73	71.348
582.93	71.497
583.13	71.677
583.33	71.887
583.53	72.117
583.73	72.372
583.93	72.649
584.13	72.953
584.34	73.286
584.54	73.604
584.74	73.934
584.94	74.310
585.14	74.693
585.34	75.093
585.54	75.470
585.74	75.865
585.94	76.288
586.14	76.724
586.34	77.147
586.54	77.595
586.74	78.043
586.94	78.502
587.15	78.961
587.35	79.406
587.55	79.845
587.75	80.286
587.95	80.708
588.15	81.121
588.35	81.522
588.55	81.918
588.75	82.321
588.95	82.711
589.15	83.078
589.35	83.434
589.55	83.771
589.75	84.128
589.95	84.442
590.15	84.736
590.35	85.000
590.55	85.256
590.75	85.483
590.95	85.686
591.15	85.869
591.35	86.019
591.56	86.148
591.76	86.257
591.96	86.341
592.16	86.412
592.36	86.456
592.56	86.483
592.76	86.472
592.96	86.451
593.16	86.389
593.36	86.309
593.56	86.215
593.76	86.109
593.96	85.954
594.16	85.799
594.36	85.619
594.56	85.418
594.76	85.191
594.96	84.956
595.16	84.684
595.36	84.400
595.56	84.091
595.76	83.759
595.96	83.404
596.16	83.056
596.36	82.684
596.56	82.312
596.76	81.906
596.96	81.497
597.16	81.080
597.36	80.669
597.56	80.240
597.76	79.795
597.96	79.348
598.16	78.904
598.36	78.454
598.56	77.997
598.76	77.548
598.96	77.112
599.16	76.670
599.36	76.260
599.56	75.844
599.76	75.430
599.96	75.036
600.15	74.653
600.35	74.283
600.55	73.926
600.75	73.564
600.95	73.237
601.15	72.911
601.35	72.597
601.55	72.305
601.75	72.043
601.95	71.793
602.15	71.573
602.35	71.349
602.55	71.162
602.75	71.002
602.95	70.850
603.15	70.710
603.35	70.609
603.55	70.522
603.75	70.451
603.95	70.413
604.15	70.400
604.35	70.419
604.54	70.447
604.74	70.519
604.94	70.604
605.14	70.701
605.34	70.831
605.54	70.993
605.74	71.178
605.94	71.372
606.14	71.595
606.34	71.830
606.54	72.098
606.74	72.381
606.94	72.678
607.14	72.999
607.33	73.348
607.53	73.692
607.73	74.045
607.93	74.407
608.13	74.785
608.33	75.173
608.53	75.553
608.73	75.958
608.93	76.342
609.13	76.747
609.33	77.165
609.52	77.583
609.72	77.995
609.92	78.397
610.12	78.810
610.32	79.216
610.52	79.633
610.72	80.030
610.92	80.424
611.12	80.814
611.31	81.198
611.51	81.566
611.71	81.930
611.91	82.294
612.11	82.660
612.31	83.009
612.51	83.334
612.71	83.665
612.91	83.959
613.10	84.257
613.30	84.561
613.50	84.830
613.70	85.078
613.90	85.300
614.10	85.504
614.30	85.676
614.50	85.844
614.69	85.968
614.89	86.091
615.09	86.191
615.29	86.274
615.49	86.334
615.69	86.373
615.89	86.394
616.08	86.396
616.28	86.371
616.48	86.326
616.68	86.256
616.88	86.165
617.08	86.055
617.27	85.938
617.47	85.784
617.67	85.610
617.87	85.418
618.07	85.223
618.27	85.013
618.47	84.797
618.66	84.552
618.86	84.302
619.06	84.022
619.26	83.739
619.46	83.438
619.66	83.114
619.85	82.779
620.05	82.432
620.25	82.060
620.45	81.689
620.65	81.303
620.84	80.938
621.04	80.554
621.24	80.187
621.44	79.779
621.64	79.353
621.84	78.952
622.03	78.544
622.23	78.137
622.43	77.730
622.63	77.328
622.83	76.924
623.02	76.524
623.22	76.142
623.42	75.736
623.62	75.354
623.82	74.989
624.01	74.622
624.21	74.262
624.41	73.922
624.61	73.593
624.81	73.287
625.00	72.968
625.20	72.666
625.40	72.369
625.60	72.101
625.79	71.862
625.99	71.638
626.19	71.420
626.39	71.223
626.59	71.037
626.78	70.881
626.98	70.739
627.18	70.612
627.38	70.510
627.57	70.451
627.77	70.394
627.97	70.354
628.17	70.349
628.37	70.356
628.56	70.396
628.76	70.444
628.96	70.508
629.16	70.592
629.35	70.723
629.55	70.861
629.75	71.019
629.95	71.197
630.14	71.380
630.34	71.595
630.54	71.821
630.74	72.059
630.93	72.313
631.13	72.578
631.33	72.854
631.53	73.124
631.72	73.408
631.92	73.719
632.12	74.046
632.31	74.372
632.51	74.732
632.71	75.087
632.91	75.443
633.10	75.812
633.30	76.204
633.50	76.565
633.70	76.954
633.89	77.336
634.09	77.732
634.29	78.123
634.48	78.510
634.68	78.914
634.88	79.317
635.08	79.720
635.27	80.131
635.47	80.533
635.67	80.944
635.86	81.347
636.06	81.736
636.26	82.101
636.46	82.470
636.65	82.820
636.85	83.181
637.05	83.530
637.24	83.848
637.44	84.162
637.64	84.474
637.83	84.778
638.03	85.075
638.23	85.326
638.43	85.582
638.62	85.816
638.82	86.018
639.02	86.219
639.21	86.392
639.41	86.540
639.61	86.697
639.80	86.830
640.00	86.946
640.20	87.065
640.39	87.178
640.59	87.258
640.79	87.327
640.98	87.361
641.18	87.387
641.38	87.410
641.57	87.394
641.77	87.362
641.97	87.297
642.16	87.224
642.36	87.145
642.56	87.046
642.75	86.948
642.95	86.819
643.15	86.678
643.34	86.535
643.54	86.374
643.74	86.174
643.93	85.970
644.13	85.728
644.33	85.464
644.52	85.196
644.72	84.930
644.91	84.643
645.11	84.334
645.31	84.023
645.50	83.713
645.70	83.399
645.90	83.081
646.09	82.743
646.29	82.391
646.48	82.037
646.68	81.664
646.88	81.289
647.07	80.920
647.27	80.540
647.47	80.149
647.66	79.768
647.86	79.381
648.05	79.003
648.25	78.634
648.45	78.262
648.64	77.878
648.84	77.507
649.04	77.127
649.23	76.756
649.43	76.398
649.62	76.029
649.82	75.661
650.02	75.306
650.21	74.967
650.41	74.653
650.60	74.345
650.80	74.067
651.00	73.769
651.19	73.498
651.39	73.232
651.58	72.977
651.78	72.747
651.97	72.544
652.17	72.338
652.37	72.143
652.56	71.981
652.76	71.829
652.95	71.690
653.15	71.593
653.35	71.497
653.54	71.408
653.74	71.334
653.93	71.286
654.13	71.254
654.32	71.226
654.52	71.200
654.72	71.207
654.91	71.223
655.11	71.270
655.30	71.338
655.50	71.425
655.69	71.529
655.89	71.630
656.08	71.741
656.28	71.884
656.48	72.045
656.67	72.212
656.87	72.395
657.06	72.580
657.26	72.773
657.45	72.996
657.65	73.238
657.84	73.501
658.04	73.763
658.23	74.047
658.43	74.350
658.62	74.666
658.82	74.978
659.02	75.302
659.21	75.646
659.41	75.980
659.60	76.322
659.80	76.674
659.99	77.055
660.19	77.432
660.38	77.813
660.58	78.182
660.77	78.570
660.97	78.944
661.16	79.325
661.36	79.699
661.55	80.088
661.75	80.467
661.94	80.835
662.14	81.218
662.33	81.601
662.53	81.974
662.72	82.343
662.92	82.704
663.11	83.049
663.31	83.402
663.50	83.752
663.70	84.108
663.89	84.449
664.09	84.767
664.28	85.093
664.48	85.396
664.67	85.713
664.87	85.992
665.06	86.283
665.26	86.554
665.45	86.817
665.65	87.062
665.84	87.310
666.04	87.542
666.23	87.735
666.43	87.904
666.62	88.068
666.82	88.221
667.01	88.363
667.21	88.496
667.40	88.598
667.59	88.706
667.79	88.774
667.98	88.818
668.18	88.849
668.37	88.861
668.57	88.886
668.76	88.878
668.96	88.850
669.15	88.810
669.35	88.778
669.54	88.712
669.73	88.642
669.93	88.550
670.12	88.453
670.32	88.365
670.51	88.248
670.71	88.120
670.90	87.986
671.10	87.839
671.29	87.667
671.48	87.478
671.68	87.274
671.87	87.068
672.07	86.846
672.26	86.647
672.46	86.413
672.65	86.158
672.84	85.894
673.04	85.637
673.23	85.364
673.43	85.071
673.62	84.791
673.82	84.494
674.01	84.162
674.20	83.841
674.40	83.500
674.59	83.169
674.79	82.840
674.98	82.498
675.17	82.150
675.37	81.812
675.56	81.471
675.76	81.122
675.95	80.756
676.14	80.413
676.34	80.037
676.53	79.684
676.73	79.324
676.92	78.960
677.11	78.603
677.31	78.244
677.50	77.903
677.70	77.550
677.89	77.200
678.08	76.880
678.28	76.557
678.47	76.251
678.66	75.953
678.86	75.660
679.05	75.366
679.25	75.091
679.44	74.832
679.63	74.593
679.83	74.351
680.02	74.134
680.21	73.924
680.41	73.722
680.60	73.520
680.79	73.338
680.99	73.171
681.18	73.000
681.38	72.857
681.57	72.735
681.76	72.633
681.96	72.544
682.15	72.461
682.34	72.380
682.54	72.316
682.73	72.273
682.92	72.231
683.12	72.224
683.31	72.227
683.50	72.237
683.70	72.264
683.89	72.291
684.08	72.347
684.28	72.415
684.47	72.501
684.66	72.608
684.86	72.724
685.05	72.862
685.24	73.021
685.44	73.179
685.63	73.344
685.82	73.528
686.02	73.710
686.21	73.934
686.40	74.167
686.60	74.415
686.79	74.672
686.98	74.939
687.18	75.216
687.37	75.496
687.56	75.772
687.75	76.064
687.95	76.372
688.14	76.673
688.33	76.995
688.53	77.321
688.72	77.665
688.91	78.009
689.11	78.343
689.30	78.715
689.49	79.090
689.68	79.457
689.88	79.815
690.07	80.180
690.26	80.528
690.46	80.892
690.65	81.241
690.84	81.593
691.03	81.957
691.23	82.310
691.42	82.668
691.61	83.035
691.80	83.378
692.00	83.728
692.19	84.062
692.38	84.395
692.58	84.731
692.77	85.048
692.96	85.353
693.15	85.670
693.35	85.959
693.54	86.262
693.73	86.564
693.92	86.841
694.12	87.130
694.31	87.394
694.50	87.672
694.69	87.917
694.89	88.155
695.08	88.371
695.27	88.605
695.46	88.807
695.66	89.014
695.85	89.217
696.04	89.411
696.23	89.613
696.43	89.789
696.62	89.932
696.81	90.070
697.00	90.212
697.19	90.337
697.39	90.437
697.58	90.522
697.77	90.582
697.96	90.660
698.16	90.708
698.35	90.775
698.54	90.793
698.73	90.837
698.92	90.834
699.12	90.835
699.31	90.810
699.50	90.781
699.69	90.739
699.89	90.679
700.08	90.612
700.27	90.522
700.46	90.431
700.65	90.329
700.85	90.237
701.04	90.112
701.23	89.967
701.42	89.817
701.61	89.655
701.81	89.484
702.00	89.297
702.19	89.105
702.38	88.882
702.57	88.672
702.76	88.424
702.96	88.197
703.15	87.950
703.34	87.685
703.53	87.416
703.72	87.117
703.92	86.818
704.11	86.516
704.30	86.200
704.49	85.888
704.68	85.576
704.87	85.229
705.07	84.898
705.26	84.571
705.45	84.267
705.64	83.927
705.83	83.617
706.02	83.288
706.21	82.971
706.41	82.641
706.60	82.295
706.79	81.975
706.98	81.657
707.17	81.317
707.36	80.992
707.56	80.688
707.75	80.381
707.94	80.077
708.13	79.776
708.32	79.495
708.51	79.198
708.70	78.927
708.89	78.647
709.09	78.370
709.28	78.107
709.47	77.804
709.66	77.528
709.85	77.256
710.04	76.990
710.23	76.709
710.42	76.475
710.62	76.238
710.81	75.980
711.00	75.739
711.19	75.530
711.38	75.317
711.57	75.093
711.76	74.893
711.95	74.723
712.15	74.556
712.34	74.397
712.53	74.248
712.72	74.100
712.91	73.993
713.10	73.883
713.29	73.785
713.48	73.704
713.67	73.651
713.86	73.608
714.05	73.568
714.25	73.546
714.44	73.508
714.63	73.500
714.82	73.529
715.01	73.559
715.20	73.616
715.39	73.663
715.58	73.736
715.77	73.826
715.96	73.914
716.15	74.005
716.34	74.090
716.54	74.204
716.73	74.329
716.92	74.447
717.11	74.590
717.30	74.745
717.49	74.917
717.68	75.101
717.87	75.255
718.06	75.465
718.25	75.687
718.44	75.920
718.63	76.162
718.82	76.398
719.01	76.639
719.20	76.889
719.39	77.157
719.58	77.427
719.77	77.691
719.96	77.947
720.16	78.219
720.35	78.518
720.54	78.805
720.73	79.104
720.92	79.411
721.11	79.736
721.30	80.052
721.49	80.370
721.68	80.694
721.87	81.045
722.06	81.368
722.25	81.690
722.44	82.019
722.63	82.335
722.82	82.651
723.01	82.958
723.20	83.257
723.39	83.573
723.58	83.911
723.77	84.249
723.96	84.591
724.15	84.942
724.34	85.270
724.53	85.601
724.72	85.902
724.91	86.232
725.10	86.554
725.29	86.853
725.48	87.181
725.67	87.458
725.86	87.722
726.05	88.000
726.24	88.265
726.43	88.519
726.62	88.778
726.81	89.061
727.00	89.320
727.19	89.593
727.38	89.848
727.57	90.070
727.76	90.285
727.95	90.492
728.14	90.669
728.33	90.856
728.52	91.030
728.71	91.203
728.90	91.360
729.09	91.487
729.28	91.606
729.47	91.707
729.65	91.821
729.84	91.942
730.03	92.046
730.22	92.139
730.41	92.231
730.60	92.315
730.79	92.345
730.98	92.399
731.17	92.446
731.36	92.457
731.55	92.451
731.74	92.446
731.93	92.434
732.12	92.415
732.31	92.397
732.50	92.385
732.69	92.367
732.88	92.304
733.06	92.236
733.25	92.175
733.44	92.109
733.63	92.011
733.82	91.908
734.01	91.773
734.20	91.644
734.39	91.488
734.58	91.340
734.77	91.207
734.96	91.037
735.15	90.844
735.33	90.651
735.52	90.473
735.71	90.273
735.90	90.055
736.09	89.828
736.28	89.575
736.47	89.314
736.66	89.048
736.85	88.789
737.04	88.500
737.23	88.225
737.41	87.925
737.60	87.666
737.79	87.360
737.98	87.077
738.17	86.785
738.36	86.520
738.55	86.237
738.74	85.957
738.92	85.664
739.11	85.383
739.30	85.081
739.49	84.768
739.68	84.474
739.87	84.205
740.06	83.932
740.25	83.635
740.43	83.359
740.62	83.064
740.81	82.760
741.00	82.493
741.19	82.195
741.38	81.895
741.57	81.588
741.75	81.318
741.94	81.024
742.13	80.730
742.32	80.416
742.51	80.119
742.70	79.823
742.89	79.550
743.07	79.263
743.26	78.994
743.45	78.705
743.64	78.447
743.83	78.162
744.02	77.862
744.20	77.611
744.39	77.352
744.58	77.117
744.77	76.901
744.96	76.699
745.15	76.524
745.33	76.358
745.52	76.189
745.71	76.019
745.90	75.866
746.09	75.733
746.28	75.611
746.46	75.464
746.65	75.324
746.84	75.206
747.03	75.090
747.22	74.995
747.40	74.932
747.59	74.849
747.78	74.786
747.97	74.766
748.16	74.735
748.34	74.687
748.53	74.667
748.72	74.655
748.91	74.624
749.10	74.602
749.28	74.605
749.47	74.629
749.66	74.645
749.85	74.652
750.04	74.675
750.22	74.702
750.41	74.764
750.60	74.842
750.79	74.893
750.97	74.964
751.16	75.058
751.35	75.143
751.54	75.230
751.73	75.350
751.91	75.458
752.10	75.604
752.29	75.735
752.48	75.891
752.66	76.052
752.85	76.221
753.04	76.397
753.23	76.595
753.41	76.767
753.60	76.979
753.79	77.208
753.98	77.419
754.16	77.643
754.35	77.865
754.54	78.086
754.73	78.348
754.91	78.612
755.10	78.865
755.29	79.143
755.48	79.403
755.66	79.673
755.85	79.950
756.04	80.203
756.22	80.498
756.41	80.761
756.60	81.035
756.79	81.333
756.97	81.632
757.16	81.890
757.35	82.186
757.54	82.477
757.72	82.763
757.91	83.067
758.10	83.368
758.28	83.660
758.47	83.954
758.66	84.268
758.85	84.558
759.03	84.865
759.22	85.163
759.41	85.478
759.59	85.780
759.78	86.077
759.97	86.357
760.15	86.628
760.34	86.940
760.53	87.216
760.71	87.474
760.90	87.757
761.09	88.031
761.28	88.300
761.46	88.558
761.65	88.824
761.84	89.090
762.02	89.350
762.21	89.633
762.40	89.868
762.58	90.080
762.77	90.301
762.96	90.518
763.14	90.748
763.33	90.954
763.52	91.129
763.70	91.291
763.89	91.477
764.08	91.671
764.26	91.803
764.45	91.973
764.64	92.143
764.82	92.268
765.01	92.399
765.20	92.505
765.38	92.622
765.57	92.702
765.75	92.783
765.94	92.841
766.13	92.907
766.31	92.989
766.50	93.047
766.69	93.136
766.87	93.213
767.06	93.252
767.25	93.303
767.43	93.371
767.62	93.445
767.80	93.487
767.99	93.496
768.18	93.502
768.36	93.495
768.55	93.481
768.74	93.460
768.92	93.442
769.11	93.446
769.29	93.409
769.48	93.399
769.67	93.337
769.85	93.302
770.04	93.190
770.22	93.095
770.41	92.974
770.60	92.830
770.78	92.666
770.97	92.515
771.15	92.365
771.34	92.176
771.53	92.012
771.71	91.839
771.90	91.685
772.08	91.570
772.27	91.405
772.46	91.204
772.64	91.012
772.83	90.807
773.01	90.556
773.20	90.324
773.39	90.095
773.57	89.867
773.76	89.629
773.94	89.438
774.13	89.195
774.31	88.942
774.50	88.722
774.68	88.470
774.87	88.219
775.06	87.920
775.24	87.660
775.43	87.360
775.61	87.068
775.80	86.784
775.98	86.465
776.17	86.155
776.36	85.866
776.54	85.572
776.73	85.273
776.91	84.991
777.10	84.702
777.28	84.382
777.47	84.091
777.65	83.783
777.84	83.468
778.02	83.185
778.21	82.913
778.39	82.597
778.58	82.316
778.77	82.042
778.95	81.790
779.14	81.533
779.32	81.283
779.51	81.039
779.69	80.767
779.88	80.519
780.06	80.277
780.25	80.028
780.43	79.774
780.62	79.548
780.80	79.312
780.99	79.072
781.17	78.839
781.36	78.598
781.54	78.380
781.73	78.127
781.91	77.905
782.10	77.694
782.28	77.487
782.47	77.280
782.65	77.051
782.84	76.843
783.02	76.652
783.21	76.475
783.39	76.294
783.58	76.125
783.76	75.942
783.95	75.784
784.13	75.666
784.32	75.543
784.50	75.403
784.69	75.305
784.87	75.208
785.05	75.128
785.24	75.053
785.42	74.986
785.61	74.925
785.79	74.868
785.98	74.831
786.16	74.773
786.35	74.751
786.53	74.734
786.72	74.706
786.90	74.687
787.09	74.655
787.27	74.660
787.45	74.679
787.64	74.692
787.82	74.697
788.01	74.700
788.19	74.735
788.38	74.772
788.56	74.755
788.75	74.802
788.93	74.859
789.11	74.894
789.30	74.925
789.48	74.992
789.67	75.069
789.85	75.129
790.04	75.248
790.22	75.343
790.40	75.455
790.59	75.561
790.77	75.673
790.96	75.824
791.14	75.959
791.32	76.089
791.51	76.238
791.69	76.403
791.88	76.574
792.06	76.741
792.25	76.899
792.43	77.119
792.61	77.302
792.80	77.468
792.98	77.686
793.17	77.889
793.35	78.065
793.53	78.262
793.72	78.503
793.90	78.709
794.08	78.916
794.27	79.133
794.45	79.379
794.64	79.604
794.82	79.827
795.00	80.022
795.19	80.252
795.37	80.478
795.55	80.666
795.74	80.897
795.92	81.136
796.11	81.404
796.29	81.650
796.47	81.888
796.66	82.121
796.84	82.385
797.02	82.655
797.21	82.945
797.39	83.212
797.58	83.452
797.76	83.697
797.94	83.974
798.13	84.246
798.31	84.531
798.49	84.781
798.68	85.030
798.86	85.329
799.04	85.576
799.23	85.845
799.41	86.125
799.59	86.370
799.78	86.581
799.96	86.811
800.14	87.052
800.33	87.299
800.51	87.565
800.69	87.763
800.88	87.997
801.06	88.241
801.24	88.422
801.43	88.631
801.61	88.817
801.79	88.992
801.98	89.161
802.16	89.346
802.34	89.551
802.52	89.740
802.71	89.871
802.89	90.056
803.07	90.214
803.26	90.357
803.44	90.480
803.62	90.635
803.81	90.767
803.99	90.860
804.17	90.946
804.35	91.032
804.54	91.111
804.72	91.210
804.90	91.285
805.09	91.413
805.27	91.523
805.45	91.637
805.63	91.711
805.82	91.795
806.00	91.797
806.18	91.836
806.37	91.896
806.55	91.920
806.73	91.952
806.91	91.971
807.10	92.011
807.28	92.037
807.46	92.058
807.64	92.053
807.83	92.060
808.01	92.067
808.19	92.007
808.37	91.968
808.56	91.902
808.74	91.852
808.92	91.792
809.10	91.690
809.29	91.632
809.47	91.566
809.65	91.440
809.83	91.387
810.02	91.280
810.20	91.176
810.38	91.083
810.56	90.957
810.75	90.869
810.93	90.762
811.11	90.649
811.29	90.527
811.47	90.406
811.66	90.254
811.84	90.112
812.02	90.051
812.20	89.942
812.39	89.829
812.57	89.696
812.75	89.568
812.93	89.465
813.11	89.310
813.30	89.170
813.48	89.059
813.66	88.896
813.84	88.743
814.02	88.570
814.21	88.423
814.39	88.223
814.57	88.028
814.75	87.824
814.93	87.627
815.12	87.406
815.30	87.190
815.48	86.982
815.66	86.753
815.84	86.492
816.03	86.240
816.21	85.961
816.39	85.709
816.57	85.399
816.75	85.095
816.93	84.797
817.12	84.489
817.30	84.185
817.48	83.882
817.66	83.620
817.84	83.353
818.02	83.101
818.21	82.826
818.39	82.568
818.57	82.294
818.75	82.065
818.93	81.808
819.11	81.541
819.30	81.295
819.48	81.065
819.66	80.840
819.84	80.642
820.02	80.415
820.20	80.181
820.38	79.962
820.57	79.743
820.75	79.554
820.93	79.349
821.11	79.145
821.29	78.962
821.47	78.740
821.65	78.523
821.83	78.287
822.02	78.096
822.20	77.878
822.38	77.708
822.56	77.456
822.74	77.232
822.92	76.983
823.10	76.771
823.28	76.536
823.46	76.304
823.65	76.065
823.83	75.859
824.01	75.651
824.19	75.436
824.37	75.224
824.55	74.986
824.73	74.795
824.91	74.585
825.09	74.383
825.27	74.192
825.46	73.983
825.64	73.778
825.82	73.608
826.00	73.414
826.18	73.237
826.36	73.092
826.54	72.961
826.72	72.884
826.90	72.775
827.08	72.685
827.26	72.600
827.44	72.499
827.63	72.403
827.81	72.328
827.99	72.288
828.17	72.225
828.35	72.176
828.53	72.125
828.71	72.112
828.89	72.074
829.07	72.046
829.25	72.018
829.43	72.031
829.61	72.012
829.79	72.002
829.97	72.000
830.15	71.970
830.33	71.974
830.51	71.960
830.69	71.963
830.87	71.915
831.06	71.928
831.24	71.940
831.42	71.962
831.60	71.959
831.78	71.983
831.96	72.036
832.14	72.105
832.32	72.165
832.50	72.203
832.68	72.250
832.86	72.289
833.04	72.382
833.22	72.429
833.40	72.515
833.58	72.591
833.76	72.661
833.94	72.781
834.12	72.893
834.30	73.013
834.48	73.115
834.66	73.284
834.84	73.377
835.02	73.527
835.20	73.675
835.38	73.836
835.56	73.995
835.74	74.160
835.92	74.322
836.10	74.469
836.28	74.632
836.46	74.813
836.64	74.990
836.82	75.136
837.00	75.307
837.18	75.477
837.36	75.672
837.54	75.852
837.72	76.043
837.90	76.233
838.08	76.423
838.26	76.611
838.43	76.788
838.61	76.998
838.79	77.184
838.97	77.385
839.15	77.585
839.33	77.773
839.51	77.917
839.69	78.094
839.87	78.292
840.05	78.510
840.23	78.704
840.41	78.904
840.59	79.069
840.77	79.276
840.95	79.461
841.13	79.631
841.31	79.808
841.49	79.954
841.67	80.096
841.84	80.273
842.02	80.413
842.20	80.612
842.38	80.747
842.56	80.907
842.74	81.057
842.92	81.169
843.10	81.318
843.28	81.517
843.46	81.659
843.64	81.766
843.82	81.909
843.99	82.039
844.17	82.215
844.35	82.454
844.53	82.629
844.71	82.828
844.89	82.969
845.07	83.158
845.25	83.362
845.43	83.554
845.61	83.711
845.78	83.934
845.96	84.101
846.14	84.312
846.32	84.500
846.50	84.659
846.68	84.897
846.86	85.071
847.04	85.228
847.22	85.342
847.39	85.521
847.57	85.644
847.75	85.769
847.93	85.836
848.11	85.932
848.29	86.069
848.47	86.133
848.65	86.276
848.82	86.338
849.00	86.419
849.18	86.468
849.36	86.519
849.54	86.583
849.72	86.585
849.89	86.638
850.07	86.711
850.25	86.725
850.43	86.693
850.61	86.691
850.79	86.652
850.97	86.721
851.14	86.749
851.32	86.738
851.50	86.766
851.68	86.829
851.86	86.885
852.04	86.867
852.21	86.906
852.39	86.928
852.57	86.996
852.75	87.013
852.93	87.024
853.10	87.013
853.28	86.979
853.46	86.982
853.64	86.919
853.82	86.842
854.00	86.881
854.17	86.839
854.35	86.773
854.53	86.751
854.71	86.671
854.89	86.563
855.06	86.538
855.24	86.493
855.42	86.408
855.60	86.268
855.78	86.182
855.95	86.069
856.13	85.962
856.31	85.782
856.49	85.632
856.66	85.537
856.84	85.384
857.02	85.313
857.20	85.242
857.38	85.088
857.55	84.949
857.73	84.716
857.91	84.614
858.09	84.455
858.26	84.313
858.44	84.183
858.62	84.056
858.80	83.879
858.97	83.702
859.15	83.524
859.33	83.314
859.51	83.147
859.68	82.964
859.86	82.775
860.04	82.606
860.22	82.417
860.39	82.212
860.57	82.003
860.75	81.735
860.93	81.502
861.10	81.376
861.28	81.203
861.46	80.999
861.64	80.804
861.81	80.658
861.99	80.444
862.17	80.218
862.35	80.031
862.52	79.864
862.70	79.657
862.88	79.482
863.05	79.282
863.23	79.062
863.41	78.869
863.59	78.648
863.76	78.481
863.94	78.276
864.12	78.082
864.29	77.918
864.47	77.696
864.65	77.504
864.83	77.233
865.00	76.995
865.18	76.829
865.36	76.628
865.53	76.414
865.71	76.262
865.89	76.052
866.06	75.830
866.24	75.579
866.42	75.369
866.59	75.136
866.77	74.976
866.95	74.769
867.12	74.521
867.30	74.344
867.48	74.102
867.65	73.900
867.83	73.683
868.01	73.504
868.18	73.301
868.36	73.093
868.54	72.930
868.71	72.770
868.89	72.606
869.07	72.409
869.24	72.229
869.42	72.025
869.60	71.872
869.77	71.739
869.95	71.586
870.13	71.430
870.30	71.308
870.48	71.098
870.66	70.947
870.83	70.829
871.01	70.633
871.18	70.501
871.36	70.356
871.54	70.194
871.71	70.051
871.89	69.945
872.07	69.763
872.24	69.626
872.42	69.520
872.59	69.381
872.77	69.247
872.95	69.137
873.12	68.979
873.30	68.831
873.48	68.713
873.65	68.600
873.83	68.488
874.00	68.351
874.18	68.270
874.36	68.191
874.53	68.100
874.71	68.018
874.88	67.938
875.06	67.896
875.24	67.891
875.41	67.828
875.59	67.787
875.76	67.802
875.94	67.749
876.11	67.632
876.29	67.540
876.47	67.495
876.64	67.430
876.82	67.386
876.99	67.355
877.17	67.313
877.35	67.287
877.52	67.243
877.70	67.209
877.87	67.194
878.05	67.186
878.22	67.187
878.40	67.221
878.57	67.197
878.75	67.161
878.93	67.105
879.10	67.104
879.28	67.113
879.45	67.117
879.63	67.097
879.80	67.092
879.98	67.140
880.15	67.163
880.33	67.212
880.50	67.254
880.68	67.346
880.86	67.400
881.03	67.466
881.21	67.558
881.38	67.639
881.56	67.800
881.73	67.841
881.91	67.896
882.08	67.962
882.26	68.089
882.43	68.200
882.61	68.372
882.78	68.485
882.96	68.624
883.13	68.736
883.31	68.888
883.48	69.089
883.66	69.246
883.83	69.399
884.01	69.508
884.18	69.711
884.36	69.858
884.53	69.993
884.71	70.137
884.88	70.235
885.06	70.388
885.23	70.455
885.41	70.609
885.58	70.724
885.76	70.895
885.93	70.992
886.11	71.168
886.28	71.272
886.46	71.407
886.63	71.530
886.81	71.647
886.98	71.834
887.15	71.928
887.33	72.093
887.50	72.291
887.68	72.449
887.85	72.549
888.03	72.687
888.20	72.839
888.38	72.993
888.55	73.168
888.73	73.245
888.90	73.372
889.08	73.511
889.25	73.646
889.42	73.759
889.60	73.948
889.77	74.035
889.95	74.178
890.12	74.271
890.30	74.359
890.47	74.449
890.64	74.571
890.82	74.731
890.99	74.849
891.17	74.947
891.34	75.070
891.52	75.189
891.69	75.326
891.86	75.452
892.04	75.566
892.21	75.733
892.39	75.985
892.56	76.172
892.73	76.284
892.91	76.440
893.08	76.648
893.26	76.744
893.43	76.912
893.60	77.013
893.78	77.182
893.95	77.359
894.13	77.618
894.30	77.773
894.47	77.974
894.65	78.115
894.82	78.278
895.00	78.422
895.17	78.604
895.34	78.778
895.52	78.961
895.69	79.079
895.86	79.206
896.04	79.247
896.21	79.398
896.39	79.590
896.56	79.772
896.73	79.801
896.91	79.870
897.08	79.971
897.25	80.153
897.43	80.215
897.60	80.304
897.77	80.313
897.95	80.311
898.12	80.315
898.30	80.418
898.47	80.432
898.64	80.497
898.82	80.520
898.99	80.509
899.16	80.508
899.34	80.519
899.51	80.455
899.68	80.451
899.86	80.405
900.03	80.338
900.20	80.274
900.38	80.300
900.55	80.396
900.72	80.351
900.90	80.285
901.07	80.395
901.24	80.383
901.41	80.401
901.59	80.428
901.76	80.434
901.93	80.387
902.11	80.342
902.28	80.344
902.45	80.442
902.63	80.481
902.80	80.461
902.97	80.464
903.15	80.564
903.32	80.640
903.49	80.654
903.66	80.704
903.84	80.748
904.01	80.744
904.18	80.725
904.36	80.760
904.53	80.743
904.70	80.682
904.87	80.676
905.05	80.611
905.22	80.647
905.39	80.620
905.56	80.561
905.74	80.529
905.91	80.448
906.08	80.334
906.26	80.248
906.43	80.161
906.60	80.069
906.77	79.922
906.95	79.799
907.12	79.678
907.29	79.511
907.46	79.479
907.64	79.376
907.81	79.252
907.98	79.079
908.15	78.986
908.33	78.861
908.50	78.732
908.67	78.640
908.84	78.508
909.01	78.365
909.19	78.297
909.36	78.172
909.53	78.044
909.70	77.821
909.88	77.723
910.05	77.559
910.22	77.489
910.39	77.371
910.57	77.291
910.74	77.207
910.91	77.171
911.08	76.957
911.25	76.810
911.43	76.684
911.60	76.557
911.77	76.410
911.94	76.191
912.11	76.027
912.29	75.815
912.46	75.566
912.63	75.362
912.80	75.130
912.97	74.943
913.15	74.798
913.32	74.673
913.49	74.452
913.66	74.370
913.83	74.143
914.00	73.924
914.18	73.715
914.35	73.506
914.52	73.230
914.69	73.020
914.86	72.827
915.03	72.628
915.21	72.490
915.38	72.267
915.55	72.192
915.72	72.036
915.89	71.903
916.06	71.822
916.24	71.739
916.41	71.579
916.58	71.461
916.75	71.261
916.92	71.081
917.09	70.877
917.26	70.598
917.44	70.391
917.61	70.261
917.78	70.043
917.95	69.893
918.12	69.703
918.29	69.605
918.46	69.403
918.64	69.237
918.81	69.087
918.98	68.956
919.15	68.768
919.32	68.603
919.49	68.375
919.66	68.166
919.83	67.970
920.00	67.795
920.18	67.646
920.35	67.589
920.52	67.467
920.69	67.414
920.86	67.398
921.03	67.290
921.20	67.145
921.37	67.022
921.54	66.758
921.71	66.664
921.89	66.492
922.06	66.420
922.23	66.293
922.40	66.162
922.57	65.950
922.74	65.825
922.91	65.732
923.08	65.668
923.25	65.570
923.42	65.460
923.59	65.412
923.76	65.197
923.93	64.986
924.11	64.811
924.28	64.659
924.45	64.523
924.62	64.492
924.79	64.388
924.96	64.218
925.13	64.175
925.30	64.043
925.47	63.877
925.64	63.778
925.81	63.695
925.98	63.620
926.15	63.588
926.32	63.425
926.49	63.320
926.66	63.230
926.83	63.108
927.00	63.057
927.17	62.935
927.34	62.980
927.51	62.935
927.69	62.979
927.86	62.935
928.03	62.807
928.20	62.762
928.37	62.668
928.54	62.709
928.71	62.684
928.88	62.706
929.05	62.726
929.22	62.713
929.39	62.667
929.56	62.585
929.73	62.542
929.90	62.595
930.07	62.563
930.24	62.515
930.41	62.530
930.58	62.582
930.75	62.635
930.92	62.568
931.09	62.557
931.26	62.498
931.43	62.460
931.60	62.466
931.77	62.407
931.94	62.463
932.11	62.482
932.27	62.484
932.44	62.508
932.61	62.554
932.78	62.497
932.95	62.597
933.12	62.561
933.29	62.602
933.46	62.602
933.63	62.545
933.80	62.561
933.97	62.553
934.14	62.509
934.31	62.453
934.48	62.494
934.65	62.514
934.82	62.572
934.99	62.620
935.16	62.678
935.33	62.744
935.50	62.892
935.67	62.959
935.84	63.019
936.00	63.019
936.17	63.065
936.34	63.199
936.51	63.176
936.68	63.216
936.85	63.249
937.02	63.346
937.19	63.425
937.36	63.564
937.53	63.575
937.70	63.675
937.87	63.762
938.03	63.768
938.20	63.808
938.37	63.884
938.54	63.944
938.71	64.026
938.88	64.130
939.05	64.027
939.22	63.992
939.39	64.064
939.56	64.249
939.72	64.311
939.89	64.348
940.06	64.407
940.23	64.502
940.40	64.599
940.57	64.741
940.74	64.905
940.91	64.969
941.08	65.175
941.24	65.243
941.41	65.407
941.58	65.650
941.75	65.809
941.92	65.956
942.09	66.103
942.26	66.178
942.42	66.251
942.59	66.485
942.76	66.853
942.93	67.010
943.10	67.029
943.27	67.190
943.44	67.325
943.60	67.499
943.77	67.535
943.94	67.728
944.11	67.784
944.28	67.847
944.45	67.981
944.61	68.083
944.78	68.137
944.95	68.195
945.12	68.394
945.29	68.513
945.46	68.495
945.62	68.523
945.79	68.746
945.96	69.038
946.13	69.188
946.30	69.193
946.46	69.368
946.63	69.473
946.80	69.623
946.97	69.831
947.14	69.930
947.31	70.437
947.47	70.688
947.64	70.878
947.81	71.057
947.98	71.228
948.15	71.328
948.31	71.574
948.48	71.700
948.65	71.719
948.82	71.869
948.98	72.033
949.15	72.356
949.32	72.390
949.49	72.375
949.66	72.429
949.82	72.478
949.99	72.585
950.16	72.717
950.33	72.670
950.49	72.722
950.66	72.686
950.83	72.525
951.00	72.339
951.16	72.121
951.33	72.168
951.50	72.119
951.67	72.162
951.83	72.167
952.00	72.179
952.17	72.110
952.34	72.129
952.50	72.297
952.67	72.245
952.84	72.315
953.01	72.276
953.17	72.317
953.34	72.442
953.51	72.368
953.68	72.281
953.84	72.255
954.01	72.210
954.18	72.185
954.34	72.254
954.51	72.350
954.68	72.514
954.85	72.535
955.01	72.670
955.18	72.944
955.35	72.736
955.51	72.725
955.68	72.839
955.85	73.007
956.02	72.856
956.18	72.888
956.35	72.830
956.52	72.878
956.68	72.884
956.85	72.777
957.02	72.858
957.18	72.939
957.35	72.944
957.52	73.041
957.69	73.129
957.85	73.178
958.02	73.066
958.19	72.981
958.35	72.966
958.52	72.737
958.69	72.384
958.85	72.560
959.02	72.655
959.19	72.406
959.35	72.288
959.52	72.346
959.69	72.352
959.85	72.439
960.02	72.441
960.19	72.339
960.35	72.288
960.52	72.171
960.68	72.148
960.85	72.250
961.02	72.012
961.18	72.071
961.35	71.868
961.52	71.926
961.68	71.932
961.85	71.831
962.02	71.926
962.18	71.947
962.35	71.686
962.51	71.536
962.68	71.598
962.85	71.462
963.01	71.194
963.18	71.070
963.35	70.674
963.51	70.481
963.68	70.515
963.84	70.232
964.01	70.263
964.18	70.083
964.34	69.846
964.51	69.683
964.67	69.445
964.84	69.374
965.01	69.141
965.17	68.894
965.34	68.924
965.50	68.620
965.67	68.573
965.84	68.619
966.00	68.785
966.17	68.904
966.33	68.775
966.50	68.716
966.66	68.676
966.83	68.754
967.00	68.664
967.16	68.424
967.33	68.398
967.49	68.233
967.66	68.405
967.82	68.292
967.99	68.480
968.16	68.475
968.32	68.356
968.49	68.143
968.65	68.379
968.82	68.218
968.98	68.352
969.15	68.061
969.31	67.762
969.48	67.477
969.64	67.110
969.81	67.155
969.98	67.065
970.14	66.719
970.31	66.641
970.47	66.379
970.64	66.176
970.80	66.257
970.97	65.745
971.13	65.412
971.30	65.275
971.46	64.973
971.63	64.758
971.79	64.873
971.96	64.948
972.12	64.603
972.29	64.214
972.45	64.050
972.62	64.069
972.78	64.137
972.95	63.686
973.11	63.491
973.28	63.323
973.44	63.340
973.61	63.548
973.77	63.350
973.94	63.343
974.10	63.474
974.27	63.374
974.43	63.691
974.60	63.646
974.76	63.639
974.93	63.710
975.09	63.543
975.26	63.258
975.42	63.190
975.59	63.076
975.75	63.385
975.92	63.283
976.08	62.789
976.24	62.646
976.41	62.542
976.57	62.545
976.74	62.446
976.90	62.080
977.07	61.612
977.23	61.605
977.40	61.493
977.56	60.881
977.73	60.459
977.89	60.134
978.05	59.769
978.22	59.575
978.38	59.186
978.55	58.960
978.71	58.750
978.88	58.777
979.04	58.737
979.20	58.545
979.37	58.470
979.53	58.521
979.70	58.547
979.86	58.823
980.03	58.706
980.19	58.628
980.35	58.650
980.52	58.467
980.68	58.465
980.85	58.429
981.01	58.598
981.17	58.672
981.34	58.538
981.50	58.467
981.67	58.519
981.83	58.453
981.99	58.394
982.16	58.156
982.32	57.210
982.49	57.110
982.65	56.918
982.81	57.005
982.98	56.999
983.14	57.001
983.30	56.559
983.47	56.540
983.63	56.197
983.80	55.947
983.96	55.774
984.12	56.124
984.29	56.303
984.45	56.445
984.61	56.193
984.78	56.471
984.94	56.744
985.10	57.159
985.27	57.051
985.43	57.615
985.59	58.022
985.76	58.674
985.92	58.873
986.08	59.173
986.25	58.769
986.41	59.232
986.57	58.753
986.74	59.088
986.90	58.963
987.06	58.900
987.23	59.090
987.39	58.901
987.55	57.923
987.72	57.600
987.88	56.833
988.04	57.375
988.21	57.796
988.37	57.584
988.53	56.841
988.70	57.218
988.86	56.501
989.02	56.084
989.19	55.689
989.35	55.712
989.51	55.020
989.67	54.954
989.84	54.389
990.00	54.383
990.16	54.696
990.33	54.819
990.49	55.204
990.65	55.369
990.82	55.920
990.98	56.076
991.14	56.035
991.30	57.029
991.47	56.213
991.63	56.053
991.79	56.874
991.95	57.176
992.12	57.200
992.28	57.485
992.44	57.822
992.61	58.111
992.77	58.089
992.93	58.797
993.09	59.022
993.26	59.452
993.42	60.048
993.58	59.669
993.74	59.550
993.91	59.282
994.07	59.030
994.23	59.037
994.39	59.289
994.55	59.431
994.72	58.963
994.88	59.329
995.04	58.983
995.20	58.774
995.37	58.463
995.53	58.456
995.69	58.317
995.85	57.713
996.02	57.764
996.18	58.187
996.34	57.680
996.50	57.770
996.66	58.651
996.83	58.200
996.99	57.331
997.15	57.980
997.31	58.049
997.47	58.328
997.64	58.293
997.80	58.786
997.96	59.504
998.12	59.558
998.28	60.425
998.45	60.889
998.61	60.637
998.77	60.421
998.93	60.530
999.09	61.702
999.25	62.189
999.42	63.415
999.58	62.914
999.74	62.780
999.90	62.442
1000.06	61.694
1000.22	62.048
1000.39	63.041
1000.55	62.713
1000.71	63.436
1000.87	63.329
1001.03	63.217
1001.19	62.992
1001.36	62.499
1001.52	62.181
1001.68	61.794
1001.84	62.515
1002.00	61.456
1002.16	61.598
1002.32	61.289
1002.49	59.736
1002.65	59.501
1002.81	58.772
1002.97	58.871
1003.13	59.050
1003.29	59.845
1003.45	59.344
1003.62	60.061
1003.78	59.674
1003.94	59.955
1004.10	58.863
1004.26	59.132
1004.42	59.105
1004.58	59.130
1004.74	59.519
1004.90	61.076
1005.07	61.027
1005.23	59.622
1005.39	61.187
1005.55	61.959
1005.71	61.493
1005.87	62.700
1006.03	63.599
1006.19	63.705
1006.35	63.202
1006.51	64.074
1006.67	64.169
1006.84	64.229
1007.00	63.745
1007.16	65.148
1007.32	63.787
1007.48	64.767
1007.64	66.149
1007.80	65.759
1007.96	64.742
1008.12	65.082
1008.28	63.570
1008.44	64.615
1008.60	65.137
1008.76	63.454
1008.92	62.225
1009.09	62.317
1009.25	61.996
1009.41	61.577
1009.57	62.236
1009.73	63.203
1009.89	63.644
1010.05	64.432
1010.21	65.933
1010.37	65.550
1010.53	66.451
1010.69	68.378
1010.85	68.177
1011.01	66.482
1011.17	66.092
1011.33	68.403
1011.49	68.855
1011.65	68.791
1011.81	68.088
1011.97	68.537
1012.13	71.264
1012.29	73.758
1012.45	75.219
1012.61	78.589
1012.77	76.305
1012.93	75.725
1013.09	74.653
1013.25	75.085
1013.41	75.911
1013.57	73.557
1013.73	72.372
1013.89	68.957
1014.05	70.959
1014.21	68.766
1014.37	67.588
1014.53	66.585
1014.69	65.693
1014.85	65.897
1015.01	68.897
1015.17	70.826
1015.33	71.747
1015.49	70.117
1015.65	70.848
1015.81	71.189
1015.97	67.677
1016.13	71.380
1016.29	70.713
1016.45	72.134
1016.61	72.556
1016.77	69.199
1016.93	70.253
1017.09	70.712
1017.25	71.524
1017.41	69.789
1017.56	72.040
1017.72	78.918
1017.88	80.822
1018.04	83.219
1018.20	80.829
1018.36	80.187
1018.52	78.370
1018.68	80.133
1018.84	81.877
1019.00	80.479
1019.16	82.157
1019.32	85.358
1019.48	85.654
1019.64	89.171
1019.79	85.472
1019.95	81.883
1020.11	86.762
1020.27	87.012
1020.43	93.046
1020.59	95.402
1020.75	93.326
1020.91	97.044
1021.07	88.700
1021.23	88.735
1021.39	83.426
1021.54	89.007
1021.70	86.816
1021.86	85.940
1022.02	83.008
1022.18	79.907
1022.34	83.005
1022.50	82.438
1022.66	79.443
1022.82	80.032
1022.97	78.774
1023.13	82.413
1023.29	87.055
1023.45	86.409
1023.61	87.685
1023.77	84.648
1023.93	86.372
1024.08	88.067
1024.24	86.000
1024.40	87.675
1024.56	94.891
1024.72	98.125
1024.88	86.165
1025.04	91.189
1025.19	87.612
1025.35	85.142
1025.51	90.388
1025.67	92.613
1025.83	88.031
1025.99	90.492
1026.14	88.193
1026.30	97.467
1026.46	100.104
1026.62	93.620
1026.78	85.748
1026.94	83.436
1027.09	81.445
1027.25	78.445
1027.41	80.058
1027.57	78.320
1027.73	77.332
1027.89	72.801
1028.04	71.939
1028.20	71.286
1028.36	71.923
1028.52	72.386
1028.68	72.642
1028.83	73.986
1028.99	71.025
1029.15	70.845
1029.31	71.022
1029.47	72.245
1029.62	70.922
1029.78	70.503
1029.94	71.600
1030.10	74.858
1030.25	76.256
1030.41	80.752
1030.57	84.288
1030.73	86.899
1030.89	89.510
1031.04	93.599
1031.20	100.900
1031.36	111.457
1031.52	119.489
1031.67	122.438
1031.83	133.081
1031.99	145.518
1032.15	127.433
1032.30	142.509
1032.46	167.098
1032.62	157.424
1032.78	140.109
1032.93	158.431
1033.09	138.098
1033.25	133.258
1033.41	140.274
1033.56	138.418
1033.72	45.539
1033.88	337.738
1034.04	52.173
1034.19	97.576
1034.35	83.761
1034.51	-24.366
1034.66	56.702
1034.82	1174.167
1034.98	1174.167
1035.14	1174.167
