345.22	41.481
345.43	41.481
345.65	41.481
345.86	38.742
346.08	132.614
346.29	-6.027
346.51	46.261
346.72	25.682
346.94	-307.436
347.15	-101.416
347.37	205.299
347.58	239.674
347.80	271.176
348.01	233.213
348.23	152.761
348.44	143.256
348.66	126.911
348.87	128.413
349.09	120.166
349.30	105.523
349.52	97.488
349.73	99.947
349.95	98.887
350.16	99.954
350.38	96.196
350.59	89.739
350.81	88.294
351.02	86.725
351.24	85.385
351.45	84.257
351.67	86.684
351.88	85.650
352.10	82.143
352.31	81.138
352.53	84.352
352.74	86.451
352.96	86.839
353.17	86.795
353.39	87.854
353.60	89.977
353.82	91.587
354.03	91.965
354.25	86.914
354.46	81.957
354.67	79.096
354.89	77.570
355.10	81.250
355.32	79.942
355.53	81.082
355.75	82.803
355.96	84.114
356.18	83.640
356.39	82.947
356.61	87.204
356.82	87.156
357.04	83.324
357.25	83.451
357.46	83.096
357.68	82.049
357.89	80.141
358.11	78.509
358.32	81.347
358.54	79.321
358.75	81.135
358.97	83.110
359.18	85.876
359.40	85.320
359.61	85.968
359.82	86.996
360.04	86.876
360.25	84.752
360.47	80.567
360.68	79.697
360.90	80.746
361.11	78.467
361.32	78.193
361.54	82.345
361.75	82.114
361.97	83.335
362.18	84.397
362.40	86.053
362.61	87.310
362.83	87.104
363.04	88.273
363.25	89.795
363.47	91.414
363.68	89.185
363.90	93.272
364.11	93.380
364.32	93.785
364.54	92.160
364.75	89.337
364.97	94.116
365.18	93.118
365.40	90.614
365.61	90.484
365.82	91.641
366.04	89.963
366.25	88.994
366.47	86.670
366.68	84.547
366.89	85.098
367.11	83.207
367.32	83.511
367.54	80.772
367.75	80.106
367.96	78.787
368.18	79.792
368.39	78.348
368.61	78.487
368.82	80.185
369.03	82.521
369.25	86.464
369.46	86.970
369.68	87.301
369.89	88.191
370.10	88.769
370.32	88.630
370.53	88.151
370.75	85.115
370.96	87.689
371.17	89.029
371.39	86.623
371.60	86.862
371.81	87.465
372.03	89.522
372.24	90.153
372.46	93.365
372.67	94.212
372.88	92.448
373.10	91.897
373.31	90.141
373.52	89.567
373.74	88.038
373.95	86.822
374.17	88.717
374.38	90.857
374.59	91.354
374.81	89.768
375.02	88.067
375.23	90.965
375.45	88.539
375.66	86.183
375.87	87.496
376.09	87.961
376.30	86.599
376.52	88.426
376.73	86.026
376.94	84.109
377.16	84.884
377.37	88.860
377.58	88.999
377.80	90.345
378.01	91.654
378.22	92.924
378.44	93.701
378.65	95.139
378.86	95.078
379.08	95.397
379.29	95.924
379.50	98.981
379.72	99.033
379.93	102.372
380.14	105.633
380.36	106.513
380.57	108.007
380.78	108.398
381.00	109.216
381.21	110.643
381.42	111.630
381.64	112.049
381.85	111.731
382.06	111.919
382.28	111.789
382.49	111.246
382.70	111.832
382.92	112.067
383.13	111.176
383.34	111.672
383.56	112.450
383.77	113.511
383.98	113.060
384.20	114.040
384.41	114.010
384.62	114.114
384.83	114.546
385.05	114.809
385.26	115.639
385.47	116.390
385.69	117.282
385.90	118.064
386.11	118.764
386.33	119.692
386.54	120.502
386.75	121.181
386.97	122.340
387.18	123.110
387.39	124.012
387.60	124.511
387.82	125.011
388.03	125.473
388.24	126.069
388.46	126.507
388.67	126.686
388.88	126.710
389.09	126.682
389.31	126.499
389.52	126.298
389.73	125.786
389.95	125.343
390.16	124.824
390.37	124.402
390.58	123.907
390.80	123.144
391.01	122.593
391.22	122.034
391.44	121.092
391.65	120.296
391.86	119.519
392.07	119.143
392.29	118.598
392.50	117.999
392.71	117.425
392.92	117.089
393.14	116.632
393.35	116.391
393.56	116.299
393.78	116.273
393.99	116.476
394.20	116.799
394.41	117.040
394.63	117.297
394.84	117.813
395.05	118.483
395.26	119.106
395.48	119.786
395.69	120.423
395.90	121.353
396.11	122.236
396.33	123.075
396.54	123.960
396.75	124.707
396.96	125.512
397.18	126.207
397.39	126.885
397.60	127.603
397.81	128.171
398.03	128.584
398.24	128.935
398.45	129.100
398.66	129.198
398.87	129.248
399.09	129.180
399.30	128.855
399.51	128.344
399.72	127.916
399.94	127.347
400.15	126.705
400.36	125.919
400.57	125.047
400.79	124.173
401.00	123.180
401.21	122.257
401.42	121.297
401.63	120.331
401.85	119.396
402.06	118.563
402.27	117.754
402.48	117.066
402.69	116.433
402.91	115.826
403.12	115.264
403.33	114.936
403.54	114.765
403.76	114.548
403.97	114.546
404.18	114.660
404.39	114.899
404.60	115.269
404.82	115.757
405.03	116.378
405.24	117.011
405.45	117.727
405.66	118.521
405.88	119.344
406.09	120.275
406.30	121.114
406.51	121.891
406.72	122.740
406.94	123.529
407.15	124.282
407.36	125.055
407.57	125.774
407.78	126.340
407.99	126.757
408.21	127.175
408.42	127.475
408.63	127.703
408.84	127.735
409.05	127.697
409.27	127.455
409.48	127.035
409.69	126.554
409.90	126.063
410.11	125.461
410.32	124.789
410.54	123.955
410.75	123.051
410.96	122.111
411.17	121.108
411.38	120.101
411.59	119.098
411.81	118.027
412.02	116.970
412.23	115.961
412.44	115.020
412.65	114.197
412.86	113.460
413.08	112.701
413.29	112.027
413.50	111.516
413.71	111.136
413.92	110.852
414.13	110.670
414.34	110.579
414.56	110.535
414.77	110.650
414.98	110.857
415.19	111.303
415.40	111.841
415.61	112.440
415.82	113.091
416.04	113.839
416.25	114.587
416.46	115.417
416.67	116.324
416.88	117.192
417.09	118.081
417.30	118.890
417.52	119.773
417.73	120.555
417.94	121.288
418.15	121.967
418.36	122.671
418.57	123.198
418.78	123.635
418.99	124.054
419.21	124.344
419.42	124.558
419.63	124.620
419.84	124.563
420.05	124.390
420.26	124.071
420.47	123.604
420.68	123.154
420.89	122.600
421.11	121.869
421.32	121.177
421.53	120.350
421.74	119.502
421.95	118.616
422.16	117.740
422.37	116.830
422.58	115.838
422.79	114.831
423.01	113.928
423.22	113.013
423.43	112.188
423.64	111.392
423.85	110.681
424.06	110.060
424.27	109.496
424.48	109.036
424.69	108.752
424.90	108.551
425.11	108.429
425.33	108.420
425.54	108.506
425.75	108.661
425.96	108.927
426.17	109.316
426.38	109.778
426.59	110.320
426.80	110.949
427.01	111.675
427.22	112.500
427.43	113.407
427.64	114.284
427.85	115.130
428.07	116.050
428.28	116.924
428.49	117.807
428.70	118.688
428.91	119.521
429.12	120.265
429.33	121.012
429.54	121.700
429.75	122.297
429.96	122.889
430.17	123.376
430.38	123.762
430.59	123.983
430.80	124.111
431.01	124.153
431.22	124.113
431.44	123.953
431.65	123.694
431.86	123.292
432.07	122.854
432.28	122.341
432.49	121.715
432.70	121.011
432.91	120.204
433.12	119.321
433.33	118.405
433.54	117.519
433.75	116.582
433.96	115.635
434.17	114.594
434.38	113.612
434.59	112.654
434.80	111.711
435.01	110.910
435.22	110.146
435.43	109.450
435.64	108.797
435.85	108.219
436.06	107.715
436.27	107.342
436.48	107.060
436.69	106.831
436.90	106.736
437.11	106.758
437.33	106.880
437.54	107.116
437.75	107.480
437.96	107.852
438.17	108.320
438.38	108.825
438.59	109.480
438.80	110.147
439.01	110.929
439.22	111.793
439.43	112.529
439.64	113.337
439.85	114.169
440.06	114.978
440.27	115.836
440.48	116.627
440.69	117.380
440.90	118.095
441.11	118.826
441.32	119.461
441.53	120.031
441.74	120.502
441.95	120.942
442.16	121.273
442.37	121.495
442.58	121.656
442.79	121.746
443.00	121.739
443.21	121.652
443.42	121.387
443.62	120.970
443.83	120.646
444.04	120.186
444.25	119.648
444.46	119.025
444.67	118.309
444.88	117.571
445.09	116.759
445.30	115.905
445.51	114.974
445.72	114.018
445.93	113.104
446.14	112.163
446.35	111.175
446.56	110.263
446.77	109.381
446.98	108.494
447.19	107.625
447.40	106.835
447.61	106.052
447.82	105.370
448.03	104.792
448.24	104.234
448.45	103.773
448.66	103.400
448.87	103.111
449.08	102.937
449.29	102.834
449.49	102.831
449.70	102.926
449.91	103.096
450.12	103.378
450.33	103.690
450.54	104.106
450.75	104.612
450.96	105.148
451.17	105.760
451.38	106.403
451.59	107.107
451.80	107.811
452.01	108.571
452.22	109.367
452.43	110.123
452.64	110.878
452.84	111.644
453.05	112.368
453.26	113.107
453.47	113.772
453.68	114.422
453.89	115.020
454.10	115.523
454.31	116.000
454.52	116.378
454.73	116.720
454.94	116.951
455.15	117.091
455.36	117.131
455.56	117.108
455.77	116.997
455.98	116.824
456.19	116.580
456.40	116.269
456.61	115.887
456.82	115.398
457.03	114.853
457.24	114.223
457.45	113.561
457.65	112.783
457.86	112.002
458.07	111.179
458.28	110.264
458.49	109.396
458.70	108.458
458.91	107.536
459.12	106.604
459.33	105.653
459.54	104.753
459.74	103.878
459.95	103.010
460.16	102.230
460.37	101.494
460.58	100.814
460.79	100.162
461.00	99.545
461.21	99.026
461.41	98.580
461.62	98.209
461.83	97.941
462.04	97.762
462.25	97.609
462.46	97.579
462.67	97.652
462.88	97.798
463.08	98.047
463.29	98.331
463.50	98.691
463.71	99.147
463.92	99.636
464.13	100.160
464.34	100.756
464.54	101.408
464.75	102.090
464.96	102.781
465.17	103.501
465.38	104.209
465.59	104.973
465.80	105.708
466.00	106.421
466.21	107.113
466.42	107.775
466.63	108.463
466.84	109.101
467.05	109.678
467.26	110.205
467.46	110.617
467.67	111.029
467.88	111.396
468.09	111.658
468.30	111.887
468.51	112.050
468.71	112.107
468.92	112.101
469.13	112.015
469.34	111.874
469.55	111.629
469.76	111.355
469.96	110.977
470.17	110.548
470.38	110.071
470.59	109.510
470.80	108.894
471.00	108.262
471.21	107.548
471.42	106.825
471.63	106.062
471.84	105.290
472.05	104.470
472.25	103.630
472.46	102.796
472.67	101.913
472.88	101.088
473.09	100.251
473.29	99.408
473.50	98.623
473.71	97.842
473.92	97.106
474.13	96.409
474.33	95.776
474.54	95.185
474.75	94.656
474.96	94.181
475.17	93.774
475.37	93.392
475.58	93.103
475.79	92.888
476.00	92.746
476.21	92.688
476.41	92.692
476.62	92.782
476.83	92.922
477.04	93.178
477.24	93.452
477.45	93.806
477.66	94.211
477.87	94.648
478.08	95.164
478.28	95.689
478.49	96.274
478.70	96.905
478.91	97.533
479.11	98.180
479.32	98.870
479.53	99.539
479.74	100.251
479.94	100.928
480.15	101.573
480.36	102.203
480.57	102.817
480.78	103.432
480.98	103.961
481.19	104.465
481.40	104.915
481.61	105.354
481.81	105.726
482.02	106.044
482.23	106.335
482.44	106.524
482.64	106.691
482.85	106.779
483.06	106.776
483.27	106.754
483.47	106.680
483.68	106.518
483.89	106.299
484.10	106.008
484.30	105.674
484.51	105.264
484.72	104.836
484.92	104.313
485.13	103.767
485.34	103.190
485.55	102.565
485.75	101.911
485.96	101.195
486.17	100.470
486.38	99.729
486.58	98.954
486.79	98.184
487.00	97.399
487.20	96.610
487.41	95.848
487.62	95.086
487.83	94.323
488.03	93.587
488.24	92.882
488.45	92.193
488.65	91.531
488.86	90.925
489.07	90.348
489.28	89.833
489.48	89.350
489.69	88.957
489.90	88.592
490.10	88.299
490.31	88.066
490.52	87.869
490.73	87.749
490.93	87.691
491.14	87.695
491.35	87.760
491.55	87.877
491.76	88.047
491.97	88.267
492.17	88.533
492.38	88.860
492.59	89.230
492.79	89.656
493.00	90.122
493.21	90.622
493.41	91.144
493.62	91.696
493.83	92.278
494.04	92.836
494.24	93.431
494.45	94.030
494.66	94.615
494.86	95.234
495.07	95.813
495.28	96.407
495.48	96.960
495.69	97.498
495.90	98.022
496.10	98.518
496.31	98.967
496.52	99.382
496.72	99.788
496.93	100.145
497.14	100.444
497.34	100.678
497.55	100.896
497.76	101.056
497.96	101.158
498.17	101.204
498.37	101.213
498.58	101.146
498.79	101.023
498.99	100.877
499.20	100.652
499.41	100.385
499.61	100.046
499.82	99.679
500.03	99.251
500.23	98.808
500.44	98.297
500.65	97.765
500.85	97.202
501.06	96.575
501.26	95.938
501.47	95.276
501.68	94.610
501.88	93.902
502.09	93.195
502.30	92.473
502.50	91.748
502.71	91.028
502.91	90.315
503.12	89.609
503.33	88.908
503.53	88.241
503.74	87.575
503.95	86.930
504.15	86.320
504.36	85.737
504.56	85.175
504.77	84.673
504.98	84.188
505.18	83.767
505.39	83.379
505.59	83.038
505.80	82.751
506.01	82.515
506.21	82.332
506.42	82.200
506.62	82.114
506.83	82.076
507.04	82.099
507.24	82.166
507.45	82.290
507.65	82.461
507.86	82.657
508.07	82.914
508.27	83.218
508.48	83.553
508.68	83.943
508.89	84.356
509.10	84.789
509.30	85.253
509.51	85.727
509.71	86.225
509.92	86.739
510.12	87.263
510.33	87.795
510.54	88.324
510.74	88.863
510.95	89.391
511.15	89.915
511.36	90.436
511.56	90.946
511.77	91.425
511.98	91.892
512.18	92.347
512.39	92.770
512.59	93.164
512.80	93.523
513.00	93.846
513.21	94.126
513.42	94.383
513.62	94.597
513.83	94.778
514.03	94.905
514.24	94.986
514.44	95.013
514.65	95.014
514.85	94.970
515.06	94.884
515.26	94.748
515.47	94.575
515.68	94.347
515.88	94.079
516.09	93.769
516.29	93.423
516.50	93.037
516.70	92.609
516.91	92.147
517.11	91.659
517.32	91.145
517.52	90.605
517.73	90.057
517.93	89.475
518.14	88.876
518.34	88.270
518.55	87.653
518.76	87.033
518.96	86.386
519.17	85.736
519.37	85.083
519.58	84.454
519.78	83.817
519.99	83.184
520.19	82.569
520.40	81.990
520.60	81.418
520.81	80.863
521.01	80.329
521.22	79.842
521.42	79.379
521.63	78.942
521.83	78.541
522.04	78.165
522.24	77.847
522.45	77.566
522.65	77.329
522.86	77.137
523.06	76.982
523.27	76.880
523.47	76.819
523.68	76.798
523.88	76.810
524.09	76.872
524.29	76.987
524.50	77.138
524.70	77.322
524.91	77.540
525.11	77.809
525.32	78.119
525.52	78.446
525.72	78.824
525.93	79.221
526.13	79.648
526.34	80.081
526.54	80.553
526.75	81.017
526.95	81.507
527.16	81.995
527.36	82.503
527.57	83.008
527.77	83.514
527.98	84.034
528.18	84.550
528.39	85.047
528.59	85.547
528.79	86.027
529.00	86.501
529.20	86.952
529.41	87.409
529.61	87.831
529.82	88.218
530.02	88.572
530.23	88.912
530.43	89.205
530.64	89.484
530.84	89.712
531.04	89.907
531.25	90.088
531.45	90.238
531.66	90.346
531.86	90.414
532.07	90.436
532.27	90.417
532.47	90.368
532.68	90.301
532.88	90.191
533.09	90.041
533.29	89.839
533.50	89.611
533.70	89.312
533.90	89.006
534.11	88.683
534.31	88.326
534.52	87.927
534.72	87.533
534.93	87.107
535.13	86.644
535.33	86.180
535.54	85.666
535.74	85.147
535.95	84.599
536.15	84.069
536.35	83.524
536.56	82.976
536.76	82.402
536.97	81.839
537.17	81.264
537.37	80.698
537.58	80.156
537.78	79.615
537.99	79.092
538.19	78.564
538.39	78.047
538.60	77.555
538.80	77.101
539.01	76.641
539.21	76.215
539.41	75.826
539.62	75.454
539.82	75.123
540.03	74.812
540.23	74.553
540.43	74.310
540.64	74.120
540.84	73.953
541.04	73.837
541.25	73.762
541.45	73.718
541.66	73.709
541.86	73.735
542.06	73.806
542.27	73.909
542.47	74.065
542.67	74.238
542.88	74.449
543.08	74.692
543.28	74.978
543.49	75.281
543.69	75.618
543.90	75.992
544.10	76.368
544.30	76.797
544.51	77.226
544.71	77.696
544.91	78.154
545.12	78.640
545.32	79.142
545.52	79.624
545.73	80.141
545.93	80.653
546.13	81.148
546.34	81.638
546.54	82.130
546.74	82.609
546.95	83.106
547.15	83.586
547.35	84.035
547.56	84.493
547.76	84.945
547.96	85.365
548.17	85.775
548.37	86.176
548.57	86.516
548.78	86.846
548.98	87.145
549.18	87.412
549.39	87.648
549.59	87.856
549.79	88.059
550.00	88.216
550.20	88.371
550.40	88.470
550.61	88.550
550.81	88.593
551.01	88.602
551.22	88.580
551.42	88.520
551.62	88.433
551.82	88.296
552.03	88.142
552.23	87.954
552.43	87.732
552.64	87.483
552.84	87.209
553.04	86.904
553.25	86.573
553.45	86.213
553.65	85.838
553.85	85.455
554.06	85.046
554.26	84.608
554.46	84.135
554.67	83.672
554.87	83.181
555.07	82.697
555.27	82.191
555.48	81.676
555.68	81.169
555.88	80.651
556.09	80.140
556.29	79.605
556.49	79.091
556.69	78.563
556.90	78.050
557.10	77.566
557.30	77.101
557.50	76.624
557.71	76.187
557.91	75.762
558.11	75.335
558.31	74.940
558.52	74.570
558.72	74.231
558.92	73.917
559.13	73.631
559.33	73.368
559.53	73.128
559.73	72.931
559.94	72.754
560.14	72.606
560.34	72.486
560.54	72.405
560.75	72.361
560.95	72.348
561.15	72.377
561.35	72.421
561.55	72.490
561.76	72.605
561.96	72.733
562.16	72.907
562.36	73.121
562.57	73.346
562.77	73.604
562.97	73.886
563.17	74.184
563.38	74.503
563.58	74.855
563.78	75.231
563.98	75.619
564.18	76.018
564.39	76.447
564.59	76.880
564.79	77.341
564.99	77.793
565.20	78.251
565.40	78.698
565.60	79.155
565.80	79.633
566.00	80.094
566.21	80.564
566.41	81.010
566.61	81.458
566.81	81.910
567.01	82.348
567.22	82.782
567.42	83.204
567.62	83.598
567.82	83.977
568.02	84.341
568.23	84.687
568.43	85.016
568.63	85.332
568.83	85.611
569.03	85.858
569.24	86.091
569.44	86.310
569.64	86.510
569.84	86.692
570.04	86.821
570.24	86.939
570.45	87.030
570.65	87.097
570.85	87.132
571.05	87.125
571.25	87.091
571.45	87.021
571.66	86.946
571.86	86.847
572.06	86.704
572.26	86.546
572.46	86.367
572.66	86.171
572.87	85.928
573.07	85.684
573.27	85.407
573.47	85.113
573.67	84.792
573.87	84.445
574.08	84.072
574.28	83.704
574.48	83.314
574.68	82.899
574.88	82.478
575.08	82.025
575.28	81.578
575.49	81.128
575.69	80.675
575.89	80.191
576.09	79.727
576.29	79.248
576.49	78.762
576.69	78.275
576.90	77.795
577.10	77.326
577.30	76.857
577.50	76.405
577.70	75.948
577.90	75.505
578.10	75.091
578.30	74.683
578.51	74.289
578.71	73.920
578.91	73.564
579.11	73.220
579.31	72.904
579.51	72.605
579.71	72.333
579.91	72.076
580.12	71.859
580.32	71.659
580.52	71.498
580.72	71.349
580.92	71.226
581.12	71.116
581.32	71.047
581.52	71.020
581.72	71.003
581.92	71.020
582.13	71.074
582.33	71.131
582.53	71.228
582.73	71.340
582.93	71.481
583.13	71.658
583.33	71.866
583.53	72.092
583.73	72.347
583.93	72.624
584.13	72.924
584.34	73.251
584.54	73.571
584.74	73.899
584.94	74.272
585.14	74.654
585.34	75.053
585.54	75.430
585.74	75.824
585.94	76.243
586.14	76.679
586.34	77.101
586.54	77.548
586.74	77.995
586.94	78.450
587.15	78.912
587.35	79.358
587.55	79.797
587.75	80.238
587.95	80.658
588.15	81.070
588.35	81.471
588.55	81.872
588.75	82.274
588.95	82.667
589.15	83.036
589.35	83.394
589.55	83.731
589.75	84.088
589.95	84.404
590.15	84.701
590.35	84.967
590.55	85.228
590.75	85.459
590.95	85.664
591.15	85.851
591.35	85.999
591.56	86.132
591.76	86.241
591.96	86.328
592.16	86.404
592.36	86.450
592.56	86.482
592.76	86.473
592.96	86.455
593.16	86.395
593.36	86.318
593.56	86.228
593.76	86.122
593.96	85.967
594.16	85.814
594.36	85.635
594.56	85.435
594.76	85.210
594.96	84.976
595.16	84.705
595.36	84.426
595.56	84.120
595.76	83.787
595.96	83.437
596.16	83.089
596.36	82.718
596.56	82.345
596.76	81.941
596.96	81.533
597.16	81.119
597.36	80.709
597.56	80.280
597.76	79.836
597.96	79.391
598.16	78.948
598.36	78.500
598.56	78.044
598.76	77.597
598.96	77.160
599.16	76.717
599.36	76.306
599.56	75.890
599.76	75.478
599.96	75.086
600.15	74.702
600.35	74.331
600.55	73.974
600.75	73.613
600.95	73.282
601.15	72.953
601.35	72.635
601.55	72.336
601.75	72.072
601.95	71.820
602.15	71.596
602.35	71.372
602.55	71.181
602.75	71.016
602.95	70.862
603.15	70.720
603.35	70.618
603.55	70.525
603.75	70.449
603.95	70.407
604.15	70.390
604.35	70.401
604.54	70.426
604.74	70.494
604.94	70.576
605.14	70.672
605.34	70.800
605.54	70.961
605.74	71.146
605.94	71.337
606.14	71.558
606.34	71.791
606.54	72.055
606.74	72.339
606.94	72.633
607.14	72.953
607.33	73.299
607.53	73.642
607.73	73.995
607.93	74.357
608.13	74.734
608.33	75.122
608.53	75.503
608.73	75.908
608.93	76.293
609.13	76.697
609.33	77.114
609.52	77.532
609.72	77.940
609.92	78.343
610.12	78.755
610.32	79.162
610.52	79.581
610.72	79.977
610.92	80.370
611.12	80.762
611.31	81.146
611.51	81.516
611.71	81.880
611.91	82.250
612.11	82.619
612.31	82.971
612.51	83.297
612.71	83.627
612.91	83.922
613.10	84.221
613.30	84.525
613.50	84.795
613.70	85.045
613.90	85.270
614.10	85.478
614.30	85.654
614.50	85.823
614.69	85.949
614.89	86.075
615.09	86.179
615.29	86.264
615.49	86.327
615.69	86.367
615.89	86.392
616.08	86.395
616.28	86.370
616.48	86.326
616.68	86.258
616.88	86.173
617.08	86.067
617.27	85.953
617.47	85.804
617.67	85.634
617.87	85.444
618.07	85.250
618.27	85.040
618.47	84.826
618.66	84.583
618.86	84.335
619.06	84.058
619.26	83.776
619.46	83.479
619.66	83.156
619.85	82.823
620.05	82.477
620.25	82.103
620.45	81.735
620.65	81.350
620.84	80.987
621.04	80.603
621.24	80.235
621.44	79.829
621.64	79.406
621.84	79.005
622.03	78.598
622.23	78.194
622.43	77.788
622.63	77.385
622.83	76.980
623.02	76.581
623.22	76.195
623.42	75.790
623.62	75.404
623.82	75.036
624.01	74.665
624.21	74.301
624.41	73.961
624.61	73.631
624.81	73.322
625.00	73.000
625.20	72.697
625.40	72.401
625.60	72.131
625.79	71.887
625.99	71.660
626.19	71.438
626.39	71.235
626.59	71.047
626.78	70.890
626.98	70.747
627.18	70.616
627.38	70.512
627.57	70.452
627.77	70.392
627.97	70.348
628.17	70.341
628.37	70.346
628.56	70.386
628.76	70.430
628.96	70.490
629.16	70.572
629.35	70.699
629.55	70.832
629.75	70.986
629.95	71.161
630.14	71.341
630.34	71.556
630.54	71.780
630.74	72.016
630.93	72.269
631.13	72.532
631.33	72.805
631.53	73.074
631.72	73.358
631.92	73.669
632.12	74.000
632.31	74.325
632.51	74.686
632.71	75.039
632.91	75.394
633.10	75.765
633.30	76.155
633.50	76.517
633.70	76.907
633.89	77.290
634.09	77.684
634.29	78.077
634.48	78.466
634.68	78.872
634.88	79.273
635.08	79.676
635.27	80.088
635.47	80.493
635.67	80.905
635.86	81.309
636.06	81.698
636.26	82.059
636.46	82.430
636.65	82.780
636.85	83.141
637.05	83.491
637.24	83.812
637.44	84.128
637.64	84.439
637.83	84.743
638.03	85.042
638.23	85.298
638.43	85.557
638.62	85.789
638.82	85.991
639.02	86.193
639.21	86.367
639.41	86.518
639.61	86.676
639.80	86.813
640.00	86.928
640.20	87.050
640.39	87.164
640.59	87.247
640.79	87.316
640.98	87.349
641.18	87.379
641.38	87.404
641.57	87.391
641.77	87.360
641.97	87.300
642.16	87.229
642.36	87.154
642.56	87.057
642.75	86.962
642.95	86.837
643.15	86.696
643.34	86.554
643.54	86.393
643.74	86.196
643.93	85.992
644.13	85.752
644.33	85.489
644.52	85.226
644.72	84.962
644.91	84.680
645.11	84.375
645.31	84.068
645.50	83.760
645.70	83.446
645.90	83.129
646.09	82.792
646.29	82.441
646.48	82.086
646.68	81.714
646.88	81.343
647.07	80.973
647.27	80.596
647.47	80.207
647.66	79.828
647.86	79.441
648.05	79.064
648.25	78.695
648.45	78.323
648.64	77.937
648.84	77.567
649.04	77.185
649.23	76.813
649.43	76.449
649.62	76.079
649.82	75.710
650.02	75.355
650.21	75.014
650.41	74.699
650.60	74.388
650.80	74.108
651.00	73.804
651.19	73.531
651.39	73.265
651.58	73.008
651.78	72.773
651.97	72.570
652.17	72.362
652.37	72.165
652.56	72.003
652.76	71.849
652.95	71.706
653.15	71.607
653.35	71.510
653.54	71.422
653.74	71.343
653.93	71.291
654.13	71.258
654.32	71.229
654.52	71.198
654.72	71.204
654.91	71.220
655.11	71.268
655.30	71.335
655.50	71.417
655.69	71.516
655.89	71.617
656.08	71.727
656.28	71.865
656.48	72.024
656.67	72.188
656.87	72.371
657.06	72.556
657.26	72.749
657.45	72.971
657.65	73.211
657.84	73.474
658.04	73.734
658.23	74.014
658.43	74.315
658.62	74.632
658.82	74.945
659.02	75.266
659.21	75.608
659.41	75.940
659.60	76.285
659.80	76.640
659.99	77.022
660.19	77.394
660.38	77.776
660.58	78.145
660.77	78.531
660.97	78.902
661.16	79.281
661.36	79.652
661.55	80.037
661.75	80.418
661.94	80.788
662.14	81.173
662.33	81.555
662.53	81.929
662.72	82.298
662.92	82.659
663.11	83.006
663.31	83.359
663.50	83.711
663.70	84.066
663.89	84.408
664.09	84.724
664.28	85.053
664.48	85.357
664.67	85.675
664.87	85.958
665.06	86.249
665.26	86.521
665.45	86.787
665.65	87.035
665.84	87.284
666.04	87.514
666.23	87.705
666.43	87.879
666.62	88.044
666.82	88.196
667.01	88.337
667.21	88.470
667.40	88.573
667.59	88.683
667.79	88.753
667.98	88.797
668.18	88.831
668.37	88.844
668.57	88.872
668.76	88.867
668.96	88.840
669.15	88.804
669.35	88.774
669.54	88.709
669.73	88.637
669.93	88.545
670.12	88.451
670.32	88.369
670.51	88.255
670.71	88.128
670.90	87.995
671.10	87.848
671.29	87.677
671.48	87.489
671.68	87.285
671.87	87.081
672.07	86.861
672.26	86.668
672.46	86.436
672.65	86.184
672.84	85.922
673.04	85.668
673.23	85.398
673.43	85.107
673.62	84.828
673.82	84.535
674.01	84.205
674.20	83.887
674.40	83.545
674.59	83.215
674.79	82.890
674.98	82.545
675.17	82.202
675.37	81.867
675.56	81.528
675.76	81.179
675.95	80.810
676.14	80.467
676.34	80.087
676.53	79.734
676.73	79.368
676.92	79.002
677.11	78.642
677.31	78.280
677.50	77.936
677.70	77.582
677.89	77.226
678.08	76.906
678.28	76.582
678.47	76.275
678.66	75.975
678.86	75.678
679.05	75.387
679.25	75.112
679.44	74.848
679.63	74.606
679.83	74.363
680.02	74.148
680.21	73.936
680.41	73.736
680.60	73.531
680.79	73.348
680.99	73.180
681.18	73.008
681.38	72.864
681.57	72.743
681.76	72.642
681.96	72.555
682.15	72.468
682.34	72.386
682.54	72.316
682.73	72.271
682.92	72.226
683.12	72.215
683.31	72.218
683.50	72.227
683.70	72.252
683.89	72.278
684.08	72.330
684.28	72.395
684.47	72.474
684.66	72.578
684.86	72.695
685.05	72.831
685.24	72.987
685.44	73.144
685.63	73.306
685.82	73.487
686.02	73.672
686.21	73.897
686.40	74.125
686.60	74.378
686.79	74.634
686.98	74.899
687.18	75.173
687.37	75.447
687.56	75.725
687.75	76.017
687.95	76.322
688.14	76.624
688.33	76.947
688.53	77.272
688.72	77.618
688.91	77.961
689.11	78.298
689.30	78.670
689.49	79.041
689.68	79.409
689.88	79.768
690.07	80.131
690.26	80.477
690.46	80.842
690.65	81.187
690.84	81.540
691.03	81.907
691.23	82.264
691.42	82.621
691.61	82.984
691.80	83.326
692.00	83.675
692.19	84.008
692.38	84.339
692.58	84.674
692.77	84.992
692.96	85.299
693.15	85.615
693.35	85.903
693.54	86.208
693.73	86.512
693.92	86.791
694.12	87.081
694.31	87.344
694.50	87.625
694.69	87.871
694.89	88.111
695.08	88.328
695.27	88.563
695.46	88.769
695.66	88.977
695.85	89.183
696.04	89.377
696.23	89.587
696.43	89.768
696.62	89.915
696.81	90.053
697.00	90.197
697.19	90.324
697.39	90.427
697.58	90.512
697.77	90.573
697.96	90.652
698.16	90.698
698.35	90.768
698.54	90.789
698.73	90.835
698.92	90.832
699.12	90.834
699.31	90.807
699.50	90.784
699.69	90.748
699.89	90.691
700.08	90.628
700.27	90.535
700.46	90.448
700.65	90.345
700.85	90.255
701.04	90.133
701.23	89.987
701.42	89.842
701.61	89.685
701.81	89.514
702.00	89.326
702.19	89.138
702.38	88.916
702.57	88.705
702.76	88.459
702.96	88.234
703.15	87.989
703.34	87.727
703.53	87.457
703.72	87.158
703.92	86.856
704.11	86.555
704.30	86.240
704.49	85.925
704.68	85.619
704.87	85.272
705.07	84.938
705.26	84.613
705.45	84.308
705.64	83.970
705.83	83.659
706.02	83.330
706.21	83.012
706.41	82.684
706.60	82.338
706.79	82.016
706.98	81.695
707.17	81.356
707.36	81.032
707.56	80.725
707.75	80.420
707.94	80.117
708.13	79.817
708.32	79.535
708.51	79.238
708.70	78.965
708.89	78.685
709.09	78.410
709.28	78.147
709.47	77.847
709.66	77.568
709.85	77.294
710.04	77.025
710.23	76.746
710.42	76.512
710.62	76.273
710.81	76.017
711.00	75.775
711.19	75.564
711.38	75.348
711.57	75.124
711.76	74.921
711.95	74.748
712.15	74.582
712.34	74.418
712.53	74.266
712.72	74.116
712.91	74.009
713.10	73.898
713.29	73.797
713.48	73.708
713.67	73.653
713.86	73.612
714.05	73.570
714.25	73.542
714.44	73.500
714.63	73.491
714.82	73.517
715.01	73.545
715.20	73.602
715.39	73.649
715.58	73.721
715.77	73.809
715.96	73.897
716.15	73.983
716.34	74.067
716.54	74.177
716.73	74.303
716.92	74.419
717.11	74.558
717.30	74.713
717.49	74.886
717.68	75.068
717.87	75.222
718.06	75.431
718.25	75.655
718.44	75.887
718.63	76.127
718.82	76.362
719.01	76.605
719.20	76.851
719.39	77.119
719.58	77.385
719.77	77.645
719.96	77.900
720.16	78.171
720.35	78.469
720.54	78.758
720.73	79.055
720.92	79.358
721.11	79.682
721.30	79.990
721.49	80.306
721.68	80.626
721.87	80.976
722.06	81.300
722.25	81.624
722.44	81.952
722.63	82.270
722.82	82.582
723.01	82.890
723.20	83.189
723.39	83.503
723.58	83.847
723.77	84.186
723.96	84.530
724.15	84.880
724.34	85.211
724.53	85.543
724.72	85.845
724.91	86.175
725.10	86.502
725.29	86.808
725.48	87.141
725.67	87.420
725.86	87.684
726.05	87.962
726.24	88.229
726.43	88.484
726.62	88.743
726.81	89.028
727.00	89.290
727.19	89.565
727.38	89.820
727.57	90.040
727.76	90.257
727.95	90.465
728.14	90.646
728.33	90.832
728.52	91.008
728.71	91.181
728.90	91.338
729.09	91.462
729.28	91.580
729.47	91.681
729.65	91.799
729.84	91.918
730.03	92.018
730.22	92.111
730.41	92.205
730.60	92.291
730.79	92.326
730.98	92.377
731.17	92.425
731.36	92.440
731.55	92.434
731.74	92.432
731.93	92.417
732.12	92.398
732.31	92.381
732.50	92.370
732.69	92.357
732.88	92.296
733.06	92.230
733.25	92.177
733.44	92.113
733.63	92.018
733.82	91.917
734.01	91.785
734.20	91.655
734.39	91.501
734.58	91.353
734.77	91.216
734.96	91.047
735.15	90.856
735.33	90.666
735.52	90.493
735.71	90.293
735.90	90.081
736.09	89.855
736.28	89.603
736.47	89.345
736.66	89.076
736.85	88.821
737.04	88.536
737.23	88.262
737.41	87.963
737.60	87.704
737.79	87.401
737.98	87.121
738.17	86.832
738.36	86.572
738.55	86.289
738.74	86.010
738.92	85.719
739.11	85.437
739.30	85.132
739.49	84.818
739.68	84.526
739.87	84.256
740.06	83.985
740.25	83.687
740.43	83.406
740.62	83.112
740.81	82.807
741.00	82.538
741.19	82.234
741.38	81.935
741.57	81.626
741.75	81.351
741.94	81.055
742.13	80.758
742.32	80.439
742.51	80.143
742.70	79.852
742.89	79.579
743.07	79.289
743.26	79.018
743.45	78.724
743.64	78.463
743.83	78.182
744.02	77.877
744.20	77.625
744.39	77.371
744.58	77.135
744.77	76.915
744.96	76.711
745.15	76.536
745.33	76.368
745.52	76.201
745.71	76.031
745.90	75.875
746.09	75.741
746.28	75.617
746.46	75.468
746.65	75.324
746.84	75.202
747.03	75.086
747.22	74.988
747.40	74.923
747.59	74.836
747.78	74.766
747.97	74.748
748.16	74.715
748.34	74.663
748.53	74.636
748.72	74.622
748.91	74.592
749.10	74.567
749.28	74.567
749.47	74.590
749.66	74.607
749.85	74.617
750.04	74.640
750.22	74.666
750.41	74.724
750.60	74.797
750.79	74.847
750.97	74.921
751.16	75.017
751.35	75.101
751.54	75.190
751.73	75.309
751.91	75.413
752.10	75.562
752.29	75.695
752.48	75.855
752.66	76.018
752.85	76.189
753.04	76.366
753.23	76.564
753.41	76.734
753.60	76.945
753.79	77.171
753.98	77.381
754.16	77.605
754.35	77.831
754.54	78.054
754.73	78.318
754.91	78.579
755.10	78.834
755.29	79.109
755.48	79.369
755.66	79.638
755.85	79.914
756.04	80.166
756.22	80.460
756.41	80.722
756.60	80.993
756.79	81.290
756.97	81.584
757.16	81.836
757.35	82.130
757.54	82.419
757.72	82.708
757.91	83.010
758.10	83.309
758.28	83.599
758.47	83.890
758.66	84.199
758.85	84.493
759.03	84.794
759.22	85.092
759.41	85.404
759.59	85.706
759.78	86.004
759.97	86.285
760.15	86.558
760.34	86.869
760.53	87.148
760.71	87.402
760.90	87.694
761.09	87.975
761.28	88.252
761.46	88.511
761.65	88.773
761.84	89.043
762.02	89.309
762.21	89.593
762.40	89.832
762.58	90.046
762.77	90.267
762.96	90.496
763.14	90.730
763.33	90.940
763.52	91.117
763.70	91.282
763.89	91.471
764.08	91.660
764.26	91.795
764.45	91.966
764.64	92.140
764.82	92.263
765.01	92.392
765.20	92.495
765.38	92.616
765.57	92.700
765.75	92.785
765.94	92.840
766.13	92.913
766.31	92.999
766.50	93.059
766.69	93.148
766.87	93.222
767.06	93.260
767.25	93.313
767.43	93.384
767.62	93.456
767.80	93.496
767.99	93.510
768.18	93.515
768.36	93.510
768.55	93.494
768.74	93.475
768.92	93.456
769.11	93.462
769.29	93.423
769.48	93.410
769.67	93.347
769.85	93.316
770.04	93.198
770.22	93.099
770.41	92.973
770.60	92.824
770.78	92.656
770.97	92.506
771.15	92.359
771.34	92.170
771.53	92.003
771.71	91.832
771.90	91.676
772.08	91.564
772.27	91.401
772.46	91.205
772.64	91.012
772.83	90.813
773.01	90.558
773.20	90.327
773.39	90.101
773.57	89.870
773.76	89.627
773.94	89.434
774.13	89.194
774.31	88.952
774.50	88.736
774.68	88.487
774.87	88.240
775.06	87.941
775.24	87.677
775.43	87.382
775.61	87.091
775.80	86.804
775.98	86.485
776.17	86.174
776.36	85.879
776.54	85.588
776.73	85.283
776.91	85.005
777.10	84.719
777.28	84.399
777.47	84.109
777.65	83.807
777.84	83.497
778.02	83.217
778.21	82.937
778.39	82.623
778.58	82.343
778.77	82.063
778.95	81.817
779.14	81.562
779.32	81.313
779.51	81.072
779.69	80.802
779.88	80.556
780.06	80.315
780.25	80.067
780.43	79.813
780.62	79.588
780.80	79.350
780.99	79.106
781.17	78.874
781.36	78.633
781.54	78.409
781.73	78.150
781.91	77.925
782.10	77.719
782.28	77.509
782.47	77.301
782.65	77.076
782.84	76.861
783.02	76.669
783.21	76.491
783.39	76.308
783.58	76.145
783.76	75.953
783.95	75.794
784.13	75.675
784.32	75.546
784.50	75.406
784.69	75.307
784.87	75.208
785.05	75.122
785.24	75.042
785.42	74.976
785.61	74.919
785.79	74.868
785.98	74.823
786.16	74.769
786.35	74.746
786.53	74.728
786.72	74.698
786.90	74.678
787.09	74.643
787.27	74.641
787.45	74.654
787.64	74.674
787.82	74.680
788.01	74.686
788.19	74.721
788.38	74.755
788.56	74.736
788.75	74.785
788.93	74.845
789.11	74.877
789.30	74.912
789.48	74.980
789.67	75.051
789.85	75.114
790.04	75.231
790.22	75.326
790.40	75.439
790.59	75.545
790.77	75.660
790.96	75.809
791.14	75.948
791.32	76.076
791.51	76.221
791.69	76.382
791.88	76.551
792.06	76.720
792.25	76.880
792.43	77.101
792.61	77.283
792.80	77.447
792.98	77.666
793.17	77.863
793.35	78.036
793.53	78.235
793.72	78.472
793.90	78.676
794.08	78.881
794.27	79.097
794.45	79.343
794.64	79.567
794.82	79.788
795.00	79.981
795.19	80.217
795.37	80.445
795.55	80.630
795.74	80.864
795.92	81.101
796.11	81.368
796.29	81.616
796.47	81.851
796.66	82.083
796.84	82.350
797.02	82.623
797.21	82.910
797.39	83.170
797.58	83.419
797.76	83.662
797.94	83.933
798.13	84.200
798.31	84.483
798.49	84.735
798.68	84.986
798.86	85.288
799.04	85.529
799.23	85.793
799.41	86.075
799.59	86.320
799.78	86.524
799.96	86.754
800.14	86.992
800.33	87.240
800.51	87.506
800.69	87.701
800.88	87.932
801.06	88.174
801.24	88.365
801.43	88.567
801.61	88.755
801.79	88.933
801.98	89.108
802.16	89.295
802.34	89.496
802.52	89.689
802.71	89.826
802.89	90.015
803.07	90.178
803.26	90.330
803.44	90.457
803.62	90.617
803.81	90.748
803.99	90.843
804.17	90.936
804.35	91.026
804.54	91.111
804.72	91.218
804.90	91.303
805.09	91.430
805.27	91.544
805.45	91.650
805.63	91.727
805.82	91.808
806.00	91.812
806.18	91.856
806.37	91.911
806.55	91.929
806.73	91.959
806.91	91.974
807.10	92.006
807.28	92.030
807.46	92.050
807.64	92.055
807.83	92.062
808.01	92.064
808.19	92.007
808.37	91.969
808.56	91.903
808.74	91.849
808.92	91.783
809.10	91.677
809.29	91.625
809.47	91.557
809.65	91.432
809.83	91.386
810.02	91.280
810.20	91.179
810.38	91.092
810.56	90.969
810.75	90.883
810.93	90.778
811.11	90.663
811.29	90.541
811.47	90.412
811.66	90.259
811.84	90.120
812.02	90.056
812.20	89.943
812.39	89.828
812.57	89.692
812.75	89.565
812.93	89.466
813.11	89.309
813.30	89.175
813.48	89.073
813.66	88.905
813.84	88.756
814.02	88.581
814.21	88.433
814.39	88.234
814.57	88.041
814.75	87.840
814.93	87.641
815.12	87.422
815.30	87.209
815.48	87.007
815.66	86.785
815.84	86.525
816.03	86.280
816.21	86.002
816.39	85.758
816.57	85.452
816.75	85.146
816.93	84.855
817.12	84.547
817.30	84.233
817.48	83.930
817.66	83.663
817.84	83.399
818.02	83.145
818.21	82.867
818.39	82.608
818.57	82.326
818.75	82.101
818.93	81.845
819.11	81.582
819.30	81.332
819.48	81.095
819.66	80.877
819.84	80.677
820.02	80.450
820.20	80.215
820.38	79.990
820.57	79.774
820.75	79.589
820.93	79.385
821.11	79.183
821.29	79.005
821.47	78.783
821.65	78.563
821.83	78.334
822.02	78.140
822.20	77.923
822.38	77.760
822.56	77.509
822.74	77.286
822.92	77.036
823.10	76.825
823.28	76.579
823.46	76.343
823.65	76.100
823.83	75.895
824.01	75.680
824.19	75.470
824.37	75.257
824.55	75.011
824.73	74.815
824.91	74.610
825.09	74.403
825.27	74.213
825.46	74.001
825.64	73.794
825.82	73.631
826.00	73.436
826.18	73.258
826.36	73.109
826.54	72.976
826.72	72.900
826.90	72.789
827.08	72.701
827.26	72.609
827.44	72.506
827.63	72.405
827.81	72.333
827.99	72.287
828.17	72.222
828.35	72.171
828.53	72.112
828.71	72.095
828.89	72.054
829.07	72.030
829.25	72.003
829.43	72.016
829.61	71.988
829.79	71.982
829.97	71.977
830.15	71.946
830.33	71.947
830.51	71.927
830.69	71.931
830.87	71.890
831.06	71.904
831.24	71.918
831.42	71.937
831.60	71.934
831.78	71.963
831.96	72.015
832.14	72.085
832.32	72.151
832.50	72.186
832.68	72.229
832.86	72.260
833.04	72.354
833.22	72.401
833.40	72.490
833.58	72.558
833.76	72.626
833.94	72.749
834.12	72.861
834.30	72.979
834.48	73.076
834.66	73.239
834.84	73.334
835.02	73.480
835.20	73.629
835.38	73.790
835.56	73.945
835.74	74.112
835.92	74.274
836.10	74.424
836.28	74.584
836.46	74.771
836.64	74.947
836.82	75.087
837.00	75.253
837.18	75.423
837.36	75.624
837.54	75.807
837.72	75.991
837.90	76.182
838.08	76.372
838.26	76.562
838.43	76.737
838.61	76.940
838.79	77.140
838.97	77.338
839.15	77.535
839.33	77.722
839.51	77.870
839.69	78.046
839.87	78.245
840.05	78.468
840.23	78.662
840.41	78.864
840.59	79.033
840.77	79.246
840.95	79.421
841.13	79.594
841.31	79.762
841.49	79.919
841.67	80.058
841.84	80.238
842.02	80.374
842.20	80.570
842.38	80.711
842.56	80.855
842.74	81.007
842.92	81.121
843.10	81.265
843.28	81.459
843.46	81.603
843.64	81.703
843.82	81.843
843.99	81.971
844.17	82.147
844.35	82.384
844.53	82.552
844.71	82.757
844.89	82.890
845.07	83.089
845.25	83.288
845.43	83.481
845.61	83.643
845.78	83.871
845.96	84.044
846.14	84.250
846.32	84.448
846.50	84.616
846.68	84.851
846.86	85.031
847.04	85.195
847.22	85.303
847.39	85.493
847.57	85.614
847.75	85.748
847.93	85.813
848.11	85.918
848.29	86.059
848.47	86.124
848.65	86.267
848.82	86.327
849.00	86.407
849.18	86.460
849.36	86.503
849.54	86.569
849.72	86.571
849.89	86.627
850.07	86.698
850.25	86.711
850.43	86.688
850.61	86.689
850.79	86.652
850.97	86.735
851.14	86.759
851.32	86.755
851.50	86.776
851.68	86.843
851.86	86.902
852.04	86.880
852.21	86.928
852.39	86.950
852.57	87.023
852.75	87.036
852.93	87.047
853.10	87.043
853.28	87.003
853.46	87.009
853.64	86.951
853.82	86.870
854.00	86.894
854.17	86.848
854.35	86.777
854.53	86.751
854.71	86.665
854.89	86.559
855.06	86.535
855.24	86.489
855.42	86.406
855.60	86.263
855.78	86.172
855.95	86.052
856.13	85.951
856.31	85.775
856.49	85.631
856.66	85.540
856.84	85.392
857.02	85.326
857.20	85.254
857.38	85.101
857.55	84.971
857.73	84.756
857.91	84.660
858.09	84.506
858.26	84.361
858.44	84.232
858.62	84.104
858.80	83.926
858.97	83.757
859.15	83.574
859.33	83.362
859.51	83.201
859.68	83.022
859.86	82.825
860.04	82.639
860.22	82.440
860.39	82.239
860.57	82.027
860.75	81.759
860.93	81.527
861.10	81.398
861.28	81.222
861.46	81.011
861.64	80.807
861.81	80.660
861.99	80.450
862.17	80.223
862.35	80.026
862.52	79.861
862.70	79.654
862.88	79.484
863.05	79.284
863.23	79.062
863.41	78.865
863.59	78.649
863.76	78.491
863.94	78.295
864.12	78.097
864.29	77.932
864.47	77.712
864.65	77.519
864.83	77.252
865.00	77.014
865.18	76.847
865.36	76.652
865.53	76.438
865.71	76.285
865.89	76.083
866.06	75.865
866.24	75.615
866.42	75.401
866.59	75.167
866.77	75.002
866.95	74.800
867.12	74.541
867.30	74.372
867.48	74.127
867.65	73.927
867.83	73.707
868.01	73.521
868.18	73.319
868.36	73.112
868.54	72.944
868.71	72.787
868.89	72.629
869.07	72.431
869.24	72.249
869.42	72.034
869.60	71.872
869.77	71.743
869.95	71.584
870.13	71.422
870.30	71.300
870.48	71.097
870.66	70.937
870.83	70.836
871.01	70.628
871.18	70.501
871.36	70.355
871.54	70.201
871.71	70.059
871.89	69.964
872.07	69.783
872.24	69.653
872.42	69.542
872.59	69.404
872.77	69.278
872.95	69.162
873.12	69.017
873.30	68.877
873.48	68.758
873.65	68.647
873.83	68.534
874.00	68.394
874.18	68.314
874.36	68.247
874.53	68.160
874.71	68.089
874.88	68.006
875.06	67.959
875.24	67.946
875.41	67.888
875.59	67.835
875.76	67.853
875.94	67.796
876.11	67.687
876.29	67.588
876.47	67.540
876.64	67.482
876.82	67.428
876.99	67.389
877.17	67.338
877.35	67.309
877.52	67.274
877.70	67.232
877.87	67.216
878.05	67.195
878.22	67.185
878.40	67.204
878.57	67.191
878.75	67.153
878.93	67.097
879.10	67.085
879.28	67.095
879.45	67.081
879.63	67.061
879.80	67.055
879.98	67.097
880.15	67.121
880.33	67.167
880.50	67.215
880.68	67.310
880.86	67.371
881.03	67.434
881.21	67.515
881.38	67.599
881.56	67.750
881.73	67.796
881.91	67.849
882.08	67.912
882.26	68.036
882.43	68.148
882.61	68.313
882.78	68.434
882.96	68.562
883.13	68.683
883.31	68.823
883.48	69.015
883.66	69.177
883.83	69.322
884.01	69.441
884.18	69.657
884.36	69.810
884.53	69.934
884.71	70.089
884.88	70.197
885.06	70.354
885.23	70.422
885.41	70.582
885.58	70.705
885.76	70.880
885.93	70.978
886.11	71.160
886.28	71.270
886.46	71.400
886.63	71.527
886.81	71.649
886.98	71.843
887.15	71.949
887.33	72.111
887.50	72.300
887.68	72.461
887.85	72.556
888.03	72.674
888.20	72.847
888.38	72.995
888.55	73.169
888.73	73.260
888.90	73.398
889.08	73.535
889.25	73.657
889.42	73.778
889.60	73.948
889.77	74.031
889.95	74.176
890.12	74.275
890.30	74.369
890.47	74.464
890.64	74.585
890.82	74.735
890.99	74.853
891.17	74.948
891.34	75.058
891.52	75.175
891.69	75.312
891.86	75.431
892.04	75.547
892.21	75.709
892.39	75.946
892.56	76.120
892.73	76.216
892.91	76.371
893.08	76.585
893.26	76.697
893.43	76.869
893.60	76.976
893.78	77.150
893.95	77.320
894.13	77.571
894.30	77.729
894.47	77.925
894.65	78.065
894.82	78.240
895.00	78.390
895.17	78.571
895.34	78.755
895.52	78.941
895.69	79.064
895.86	79.204
896.04	79.244
896.21	79.403
896.39	79.600
896.56	79.782
896.73	79.789
896.91	79.849
897.08	79.947
897.25	80.128
897.43	80.177
897.60	80.278
897.77	80.281
897.95	80.290
898.12	80.309
898.30	80.414
898.47	80.428
898.64	80.499
898.82	80.519
898.99	80.505
899.16	80.506
899.34	80.508
899.51	80.431
899.68	80.421
899.86	80.373
900.03	80.305
900.20	80.261
900.38	80.299
900.55	80.397
900.72	80.343
900.90	80.277
901.07	80.393
901.24	80.371
901.41	80.396
901.59	80.415
901.76	80.418
901.93	80.379
902.11	80.328
902.28	80.334
902.45	80.443
902.63	80.492
902.80	80.466
902.97	80.473
903.15	80.575
903.32	80.649
903.49	80.655
903.66	80.717
903.84	80.746
904.01	80.743
904.18	80.726
904.36	80.761
904.53	80.737
904.70	80.677
904.87	80.682
905.05	80.608
905.22	80.639
905.39	80.606
905.56	80.546
905.74	80.525
905.91	80.430
906.08	80.310
906.26	80.216
906.43	80.128
906.60	80.045
906.77	79.887
906.95	79.787
907.12	79.670
907.29	79.508
907.46	79.476
907.64	79.381
907.81	79.272
907.98	79.099
908.15	79.011
908.33	78.889
908.50	78.762
908.67	78.679
908.84	78.536
909.01	78.392
909.19	78.306
909.36	78.190
909.53	78.063
909.70	77.834
909.88	77.736
910.05	77.579
910.22	77.498
910.39	77.388
910.57	77.295
910.74	77.222
910.91	77.168
911.08	76.964
911.25	76.819
911.43	76.689
911.60	76.573
911.77	76.423
911.94	76.204
912.11	76.033
912.29	75.833
912.46	75.602
912.63	75.395
912.80	75.176
912.97	74.982
913.15	74.837
913.32	74.716
913.49	74.504
913.66	74.419
913.83	74.195
914.00	73.978
914.18	73.773
914.35	73.561
914.52	73.296
914.69	73.074
914.86	72.868
915.03	72.660
915.21	72.525
915.38	72.318
915.55	72.233
915.72	72.056
915.89	71.930
916.06	71.845
916.24	71.772
916.41	71.611
916.58	71.490
916.75	71.287
916.92	71.099
917.09	70.894
917.26	70.632
917.44	70.426
917.61	70.303
917.78	70.079
917.95	69.932
918.12	69.743
918.29	69.652
918.46	69.455
918.64	69.294
918.81	69.148
918.98	69.005
919.15	68.821
919.32	68.682
919.49	68.439
919.66	68.232
919.83	68.023
920.00	67.844
920.18	67.691
920.35	67.648
920.52	67.544
920.69	67.491
920.86	67.449
921.03	67.348
921.20	67.194
921.37	67.080
921.54	66.827
921.71	66.721
921.89	66.545
922.06	66.480
922.23	66.339
922.40	66.188
922.57	65.978
922.74	65.857
922.91	65.766
923.08	65.696
923.25	65.585
923.42	65.483
923.59	65.445
923.76	65.237
923.93	65.029
924.11	64.839
924.28	64.683
924.45	64.556
924.62	64.531
924.79	64.435
924.96	64.270
925.13	64.218
925.30	64.104
925.47	63.932
925.64	63.838
925.81	63.769
925.98	63.708
926.15	63.686
926.32	63.528
926.49	63.409
926.66	63.310
926.83	63.205
927.00	63.164
927.17	63.019
927.34	63.052
927.51	63.000
927.69	63.030
927.86	62.990
928.03	62.858
928.20	62.798
928.37	62.693
928.54	62.724
928.71	62.686
928.88	62.714
929.05	62.740
929.22	62.709
929.39	62.668
929.56	62.599
929.73	62.543
929.90	62.603
930.07	62.596
930.24	62.571
930.41	62.574
930.58	62.617
930.75	62.686
930.92	62.622
931.09	62.607
931.26	62.575
931.43	62.532
931.60	62.545
931.77	62.480
931.94	62.556
932.11	62.582
932.27	62.599
932.44	62.609
932.61	62.636
932.78	62.584
932.95	62.658
933.12	62.600
933.29	62.635
933.46	62.622
933.63	62.551
933.80	62.556
933.97	62.569
934.14	62.544
934.31	62.494
934.48	62.544
934.65	62.556
934.82	62.608
934.99	62.653
935.16	62.695
935.33	62.767
935.50	62.886
935.67	62.955
935.84	63.000
936.00	62.995
936.17	63.063
936.34	63.196
936.51	63.191
936.68	63.274
936.85	63.291
937.02	63.396
937.19	63.467
937.36	63.596
937.53	63.611
937.70	63.696
937.87	63.776
938.03	63.785
938.20	63.853
938.37	63.937
938.54	64.012
938.71	64.091
938.88	64.200
939.05	64.120
939.22	64.074
939.39	64.166
939.56	64.342
939.72	64.381
939.89	64.416
940.06	64.486
940.23	64.555
940.40	64.668
940.57	64.805
940.74	64.965
940.91	65.036
941.08	65.206
941.24	65.273
941.41	65.441
941.58	65.667
941.75	65.826
941.92	65.973
942.09	66.087
942.26	66.185
942.42	66.245
942.59	66.477
942.76	66.831
942.93	66.993
943.10	67.030
943.27	67.233
943.44	67.380
943.60	67.569
943.77	67.567
943.94	67.777
944.11	67.815
944.28	67.892
944.45	68.019
944.61	68.107
944.78	68.141
944.95	68.179
945.12	68.361
945.29	68.468
945.46	68.435
945.62	68.485
945.79	68.667
945.96	68.971
946.13	69.132
946.30	69.125
946.46	69.270
946.63	69.383
946.80	69.492
946.97	69.684
947.14	69.772
947.31	70.306
947.47	70.553
947.64	70.754
947.81	70.937
947.98	71.148
948.15	71.263
948.31	71.509
948.48	71.698
948.65	71.724
948.82	71.871
948.98	72.030
949.15	72.337
949.32	72.423
949.49	72.402
949.66	72.457
949.82	72.533
949.99	72.675
950.16	72.813
950.33	72.789
950.49	72.859
950.66	72.793
950.83	72.637
951.00	72.472
951.16	72.257
951.33	72.259
951.50	72.174
951.67	72.243
951.83	72.279
952.00	72.250
952.17	72.194
952.34	72.195
952.50	72.367
952.67	72.328
952.84	72.381
953.01	72.332
953.17	72.351
953.34	72.476
953.51	72.416
953.68	72.313
953.84	72.319
954.01	72.260
954.18	72.250
954.34	72.291
954.51	72.361
954.68	72.546
954.85	72.586
955.01	72.755
955.18	73.006
955.35	72.786
955.51	72.798
955.68	72.931
955.85	73.136
956.02	73.014
956.18	73.029
956.35	72.982
956.52	73.046
956.68	73.060
956.85	72.935
957.02	72.954
957.18	73.018
957.35	72.996
957.52	73.098
957.69	73.226
957.85	73.283
958.02	73.191
958.19	73.075
958.35	73.086
958.52	72.801
958.69	72.496
958.85	72.654
959.02	72.736
959.19	72.476
959.35	72.320
959.52	72.383
959.69	72.418
959.85	72.450
960.02	72.454
960.19	72.364
960.35	72.317
960.52	72.260
960.68	72.223
960.85	72.346
961.02	72.078
961.18	72.059
961.35	71.872
961.52	71.913
961.68	71.974
961.85	71.857
962.02	71.999
962.18	72.040
962.35	71.818
962.51	71.668
962.68	71.729
962.85	71.644
963.01	71.343
963.18	71.211
963.35	70.824
963.51	70.647
963.68	70.629
963.84	70.369
964.01	70.398
964.18	70.232
964.34	69.951
964.51	69.825
964.67	69.594
964.84	69.518
965.01	69.305
965.17	68.992
965.34	69.032
965.50	68.748
965.67	68.687
965.84	68.713
966.00	68.854
966.17	68.936
966.33	68.797
966.50	68.705
966.66	68.711
966.83	68.786
967.00	68.687
967.16	68.504
967.33	68.474
967.49	68.297
967.66	68.495
967.82	68.374
967.99	68.554
968.16	68.575
968.32	68.507
968.49	68.257
968.65	68.445
968.82	68.303
968.98	68.376
969.15	68.028
969.31	67.754
969.48	67.432
969.64	67.136
969.81	67.098
969.98	67.065
970.14	66.624
970.31	66.625
970.47	66.381
970.64	66.186
970.80	66.270
970.97	65.778
971.13	65.482
971.30	65.375
971.46	65.158
971.63	64.916
971.79	64.970
971.96	65.035
972.12	64.817
972.29	64.409
972.45	64.303
972.62	64.380
972.78	64.434
972.95	64.051
973.11	63.786
973.28	63.665
973.44	63.697
973.61	63.994
973.77	63.788
973.94	63.803
974.10	63.913
974.27	63.848
974.43	64.101
974.60	64.051
974.76	63.980
974.93	63.936
975.09	63.800
975.26	63.493
975.42	63.400
975.59	63.177
975.75	63.494
975.92	63.411
976.08	62.830
976.24	62.697
976.41	62.542
976.57	62.675
976.74	62.564
976.90	62.212
977.07	61.751
977.23	61.722
977.40	61.568
977.56	60.995
977.73	60.618
977.89	60.408
978.05	59.994
978.22	59.880
978.38	59.580
978.55	59.372
978.71	59.197
978.88	59.266
979.04	59.214
979.20	58.994
979.37	58.869
979.53	58.949
979.70	59.041
979.86	59.349
980.03	59.101
980.19	59.022
980.35	59.046
980.52	58.880
980.68	58.961
980.85	58.981
981.01	59.137
981.17	59.144
981.34	58.975
981.50	58.918
981.67	58.944
981.83	58.814
981.99	58.765
982.16	58.629
982.32	57.799
982.49	57.825
982.65	57.721
982.81	57.833
982.98	57.864
983.14	57.713
983.30	57.304
983.47	57.232
983.63	57.002
983.80	56.813
983.96	56.605
984.12	56.990
984.29	57.043
984.45	57.180
984.61	56.957
984.78	57.141
984.94	57.420
985.10	57.840
985.27	57.688
985.43	58.198
985.59	58.542
985.76	59.097
985.92	59.252
986.08	59.589
986.25	59.134
986.41	59.639
986.57	59.218
986.74	59.530
986.90	59.602
987.06	59.473
987.23	59.486
987.39	59.268
987.55	58.292
987.72	58.076
987.88	57.340
988.04	57.684
988.21	58.105
988.37	57.878
988.53	57.158
988.70	57.589
988.86	56.939
989.02	56.539
989.19	56.123
989.35	56.150
989.51	55.362
989.67	55.322
989.84	54.807
990.00	54.805
990.16	55.092
990.33	55.204
990.49	55.684
990.65	55.868
990.82	56.378
990.98	56.462
991.14	56.470
991.30	57.345
991.47	56.809
991.63	56.746
991.79	57.724
991.95	58.088
992.12	58.130
992.28	58.480
992.44	58.816
992.61	59.076
992.77	59.145
992.93	59.790
993.09	59.984
993.26	60.312
993.42	60.860
993.58	60.309
993.74	60.063
993.91	59.618
994.07	59.406
994.23	59.621
994.39	59.727
994.55	59.864
994.72	59.307
994.88	59.491
995.04	58.992
995.20	58.506
995.37	58.039
995.53	58.060
995.69	57.943
995.85	57.316
996.02	57.542
996.18	57.888
996.34	57.566
996.50	57.695
996.66	58.652
996.83	58.205
996.99	57.654
997.15	58.338
997.31	58.289
997.47	58.569
997.64	58.445
997.80	58.908
997.96	59.641
998.12	60.062
998.28	61.104
998.45	61.882
998.61	61.773
998.77	61.639
998.93	62.041
999.09	63.124
999.25	63.675
999.42	64.620
999.58	64.158
999.74	63.930
999.90	63.665
1000.06	62.718
1000.22	62.979
1000.39	63.866
1000.55	63.593
1000.71	64.500
1000.87	64.337
1001.03	64.223
1001.19	64.170
1001.36	63.592
1001.52	62.965
1001.68	62.334
1001.84	62.717
1002.00	61.706
1002.16	62.009
1002.32	61.134
1002.49	59.474
1002.65	59.416
1002.81	58.902
1002.97	58.905
1003.13	59.016
1003.29	59.901
1003.45	59.714
1003.62	60.392
1003.78	60.205
1003.94	60.689
1004.10	59.817
1004.26	60.010
1004.42	60.006
1004.58	59.907
1004.74	60.222
1004.90	61.963
1005.07	61.911
1005.23	60.612
1005.39	62.120
1005.55	62.746
1005.71	62.610
1005.87	64.002
1006.03	64.532
1006.19	64.654
1006.35	64.131
1006.51	65.025
1006.67	64.910
1006.84	64.565
1007.00	64.192
1007.16	65.306
1007.32	63.581
1007.48	64.524
1007.64	66.004
1007.80	65.610
1007.96	64.702
1008.12	65.074
1008.28	63.390
1008.44	64.352
1008.60	64.841
1008.76	63.616
1008.92	62.212
1009.09	62.211
1009.25	61.875
1009.41	61.551
1009.57	62.249
1009.73	63.378
1009.89	63.958
1010.05	64.831
1010.21	66.638
1010.37	66.355
1010.53	67.778
1010.69	69.838
1010.85	69.283
1011.01	68.013
1011.17	67.418
1011.33	69.576
1011.49	69.992
1011.65	70.602
1011.81	70.431
1011.97	70.782
1012.13	73.310
1012.29	76.002
1012.45	77.724
1012.61	81.385
1012.77	78.799
1012.93	77.697
1013.09	76.507
1013.25	76.851
1013.41	77.523
1013.57	74.950
1013.73	74.303
1013.89	69.466
1014.05	71.450
1014.21	69.946
1014.37	67.825
1014.53	66.615
1014.69	66.384
1014.85	66.220
1015.01	68.527
1015.17	70.377
1015.33	71.676
1015.49	70.298
1015.65	71.709
1015.81	71.906
1015.97	68.331
1016.13	72.269
1016.29	71.690
1016.45	73.160
1016.61	73.825
1016.77	70.822
1016.93	71.572
1017.09	71.819
1017.25	73.777
1017.41	72.553
1017.56	74.661
1017.72	81.932
1017.88	83.755
1018.04	85.988
1018.20	84.782
1018.36	83.316
1018.52	81.489
1018.68	82.766
1018.84	84.263
1019.00	82.393
1019.16	84.057
1019.32	87.062
1019.48	87.453
1019.64	91.612
1019.79	88.642
1019.95	83.749
1020.11	89.220
1020.27	89.669
1020.43	95.266
1020.59	98.647
1020.75	96.040
1020.91	99.215
1021.07	91.181
1021.23	92.520
1021.39	87.083
1021.54	92.118
1021.70	90.838
1021.86	90.340
1022.02	87.417
1022.18	83.903
1022.34	87.212
1022.50	86.234
1022.66	83.897
1022.82	84.312
1022.97	83.096
1023.13	85.548
1023.29	92.705
1023.45	91.335
1023.61	93.156
1023.77	92.126
1023.93	91.824
1024.08	92.958
1024.24	91.527
1024.40	94.688
1024.56	103.479
1024.72	107.298
1024.88	96.498
1025.04	101.814
1025.19	96.595
1025.35	92.945
1025.51	97.373
1025.67	99.415
1025.83	95.466
1025.99	98.567
1026.14	94.736
1026.30	106.235
1026.46	108.643
1026.62	99.850
1026.78	91.980
1026.94	89.222
1027.09	86.657
1027.25	84.045
1027.41	86.082
1027.57	84.400
1027.73	82.880
1027.89	75.871
1028.04	75.093
1028.20	74.225
1028.36	74.602
1028.52	75.536
1028.68	76.171
1028.83	77.871
1028.99	73.659
1029.15	72.722
1029.31	71.904
1029.47	74.408
1029.62	72.330
1029.78	72.229
1029.94	73.789
1030.10	76.219
1030.25	78.491
1030.41	81.963
1030.57	85.518
1030.73	88.189
1030.89	89.821
1031.04	93.765
1031.20	101.303
1031.36	110.795
1031.52	118.199
1031.67	121.230
1031.83	127.268
1031.99	142.220
1032.15	124.377
1032.30	141.449
1032.46	170.237
1032.62	159.050
1032.78	141.856
1032.93	159.957
1033.09	138.944
1033.25	130.242
1033.41	133.868
1033.56	127.713
1033.72	23.382
1033.88	355.595
1034.04	78.354
1034.19	81.818
1034.35	86.329
1034.51	-27.736
1034.66	52.683
1034.82	2066.667
1034.98	2066.667
1035.14	2066.667
