345.22	46.626
345.43	46.626
345.65	46.626
345.86	39.083
346.08	138.883
346.29	-6.051
346.51	51.532
346.72	32.576
346.94	-217.756
347.15	-78.208
347.37	192.485
347.58	222.623
347.80	247.627
348.01	209.628
348.23	140.968
348.44	131.179
348.66	117.688
348.87	117.386
349.09	110.846
349.30	98.410
349.52	91.575
349.73	95.076
349.95	94.015
350.16	95.898
350.38	92.590
350.59	85.604
350.81	84.423
351.02	83.420
351.24	82.358
351.45	81.154
351.67	83.493
351.88	81.991
352.10	78.613
352.31	77.751
352.53	81.622
352.74	83.196
352.96	84.321
353.17	83.625
353.39	85.275
353.60	87.063
353.82	88.710
354.03	88.722
354.25	83.173
354.46	78.575
354.67	75.739
354.89	73.893
355.10	78.131
355.32	77.023
355.53	78.396
355.75	80.021
355.96	81.789
356.18	81.249
356.39	81.225
356.61	85.336
356.82	85.060
357.04	80.575
357.25	81.232
357.46	80.530
357.68	79.706
357.89	77.967
358.11	76.442
358.32	79.538
358.54	78.056
358.75	79.913
358.97	81.743
359.18	84.613
359.40	84.080
359.61	84.247
359.82	85.481
360.04	85.349
360.25	83.272
360.47	79.172
360.68	78.508
360.90	78.973
361.11	76.514
361.32	76.698
361.54	80.318
361.75	79.889
361.97	81.337
362.18	82.907
362.40	84.051
362.61	85.462
362.83	84.846
363.04	85.975
363.25	87.530
363.47	88.993
363.68	86.113
363.90	90.040
364.11	90.381
364.32	90.777
364.54	88.835
364.75	86.168
364.97	90.211
365.18	89.232
365.40	87.128
365.61	87.592
365.82	88.293
366.04	87.420
366.25	86.878
366.47	84.624
366.68	83.078
366.89	84.229
367.11	81.985
367.32	81.900
367.54	79.410
367.75	79.013
367.96	78.069
368.18	79.489
368.39	78.634
368.61	78.580
368.82	79.626
369.03	82.075
369.25	86.145
369.46	86.595
369.68	87.452
369.89	88.392
370.10	88.646
370.32	88.888
370.53	88.679
370.75	84.887
370.96	86.676
371.17	87.379
371.39	85.018
371.60	85.595
371.81	86.851
372.03	88.561
372.24	89.034
372.46	92.181
372.67	92.971
372.88	91.532
373.10	91.146
373.31	89.838
373.52	89.803
373.74	88.077
373.95	86.971
374.17	88.163
374.38	90.449
374.59	91.168
374.81	89.644
375.02	87.760
375.23	90.909
375.45	89.021
375.66	86.609
375.87	87.692
376.09	87.847
376.30	86.529
376.52	88.501
376.73	85.677
376.94	83.872
377.16	84.831
377.37	88.738
377.58	88.888
377.80	90.283
378.01	91.181
378.22	92.721
378.44	93.238
378.65	94.870
378.86	94.713
379.08	94.989
379.29	95.530
379.50	98.319
379.72	98.431
379.93	101.617
380.14	104.711
380.36	105.620
380.57	107.111
380.78	107.265
381.00	107.999
381.21	109.623
381.42	110.673
381.64	110.918
381.85	110.476
382.06	110.746
382.28	110.662
382.49	110.123
382.70	110.606
382.92	110.887
383.13	110.106
383.34	110.555
383.56	111.418
383.77	112.553
383.98	112.175
384.20	113.238
384.41	113.303
384.62	113.529
384.83	114.090
385.05	114.454
385.26	115.364
385.47	116.173
385.69	117.091
385.90	117.923
386.11	118.653
386.33	119.584
386.54	120.389
386.75	121.048
386.97	122.209
387.18	123.028
387.39	123.948
387.60	124.430
387.82	124.961
388.03	125.385
388.24	125.945
388.46	126.391
388.67	126.513
388.88	126.535
389.09	126.477
389.31	126.260
389.52	126.034
389.73	125.507
389.95	125.062
390.16	124.538
390.37	124.089
390.58	123.630
390.80	122.901
391.01	122.346
391.22	121.778
391.44	120.877
391.65	120.094
391.86	119.329
392.07	118.977
392.29	118.437
392.50	117.879
392.71	117.315
392.92	116.975
393.14	116.531
393.35	116.291
393.56	116.211
393.78	116.194
393.99	116.400
394.20	116.727
394.41	116.976
394.63	117.258
394.84	117.773
395.05	118.419
395.26	119.051
395.48	119.732
395.69	120.394
395.90	121.335
396.11	122.209
396.33	123.044
396.54	123.924
396.75	124.687
396.96	125.478
397.18	126.169
397.39	126.850
397.60	127.569
397.81	128.142
398.03	128.550
398.24	128.895
398.45	129.057
398.66	129.140
398.87	129.177
399.09	129.082
399.30	128.757
399.51	128.257
399.72	127.797
399.94	127.226
400.15	126.563
400.36	125.745
400.57	124.867
400.79	124.010
401.00	123.010
401.21	122.075
401.42	121.096
401.63	120.129
401.85	119.200
402.06	118.384
402.27	117.558
402.48	116.873
402.69	116.247
402.91	115.648
403.12	115.113
403.33	114.802
403.54	114.636
403.76	114.439
403.97	114.444
404.18	114.580
404.39	114.831
404.60	115.211
404.82	115.708
405.03	116.330
405.24	116.963
405.45	117.697
405.66	118.517
405.88	119.366
406.09	120.299
406.30	121.152
406.51	121.917
406.72	122.769
406.94	123.551
407.15	124.304
407.36	125.079
407.57	125.784
407.78	126.346
407.99	126.764
408.21	127.176
408.42	127.468
408.63	127.692
408.84	127.726
409.05	127.683
409.27	127.435
409.48	127.012
409.69	126.519
409.90	126.002
410.11	125.379
410.32	124.681
410.54	123.853
410.75	122.943
410.96	121.993
411.17	120.995
411.38	119.995
411.59	118.985
411.81	117.909
412.02	116.856
412.23	115.833
412.44	114.902
412.65	114.082
412.86	113.350
413.08	112.598
413.29	111.924
413.50	111.424
413.71	111.058
413.92	110.781
414.13	110.618
414.34	110.544
414.56	110.507
414.77	110.641
414.98	110.855
415.19	111.297
415.40	111.854
415.61	112.462
415.82	113.114
416.04	113.873
416.25	114.633
416.46	115.474
416.67	116.401
416.88	117.273
417.09	118.155
417.30	118.966
417.52	119.839
417.73	120.614
417.94	121.347
418.15	122.028
418.36	122.720
418.57	123.225
418.78	123.653
418.99	124.066
419.21	124.348
419.42	124.554
419.63	124.613
419.84	124.543
420.05	124.361
420.26	124.035
420.47	123.548
420.68	123.094
420.89	122.522
421.11	121.785
421.32	121.088
421.53	120.249
421.74	119.394
421.95	118.509
422.16	117.622
422.37	116.707
422.58	115.710
422.79	114.713
423.01	113.813
423.22	112.903
423.43	112.075
423.64	111.287
423.85	110.573
424.06	109.961
424.27	109.399
424.48	108.936
424.69	108.661
424.90	108.479
425.11	108.362
425.33	108.365
425.54	108.459
425.75	108.627
425.96	108.910
426.17	109.302
426.38	109.780
426.59	110.347
426.80	110.982
427.01	111.713
427.22	112.538
427.43	113.457
427.64	114.337
427.85	115.191
428.07	116.108
428.28	116.985
428.49	117.868
428.70	118.747
428.91	119.593
429.12	120.335
429.33	121.088
429.54	121.772
429.75	122.353
429.96	122.936
430.17	123.403
430.38	123.773
430.59	123.986
430.80	124.092
431.01	124.109
431.22	124.058
431.44	123.880
431.65	123.611
431.86	123.200
432.07	122.750
432.28	122.225
432.49	121.588
432.70	120.877
432.91	120.068
433.12	119.189
433.33	118.267
433.54	117.380
433.75	116.429
433.96	115.484
434.17	114.449
434.38	113.469
434.59	112.523
434.80	111.592
435.01	110.799
435.22	110.049
435.43	109.367
435.64	108.724
435.85	108.169
436.06	107.683
436.27	107.315
436.48	107.046
436.69	106.831
436.90	106.752
437.11	106.792
437.33	106.917
437.54	107.160
437.75	107.533
437.96	107.911
438.17	108.386
438.38	108.885
438.59	109.546
438.80	110.213
439.01	111.001
439.22	111.861
439.43	112.597
439.64	113.402
439.85	114.231
440.06	115.037
440.27	115.888
440.48	116.670
440.69	117.424
440.90	118.142
441.11	118.865
441.32	119.495
441.53	120.051
441.74	120.518
441.95	120.945
442.16	121.267
442.37	121.476
442.58	121.635
442.79	121.724
443.00	121.706
443.21	121.607
443.42	121.333
443.62	120.909
443.83	120.576
444.04	120.112
444.25	119.573
444.46	118.944
444.67	118.222
444.88	117.476
445.09	116.659
445.30	115.789
445.51	114.859
445.72	113.899
445.93	112.987
446.14	112.037
446.35	111.058
446.56	110.142
446.77	109.264
446.98	108.374
447.19	107.505
447.40	106.727
447.61	105.956
447.82	105.281
448.03	104.714
448.24	104.163
448.45	103.709
448.66	103.339
448.87	103.055
449.08	102.891
449.29	102.800
449.49	102.803
449.70	102.912
449.91	103.088
450.12	103.377
450.33	103.695
450.54	104.127
450.75	104.641
450.96	105.183
451.17	105.800
451.38	106.450
451.59	107.163
451.80	107.870
452.01	108.635
452.22	109.427
452.43	110.186
452.64	110.945
452.84	111.710
453.05	112.433
453.26	113.169
453.47	113.819
453.68	114.464
453.89	115.055
454.10	115.547
454.31	116.024
454.52	116.391
454.73	116.727
454.94	116.945
455.15	117.071
455.36	117.102
455.56	117.071
455.77	116.952
455.98	116.774
456.19	116.516
456.40	116.196
456.61	115.809
456.82	115.307
457.03	114.752
457.24	114.112
457.45	113.449
457.65	112.670
457.86	111.893
458.07	111.071
458.28	110.157
458.49	109.289
458.70	108.351
458.91	107.435
459.12	106.501
459.33	105.548
459.54	104.654
459.74	103.782
459.95	102.920
460.16	102.144
460.37	101.412
460.58	100.739
460.79	100.093
461.00	99.481
461.21	98.977
461.41	98.538
461.62	98.181
461.83	97.919
462.04	97.746
462.25	97.599
462.46	97.572
462.67	97.653
462.88	97.809
463.08	98.059
463.29	98.350
463.50	98.723
463.71	99.188
463.92	99.689
464.13	100.221
464.34	100.820
464.54	101.469
464.75	102.148
464.96	102.846
465.17	103.565
465.38	104.273
465.59	105.033
465.80	105.768
466.00	106.478
466.21	107.166
466.42	107.826
466.63	108.509
466.84	109.140
467.05	109.710
467.26	110.232
467.46	110.642
467.67	111.046
467.88	111.396
468.09	111.655
468.30	111.870
468.51	112.028
468.71	112.081
468.92	112.073
469.13	111.982
469.34	111.829
469.55	111.582
469.76	111.301
469.96	110.921
470.17	110.479
470.38	109.996
470.59	109.432
470.80	108.812
471.00	108.181
471.21	107.462
471.42	106.740
471.63	105.970
471.84	105.192
472.05	104.371
472.25	103.539
472.46	102.702
472.67	101.822
472.88	100.995
473.09	100.156
473.29	99.317
473.50	98.536
473.71	97.759
473.92	97.025
474.13	96.334
474.33	95.706
474.54	95.123
474.75	94.599
474.96	94.129
475.17	93.726
475.37	93.349
475.58	93.070
475.79	92.861
476.00	92.730
476.21	92.685
476.41	92.699
476.62	92.791
476.83	92.942
477.04	93.208
477.24	93.491
477.45	93.848
477.66	94.260
477.87	94.701
478.08	95.222
478.28	95.754
478.49	96.346
478.70	96.974
478.91	97.607
479.11	98.254
479.32	98.946
479.53	99.616
479.74	100.325
479.94	101.001
480.15	101.646
480.36	102.272
480.57	102.879
480.78	103.487
480.98	104.014
481.19	104.512
481.40	104.952
481.61	105.384
481.81	105.752
482.02	106.059
482.23	106.348
482.44	106.529
482.64	106.687
482.85	106.765
483.06	106.758
483.27	106.728
483.47	106.649
483.68	106.481
483.89	106.259
484.10	105.962
484.30	105.621
484.51	105.204
484.72	104.771
484.92	104.242
485.13	103.691
485.34	103.110
485.55	102.477
485.75	101.819
485.96	101.099
486.17	100.370
486.38	99.633
486.58	98.852
486.79	98.087
487.00	97.298
487.20	96.507
487.41	95.745
487.62	94.988
487.83	94.228
488.03	93.492
488.24	92.788
488.45	92.102
488.65	91.446
488.86	90.846
489.07	90.274
489.28	89.766
489.48	89.291
489.69	88.904
489.90	88.547
490.10	88.259
490.31	88.037
490.52	87.849
490.73	87.733
490.93	87.684
491.14	87.688
491.35	87.760
491.55	87.880
491.76	88.056
491.97	88.279
492.17	88.548
492.38	88.881
492.59	89.258
492.79	89.691
493.00	90.159
493.21	90.662
493.41	91.187
493.62	91.743
493.83	92.324
494.04	92.881
494.24	93.479
494.45	94.078
494.66	94.660
494.86	95.278
495.07	95.856
495.28	96.445
495.48	97.000
495.69	97.538
495.90	98.063
496.10	98.557
496.31	99.006
496.52	99.414
496.72	99.817
496.93	100.168
497.14	100.462
497.34	100.692
497.55	100.904
497.76	101.057
497.96	101.153
498.17	101.198
498.37	101.201
498.58	101.125
498.79	101.000
498.99	100.849
499.20	100.620
499.41	100.345
499.61	100.001
499.82	99.627
500.03	99.191
500.23	98.740
500.44	98.227
500.65	97.686
500.85	97.121
501.06	96.491
501.26	95.850
501.47	95.183
501.68	94.514
501.88	93.803
502.09	93.095
502.30	92.370
502.50	91.642
502.71	90.925
502.91	90.216
503.12	89.508
503.33	88.808
503.53	88.142
503.74	87.484
503.95	86.844
504.15	86.239
504.36	85.661
504.56	85.106
504.77	84.608
504.98	84.133
505.18	83.716
505.39	83.335
505.59	82.997
505.80	82.717
506.01	82.488
506.21	82.313
506.42	82.185
506.62	82.107
506.83	82.076
507.04	82.104
507.24	82.175
507.45	82.307
507.65	82.481
507.86	82.685
508.07	82.945
508.27	83.254
508.48	83.590
508.68	83.985
508.89	84.400
509.10	84.836
509.30	85.302
509.51	85.782
509.71	86.281
509.92	86.800
510.12	87.324
510.33	87.855
510.54	88.382
510.74	88.921
510.95	89.446
511.15	89.969
511.36	90.489
511.56	90.996
511.77	91.471
511.98	91.935
512.18	92.385
512.39	92.803
512.59	93.191
512.80	93.547
513.00	93.866
513.21	94.143
513.42	94.395
513.62	94.604
513.83	94.779
514.03	94.902
514.24	94.976
514.44	95.000
514.65	94.995
514.85	94.950
515.06	94.859
515.26	94.717
515.47	94.540
515.68	94.306
515.88	94.035
516.09	93.720
516.29	93.372
516.50	92.980
516.70	92.549
516.91	92.086
517.11	91.598
517.32	91.080
517.52	90.534
517.73	89.981
517.93	89.393
518.14	88.789
518.34	88.181
518.55	87.562
518.76	86.940
518.96	86.293
519.17	85.642
519.37	84.989
519.58	84.361
519.78	83.724
519.99	83.096
520.19	82.482
520.40	81.908
520.60	81.338
520.81	80.789
521.01	80.259
521.22	79.774
521.42	79.313
521.63	78.881
521.83	78.487
522.04	78.118
522.24	77.807
522.45	77.530
522.65	77.299
522.86	77.113
523.06	76.964
523.27	76.868
523.47	76.813
523.68	76.797
523.88	76.817
524.09	76.885
524.29	77.002
524.50	77.157
524.70	77.344
524.91	77.568
525.11	77.843
525.32	78.158
525.52	78.491
525.72	78.873
525.93	79.273
526.13	79.705
526.34	80.143
526.54	80.618
526.75	81.085
526.95	81.575
527.16	82.066
527.36	82.574
527.57	83.079
527.77	83.585
527.98	84.106
528.18	84.619
528.39	85.116
528.59	85.615
528.79	86.090
529.00	86.562
529.20	87.011
529.41	87.462
529.61	87.878
529.82	88.258
530.02	88.606
530.23	88.942
530.43	89.231
530.64	89.505
530.84	89.727
531.04	89.916
531.25	90.095
531.45	90.236
531.66	90.339
531.86	90.400
532.07	90.416
532.27	90.391
532.47	90.340
532.68	90.266
532.88	90.152
533.09	90.000
533.29	89.796
533.50	89.563
533.70	89.260
533.90	88.953
534.11	88.630
534.31	88.269
534.52	87.866
534.72	87.468
534.93	87.039
535.13	86.573
535.33	86.109
535.54	85.593
535.74	85.076
535.95	84.527
536.15	83.998
536.35	83.452
536.56	82.903
536.76	82.327
536.97	81.766
537.17	81.192
537.37	80.626
537.58	80.084
537.78	79.544
537.99	79.023
538.19	78.498
538.39	77.983
538.60	77.494
538.80	77.043
539.01	76.586
539.21	76.162
539.41	75.778
539.62	75.410
539.82	75.080
540.03	74.772
540.23	74.516
540.43	74.275
540.64	74.090
540.84	73.927
541.04	73.816
541.25	73.747
541.45	73.707
541.66	73.702
541.86	73.735
542.06	73.809
542.27	73.918
542.47	74.077
542.67	74.252
542.88	74.469
543.08	74.715
543.28	75.004
543.49	75.310
543.69	75.652
543.90	76.026
544.10	76.406
544.30	76.835
544.51	77.267
544.71	77.740
544.91	78.203
545.12	78.693
545.32	79.195
545.52	79.677
545.73	80.196
545.93	80.711
546.13	81.203
546.34	81.693
546.54	82.183
546.74	82.660
546.95	83.157
547.15	83.637
547.35	84.084
547.56	84.540
547.76	84.990
547.96	85.407
548.17	85.816
548.37	86.215
548.57	86.557
548.78	86.883
548.98	87.179
549.18	87.442
549.39	87.676
549.59	87.880
549.79	88.080
550.00	88.229
550.20	88.378
550.40	88.477
550.61	88.552
550.81	88.590
551.01	88.597
551.22	88.569
551.42	88.505
551.62	88.414
551.82	88.274
552.03	88.118
552.23	87.927
552.43	87.699
552.64	87.447
552.84	87.169
553.04	86.860
553.25	86.525
553.45	86.160
553.65	85.777
553.85	85.393
554.06	84.978
554.26	84.537
554.46	84.062
554.67	83.592
554.87	83.102
555.07	82.618
555.27	82.111
555.48	81.594
555.68	81.085
555.88	80.566
556.09	80.054
556.29	79.519
556.49	79.006
556.69	78.481
556.90	77.969
557.10	77.484
557.30	77.021
557.50	76.545
557.71	76.113
557.91	75.694
558.11	75.272
558.31	74.881
558.52	74.517
558.72	74.181
558.92	73.870
559.13	73.587
559.33	73.327
559.53	73.090
559.73	72.899
559.94	72.727
560.14	72.584
560.34	72.469
560.54	72.393
560.75	72.356
560.95	72.346
561.15	72.378
561.35	72.426
561.55	72.498
561.76	72.617
561.96	72.745
562.16	72.923
562.36	73.139
562.57	73.369
562.77	73.630
562.97	73.920
563.17	74.222
563.38	74.547
563.58	74.902
563.78	75.280
563.98	75.670
564.18	76.072
564.39	76.501
564.59	76.937
564.79	77.398
564.99	77.849
565.20	78.307
565.40	78.757
565.60	79.214
565.80	79.695
566.00	80.156
566.21	80.628
566.41	81.072
566.61	81.521
566.81	81.971
567.01	82.407
567.22	82.838
567.42	83.257
567.62	83.646
567.82	84.025
568.02	84.385
568.23	84.727
568.43	85.054
568.63	85.368
568.83	85.643
569.03	85.886
569.24	86.115
569.44	86.331
569.64	86.525
569.84	86.704
570.04	86.828
570.24	86.941
570.45	87.027
570.65	87.092
570.85	87.120
571.05	87.111
571.25	87.073
571.45	86.998
571.66	86.919
571.86	86.819
572.06	86.670
572.26	86.511
572.46	86.329
572.66	86.127
572.87	85.881
573.07	85.634
573.27	85.357
573.47	85.062
573.67	84.737
573.87	84.386
574.08	84.012
574.28	83.644
574.48	83.252
574.68	82.836
574.88	82.411
575.08	81.958
575.28	81.509
575.49	81.059
575.69	80.604
575.89	80.118
576.09	79.654
576.29	79.172
576.49	78.687
576.69	78.200
576.90	77.721
577.10	77.250
577.30	76.783
577.50	76.331
577.70	75.875
577.90	75.434
578.10	75.025
578.30	74.620
578.51	74.227
578.71	73.859
578.91	73.508
579.11	73.166
579.31	72.855
579.51	72.559
579.71	72.292
579.91	72.038
580.12	71.823
580.32	71.630
580.52	71.473
580.72	71.327
580.92	71.209
581.12	71.104
581.32	71.040
581.52	71.016
581.72	71.004
581.92	71.024
582.13	71.082
582.33	71.141
582.53	71.241
582.73	71.356
582.93	71.504
583.13	71.683
583.33	71.897
583.53	72.125
583.73	72.381
583.93	72.659
584.13	72.962
584.34	73.296
584.54	73.615
584.74	73.947
584.94	74.321
585.14	74.704
585.34	75.106
585.54	75.484
585.74	75.881
585.94	76.300
586.14	76.736
586.34	77.158
586.54	77.606
586.74	78.055
586.94	78.514
587.15	78.974
587.35	79.418
587.55	79.857
587.75	80.297
587.95	80.717
588.15	81.126
588.35	81.526
588.55	81.922
588.75	82.322
588.95	82.711
589.15	83.079
589.35	83.436
589.55	83.769
589.75	84.125
589.95	84.436
590.15	84.729
590.35	84.991
590.55	85.250
590.75	85.476
590.95	85.677
591.15	85.859
591.35	86.007
591.56	86.136
591.76	86.241
591.96	86.324
592.16	86.397
592.36	86.442
592.56	86.468
592.76	86.457
592.96	86.435
593.16	86.372
593.36	86.291
593.56	86.196
593.76	86.091
593.96	85.935
594.16	85.781
594.36	85.599
594.56	85.397
594.76	85.169
594.96	84.932
595.16	84.658
595.36	84.375
595.56	84.064
595.76	83.732
595.96	83.379
596.16	83.028
596.36	82.657
596.56	82.283
596.76	81.878
596.96	81.469
597.16	81.056
597.36	80.647
597.56	80.216
597.76	79.771
597.96	79.322
598.16	78.879
598.36	78.431
598.56	77.974
598.76	77.528
598.96	77.090
599.16	76.649
599.36	76.239
599.56	75.824
599.76	75.415
599.96	75.021
600.15	74.640
600.35	74.271
600.55	73.912
600.75	73.551
600.95	73.223
601.15	72.898
601.35	72.580
601.55	72.285
601.75	72.026
601.95	71.778
602.15	71.557
602.35	71.336
602.55	71.148
602.75	70.987
602.95	70.838
603.15	70.700
603.35	70.599
603.55	70.510
603.75	70.437
603.95	70.397
604.15	70.384
604.35	70.400
604.54	70.430
604.74	70.504
604.94	70.590
605.14	70.689
605.34	70.821
605.54	70.985
605.74	71.171
605.94	71.366
606.14	71.591
606.34	71.826
606.54	72.093
606.74	72.378
606.94	72.676
607.14	72.999
607.33	73.347
607.53	73.693
607.73	74.047
607.93	74.410
608.13	74.789
608.33	75.180
608.53	75.560
608.73	75.964
608.93	76.350
609.13	76.756
609.33	77.173
609.52	77.589
609.72	78.000
609.92	78.403
610.12	78.815
610.32	79.221
610.52	79.636
610.72	80.033
610.92	80.426
611.12	80.815
611.31	81.197
611.51	81.566
611.71	81.927
611.91	82.292
612.11	82.656
612.31	83.007
612.51	83.332
612.71	83.663
612.91	83.958
613.10	84.254
613.30	84.555
613.50	84.823
613.70	85.072
613.90	85.294
614.10	85.500
614.30	85.672
614.50	85.838
614.69	85.964
614.89	86.086
615.09	86.185
615.29	86.267
615.49	86.326
615.69	86.363
615.89	86.389
616.08	86.393
616.28	86.371
616.48	86.324
616.68	86.253
616.88	86.161
617.08	86.049
617.27	85.931
617.47	85.775
617.67	85.601
617.87	85.407
618.07	85.210
618.27	84.998
618.47	84.780
618.66	84.531
618.86	84.281
619.06	84.002
619.26	83.719
619.46	83.419
619.66	83.093
619.85	82.759
620.05	82.411
620.25	82.036
620.45	81.664
620.65	81.276
620.84	80.912
621.04	80.528
621.24	80.161
621.44	79.754
621.64	79.334
621.84	78.935
622.03	78.527
622.23	78.122
622.43	77.714
622.63	77.312
622.83	76.912
623.02	76.515
623.22	76.129
623.42	75.725
623.62	75.340
623.82	74.976
624.01	74.606
624.21	74.243
624.41	73.904
624.61	73.575
624.81	73.269
625.00	72.949
625.20	72.648
625.40	72.351
625.60	72.085
625.79	71.842
625.99	71.618
626.19	71.401
626.39	71.203
626.59	71.018
626.78	70.865
626.98	70.723
627.18	70.592
627.38	70.492
627.57	70.436
627.77	70.380
627.97	70.338
628.17	70.335
628.37	70.343
628.56	70.384
628.76	70.432
628.96	70.494
629.16	70.580
629.35	70.709
629.55	70.847
629.75	71.006
629.95	71.184
630.14	71.367
630.34	71.582
630.54	71.808
630.74	72.048
630.93	72.301
631.13	72.567
631.33	72.845
631.53	73.116
631.72	73.399
631.92	73.712
632.12	74.044
632.31	74.371
632.51	74.734
632.71	75.090
632.91	75.446
633.10	75.817
633.30	76.209
633.50	76.572
633.70	76.964
633.89	77.345
634.09	77.742
634.29	78.133
634.48	78.522
634.68	78.927
634.88	79.329
635.08	79.728
635.27	80.138
635.47	80.542
635.67	80.951
635.86	81.355
636.06	81.744
636.26	82.108
636.46	82.473
636.65	82.821
636.85	83.180
637.05	83.527
637.24	83.846
637.44	84.160
637.64	84.470
637.83	84.772
638.03	85.071
638.23	85.324
638.43	85.583
638.62	85.812
638.82	86.013
639.02	86.212
639.21	86.387
639.41	86.536
639.61	86.691
639.80	86.826
640.00	86.938
640.20	87.056
640.39	87.167
640.59	87.247
640.79	87.315
640.98	87.350
641.18	87.377
641.38	87.399
641.57	87.383
641.77	87.349
641.97	87.283
642.16	87.207
642.36	87.127
642.56	87.027
642.75	86.929
642.95	86.801
643.15	86.658
643.34	86.516
643.54	86.353
643.74	86.153
643.93	85.948
644.13	85.706
644.33	85.444
644.52	85.178
644.72	84.913
644.91	84.628
645.11	84.318
645.31	84.009
645.50	83.700
645.70	83.388
645.90	83.070
646.09	82.732
646.29	82.383
646.48	82.030
646.68	81.656
646.88	81.282
647.07	80.912
647.27	80.535
647.47	80.144
647.66	79.764
647.86	79.376
648.05	78.998
648.25	78.630
648.45	78.256
648.64	77.873
648.84	77.506
649.04	77.125
649.23	76.755
649.43	76.395
649.62	76.029
649.82	75.660
650.02	75.307
650.21	74.967
650.41	74.652
650.60	74.342
650.80	74.065
651.00	73.767
651.19	73.497
651.39	73.231
651.58	72.977
651.78	72.744
651.97	72.543
652.17	72.337
652.37	72.140
652.56	71.979
652.76	71.827
652.95	71.686
653.15	71.587
653.35	71.492
653.54	71.405
653.74	71.324
653.93	71.275
654.13	71.243
654.32	71.218
654.52	71.195
654.72	71.202
654.91	71.220
655.11	71.266
655.30	71.334
655.50	71.421
655.69	71.524
655.89	71.627
656.08	71.741
656.28	71.882
656.48	72.047
656.67	72.212
656.87	72.398
657.06	72.581
657.26	72.775
657.45	72.999
657.65	73.243
657.84	73.510
658.04	73.772
658.23	74.056
658.43	74.355
658.62	74.670
658.82	74.986
659.02	75.309
659.21	75.654
659.41	75.988
659.60	76.333
659.80	76.684
659.99	77.065
660.19	77.437
660.38	77.819
660.58	78.186
660.77	78.572
660.97	78.942
661.16	79.326
661.36	79.698
661.55	80.084
661.75	80.463
661.94	80.832
662.14	81.215
662.33	81.596
662.53	81.968
662.72	82.337
662.92	82.695
663.11	83.040
663.31	83.392
663.50	83.744
663.70	84.095
663.89	84.438
664.09	84.757
664.28	85.086
664.48	85.388
664.67	85.708
664.87	85.987
665.06	86.278
665.26	86.549
665.45	86.813
665.65	87.058
665.84	87.306
666.04	87.533
666.23	87.723
666.43	87.895
666.62	88.059
666.82	88.208
667.01	88.350
667.21	88.484
667.40	88.586
667.59	88.692
667.79	88.760
667.98	88.801
668.18	88.832
668.37	88.842
668.57	88.868
668.76	88.856
668.96	88.831
669.15	88.791
669.35	88.758
669.54	88.691
669.73	88.617
669.93	88.526
670.12	88.430
670.32	88.347
670.51	88.229
670.71	88.102
670.90	87.967
671.10	87.820
671.29	87.645
671.48	87.456
671.68	87.252
671.87	87.048
672.07	86.826
672.26	86.629
672.46	86.395
672.65	86.140
672.84	85.878
673.04	85.619
673.23	85.347
673.43	85.055
673.62	84.775
673.82	84.479
674.01	84.147
674.20	83.827
674.40	83.483
674.59	83.151
674.79	82.824
674.98	82.482
675.17	82.134
675.37	81.797
675.56	81.457
675.76	81.106
675.95	80.739
676.14	80.397
676.34	80.020
676.53	79.665
676.73	79.303
676.92	78.939
677.11	78.580
677.31	78.220
677.50	77.877
677.70	77.522
677.89	77.170
678.08	76.850
678.28	76.528
678.47	76.223
678.66	75.927
678.86	75.635
679.05	75.343
679.25	75.071
679.44	74.810
679.63	74.570
679.83	74.329
680.02	74.112
680.21	73.902
680.41	73.700
680.60	73.496
680.79	73.315
680.99	73.145
681.18	72.976
681.38	72.834
681.57	72.715
681.76	72.616
681.96	72.530
682.15	72.447
682.34	72.365
682.54	72.296
682.73	72.253
682.92	72.209
683.12	72.203
683.31	72.206
683.50	72.218
683.70	72.246
683.89	72.275
684.08	72.334
684.28	72.403
684.47	72.486
684.66	72.596
684.86	72.715
685.05	72.856
685.24	73.018
685.44	73.177
685.63	73.338
685.82	73.523
686.02	73.706
686.21	73.933
686.40	74.164
686.60	74.418
686.79	74.676
686.98	74.942
687.18	75.219
687.37	75.496
687.56	75.774
687.75	76.070
687.95	76.376
688.14	76.677
688.33	77.002
688.53	77.330
688.72	77.675
688.91	78.018
689.11	78.353
689.30	78.721
689.49	79.095
689.68	79.466
689.88	79.825
690.07	80.189
690.26	80.535
690.46	80.901
690.65	81.247
690.84	81.597
691.03	81.963
691.23	82.315
691.42	82.673
691.61	83.036
691.80	83.375
692.00	83.725
692.19	84.059
692.38	84.390
692.58	84.723
692.77	85.041
692.96	85.347
693.15	85.660
693.35	85.951
693.54	86.256
693.73	86.557
693.92	86.835
694.12	87.124
694.31	87.387
694.50	87.666
694.69	87.909
694.89	88.147
695.08	88.363
695.27	88.596
695.46	88.797
695.66	89.005
695.85	89.207
696.04	89.399
696.23	89.602
696.43	89.778
696.62	89.922
696.81	90.059
697.00	90.202
697.19	90.329
697.39	90.426
697.58	90.510
697.77	90.568
697.96	90.644
698.16	90.691
698.35	90.758
698.54	90.772
698.73	90.818
698.92	90.814
699.12	90.812
699.31	90.788
699.50	90.763
699.69	90.720
699.89	90.663
700.08	90.600
700.27	90.507
700.46	90.414
700.65	90.312
700.85	90.217
701.04	90.092
701.23	89.946
701.42	89.797
701.61	89.638
701.81	89.466
702.00	89.276
702.19	89.084
702.38	88.860
702.57	88.652
702.76	88.403
702.96	88.176
703.15	87.930
703.34	87.664
703.53	87.392
703.72	87.095
703.92	86.794
704.11	86.489
704.30	86.172
704.49	85.858
704.68	85.546
704.87	85.202
705.07	84.867
705.26	84.540
705.45	84.237
705.64	83.895
705.83	83.587
706.02	83.258
706.21	82.941
706.41	82.613
706.60	82.267
706.79	81.946
706.98	81.628
707.17	81.291
707.36	80.968
707.56	80.663
707.75	80.356
707.94	80.056
708.13	79.756
708.32	79.474
708.51	79.179
708.70	78.910
708.89	78.630
709.09	78.355
709.28	78.094
709.47	77.794
709.66	77.518
709.85	77.244
710.04	76.978
710.23	76.699
710.42	76.465
710.62	76.228
710.81	75.972
711.00	75.730
711.19	75.516
711.38	75.305
711.57	75.084
711.76	74.881
711.95	74.709
712.15	74.544
712.34	74.382
712.53	74.233
712.72	74.085
712.91	73.979
713.10	73.870
713.29	73.772
713.48	73.685
713.67	73.633
713.86	73.594
714.05	73.556
714.25	73.534
714.44	73.497
714.63	73.490
714.82	73.521
715.01	73.550
715.20	73.611
715.39	73.659
715.58	73.730
715.77	73.823
715.96	73.910
716.15	74.000
716.34	74.086
716.54	74.197
716.73	74.323
716.92	74.444
717.11	74.587
717.30	74.740
717.49	74.914
717.68	75.096
717.87	75.252
718.06	75.463
718.25	75.683
718.44	75.915
718.63	76.160
718.82	76.398
719.01	76.642
719.20	76.889
719.39	77.157
719.58	77.428
719.77	77.690
719.96	77.949
720.16	78.223
720.35	78.523
720.54	78.815
720.73	79.110
720.92	79.411
721.11	79.737
721.30	80.053
721.49	80.372
721.68	80.700
721.87	81.051
722.06	81.374
722.25	81.695
722.44	82.024
722.63	82.337
722.82	82.647
723.01	82.953
723.20	83.248
723.39	83.563
723.58	83.903
723.77	84.239
723.96	84.575
724.15	84.927
724.34	85.257
724.53	85.586
724.72	85.890
724.91	86.221
725.10	86.546
725.29	86.848
725.48	87.176
725.67	87.448
725.86	87.711
726.05	87.987
726.24	88.253
726.43	88.507
726.62	88.762
726.81	89.050
727.00	89.314
727.19	89.593
727.38	89.848
727.57	90.069
727.76	90.287
727.95	90.497
728.14	90.673
728.33	90.857
728.52	91.033
728.71	91.203
728.90	91.360
729.09	91.482
729.28	91.598
729.47	91.699
729.65	91.813
729.84	91.928
730.03	92.033
730.22	92.127
730.41	92.222
730.60	92.308
730.79	92.334
730.98	92.385
731.17	92.430
731.36	92.440
731.55	92.433
731.74	92.428
731.93	92.413
732.12	92.393
732.31	92.375
732.50	92.362
732.69	92.347
732.88	92.283
733.06	92.219
733.25	92.157
733.44	92.091
733.63	91.997
733.82	91.899
734.01	91.765
734.20	91.632
734.39	91.473
734.58	91.323
734.77	91.189
734.96	91.016
735.15	90.821
735.33	90.628
735.52	90.451
735.71	90.252
735.90	90.036
736.09	89.810
736.28	89.558
736.47	89.299
736.66	89.030
736.85	88.772
737.04	88.482
737.23	88.209
737.41	87.909
737.60	87.646
737.79	87.341
737.98	87.058
738.17	86.769
738.36	86.505
738.55	86.224
738.74	85.943
738.92	85.654
739.11	85.374
739.30	85.073
739.49	84.759
739.68	84.464
739.87	84.195
740.06	83.921
740.25	83.621
740.43	83.342
740.62	83.047
740.81	82.745
741.00	82.474
741.19	82.171
741.38	81.871
741.57	81.567
741.75	81.293
741.94	81.001
742.13	80.703
742.32	80.388
742.51	80.092
742.70	79.802
742.89	79.530
743.07	79.240
743.26	78.972
743.45	78.683
743.64	78.423
743.83	78.140
744.02	77.839
744.20	77.590
744.39	77.332
744.58	77.097
744.77	76.879
744.96	76.678
745.15	76.507
745.33	76.341
745.52	76.173
745.71	76.006
745.90	75.854
746.09	75.726
746.28	75.602
746.46	75.455
746.65	75.313
746.84	75.191
747.03	75.078
747.22	74.983
747.40	74.921
747.59	74.838
747.78	74.772
747.97	74.751
748.16	74.717
748.34	74.671
748.53	74.649
748.72	74.636
748.91	74.607
749.10	74.585
749.28	74.588
749.47	74.611
749.66	74.624
749.85	74.630
750.04	74.655
750.22	74.686
750.41	74.747
750.60	74.825
750.79	74.883
750.97	74.955
751.16	75.050
751.35	75.136
751.54	75.224
751.73	75.347
751.91	75.456
752.10	75.611
752.29	75.746
752.48	75.902
752.66	76.063
752.85	76.235
753.04	76.409
753.23	76.607
753.41	76.780
753.60	76.994
753.79	77.221
753.98	77.428
754.16	77.650
754.35	77.873
754.54	78.092
754.73	78.350
754.91	78.614
755.10	78.865
755.29	79.139
755.48	79.400
755.66	79.667
755.85	79.944
756.04	80.193
756.22	80.485
756.41	80.749
756.60	81.024
756.79	81.323
756.97	81.624
757.16	81.877
757.35	82.173
757.54	82.462
757.72	82.752
757.91	83.052
758.10	83.353
758.28	83.645
758.47	83.936
758.66	84.250
758.85	84.544
759.03	84.845
759.22	85.141
759.41	85.451
759.59	85.754
759.78	86.053
759.97	86.332
760.15	86.603
760.34	86.913
760.53	87.191
760.71	87.445
760.90	87.728
761.09	88.009
761.28	88.281
761.46	88.542
761.65	88.807
761.84	89.079
762.02	89.342
762.21	89.628
762.40	89.867
762.58	90.080
762.77	90.299
762.96	90.525
763.14	90.761
763.33	90.967
763.52	91.143
763.70	91.305
763.89	91.494
764.08	91.688
764.26	91.824
764.45	91.994
764.64	92.167
764.82	92.292
765.01	92.421
765.20	92.522
765.38	92.640
765.57	92.719
765.75	92.802
765.94	92.856
766.13	92.922
766.31	93.010
766.50	93.066
766.69	93.149
766.87	93.225
767.06	93.258
767.25	93.314
767.43	93.384
767.62	93.455
767.80	93.496
767.99	93.504
768.18	93.505
768.36	93.498
768.55	93.483
768.74	93.460
768.92	93.444
769.11	93.443
769.29	93.401
769.48	93.387
769.67	93.324
769.85	93.288
770.04	93.170
770.22	93.065
770.41	92.944
770.60	92.802
770.78	92.636
770.97	92.491
771.15	92.342
771.34	92.149
771.53	91.984
771.71	91.806
771.90	91.649
772.08	91.538
772.27	91.371
772.46	91.171
772.64	90.980
772.83	90.774
773.01	90.523
773.20	90.289
773.39	90.066
773.57	89.833
773.76	89.593
773.94	89.404
774.13	89.164
774.31	88.912
774.50	88.693
774.68	88.439
774.87	88.182
775.06	87.879
775.24	87.616
775.43	87.317
775.61	87.031
775.80	86.745
775.98	86.426
776.17	86.116
776.36	85.823
776.54	85.533
776.73	85.231
776.91	84.948
777.10	84.665
777.28	84.341
777.47	84.053
777.65	83.752
777.84	83.438
778.02	83.160
778.21	82.884
778.39	82.570
778.58	82.290
778.77	82.015
778.95	81.768
779.14	81.514
779.32	81.270
779.51	81.020
779.69	80.753
779.88	80.504
780.06	80.263
780.25	80.014
780.43	79.759
780.62	79.530
780.80	79.299
780.99	79.056
781.17	78.824
781.36	78.579
781.54	78.354
781.73	78.098
781.91	77.870
782.10	77.664
782.28	77.455
782.47	77.252
782.65	77.025
782.84	76.817
783.02	76.626
783.21	76.446
783.39	76.268
783.58	76.103
783.76	75.912
783.95	75.756
784.13	75.640
784.32	75.515
784.50	75.380
784.69	75.281
784.87	75.186
785.05	75.106
785.24	75.033
785.42	74.973
785.61	74.915
785.79	74.867
785.98	74.822
786.16	74.767
786.35	74.744
786.53	74.725
786.72	74.699
786.90	74.680
787.09	74.650
787.27	74.650
787.45	74.664
787.64	74.679
787.82	74.682
788.01	74.690
788.19	74.724
788.38	74.761
788.56	74.744
788.75	74.792
788.93	74.854
789.11	74.890
789.30	74.922
789.48	74.996
789.67	75.073
789.85	75.136
790.04	75.253
790.22	75.348
790.40	75.465
790.59	75.571
790.77	75.688
790.96	75.840
791.14	75.983
791.32	76.113
791.51	76.264
791.69	76.433
791.88	76.602
792.06	76.771
792.25	76.930
792.43	77.153
792.61	77.336
792.80	77.497
792.98	77.719
793.17	77.920
793.35	78.095
793.53	78.287
793.72	78.528
793.90	78.736
794.08	78.943
794.27	79.161
794.45	79.403
794.64	79.629
794.82	79.847
795.00	80.039
795.19	80.277
795.37	80.506
795.55	80.688
795.74	80.919
795.92	81.156
796.11	81.423
796.29	81.668
796.47	81.909
796.66	82.142
796.84	82.401
797.02	82.668
797.21	82.954
797.39	83.223
797.58	83.469
797.76	83.706
797.94	83.982
798.13	84.247
798.31	84.529
798.49	84.772
798.68	85.021
798.86	85.320
799.04	85.556
799.23	85.819
799.41	86.100
799.59	86.342
799.78	86.553
799.96	86.782
800.14	87.027
800.33	87.274
800.51	87.540
800.69	87.737
800.88	87.973
801.06	88.215
801.24	88.396
801.43	88.601
801.61	88.792
801.79	88.971
801.98	89.145
802.16	89.330
802.34	89.544
802.52	89.733
802.71	89.870
802.89	90.060
803.07	90.223
803.26	90.371
803.44	90.501
803.62	90.652
803.81	90.782
803.99	90.864
804.17	90.950
804.35	91.038
804.54	91.119
804.72	91.224
804.90	91.302
805.09	91.434
805.27	91.544
805.45	91.650
805.63	91.722
805.82	91.803
806.00	91.811
806.18	91.848
806.37	91.904
806.55	91.921
806.73	91.955
806.91	91.975
807.10	92.013
807.28	92.039
807.46	92.058
807.64	92.056
807.83	92.067
808.01	92.073
808.19	92.015
808.37	91.974
808.56	91.903
808.74	91.849
808.92	91.782
809.10	91.676
809.29	91.621
809.47	91.545
809.65	91.419
809.83	91.365
810.02	91.254
810.20	91.150
810.38	91.060
810.56	90.933
810.75	90.841
810.93	90.733
811.11	90.612
811.29	90.491
811.47	90.369
811.66	90.217
811.84	90.073
812.02	90.006
812.20	89.896
812.39	89.780
812.57	89.651
812.75	89.521
812.93	89.426
813.11	89.267
813.30	89.141
813.48	89.032
813.66	88.867
813.84	88.716
814.02	88.540
814.21	88.396
814.39	88.196
814.57	88.001
814.75	87.793
814.93	87.598
815.12	87.383
815.30	87.174
815.48	86.967
815.66	86.743
815.84	86.486
816.03	86.237
816.21	85.958
816.39	85.707
816.57	85.399
816.75	85.086
816.93	84.797
817.12	84.485
817.30	84.177
817.48	83.873
817.66	83.610
817.84	83.349
818.02	83.090
818.21	82.811
818.39	82.550
818.57	82.280
818.75	82.051
818.93	81.789
819.11	81.517
819.30	81.268
819.48	81.039
819.66	80.815
819.84	80.613
820.02	80.389
820.20	80.158
820.38	79.939
820.57	79.724
820.75	79.541
820.93	79.334
821.11	79.127
821.29	78.944
821.47	78.717
821.65	78.499
821.83	78.269
822.02	78.079
822.20	77.868
822.38	77.698
822.56	77.446
822.74	77.220
822.92	76.973
823.10	76.764
823.28	76.522
823.46	76.290
823.65	76.051
823.83	75.841
824.01	75.625
824.19	75.409
824.37	75.198
824.55	74.953
824.73	74.763
824.91	74.561
825.09	74.368
825.27	74.181
825.46	73.974
825.64	73.767
825.82	73.603
826.00	73.408
826.18	73.235
826.36	73.088
826.54	72.960
826.72	72.879
826.90	72.770
827.08	72.683
827.26	72.598
827.44	72.495
827.63	72.402
827.81	72.330
827.99	72.288
828.17	72.224
828.35	72.179
828.53	72.121
828.71	72.105
828.89	72.064
829.07	72.037
829.25	72.008
829.43	72.015
829.61	71.988
829.79	71.975
829.97	71.969
830.15	71.941
830.33	71.942
830.51	71.928
830.69	71.930
830.87	71.881
831.06	71.890
831.24	71.904
831.42	71.926
831.60	71.923
831.78	71.950
831.96	72.005
832.14	72.071
832.32	72.136
832.50	72.177
832.68	72.226
832.86	72.267
833.04	72.364
833.22	72.417
833.40	72.507
833.58	72.581
833.76	72.646
833.94	72.766
834.12	72.888
834.30	73.011
834.48	73.111
834.66	73.275
834.84	73.371
835.02	73.522
835.20	73.667
835.38	73.833
835.56	73.990
835.74	74.154
835.92	74.317
836.10	74.467
836.28	74.626
836.46	74.801
836.64	74.976
836.82	75.117
837.00	75.294
837.18	75.466
837.36	75.670
837.54	75.852
837.72	76.041
837.90	76.227
838.08	76.418
838.26	76.614
838.43	76.793
838.61	77.002
838.79	77.195
838.97	77.399
839.15	77.596
839.33	77.786
839.51	77.932
839.69	78.112
839.87	78.308
840.05	78.531
840.23	78.728
840.41	78.926
840.59	79.089
840.77	79.296
840.95	79.474
841.13	79.639
841.31	79.815
841.49	79.972
841.67	80.107
841.84	80.286
842.02	80.417
842.20	80.616
842.38	80.752
842.56	80.898
842.74	81.049
842.92	81.160
843.10	81.309
843.28	81.510
843.46	81.650
843.64	81.750
843.82	81.885
843.99	82.019
844.17	82.198
844.35	82.443
844.53	82.608
844.71	82.809
844.89	82.949
845.07	83.145
845.25	83.331
845.43	83.526
845.61	83.687
845.78	83.912
845.96	84.077
846.14	84.289
846.32	84.492
846.50	84.655
846.68	84.885
846.86	85.060
847.04	85.213
847.22	85.320
847.39	85.510
847.57	85.641
847.75	85.767
847.93	85.833
848.11	85.928
848.29	86.080
848.47	86.147
848.65	86.288
848.82	86.342
849.00	86.428
849.18	86.480
849.36	86.520
849.54	86.589
849.72	86.593
849.89	86.645
850.07	86.714
850.25	86.728
850.43	86.703
850.61	86.706
850.79	86.675
850.97	86.753
851.14	86.779
851.32	86.771
851.50	86.793
851.68	86.851
851.86	86.914
852.04	86.886
852.21	86.928
852.39	86.948
852.57	87.022
852.75	87.035
852.93	87.052
853.10	87.048
853.28	87.003
853.46	87.010
853.64	86.952
853.82	86.869
854.00	86.895
854.17	86.854
854.35	86.778
854.53	86.753
854.71	86.672
854.89	86.559
855.06	86.528
855.24	86.484
855.42	86.407
855.60	86.258
855.78	86.164
855.95	86.053
856.13	85.952
856.31	85.773
856.49	85.635
856.66	85.525
856.84	85.365
857.02	85.301
857.20	85.221
857.38	85.063
857.55	84.926
857.73	84.706
857.91	84.602
858.09	84.451
858.26	84.303
858.44	84.162
858.62	84.044
858.80	83.863
858.97	83.689
859.15	83.506
859.33	83.298
859.51	83.147
859.68	82.961
859.86	82.772
860.04	82.597
860.22	82.400
860.39	82.204
860.57	81.996
860.75	81.725
860.93	81.498
861.10	81.372
861.28	81.195
861.46	80.983
861.64	80.780
861.81	80.629
861.99	80.423
862.17	80.197
862.35	79.994
862.52	79.835
862.70	79.632
862.88	79.459
863.05	79.257
863.23	79.027
863.41	78.833
863.59	78.603
863.76	78.433
863.94	78.231
864.12	78.041
864.29	77.886
864.47	77.671
864.65	77.470
864.83	77.201
865.00	76.967
865.18	76.799
865.36	76.603
865.53	76.385
865.71	76.231
865.89	76.035
866.06	75.814
866.24	75.565
866.42	75.348
866.59	75.113
866.77	74.951
866.95	74.747
867.12	74.499
867.30	74.332
867.48	74.090
867.65	73.889
867.83	73.670
868.01	73.482
868.18	73.270
868.36	73.068
868.54	72.907
868.71	72.754
868.89	72.589
869.07	72.398
869.24	72.223
869.42	72.011
869.60	71.848
869.77	71.723
869.95	71.560
870.13	71.404
870.30	71.279
870.48	71.072
870.66	70.913
870.83	70.795
871.01	70.584
871.18	70.460
871.36	70.319
871.54	70.151
871.71	70.009
871.89	69.916
872.07	69.741
872.24	69.592
872.42	69.481
872.59	69.351
872.77	69.218
872.95	69.109
873.12	68.963
873.30	68.820
873.48	68.709
873.65	68.602
873.83	68.487
874.00	68.356
874.18	68.277
874.36	68.208
874.53	68.116
874.71	68.036
874.88	67.954
875.06	67.909
875.24	67.904
875.41	67.851
875.59	67.799
875.76	67.810
875.94	67.767
876.11	67.650
876.29	67.550
876.47	67.511
876.64	67.447
876.82	67.396
876.99	67.359
877.17	67.307
877.35	67.278
877.52	67.243
877.70	67.198
877.87	67.174
878.05	67.160
878.22	67.167
878.40	67.206
878.57	67.191
878.75	67.158
878.93	67.110
879.10	67.113
879.28	67.126
879.45	67.126
879.63	67.104
879.80	67.107
879.98	67.158
880.15	67.174
880.33	67.213
880.50	67.258
880.68	67.357
880.86	67.410
881.03	67.483
881.21	67.564
881.38	67.645
881.56	67.807
881.73	67.855
881.91	67.910
882.08	67.973
882.26	68.100
882.43	68.211
882.61	68.380
882.78	68.490
882.96	68.619
883.13	68.738
883.31	68.882
883.48	69.079
883.66	69.239
883.83	69.400
884.01	69.519
884.18	69.727
884.36	69.884
884.53	70.025
884.71	70.171
884.88	70.275
885.06	70.439
885.23	70.508
885.41	70.661
885.58	70.780
885.76	70.947
885.93	71.031
886.11	71.211
886.28	71.317
886.46	71.444
886.63	71.570
886.81	71.687
886.98	71.868
887.15	71.965
887.33	72.125
887.50	72.309
887.68	72.463
887.85	72.553
888.03	72.681
888.20	72.847
888.38	72.988
888.55	73.175
888.73	73.250
888.90	73.391
889.08	73.530
889.25	73.647
889.42	73.781
889.60	73.973
889.77	74.049
889.95	74.191
890.12	74.279
890.30	74.381
890.47	74.470
890.64	74.616
890.82	74.766
890.99	74.875
891.17	74.970
891.34	75.095
891.52	75.227
891.69	75.356
891.86	75.477
892.04	75.611
892.21	75.767
892.39	76.017
892.56	76.191
892.73	76.282
892.91	76.457
893.08	76.660
893.26	76.752
893.43	76.923
893.60	77.019
893.78	77.194
893.95	77.350
894.13	77.602
894.30	77.747
894.47	77.946
894.65	78.085
894.82	78.253
895.00	78.399
895.17	78.569
895.34	78.741
895.52	78.916
895.69	79.033
895.86	79.158
896.04	79.208
896.21	79.366
896.39	79.565
896.56	79.735
896.73	79.750
896.91	79.818
897.08	79.920
897.25	80.115
897.43	80.175
897.60	80.272
897.77	80.291
897.95	80.296
898.12	80.310
898.30	80.432
898.47	80.456
898.64	80.521
898.82	80.544
898.99	80.541
899.16	80.540
899.34	80.533
899.51	80.467
899.68	80.459
899.86	80.422
900.03	80.359
900.20	80.307
900.38	80.349
900.55	80.432
900.72	80.390
900.90	80.305
901.07	80.411
901.24	80.393
901.41	80.405
901.59	80.423
901.76	80.421
901.93	80.374
902.11	80.306
902.28	80.302
902.45	80.405
902.63	80.442
902.80	80.421
902.97	80.424
903.15	80.527
903.32	80.600
903.49	80.601
903.66	80.649
903.84	80.684
904.01	80.668
904.18	80.652
904.36	80.679
904.53	80.680
904.70	80.620
904.87	80.615
905.05	80.551
905.22	80.584
905.39	80.568
905.56	80.516
905.74	80.508
905.91	80.428
906.08	80.321
906.26	80.239
906.43	80.150
906.60	80.070
906.77	79.916
906.95	79.810
907.12	79.691
907.29	79.538
907.46	79.498
907.64	79.404
907.81	79.292
907.98	79.119
908.15	79.007
908.33	78.888
908.50	78.769
908.67	78.674
908.84	78.544
909.01	78.391
909.19	78.304
909.36	78.165
909.53	78.040
909.70	77.804
909.88	77.701
910.05	77.531
910.22	77.456
910.39	77.347
910.57	77.241
910.74	77.160
910.91	77.113
911.08	76.904
911.25	76.762
911.43	76.643
911.60	76.515
911.77	76.372
911.94	76.148
912.11	75.973
912.29	75.776
912.46	75.538
912.63	75.331
912.80	75.100
912.97	74.922
913.15	74.767
913.32	74.638
913.49	74.411
913.66	74.331
913.83	74.101
914.00	73.865
914.18	73.664
914.35	73.458
914.52	73.179
914.69	72.968
914.86	72.754
915.03	72.550
915.21	72.415
915.38	72.202
915.55	72.118
915.72	71.952
915.89	71.812
916.06	71.719
916.24	71.642
916.41	71.491
916.58	71.361
916.75	71.166
916.92	70.982
917.09	70.781
917.26	70.513
917.44	70.316
917.61	70.209
917.78	69.997
917.95	69.839
918.12	69.649
918.29	69.552
918.46	69.377
918.64	69.205
918.81	69.057
918.98	68.921
919.15	68.748
919.32	68.599
919.49	68.372
919.66	68.149
919.83	67.954
920.00	67.776
920.18	67.623
920.35	67.576
920.52	67.467
920.69	67.433
920.86	67.402
921.03	67.288
921.20	67.133
921.37	67.012
921.54	66.755
921.71	66.662
921.89	66.486
922.06	66.404
922.23	66.290
922.40	66.165
922.57	65.952
922.74	65.826
922.91	65.742
923.08	65.670
923.25	65.584
923.42	65.460
923.59	65.408
923.76	65.206
923.93	64.985
924.11	64.813
924.28	64.655
924.45	64.535
924.62	64.508
924.79	64.401
924.96	64.238
925.13	64.200
925.30	64.085
925.47	63.923
925.64	63.809
925.81	63.727
925.98	63.641
926.15	63.618
926.32	63.448
926.49	63.328
926.66	63.242
926.83	63.133
927.00	63.092
927.17	62.958
927.34	62.999
927.51	62.958
927.69	62.982
927.86	62.933
928.03	62.786
928.20	62.715
928.37	62.623
928.54	62.645
928.71	62.609
928.88	62.614
929.05	62.643
929.22	62.630
929.39	62.579
929.56	62.511
929.73	62.466
929.90	62.522
930.07	62.509
930.24	62.461
930.41	62.470
930.58	62.525
930.75	62.580
930.92	62.500
931.09	62.493
931.26	62.456
931.43	62.419
931.60	62.449
931.77	62.405
931.94	62.465
932.11	62.498
932.27	62.516
932.44	62.553
932.61	62.572
932.78	62.533
932.95	62.621
933.12	62.566
933.29	62.605
933.46	62.607
933.63	62.550
933.80	62.571
933.97	62.573
934.14	62.539
934.31	62.480
934.48	62.533
934.65	62.541
934.82	62.583
934.99	62.624
935.16	62.654
935.33	62.728
935.50	62.858
935.67	62.920
935.84	62.957
936.00	62.955
936.17	63.027
936.34	63.164
936.51	63.156
936.68	63.213
936.85	63.230
937.02	63.333
937.19	63.392
937.36	63.531
937.53	63.537
937.70	63.615
937.87	63.700
938.03	63.716
938.20	63.779
938.37	63.866
938.54	63.932
938.71	64.014
938.88	64.122
939.05	64.046
939.22	64.005
939.39	64.101
939.56	64.289
939.72	64.341
939.89	64.369
940.06	64.421
940.23	64.513
940.40	64.620
940.57	64.756
940.74	64.910
940.91	64.950
941.08	65.140
941.24	65.219
941.41	65.389
941.58	65.618
941.75	65.768
941.92	65.935
942.09	66.077
942.26	66.167
942.42	66.216
942.59	66.424
942.76	66.766
942.93	66.905
943.10	66.916
943.27	67.083
943.44	67.205
943.60	67.400
943.77	67.425
943.94	67.633
944.11	67.684
944.28	67.784
944.45	67.932
944.61	68.006
944.78	68.056
944.95	68.115
945.12	68.320
945.29	68.424
945.46	68.370
945.62	68.377
945.79	68.602
945.96	68.919
946.13	69.082
946.30	69.097
946.46	69.269
946.63	69.381
946.80	69.519
946.97	69.715
947.14	69.801
947.31	70.317
947.47	70.559
947.64	70.724
947.81	70.894
947.98	71.099
948.15	71.247
948.31	71.463
948.48	71.606
948.65	71.597
948.82	71.759
948.98	71.945
949.15	72.281
949.32	72.302
949.49	72.279
949.66	72.352
949.82	72.422
949.99	72.544
950.16	72.656
950.33	72.610
950.49	72.693
950.66	72.654
950.83	72.503
951.00	72.312
951.16	72.140
951.33	72.149
951.50	72.051
951.67	72.085
951.83	72.115
952.00	72.152
952.17	72.092
952.34	72.099
952.50	72.266
952.67	72.209
952.84	72.286
953.01	72.221
953.17	72.236
953.34	72.351
953.51	72.270
953.68	72.204
953.84	72.167
954.01	72.108
954.18	72.068
954.34	72.126
954.51	72.220
954.68	72.348
954.85	72.372
955.01	72.519
955.18	72.770
955.35	72.591
955.51	72.553
955.68	72.682
955.85	72.873
956.02	72.721
956.18	72.789
956.35	72.710
956.52	72.783
956.68	72.791
956.85	72.654
957.02	72.724
957.18	72.747
957.35	72.808
957.52	72.903
957.69	73.023
957.85	73.071
958.02	72.968
958.19	72.878
958.35	72.903
958.52	72.691
958.69	72.380
958.85	72.564
959.02	72.647
959.19	72.427
959.35	72.296
959.52	72.358
959.69	72.351
959.85	72.417
960.02	72.433
960.19	72.311
960.35	72.300
960.52	72.216
960.68	72.194
960.85	72.268
961.02	72.024
961.18	72.035
961.35	71.789
961.52	71.843
961.68	71.845
961.85	71.724
962.02	71.792
962.18	71.834
962.35	71.607
962.51	71.465
962.68	71.524
962.85	71.400
963.01	71.113
963.18	70.995
963.35	70.626
963.51	70.437
963.68	70.474
963.84	70.217
964.01	70.253
964.18	70.129
964.34	69.877
964.51	69.743
964.67	69.485
964.84	69.468
965.01	69.266
965.17	69.067
965.34	69.085
965.50	68.802
965.67	68.753
965.84	68.697
966.00	68.827
966.17	68.873
966.33	68.757
966.50	68.688
966.66	68.620
966.83	68.731
967.00	68.666
967.16	68.507
967.33	68.476
967.49	68.275
967.66	68.457
967.82	68.267
967.99	68.404
968.16	68.443
968.32	68.343
968.49	68.157
968.65	68.297
968.82	68.145
968.98	68.242
969.15	67.906
969.31	67.667
969.48	67.379
969.64	67.072
969.81	67.054
969.98	66.986
970.14	66.671
970.31	66.592
970.47	66.325
970.64	66.068
970.80	66.091
970.97	65.556
971.13	65.225
971.30	65.160
971.46	64.912
971.63	64.675
971.79	64.726
971.96	64.748
972.12	64.485
972.29	64.052
972.45	63.914
972.62	63.974
972.78	64.010
972.95	63.598
973.11	63.409
973.28	63.251
973.44	63.283
973.61	63.497
973.77	63.322
973.94	63.292
974.10	63.423
974.27	63.353
974.43	63.718
974.60	63.691
974.76	63.685
974.93	63.685
975.09	63.580
975.26	63.273
975.42	63.200
975.59	63.026
975.75	63.407
975.92	63.324
976.08	62.789
976.24	62.673
976.41	62.552
976.57	62.603
976.74	62.476
976.90	62.093
977.07	61.586
977.23	61.494
977.40	61.365
977.56	60.715
977.73	60.403
977.89	60.078
978.05	59.675
978.22	59.483
978.38	59.167
978.55	58.946
978.71	58.821
978.88	58.822
979.04	58.817
979.20	58.618
979.37	58.471
979.53	58.527
979.70	58.594
979.86	58.851
980.03	58.675
980.19	58.595
980.35	58.668
980.52	58.480
980.68	58.642
980.85	58.560
981.01	58.793
981.17	58.731
981.34	58.656
981.50	58.632
981.67	58.680
981.83	58.599
981.99	58.511
982.16	58.283
982.32	57.384
982.49	57.342
982.65	57.243
982.81	57.406
982.98	57.358
983.14	57.254
983.30	56.842
983.47	56.784
983.63	56.557
983.80	56.349
983.96	56.193
984.12	56.451
984.29	56.615
984.45	56.855
984.61	56.709
984.78	56.821
984.94	57.019
985.10	57.474
985.27	57.405
985.43	57.937
985.59	58.396
985.76	58.977
985.92	59.094
986.08	59.367
986.25	58.852
986.41	59.501
986.57	59.011
986.74	59.342
986.90	59.297
987.06	59.188
987.23	59.187
987.39	58.972
987.55	58.048
987.72	57.803
987.88	56.912
988.04	57.267
988.21	57.738
988.37	57.604
988.53	56.907
988.70	57.279
988.86	56.573
989.02	56.125
989.19	55.823
989.35	55.758
989.51	55.030
989.67	55.124
989.84	54.575
990.00	54.686
990.16	54.966
990.33	55.099
990.49	55.565
990.65	55.819
990.82	56.254
990.98	56.394
991.14	56.364
991.30	57.278
991.47	56.736
991.63	56.688
991.79	57.488
991.95	57.707
992.12	57.798
992.28	58.189
992.44	58.477
992.61	58.710
992.77	58.892
992.93	59.585
993.09	59.685
993.26	59.839
993.42	60.264
993.58	59.821
993.74	59.558
993.91	59.086
994.07	58.841
994.23	59.088
994.39	59.052
994.55	59.271
994.72	58.837
994.88	58.985
995.04	58.483
995.20	58.236
995.37	57.772
995.53	57.831
995.69	57.409
995.85	56.789
996.02	56.826
996.18	57.116
996.34	56.467
996.50	56.652
996.66	57.427
996.83	57.021
996.99	56.568
997.15	57.361
997.31	57.487
997.47	57.694
997.64	57.654
997.80	58.270
997.96	58.902
998.12	59.208
998.28	60.044
998.45	60.649
998.61	60.286
998.77	60.361
998.93	60.347
999.09	61.641
999.25	61.984
999.42	63.220
999.58	62.946
999.74	63.126
999.90	62.867
1000.06	62.375
1000.22	63.023
1000.39	63.747
1000.55	63.254
1000.71	63.959
1000.87	63.984
1001.03	63.901
1001.19	63.695
1001.36	62.965
1001.52	62.530
1001.68	62.191
1001.84	62.604
1002.00	61.762
1002.16	62.000
1002.32	61.427
1002.49	59.897
1002.65	59.788
1002.81	59.029
1002.97	59.004
1003.13	58.691
1003.29	59.615
1003.45	59.298
1003.62	59.726
1003.78	59.220
1003.94	59.947
1004.10	59.156
1004.26	59.047
1004.42	58.689
1004.58	58.701
1004.74	59.540
1004.90	61.170
1005.07	60.934
1005.23	59.877
1005.39	61.521
1005.55	61.949
1005.71	61.725
1005.87	62.815
1006.03	63.678
1006.19	63.799
1006.35	63.145
1006.51	64.207
1006.67	64.202
1006.84	64.056
1007.00	63.646
1007.16	65.057
1007.32	63.395
1007.48	64.206
1007.64	65.913
1007.80	66.146
1007.96	65.130
1008.12	65.438
1008.28	63.665
1008.44	64.665
1008.60	65.244
1008.76	63.520
1008.92	62.608
1009.09	62.661
1009.25	62.245
1009.41	61.649
1009.57	62.436
1009.73	63.838
1009.89	64.466
1010.05	64.918
1010.21	66.708
1010.37	66.162
1010.53	67.311
1010.69	69.049
1010.85	68.443
1011.01	67.127
1011.17	66.248
1011.33	68.553
1011.49	68.365
1011.65	68.398
1011.81	68.021
1011.97	68.616
1012.13	71.503
1012.29	73.448
1012.45	75.276
1012.61	78.953
1012.77	77.148
1012.93	76.214
1013.09	74.626
1013.25	75.005
1013.41	76.217
1013.57	73.183
1013.73	72.665
1013.89	68.141
1014.05	70.445
1014.21	69.148
1014.37	67.214
1014.53	66.174
1014.69	65.841
1014.85	66.371
1015.01	69.246
1015.17	71.564
1015.33	72.235
1015.49	70.331
1015.65	71.380
1015.81	71.694
1015.97	68.926
1016.13	72.551
1016.29	71.675
1016.45	73.253
1016.61	73.454
1016.77	70.316
1016.93	71.474
1017.09	71.189
1017.25	73.244
1017.41	71.368
1017.56	72.851
1017.72	79.924
1017.88	81.780
1018.04	83.638
1018.20	81.396
1018.36	80.151
1018.52	77.862
1018.68	78.525
1018.84	80.006
1019.00	78.139
1019.16	79.488
1019.32	82.013
1019.48	82.360
1019.64	85.519
1019.79	82.309
1019.95	78.758
1020.11	84.244
1020.27	84.090
1020.43	89.884
1020.59	92.236
1020.75	90.552
1020.91	95.163
1021.07	87.616
1021.23	87.822
1021.39	82.827
1021.54	88.362
1021.70	86.789
1021.86	86.456
1022.02	84.904
1022.18	82.150
1022.34	85.008
1022.50	84.310
1022.66	82.215
1022.82	82.389
1022.97	82.332
1023.13	85.418
1023.29	91.185
1023.45	89.727
1023.61	92.174
1023.77	91.003
1023.93	91.575
1024.08	93.094
1024.24	90.505
1024.40	93.365
1024.56	102.966
1024.72	107.336
1024.88	96.442
1025.04	101.509
1025.19	96.500
1025.35	92.245
1025.51	96.663
1025.67	100.097
1025.83	94.943
1025.99	97.704
1026.14	95.294
1026.30	105.393
1026.46	110.131
1026.62	102.200
1026.78	92.255
1026.94	86.497
1027.09	83.510
1027.25	81.025
1027.41	80.574
1027.57	79.020
1027.73	77.745
1027.89	71.150
1028.04	70.037
1028.20	69.305
1028.36	69.999
1028.52	69.634
1028.68	70.807
1028.83	71.259
1028.99	67.880
1029.15	68.225
1029.31	67.628
1029.47	69.239
1029.62	66.842
1029.78	65.679
1029.94	66.041
1030.10	69.102
1030.25	72.373
1030.41	76.658
1030.57	79.864
1030.73	83.566
1030.89	85.727
1031.04	89.086
1031.20	95.921
1031.36	105.432
1031.52	112.632
1031.67	116.020
1031.83	122.913
1031.99	135.203
1032.15	119.450
1032.30	133.939
1032.46	157.588
1032.62	144.843
1032.78	130.796
1032.93	151.111
1033.09	131.392
1033.25	124.155
1033.41	126.192
1033.56	121.741
1033.72	14.755
1033.88	306.429
1034.04	78.966
1034.19	62.030
1034.35	87.309
1034.51	-32.754
1034.66	57.589
1034.82	1994.167
1034.98	1994.167
1035.14	1994.167
