345.22	48.027
345.43	48.027
345.65	48.027
345.86	35.658
346.08	156.288
346.29	-2.041
346.51	45.060
346.72	-0.859
346.94	-283.526
347.15	-95.573
347.37	224.866
347.58	253.912
347.80	276.879
348.01	232.042
348.23	151.376
348.44	140.652
348.66	126.083
348.87	126.513
349.09	118.419
349.30	104.512
349.52	97.061
349.73	99.465
349.95	97.634
350.16	99.670
350.38	95.992
350.59	89.533
350.81	87.911
351.02	86.819
351.24	85.000
351.45	83.700
351.67	86.171
351.88	85.146
352.10	81.605
352.31	80.966
352.53	85.154
352.74	87.364
352.96	88.109
353.17	87.516
353.39	88.610
353.60	90.175
353.82	91.403
354.03	90.933
354.25	85.615
354.46	80.802
354.67	77.492
354.89	76.132
355.10	80.148
355.32	78.418
355.53	79.193
355.75	81.249
355.96	83.078
356.18	82.199
356.39	82.289
356.61	86.595
356.82	86.427
357.04	82.102
357.25	82.068
357.46	81.688
357.68	80.777
357.89	79.565
358.11	78.087
358.32	81.082
358.54	79.638
358.75	81.421
358.97	83.429
359.18	86.113
359.40	85.070
359.61	85.456
359.82	87.009
360.04	86.522
360.25	84.683
360.47	80.566
360.68	80.172
360.90	80.607
361.11	78.298
361.32	78.508
361.54	81.933
361.75	81.821
361.97	82.743
362.18	84.350
362.40	85.633
362.61	87.038
362.83	86.940
363.04	88.112
363.25	89.887
363.47	91.205
363.68	89.070
363.90	93.281
364.11	93.257
364.32	93.544
364.54	92.445
364.75	89.389
364.97	93.302
365.18	92.127
365.40	89.622
365.61	89.881
365.82	91.008
366.04	90.102
366.25	89.512
366.47	87.399
366.68	84.858
366.89	85.822
367.11	83.759
367.32	83.852
367.54	81.066
367.75	80.348
367.96	79.114
368.18	80.484
368.39	79.243
368.61	79.528
368.82	80.899
369.03	83.644
369.25	87.756
369.46	88.530
369.68	89.084
369.89	89.979
370.10	90.295
370.32	89.899
370.53	89.302
370.75	85.314
370.96	87.740
371.17	89.128
371.39	86.543
371.60	86.485
371.81	87.517
372.03	89.978
372.24	90.769
372.46	93.915
372.67	94.457
372.88	92.885
373.10	92.329
373.31	90.330
373.52	89.640
373.74	88.092
373.95	86.577
374.17	87.910
374.38	90.073
374.59	90.310
374.81	89.051
375.02	87.745
375.23	91.175
375.45	89.046
375.66	86.694
375.87	87.742
376.09	88.049
376.30	86.203
376.52	87.802
376.73	84.968
376.94	83.055
377.16	84.140
377.37	88.050
377.58	88.096
377.80	89.623
378.01	90.795
378.22	92.143
378.44	93.404
378.65	94.994
378.86	95.139
379.08	96.082
379.29	96.500
379.50	99.516
379.72	99.766
379.93	102.820
380.14	105.959
380.36	106.947
380.57	108.509
380.78	108.848
381.00	109.498
381.21	111.173
381.42	112.388
381.64	112.608
381.85	112.253
382.06	112.282
382.28	112.152
382.49	111.540
382.70	111.948
382.92	112.006
383.13	111.213
383.34	111.501
383.56	112.266
383.77	113.318
383.98	112.791
384.20	113.730
384.41	113.741
384.62	113.988
384.83	114.444
385.05	114.773
385.26	115.696
385.47	116.458
385.69	117.303
385.90	118.069
386.11	118.767
386.33	119.656
386.54	120.519
386.75	121.187
386.97	122.282
387.18	123.039
387.39	123.970
387.60	124.469
387.82	125.014
388.03	125.418
388.24	125.976
388.46	126.428
388.67	126.581
388.88	126.604
389.09	126.521
389.31	126.336
389.52	126.105
389.73	125.567
389.95	125.133
390.16	124.630
390.37	124.191
390.58	123.719
390.80	122.983
391.01	122.415
391.22	121.864
391.44	120.967
391.65	120.196
391.86	119.421
392.07	119.040
392.29	118.484
392.50	117.905
392.71	117.339
392.92	116.994
393.14	116.543
393.35	116.300
393.56	116.227
393.78	116.198
393.99	116.406
394.20	116.726
394.41	116.962
394.63	117.225
394.84	117.742
395.05	118.406
395.26	119.043
395.48	119.733
395.69	120.352
395.90	121.291
396.11	122.167
396.33	123.016
396.54	123.906
396.75	124.665
396.96	125.462
397.18	126.154
397.39	126.846
397.60	127.558
397.81	128.144
398.03	128.540
398.24	128.893
398.45	129.053
398.66	129.139
398.87	129.194
399.09	129.111
399.30	128.791
399.51	128.267
399.72	127.811
399.94	127.237
400.15	126.606
400.36	125.795
400.57	124.922
400.79	124.042
401.00	123.042
401.21	122.125
401.42	121.149
401.63	120.188
401.85	119.251
402.06	118.438
402.27	117.609
402.48	116.926
402.69	116.293
402.91	115.706
403.12	115.167
403.33	114.836
403.54	114.667
403.76	114.449
403.97	114.460
404.18	114.584
404.39	114.836
404.60	115.209
404.82	115.697
405.03	116.312
405.24	116.953
405.45	117.678
405.66	118.479
405.88	119.317
406.09	120.247
406.30	121.100
406.51	121.857
406.72	122.696
406.94	123.482
407.15	124.227
407.36	125.001
407.57	125.706
407.78	126.271
407.99	126.683
408.21	127.101
408.42	127.405
408.63	127.625
408.84	127.644
409.05	127.606
409.27	127.368
409.48	126.957
409.69	126.468
409.90	125.967
410.11	125.351
410.32	124.673
410.54	123.841
410.75	122.932
410.96	121.992
411.17	121.002
411.38	120.000
411.59	119.000
411.81	117.917
412.02	116.869
412.23	115.866
412.44	114.929
412.65	114.113
412.86	113.367
413.08	112.623
413.29	111.948
413.50	111.448
413.71	111.066
413.92	110.783
414.13	110.603
414.34	110.517
414.56	110.479
414.77	110.603
414.98	110.814
415.19	111.245
415.40	111.792
415.61	112.396
415.82	113.040
416.04	113.791
416.25	114.549
416.46	115.379
416.67	116.287
416.88	117.166
417.09	118.043
417.30	118.859
417.52	119.732
417.73	120.519
417.94	121.240
418.15	121.926
418.36	122.624
418.57	123.148
418.78	123.576
418.99	123.998
419.21	124.281
419.42	124.490
419.63	124.565
419.84	124.501
420.05	124.316
420.26	123.996
420.47	123.532
420.68	123.082
420.89	122.517
421.11	121.785
421.32	121.087
421.53	120.252
421.74	119.401
421.95	118.515
422.16	117.629
422.37	116.718
422.58	115.721
422.79	114.723
423.01	113.816
423.22	112.911
423.43	112.078
423.64	111.289
423.85	110.582
424.06	109.957
424.27	109.401
424.48	108.943
424.69	108.666
424.90	108.458
425.11	108.340
425.33	108.341
425.54	108.440
425.75	108.599
425.96	108.872
426.17	109.266
426.38	109.742
426.59	110.305
426.80	110.941
427.01	111.669
427.22	112.492
427.43	113.407
427.64	114.291
427.85	115.142
428.07	116.064
428.28	116.936
428.49	117.827
428.70	118.699
428.91	119.541
429.12	120.294
429.33	121.045
429.54	121.724
429.75	122.317
429.96	122.893
430.17	123.369
430.38	123.750
430.59	123.963
430.80	124.072
431.01	124.098
431.22	124.054
431.44	123.886
431.65	123.616
431.86	123.208
432.07	122.756
432.28	122.238
432.49	121.606
432.70	120.899
432.91	120.088
433.12	119.212
433.33	118.292
433.54	117.395
433.75	116.459
433.96	115.516
434.17	114.479
434.38	113.502
434.59	112.551
434.80	111.614
435.01	110.819
435.22	110.061
435.43	109.371
435.64	108.720
435.85	108.155
436.06	107.666
436.27	107.298
436.48	107.023
436.69	106.806
436.90	106.722
437.11	106.752
437.33	106.874
437.54	107.110
437.75	107.485
437.96	107.861
438.17	108.337
438.38	108.843
438.59	109.494
438.80	110.158
439.01	110.949
439.22	111.816
439.43	112.549
439.64	113.356
439.85	114.184
440.06	114.985
440.27	115.838
440.48	116.624
440.69	117.378
440.90	118.094
441.11	118.817
441.32	119.448
441.53	120.013
441.74	120.482
441.95	120.917
442.16	121.237
442.37	121.456
442.58	121.617
442.79	121.701
443.00	121.690
443.21	121.596
443.42	121.321
443.62	120.901
443.83	120.574
444.04	120.115
444.25	119.574
444.46	118.949
444.67	118.231
444.88	117.488
445.09	116.669
445.30	115.809
445.51	114.877
445.72	113.916
445.93	113.004
446.14	112.055
446.35	111.071
446.56	110.156
446.77	109.272
446.98	108.375
447.19	107.511
447.40	106.727
447.61	105.951
447.82	105.269
448.03	104.693
448.24	104.136
448.45	103.676
448.66	103.312
448.87	103.029
449.08	102.858
449.29	102.763
449.49	102.762
449.70	102.866
449.91	103.041
450.12	103.327
450.33	103.646
450.54	104.071
450.75	104.583
450.96	105.122
451.17	105.739
451.38	106.386
451.59	107.099
451.80	107.805
452.01	108.571
452.22	109.370
452.43	110.128
452.64	110.887
452.84	111.658
453.05	112.379
453.26	113.120
453.47	113.784
453.68	114.432
453.89	115.030
454.10	115.519
454.31	115.994
454.52	116.366
454.73	116.697
454.94	116.920
455.15	117.054
455.36	117.092
455.56	117.063
455.77	116.951
455.98	116.768
456.19	116.520
456.40	116.199
456.61	115.816
456.82	115.319
457.03	114.774
457.24	114.139
457.45	113.478
457.65	112.698
457.86	111.910
458.07	111.088
458.28	110.175
458.49	109.312
458.70	108.376
458.91	107.458
459.12	106.524
459.33	105.573
459.54	104.675
459.74	103.803
459.95	102.939
460.16	102.162
460.37	101.427
460.58	100.747
460.79	100.100
461.00	99.487
461.21	98.979
461.41	98.534
461.62	98.172
461.83	97.906
462.04	97.731
462.25	97.588
462.46	97.559
462.67	97.638
462.88	97.791
463.08	98.039
463.29	98.328
463.50	98.697
463.71	99.160
463.92	99.657
464.13	100.185
464.34	100.786
464.54	101.435
464.75	102.119
464.96	102.809
465.17	103.531
465.38	104.239
465.59	104.997
465.80	105.733
466.00	106.436
466.21	107.130
466.42	107.789
466.63	108.473
466.84	109.106
467.05	109.678
467.26	110.203
467.46	110.619
467.67	111.025
467.88	111.386
468.09	111.642
468.30	111.863
468.51	112.017
468.71	112.070
468.92	112.059
469.13	111.972
469.34	111.827
469.55	111.581
469.76	111.304
469.96	110.923
470.17	110.485
470.38	110.007
470.59	109.441
470.80	108.821
471.00	108.188
471.21	107.476
471.42	106.753
471.63	105.985
471.84	105.206
472.05	104.385
472.25	103.548
472.46	102.712
472.67	101.832
472.88	101.008
473.09	100.166
473.29	99.329
473.50	98.545
473.71	97.767
473.92	97.029
474.13	96.333
474.33	95.704
474.54	95.120
474.75	94.593
474.96	94.124
475.17	93.719
475.37	93.339
475.58	93.052
475.79	92.840
476.00	92.706
476.21	92.651
476.41	92.660
476.62	92.749
476.83	92.902
477.04	93.162
477.24	93.446
477.45	93.805
477.66	94.211
477.87	94.648
478.08	95.167
478.28	95.698
478.49	96.290
478.70	96.920
478.91	97.548
479.11	98.197
479.32	98.888
479.53	99.559
479.74	100.271
479.94	100.947
480.15	101.593
480.36	102.221
480.57	102.833
480.78	103.443
480.98	103.973
481.19	104.473
481.40	104.921
481.61	105.358
481.81	105.727
482.02	106.041
482.23	106.330
482.44	106.516
482.64	106.676
482.85	106.757
483.06	106.753
483.27	106.728
483.47	106.649
483.68	106.485
483.89	106.261
484.10	105.967
484.30	105.629
484.51	105.215
484.72	104.780
484.92	104.256
485.13	103.713
485.34	103.134
485.55	102.502
485.75	101.843
485.96	101.122
486.17	100.394
486.38	99.657
486.58	98.880
486.79	98.114
487.00	97.328
487.20	96.536
487.41	95.777
487.62	95.017
487.83	94.260
488.03	93.520
488.24	92.818
488.45	92.130
488.65	91.473
488.86	90.872
489.07	90.301
489.28	89.793
489.48	89.314
489.69	88.926
489.90	88.567
490.10	88.279
490.31	88.051
490.52	87.860
490.73	87.741
490.93	87.687
491.14	87.689
491.35	87.758
491.55	87.877
491.76	88.050
491.97	88.270
492.17	88.536
492.38	88.866
492.59	89.239
492.79	89.670
493.00	90.137
493.21	90.638
493.41	91.160
493.62	91.711
493.83	92.290
494.04	92.847
494.24	93.441
494.45	94.040
494.66	94.623
494.86	95.240
495.07	95.818
495.28	96.409
495.48	96.969
495.69	97.508
495.90	98.033
496.10	98.527
496.31	98.980
496.52	99.388
496.72	99.794
496.93	100.151
497.14	100.448
497.34	100.680
497.55	100.893
497.76	101.051
497.96	101.151
498.17	101.197
498.37	101.205
498.58	101.133
498.79	101.008
498.99	100.856
499.20	100.631
499.41	100.360
499.61	100.018
499.82	99.644
500.03	99.211
500.23	98.765
500.44	98.254
500.65	97.715
500.85	97.155
501.06	96.527
501.26	95.886
501.47	95.219
501.68	94.551
501.88	93.838
502.09	93.131
502.30	92.407
502.50	91.678
502.71	90.957
502.91	90.246
503.12	89.539
503.33	88.838
503.53	88.171
503.74	87.509
503.95	86.869
504.15	86.262
504.36	85.683
504.56	85.126
504.77	84.627
504.98	84.149
505.18	83.729
505.39	83.346
505.59	83.010
505.80	82.726
506.01	82.495
506.21	82.320
506.42	82.192
506.62	82.110
506.83	82.078
507.04	82.106
507.24	82.175
507.45	82.304
507.65	82.481
507.86	82.684
508.07	82.943
508.27	83.246
508.48	83.581
508.68	83.970
508.89	84.381
509.10	84.812
509.30	85.277
509.51	85.756
509.71	86.256
509.92	86.769
510.12	87.290
510.33	87.820
510.54	88.346
510.74	88.881
510.95	89.407
511.15	89.931
511.36	90.449
511.56	90.960
511.77	91.436
511.98	91.901
512.18	92.353
512.39	92.777
512.59	93.172
512.80	93.532
513.00	93.852
513.21	94.134
513.42	94.391
513.62	94.601
513.83	94.778
514.03	94.900
514.24	94.976
514.44	95.005
514.65	95.002
514.85	94.959
515.06	94.872
515.26	94.731
515.47	94.559
515.68	94.329
515.88	94.060
516.09	93.749
516.29	93.403
516.50	93.014
516.70	92.581
516.91	92.118
517.11	91.628
517.32	91.116
517.52	90.575
517.73	90.023
517.93	89.438
518.14	88.836
518.34	88.228
518.55	87.610
518.76	86.991
518.96	86.349
519.17	85.696
519.37	85.043
519.58	84.416
519.78	83.776
519.99	83.143
520.19	82.528
520.40	81.950
520.60	81.378
520.81	80.826
521.01	80.292
521.22	79.804
521.42	79.343
521.63	78.907
521.83	78.506
522.04	78.132
522.24	77.819
522.45	77.541
522.65	77.308
522.86	77.118
523.06	76.965
523.27	76.863
523.47	76.805
523.68	76.790
523.88	76.807
524.09	76.873
524.29	76.990
524.50	77.144
524.70	77.330
524.91	77.551
525.11	77.824
525.32	78.138
525.52	78.470
525.72	78.850
525.93	79.249
526.13	79.681
526.34	80.115
526.54	80.589
526.75	81.057
526.95	81.548
527.16	82.039
527.36	82.548
527.57	83.058
527.77	83.563
527.98	84.082
528.18	84.596
528.39	85.093
528.59	85.593
528.79	86.071
529.00	86.545
529.20	86.994
529.41	87.444
529.61	87.864
529.82	88.248
530.02	88.600
530.23	88.938
530.43	89.226
530.64	89.502
530.84	89.724
531.04	89.914
531.25	90.092
531.45	90.237
531.66	90.339
531.86	90.402
532.07	90.422
532.27	90.400
532.47	90.349
532.68	90.278
532.88	90.165
533.09	90.012
533.29	89.805
533.50	89.577
533.70	89.276
533.90	88.966
534.11	88.641
534.31	88.282
534.52	87.881
534.72	87.486
534.93	87.060
535.13	86.598
535.33	86.135
535.54	85.621
535.74	85.104
535.95	84.557
536.15	84.027
536.35	83.479
536.56	82.931
536.76	82.356
536.97	81.794
537.17	81.220
537.37	80.655
537.58	80.112
537.78	79.572
537.99	79.050
538.19	78.524
538.39	78.009
538.60	77.518
538.80	77.065
539.01	76.609
539.21	76.183
539.41	75.797
539.62	75.427
539.82	75.097
540.03	74.786
540.23	74.528
540.43	74.284
540.64	74.100
540.84	73.935
541.04	73.823
541.25	73.749
541.45	73.709
541.66	73.701
541.86	73.733
542.06	73.804
542.27	73.914
542.47	74.073
542.67	74.248
542.88	74.462
543.08	74.707
543.28	74.992
543.49	75.297
543.69	75.635
543.90	76.009
544.10	76.388
544.30	76.819
544.51	77.248
544.71	77.721
544.91	78.182
545.12	78.671
545.32	79.173
545.52	79.657
545.73	80.175
545.93	80.689
546.13	81.181
546.34	81.671
546.54	82.159
546.74	82.637
546.95	83.131
547.15	83.609
547.35	84.057
547.56	84.515
547.76	84.967
547.96	85.383
548.17	85.792
548.37	86.190
548.57	86.533
548.78	86.863
548.98	87.159
549.18	87.424
549.39	87.659
549.59	87.865
549.79	88.067
550.00	88.219
550.20	88.369
550.40	88.471
550.61	88.550
550.81	88.592
551.01	88.602
551.22	88.580
551.42	88.519
551.62	88.430
551.82	88.291
552.03	88.137
552.23	87.950
552.43	87.725
552.64	87.476
552.84	87.198
553.04	86.890
553.25	86.559
553.45	86.193
553.65	85.812
553.85	85.428
554.06	85.014
554.26	84.572
554.46	84.098
554.67	83.630
554.87	83.136
555.07	82.652
555.27	82.144
555.48	81.629
555.68	81.122
555.88	80.604
556.09	80.093
556.29	79.558
556.49	79.044
556.69	78.517
556.90	78.003
557.10	77.519
557.30	77.057
557.50	76.580
557.71	76.147
557.91	75.724
558.11	75.299
558.31	74.908
558.52	74.543
558.72	74.207
558.92	73.893
559.13	73.612
559.33	73.349
559.53	73.110
559.73	72.915
559.94	72.741
560.14	72.594
560.34	72.477
560.54	72.396
560.75	72.358
560.95	72.348
561.15	72.378
561.35	72.424
561.55	72.493
561.76	72.609
561.96	72.738
562.16	72.914
562.36	73.131
562.57	73.360
562.77	73.619
562.97	73.908
563.17	74.211
563.38	74.532
563.58	74.885
563.78	75.265
563.98	75.653
564.18	76.054
564.39	76.484
564.59	76.918
564.79	77.379
564.99	77.829
565.20	78.285
565.40	78.735
565.60	79.192
565.80	79.674
566.00	80.138
566.21	80.610
566.41	81.055
566.61	81.507
566.81	81.957
567.01	82.394
567.22	82.824
567.42	83.244
567.62	83.635
567.82	84.014
568.02	84.375
568.23	84.719
568.43	85.045
568.63	85.359
568.83	85.637
569.03	85.882
569.24	86.115
569.44	86.335
569.64	86.532
569.84	86.714
570.04	86.838
570.24	86.949
570.45	87.037
570.65	87.103
570.85	87.133
571.05	87.125
571.25	87.090
571.45	87.019
571.66	86.941
571.86	86.842
572.06	86.697
572.26	86.538
572.46	86.358
572.66	86.159
572.87	85.915
573.07	85.666
573.27	85.387
573.47	85.095
573.67	84.769
573.87	84.418
574.08	84.042
574.28	83.677
574.48	83.285
574.68	82.868
574.88	82.447
575.08	81.993
575.28	81.544
575.49	81.094
575.69	80.638
575.89	80.155
576.09	79.690
576.29	79.208
576.49	78.721
576.69	78.232
576.90	77.752
577.10	77.283
577.30	76.817
577.50	76.367
577.70	75.907
577.90	75.465
578.10	75.056
578.30	74.651
578.51	74.256
578.71	73.887
578.91	73.534
579.11	73.189
579.31	72.877
579.51	72.580
579.71	72.310
579.91	72.054
580.12	71.837
580.32	71.640
580.52	71.483
580.72	71.336
580.92	71.219
581.12	71.114
581.32	71.049
581.52	71.024
581.72	71.009
581.92	71.028
582.13	71.086
582.33	71.144
582.53	71.245
582.73	71.359
582.93	71.507
583.13	71.683
583.33	71.895
583.53	72.121
583.73	72.376
583.93	72.653
584.13	72.955
584.34	73.285
584.54	73.604
584.74	73.936
584.94	74.314
585.14	74.694
585.34	75.093
585.54	75.470
585.74	75.865
585.94	76.284
586.14	76.720
586.34	77.142
586.54	77.588
586.74	78.034
586.94	78.492
587.15	78.952
587.35	79.399
587.55	79.840
587.75	80.283
587.95	80.703
588.15	81.117
588.35	81.520
588.55	81.920
588.75	82.323
588.95	82.712
589.15	83.077
589.35	83.435
589.55	83.771
589.75	84.127
589.95	84.442
590.15	84.737
590.35	85.002
590.55	85.259
590.75	85.489
590.95	85.692
591.15	85.875
591.35	86.025
591.56	86.155
591.76	86.263
591.96	86.344
592.16	86.419
592.36	86.464
592.56	86.490
592.76	86.479
592.96	86.460
593.16	86.398
593.36	86.319
593.56	86.225
593.76	86.119
593.96	85.964
594.16	85.808
594.36	85.629
594.56	85.430
594.76	85.206
594.96	84.972
595.16	84.702
595.36	84.421
595.56	84.111
595.76	83.779
595.96	83.426
596.16	83.079
596.36	82.706
596.56	82.334
596.76	81.929
596.96	81.520
597.16	81.103
597.36	80.693
597.56	80.264
597.76	79.820
597.96	79.371
598.16	78.929
598.36	78.481
598.56	78.021
598.76	77.572
598.96	77.134
599.16	76.690
599.36	76.279
599.56	75.867
599.76	75.454
599.96	75.062
600.15	74.679
600.35	74.308
600.55	73.951
600.75	73.587
600.95	73.258
601.15	72.933
601.35	72.617
601.55	72.325
601.75	72.063
601.95	71.815
602.15	71.596
602.35	71.373
602.55	71.186
602.75	71.026
602.95	70.874
603.15	70.733
603.35	70.633
603.55	70.541
603.75	70.464
603.95	70.425
604.15	70.408
604.35	70.425
604.54	70.452
604.74	70.522
604.94	70.605
605.14	70.702
605.34	70.831
605.54	70.993
605.74	71.176
605.94	71.367
606.14	71.588
606.34	71.821
606.54	72.086
606.74	72.370
606.94	72.666
607.14	72.988
607.33	73.336
607.53	73.681
607.73	74.035
607.93	74.398
608.13	74.773
608.33	75.163
608.53	75.542
608.73	75.949
608.93	76.334
609.13	76.739
609.33	77.156
609.52	77.573
609.72	77.984
609.92	78.389
610.12	78.803
610.32	79.209
610.52	79.627
610.72	80.024
610.92	80.416
611.12	80.805
611.31	81.188
611.51	81.557
611.71	81.919
611.91	82.285
612.11	82.652
612.31	83.003
612.51	83.331
612.71	83.662
612.91	83.958
613.10	84.255
613.30	84.559
613.50	84.830
613.70	85.081
613.90	85.304
614.10	85.508
614.30	85.680
614.50	85.849
614.69	85.974
614.89	86.099
615.09	86.199
615.29	86.285
615.49	86.347
615.69	86.383
615.89	86.409
616.08	86.412
616.28	86.388
616.48	86.344
616.68	86.273
616.88	86.184
617.08	86.073
617.27	85.957
617.47	85.804
617.67	85.631
617.87	85.438
618.07	85.242
618.27	85.031
618.47	84.815
618.66	84.570
618.86	84.320
619.06	84.041
619.26	83.759
619.46	83.459
619.66	83.135
619.85	82.804
620.05	82.456
620.25	82.084
620.45	81.713
620.65	81.331
620.84	80.965
621.04	80.579
621.24	80.212
621.44	79.805
621.64	79.381
621.84	78.979
622.03	78.572
622.23	78.165
622.43	77.759
622.63	77.356
622.83	76.953
623.02	76.555
623.22	76.168
623.42	75.766
623.62	75.381
623.82	75.015
624.01	74.642
624.21	74.281
624.41	73.939
624.61	73.610
624.81	73.299
625.00	72.980
625.20	72.678
625.40	72.381
625.60	72.114
625.79	71.873
625.99	71.651
626.19	71.432
626.39	71.237
626.59	71.051
626.78	70.897
626.98	70.757
627.18	70.628
627.38	70.527
627.57	70.468
627.77	70.410
627.97	70.367
628.17	70.362
628.37	70.369
628.56	70.413
628.76	70.462
628.96	70.525
629.16	70.609
629.35	70.739
629.55	70.875
629.75	71.031
629.95	71.209
630.14	71.392
630.34	71.607
630.54	71.831
630.74	72.069
630.93	72.321
631.13	72.586
631.33	72.861
631.53	73.130
631.72	73.412
631.92	73.724
632.12	74.054
632.31	74.381
632.51	74.741
632.71	75.092
632.91	75.447
633.10	75.817
633.30	76.207
633.50	76.569
633.70	76.960
633.89	77.344
634.09	77.739
634.29	78.130
634.48	78.519
634.68	78.920
634.88	79.323
635.08	79.726
635.27	80.135
635.47	80.540
635.67	80.951
635.86	81.357
636.06	81.745
636.26	82.110
636.46	82.478
636.65	82.828
636.85	83.188
637.05	83.536
637.24	83.855
637.44	84.172
637.64	84.483
637.83	84.786
638.03	85.082
638.23	85.338
638.43	85.596
638.62	85.829
638.82	86.033
639.02	86.232
639.21	86.404
639.41	86.554
639.61	86.708
639.80	86.843
640.00	86.955
640.20	87.074
640.39	87.187
640.59	87.269
640.79	87.336
640.98	87.373
641.18	87.398
641.38	87.420
641.57	87.405
641.77	87.372
641.97	87.310
642.16	87.237
642.36	87.157
642.56	87.057
642.75	86.958
642.95	86.831
643.15	86.691
643.34	86.552
643.54	86.390
643.74	86.194
643.93	85.989
644.13	85.750
644.33	85.486
644.52	85.219
644.72	84.953
644.91	84.668
645.11	84.360
645.31	84.054
645.50	83.744
645.70	83.431
645.90	83.112
646.09	82.772
646.29	82.423
646.48	82.068
646.68	81.697
646.88	81.323
647.07	80.952
647.27	80.571
647.47	80.179
647.66	79.799
647.86	79.411
648.05	79.034
648.25	78.665
648.45	78.292
648.64	77.908
648.84	77.537
649.04	77.158
649.23	76.785
649.43	76.425
649.62	76.056
649.82	75.686
650.02	75.331
650.21	74.993
650.41	74.676
650.60	74.367
650.80	74.089
651.00	73.789
651.19	73.520
651.39	73.256
651.58	73.001
651.78	72.769
651.97	72.565
652.17	72.358
652.37	72.160
652.56	71.998
652.76	71.846
652.95	71.705
653.15	71.607
653.35	71.512
653.54	71.425
653.74	71.349
653.93	71.300
654.13	71.268
654.32	71.240
654.52	71.212
654.72	71.219
654.91	71.235
655.11	71.279
655.30	71.343
655.50	71.429
655.69	71.532
655.89	71.634
656.08	71.747
656.28	71.886
656.48	72.049
656.67	72.214
656.87	72.397
657.06	72.582
657.26	72.776
657.45	72.996
657.65	73.237
657.84	73.500
658.04	73.762
658.23	74.046
658.43	74.350
658.62	74.668
658.82	74.980
659.02	75.303
659.21	75.648
659.41	75.984
659.60	76.327
659.80	76.678
659.99	77.059
660.19	77.433
660.38	77.818
660.58	78.184
660.77	78.572
660.97	78.946
661.16	79.328
661.36	79.701
661.55	80.089
661.75	80.469
661.94	80.837
662.14	81.219
662.33	81.600
662.53	81.968
662.72	82.336
662.92	82.697
663.11	83.042
663.31	83.395
663.50	83.746
663.70	84.101
663.89	84.442
664.09	84.758
664.28	85.084
664.48	85.388
664.67	85.710
664.87	85.989
665.06	86.281
665.26	86.555
665.45	86.820
665.65	87.065
665.84	87.315
666.04	87.545
666.23	87.738
666.43	87.910
666.62	88.079
666.82	88.230
667.01	88.373
667.21	88.507
667.40	88.611
667.59	88.718
667.79	88.787
667.98	88.831
668.18	88.867
668.37	88.879
668.57	88.905
668.76	88.894
668.96	88.865
669.15	88.827
669.35	88.794
669.54	88.729
669.73	88.658
669.93	88.564
670.12	88.470
670.32	88.384
670.51	88.269
670.71	88.140
670.90	88.009
671.10	87.860
671.29	87.689
671.48	87.501
671.68	87.297
671.87	87.091
672.07	86.869
672.26	86.672
672.46	86.437
672.65	86.182
672.84	85.920
673.04	85.664
673.23	85.391
673.43	85.095
673.62	84.814
673.82	84.518
674.01	84.188
674.20	83.867
674.40	83.526
674.59	83.195
674.79	82.867
674.98	82.522
675.17	82.177
675.37	81.840
675.56	81.500
675.76	81.153
675.95	80.786
676.14	80.443
676.34	80.064
676.53	79.709
676.73	79.347
676.92	78.984
677.11	78.625
677.31	78.267
677.50	77.928
677.70	77.575
677.89	77.223
678.08	76.902
678.28	76.576
678.47	76.267
678.66	75.968
678.86	75.675
679.05	75.383
679.25	75.108
679.44	74.845
679.63	74.605
679.83	74.361
680.02	74.146
680.21	73.934
680.41	73.736
680.60	73.531
680.79	73.349
680.99	73.181
681.18	73.010
681.38	72.864
681.57	72.742
681.76	72.640
681.96	72.552
682.15	72.468
682.34	72.389
682.54	72.325
682.73	72.281
682.92	72.238
683.12	72.230
683.31	72.231
683.50	72.244
683.70	72.269
683.89	72.293
684.08	72.349
684.28	72.418
684.47	72.497
684.66	72.605
684.86	72.721
685.05	72.858
685.24	73.019
685.44	73.178
685.63	73.340
685.82	73.523
686.02	73.707
686.21	73.932
686.40	74.164
686.60	74.416
686.79	74.675
686.98	74.940
687.18	75.217
687.37	75.495
687.56	75.769
687.75	76.059
687.95	76.367
688.14	76.667
688.33	76.990
688.53	77.317
688.72	77.661
688.91	78.004
689.11	78.341
689.30	78.712
689.49	79.084
689.68	79.453
689.88	79.813
690.07	80.175
690.26	80.522
690.46	80.888
690.65	81.233
690.84	81.584
691.03	81.950
691.23	82.305
691.42	82.662
691.61	83.030
691.80	83.375
692.00	83.727
692.19	84.062
692.38	84.393
692.58	84.728
692.77	85.047
692.96	85.354
693.15	85.668
693.35	85.957
693.54	86.264
693.73	86.566
693.92	86.845
694.12	87.137
694.31	87.398
694.50	87.678
694.69	87.922
694.89	88.158
695.08	88.374
695.27	88.609
695.46	88.812
695.66	89.019
695.85	89.223
696.04	89.414
696.23	89.620
696.43	89.800
696.62	89.946
696.81	90.084
697.00	90.228
697.19	90.356
697.39	90.455
697.58	90.538
697.77	90.598
697.96	90.675
698.16	90.722
698.35	90.792
698.54	90.809
698.73	90.855
698.92	90.855
699.12	90.853
699.31	90.825
699.50	90.798
699.69	90.760
699.89	90.702
700.08	90.636
700.27	90.541
700.46	90.449
700.65	90.349
700.85	90.260
701.04	90.137
701.23	89.992
701.42	89.844
701.61	89.685
701.81	89.511
702.00	89.323
702.19	89.130
702.38	88.902
702.57	88.693
702.76	88.446
702.96	88.218
703.15	87.972
703.34	87.708
703.53	87.440
703.72	87.141
703.92	86.840
704.11	86.538
704.30	86.224
704.49	85.910
704.68	85.600
704.87	85.249
705.07	84.915
705.26	84.585
705.45	84.282
705.64	83.942
705.83	83.634
706.02	83.304
706.21	82.987
706.41	82.660
706.60	82.311
706.79	81.988
706.98	81.671
707.17	81.333
707.36	81.010
707.56	80.704
707.75	80.393
707.94	80.091
708.13	79.793
708.32	79.514
708.51	79.217
708.70	78.940
708.89	78.662
709.09	78.384
709.28	78.121
709.47	77.818
709.66	77.541
709.85	77.268
710.04	77.002
710.23	76.726
710.42	76.498
710.62	76.261
710.81	76.003
711.00	75.761
711.19	75.551
711.38	75.337
711.57	75.115
711.76	74.916
711.95	74.743
712.15	74.576
712.34	74.411
712.53	74.260
712.72	74.116
712.91	74.010
713.10	73.902
713.29	73.804
713.48	73.719
713.67	73.667
713.86	73.623
714.05	73.584
714.25	73.556
714.44	73.513
714.63	73.503
714.82	73.534
715.01	73.562
715.20	73.618
715.39	73.667
715.58	73.738
715.77	73.828
715.96	73.919
716.15	74.007
716.34	74.093
716.54	74.204
716.73	74.329
716.92	74.444
717.11	74.586
717.30	74.739
717.49	74.910
717.68	75.094
717.87	75.251
718.06	75.458
718.25	75.684
718.44	75.920
718.63	76.161
718.82	76.395
719.01	76.641
719.20	76.887
719.39	77.157
719.58	77.429
719.77	77.691
719.96	77.943
720.16	78.216
720.35	78.516
720.54	78.804
720.73	79.104
720.92	79.410
721.11	79.739
721.30	80.053
721.49	80.372
721.68	80.692
721.87	81.044
722.06	81.367
722.25	81.687
722.44	82.013
722.63	82.333
722.82	82.647
723.01	82.954
723.20	83.253
723.39	83.564
723.58	83.902
723.77	84.237
723.96	84.580
724.15	84.932
724.34	85.261
724.53	85.595
724.72	85.894
724.91	86.225
725.10	86.544
725.29	86.849
725.48	87.180
725.67	87.458
725.86	87.721
726.05	88.003
726.24	88.270
726.43	88.526
726.62	88.781
726.81	89.070
727.00	89.332
727.19	89.608
727.38	89.862
727.57	90.082
727.76	90.300
727.95	90.509
728.14	90.688
728.33	90.873
728.52	91.047
728.71	91.220
728.90	91.379
729.09	91.506
729.28	91.621
729.47	91.721
729.65	91.838
729.84	91.958
730.03	92.058
730.22	92.150
730.41	92.244
730.60	92.329
730.79	92.357
730.98	92.409
731.17	92.454
731.36	92.468
731.55	92.465
731.74	92.457
731.93	92.444
732.12	92.424
732.31	92.405
732.50	92.394
732.69	92.379
732.88	92.318
733.06	92.247
733.25	92.191
733.44	92.128
733.63	92.032
733.82	91.928
734.01	91.795
734.20	91.663
734.39	91.507
734.58	91.364
734.77	91.228
734.96	91.056
735.15	90.863
735.33	90.666
735.52	90.487
735.71	90.292
735.90	90.075
736.09	89.847
736.28	89.597
736.47	89.339
736.66	89.070
736.85	88.809
737.04	88.523
737.23	88.249
737.41	87.948
737.60	87.688
737.79	87.384
737.98	87.105
738.17	86.815
738.36	86.550
738.55	86.261
738.74	85.982
738.92	85.693
739.11	85.416
739.30	85.121
739.49	84.806
739.68	84.511
739.87	84.242
740.06	83.970
740.25	83.671
740.43	83.392
740.62	83.099
740.81	82.797
741.00	82.529
741.19	82.227
741.38	81.928
741.57	81.622
741.75	81.349
741.94	81.050
742.13	80.758
742.32	80.442
742.51	80.149
742.70	79.857
742.89	79.587
743.07	79.296
743.26	79.025
743.45	78.736
743.64	78.476
743.83	78.193
744.02	77.894
744.20	77.645
744.39	77.384
744.58	77.146
744.77	76.928
744.96	76.726
745.15	76.552
745.33	76.384
745.52	76.213
745.71	76.043
745.90	75.893
746.09	75.761
746.28	75.640
746.46	75.490
746.65	75.346
746.84	75.224
747.03	75.107
747.22	75.009
747.40	74.946
747.59	74.865
747.78	74.799
747.97	74.779
748.16	74.742
748.34	74.694
748.53	74.673
748.72	74.662
748.91	74.630
749.10	74.609
749.28	74.610
749.47	74.633
749.66	74.647
749.85	74.654
750.04	74.676
750.22	74.705
750.41	74.768
750.60	74.844
750.79	74.893
750.97	74.969
751.16	75.068
751.35	75.149
751.54	75.234
751.73	75.357
751.91	75.457
752.10	75.611
752.29	75.744
752.48	75.898
752.66	76.058
752.85	76.229
753.04	76.404
753.23	76.601
753.41	76.770
753.60	76.988
753.79	77.214
753.98	77.422
754.16	77.647
754.35	77.872
754.54	78.094
754.73	78.355
754.91	78.617
755.10	78.867
755.29	79.144
755.48	79.407
755.66	79.673
755.85	79.953
756.04	80.202
756.22	80.497
756.41	80.764
756.60	81.038
756.79	81.335
756.97	81.636
757.16	81.892
757.35	82.188
757.54	82.476
757.72	82.761
757.91	83.061
758.10	83.360
758.28	83.649
758.47	83.939
758.66	84.257
758.85	84.550
759.03	84.854
759.22	85.157
759.41	85.469
759.59	85.772
759.78	86.071
759.97	86.352
760.15	86.623
760.34	86.933
760.53	87.210
760.71	87.466
760.90	87.747
761.09	88.025
761.28	88.303
761.46	88.561
761.65	88.826
761.84	89.099
762.02	89.359
762.21	89.643
762.40	89.885
762.58	90.095
762.77	90.313
762.96	90.532
763.14	90.763
763.33	90.968
763.52	91.142
763.70	91.304
763.89	91.493
764.08	91.685
764.26	91.817
764.45	91.986
764.64	92.160
764.82	92.286
765.01	92.417
765.20	92.516
765.38	92.637
765.57	92.723
765.75	92.801
765.94	92.857
766.13	92.923
766.31	93.004
766.50	93.060
766.69	93.150
766.87	93.229
767.06	93.267
767.25	93.321
767.43	93.395
767.62	93.470
767.80	93.510
767.99	93.522
768.18	93.533
768.36	93.531
768.55	93.514
768.74	93.493
768.92	93.474
769.11	93.477
769.29	93.434
769.48	93.417
769.67	93.356
769.85	93.325
770.04	93.210
770.22	93.115
770.41	92.997
770.60	92.849
770.78	92.681
770.97	92.534
771.15	92.385
771.34	92.192
771.53	92.022
771.71	91.843
771.90	91.685
772.08	91.570
772.27	91.401
772.46	91.204
772.64	91.011
772.83	90.810
773.01	90.559
773.20	90.330
773.39	90.108
773.57	89.879
773.76	89.639
773.94	89.448
774.13	89.207
774.31	88.948
774.50	88.727
774.68	88.478
774.87	88.223
775.06	87.923
775.24	87.661
775.43	87.365
775.61	87.079
775.80	86.796
775.98	86.478
776.17	86.169
776.36	85.875
776.54	85.584
776.73	85.281
776.91	84.995
777.10	84.710
777.28	84.387
777.47	84.099
777.65	83.795
777.84	83.483
778.02	83.204
778.21	82.935
778.39	82.626
778.58	82.344
778.77	82.066
778.95	81.817
779.14	81.558
779.32	81.311
779.51	81.066
779.69	80.796
779.88	80.547
780.06	80.307
780.25	80.054
780.43	79.801
780.62	79.573
780.80	79.338
780.99	79.093
781.17	78.859
781.36	78.615
781.54	78.392
781.73	78.138
781.91	77.913
782.10	77.710
782.28	77.504
782.47	77.297
782.65	77.071
782.84	76.858
783.02	76.670
783.21	76.493
783.39	76.310
783.58	76.143
783.76	75.952
783.95	75.788
784.13	75.669
784.32	75.544
784.50	75.409
784.69	75.315
784.87	75.214
785.05	75.133
785.24	75.054
785.42	74.989
785.61	74.928
785.79	74.873
785.98	74.829
786.16	74.766
786.35	74.743
786.53	74.725
786.72	74.702
786.90	74.680
787.09	74.645
787.27	74.645
787.45	74.662
787.64	74.680
787.82	74.691
788.01	74.699
788.19	74.731
788.38	74.765
788.56	74.747
788.75	74.800
788.93	74.860
789.11	74.897
789.30	74.928
789.48	74.996
789.67	75.072
789.85	75.131
790.04	75.248
790.22	75.343
790.40	75.459
790.59	75.564
790.77	75.683
790.96	75.839
791.14	75.981
791.32	76.110
791.51	76.259
791.69	76.420
791.88	76.591
792.06	76.762
792.25	76.920
792.43	77.138
792.61	77.319
792.80	77.480
792.98	77.698
793.17	77.899
793.35	78.076
793.53	78.269
793.72	78.507
793.90	78.721
794.08	78.930
794.27	79.141
794.45	79.388
794.64	79.610
794.82	79.830
795.00	80.024
795.19	80.262
795.37	80.486
795.55	80.670
795.74	80.903
795.92	81.144
796.11	81.414
796.29	81.664
796.47	81.902
796.66	82.135
796.84	82.398
797.02	82.669
797.21	82.955
797.39	83.220
797.58	83.471
797.76	83.711
797.94	83.982
798.13	84.253
798.31	84.534
798.49	84.783
798.68	85.032
798.86	85.330
799.04	85.569
799.23	85.840
799.41	86.118
799.59	86.368
799.78	86.574
799.96	86.804
800.14	87.044
800.33	87.294
800.51	87.557
800.69	87.758
800.88	87.993
801.06	88.238
801.24	88.429
801.43	88.631
801.61	88.816
801.79	88.994
801.98	89.170
802.16	89.357
802.34	89.564
802.52	89.757
802.71	89.899
802.89	90.084
803.07	90.242
803.26	90.388
803.44	90.509
803.62	90.664
803.81	90.796
803.99	90.887
804.17	90.974
804.35	91.062
804.54	91.140
804.72	91.244
804.90	91.318
805.09	91.447
805.27	91.553
805.45	91.666
805.63	91.740
805.82	91.821
806.00	91.824
806.18	91.862
806.37	91.917
806.55	91.930
806.73	91.961
806.91	91.981
807.10	92.024
807.28	92.049
807.46	92.068
807.64	92.065
807.83	92.074
808.01	92.078
808.19	92.024
808.37	91.987
808.56	91.921
808.74	91.874
808.92	91.811
809.10	91.708
809.29	91.651
809.47	91.585
809.65	91.457
809.83	91.407
810.02	91.296
810.20	91.192
810.38	91.102
810.56	90.978
810.75	90.888
810.93	90.778
811.11	90.659
811.29	90.537
811.47	90.412
811.66	90.263
811.84	90.126
812.02	90.062
812.20	89.948
812.39	89.832
812.57	89.697
812.75	89.563
812.93	89.465
813.11	89.308
813.30	89.169
813.48	89.063
813.66	88.900
813.84	88.749
814.02	88.577
814.21	88.429
814.39	88.232
814.57	88.037
814.75	87.836
814.93	87.639
815.12	87.419
815.30	87.210
815.48	87.001
815.66	86.770
815.84	86.505
816.03	86.258
816.21	85.978
816.39	85.733
816.57	85.428
816.75	85.118
816.93	84.829
817.12	84.517
817.30	84.204
817.48	83.899
817.66	83.635
817.84	83.370
818.02	83.117
818.21	82.841
818.39	82.586
818.57	82.306
818.75	82.085
818.93	81.832
819.11	81.564
819.30	81.313
819.48	81.083
819.66	80.866
819.84	80.663
820.02	80.438
820.20	80.196
820.38	79.971
820.57	79.751
820.75	79.561
820.93	79.356
821.11	79.157
821.29	78.977
821.47	78.757
821.65	78.539
821.83	78.309
822.02	78.118
822.20	77.903
822.38	77.739
822.56	77.481
822.74	77.258
822.92	77.008
823.10	76.797
823.28	76.551
823.46	76.318
823.65	76.079
823.83	75.874
824.01	75.665
824.19	75.449
824.37	75.236
824.55	74.998
824.73	74.811
824.91	74.602
825.09	74.399
825.27	74.210
825.46	73.994
825.64	73.786
825.82	73.611
826.00	73.411
826.18	73.237
826.36	73.087
826.54	72.955
826.72	72.879
826.90	72.773
827.08	72.687
827.26	72.601
827.44	72.500
827.63	72.403
827.81	72.333
827.99	72.293
828.17	72.239
828.35	72.193
828.53	72.137
828.71	72.124
828.89	72.091
829.07	72.065
829.25	72.043
829.43	72.055
829.61	72.035
829.79	72.027
829.97	72.024
830.15	71.999
830.33	71.998
830.51	71.981
830.69	71.980
830.87	71.936
831.06	71.945
831.24	71.966
831.42	71.983
831.60	71.978
831.78	72.004
831.96	72.053
832.14	72.116
832.32	72.179
832.50	72.222
832.68	72.262
832.86	72.299
833.04	72.394
833.22	72.443
833.40	72.533
833.58	72.604
833.76	72.669
833.94	72.795
834.12	72.915
834.30	73.035
834.48	73.137
834.66	73.301
834.84	73.399
835.02	73.546
835.20	73.697
835.38	73.860
835.56	74.016
835.74	74.178
835.92	74.349
836.10	74.495
836.28	74.651
836.46	74.830
836.64	75.003
836.82	75.136
837.00	75.309
837.18	75.476
837.36	75.681
837.54	75.863
837.72	76.044
837.90	76.228
838.08	76.419
838.26	76.610
838.43	76.787
838.61	76.994
838.79	77.184
838.97	77.376
839.15	77.574
839.33	77.771
839.51	77.921
839.69	78.091
839.87	78.291
840.05	78.515
840.23	78.715
840.41	78.921
840.59	79.093
840.77	79.305
840.95	79.482
841.13	79.647
841.31	79.824
841.49	79.982
841.67	80.126
841.84	80.304
842.02	80.439
842.20	80.636
842.38	80.779
842.56	80.927
842.74	81.088
842.92	81.201
843.10	81.341
843.28	81.539
843.46	81.678
843.64	81.782
843.82	81.918
843.99	82.045
844.17	82.221
844.35	82.463
844.53	82.626
844.71	82.830
844.89	82.964
845.07	83.158
845.25	83.353
845.43	83.540
845.61	83.700
845.78	83.928
845.96	84.104
846.14	84.305
846.32	84.499
846.50	84.660
846.68	84.894
846.86	85.072
847.04	85.226
847.22	85.342
847.39	85.532
847.57	85.661
847.75	85.791
847.93	85.855
848.11	85.957
848.29	86.102
848.47	86.169
848.65	86.316
848.82	86.372
849.00	86.460
849.18	86.515
849.36	86.563
849.54	86.624
849.72	86.614
849.89	86.674
850.07	86.745
850.25	86.756
850.43	86.725
850.61	86.728
850.79	86.694
850.97	86.763
851.14	86.784
851.32	86.782
851.50	86.803
851.68	86.864
851.86	86.914
852.04	86.895
852.21	86.943
852.39	86.964
852.57	87.037
852.75	87.051
852.93	87.063
853.10	87.055
853.28	87.021
853.46	87.040
853.64	86.980
853.82	86.896
854.00	86.934
854.17	86.896
854.35	86.820
854.53	86.795
854.71	86.717
854.89	86.615
855.06	86.582
855.24	86.542
855.42	86.460
855.60	86.319
855.78	86.231
855.95	86.106
856.13	86.007
856.31	85.821
856.49	85.679
856.66	85.582
856.84	85.429
857.02	85.361
857.20	85.280
857.38	85.124
857.55	85.000
857.73	84.775
857.91	84.670
858.09	84.513
858.26	84.366
858.44	84.233
858.62	84.102
858.80	83.930
858.97	83.751
859.15	83.569
859.33	83.363
859.51	83.203
859.68	83.025
859.86	82.836
860.04	82.668
860.22	82.463
860.39	82.259
860.57	82.049
860.75	81.775
860.93	81.549
861.10	81.419
861.28	81.244
861.46	81.035
861.64	80.830
861.81	80.683
861.99	80.477
862.17	80.251
862.35	80.058
862.52	79.886
862.70	79.680
862.88	79.508
863.05	79.307
863.23	79.080
863.41	78.887
863.59	78.663
863.76	78.493
863.94	78.296
864.12	78.103
864.29	77.943
864.47	77.727
864.65	77.529
864.83	77.254
865.00	77.013
865.18	76.845
865.36	76.653
865.53	76.441
865.71	76.289
865.89	76.085
866.06	75.859
866.24	75.611
866.42	75.399
866.59	75.156
866.77	74.991
866.95	74.787
867.12	74.535
867.30	74.368
867.48	74.133
867.65	73.932
867.83	73.707
868.01	73.517
868.18	73.314
868.36	73.102
868.54	72.940
868.71	72.777
868.89	72.606
869.07	72.413
869.24	72.238
869.42	72.032
869.60	71.867
869.77	71.741
869.95	71.573
870.13	71.415
870.30	71.304
870.48	71.109
870.66	70.950
870.83	70.835
871.01	70.624
871.18	70.491
871.36	70.355
871.54	70.199
871.71	70.066
871.89	69.972
872.07	69.796
872.24	69.659
872.42	69.557
872.59	69.430
872.77	69.292
872.95	69.183
873.12	69.034
873.30	68.900
873.48	68.779
873.65	68.678
873.83	68.572
874.00	68.430
874.18	68.339
874.36	68.269
874.53	68.176
874.71	68.094
874.88	68.016
875.06	67.968
875.24	67.963
875.41	67.899
875.59	67.843
875.76	67.863
875.94	67.810
876.11	67.692
876.29	67.600
876.47	67.561
876.64	67.494
876.82	67.436
876.99	67.391
877.17	67.349
877.35	67.322
877.52	67.278
877.70	67.239
877.87	67.218
878.05	67.205
878.22	67.208
878.40	67.237
878.57	67.221
878.75	67.177
878.93	67.118
879.10	67.119
879.28	67.134
879.45	67.127
879.63	67.097
879.80	67.103
879.98	67.150
880.15	67.177
880.33	67.229
880.50	67.280
880.68	67.382
880.86	67.441
881.03	67.504
881.21	67.585
881.38	67.669
881.56	67.836
881.73	67.887
881.91	67.941
882.08	68.012
882.26	68.132
882.43	68.245
882.61	68.419
882.78	68.533
882.96	68.670
883.13	68.788
883.31	68.952
883.48	69.143
883.66	69.293
883.83	69.443
884.01	69.548
884.18	69.758
884.36	69.902
884.53	70.030
884.71	70.176
884.88	70.286
885.06	70.441
885.23	70.501
885.41	70.644
885.58	70.765
885.76	70.928
885.93	71.019
886.11	71.203
886.28	71.314
886.46	71.437
886.63	71.559
886.81	71.676
886.98	71.844
887.15	71.938
887.33	72.101
887.50	72.287
887.68	72.455
887.85	72.554
888.03	72.692
888.20	72.855
888.38	73.017
888.55	73.195
888.73	73.277
888.90	73.418
889.08	73.562
889.25	73.693
889.42	73.834
889.60	74.019
889.77	74.095
889.95	74.239
890.12	74.330
890.30	74.415
890.47	74.506
890.64	74.653
890.82	74.815
890.99	74.933
891.17	75.037
891.34	75.158
891.52	75.269
891.69	75.399
891.86	75.522
892.04	75.635
892.21	75.790
892.39	76.042
892.56	76.223
892.73	76.322
892.91	76.480
893.08	76.685
893.26	76.787
893.43	76.961
893.60	77.055
893.78	77.238
893.95	77.414
894.13	77.669
894.30	77.831
894.47	78.032
894.65	78.172
894.82	78.335
895.00	78.480
895.17	78.656
895.34	78.838
895.52	79.019
895.69	79.137
895.86	79.279
896.04	79.319
896.21	79.474
896.39	79.676
896.56	79.850
896.73	79.850
896.91	79.920
897.08	80.021
897.25	80.210
897.43	80.266
897.60	80.365
897.77	80.369
897.95	80.358
898.12	80.358
898.30	80.475
898.47	80.485
898.64	80.543
898.82	80.568
898.99	80.556
899.16	80.559
899.34	80.571
899.51	80.492
899.68	80.484
899.86	80.439
900.03	80.371
900.20	80.328
900.38	80.376
900.55	80.458
900.72	80.412
900.90	80.337
901.07	80.446
901.24	80.428
901.41	80.450
901.59	80.471
901.76	80.481
901.93	80.441
902.11	80.387
902.28	80.394
902.45	80.497
902.63	80.539
902.80	80.521
902.97	80.517
903.15	80.629
903.32	80.699
903.49	80.709
903.66	80.764
903.84	80.791
904.01	80.789
904.18	80.776
904.36	80.802
904.53	80.791
904.70	80.727
904.87	80.724
905.05	80.663
905.22	80.695
905.39	80.665
905.56	80.591
905.74	80.571
905.91	80.493
906.08	80.377
906.26	80.287
906.43	80.203
906.60	80.118
906.77	79.955
906.95	79.853
907.12	79.735
907.29	79.582
907.46	79.545
907.64	79.437
907.81	79.330
907.98	79.155
908.15	79.060
908.33	78.941
908.50	78.811
908.67	78.727
908.84	78.607
909.01	78.461
909.19	78.386
909.36	78.269
909.53	78.135
909.70	77.904
909.88	77.806
910.05	77.638
910.22	77.570
910.39	77.464
910.57	77.365
910.74	77.281
910.91	77.223
911.08	77.024
911.25	76.887
911.43	76.756
911.60	76.645
911.77	76.499
911.94	76.270
912.11	76.120
912.29	75.908
912.46	75.659
912.63	75.457
912.80	75.237
912.97	75.049
913.15	74.907
913.32	74.775
913.49	74.562
913.66	74.476
913.83	74.239
914.00	74.010
914.18	73.810
914.35	73.598
914.52	73.330
914.69	73.106
914.86	72.898
915.03	72.699
915.21	72.561
915.38	72.356
915.55	72.280
915.72	72.092
915.89	71.959
916.06	71.879
916.24	71.801
916.41	71.644
916.58	71.526
916.75	71.319
916.92	71.150
917.09	70.943
917.26	70.677
917.44	70.471
917.61	70.353
917.78	70.130
917.95	69.975
918.12	69.786
918.29	69.702
918.46	69.510
918.64	69.351
918.81	69.203
918.98	69.061
919.15	68.878
919.32	68.729
919.49	68.509
919.66	68.289
919.83	68.088
920.00	67.900
920.18	67.738
920.35	67.686
920.52	67.570
920.69	67.507
920.86	67.486
921.03	67.398
921.20	67.241
921.37	67.128
921.54	66.879
921.71	66.771
921.89	66.591
922.06	66.516
922.23	66.373
922.40	66.227
922.57	66.021
922.74	65.906
922.91	65.825
923.08	65.735
923.25	65.624
923.42	65.514
923.59	65.468
923.76	65.280
923.93	65.078
924.11	64.900
924.28	64.759
924.45	64.616
924.62	64.569
924.79	64.476
924.96	64.306
925.13	64.252
925.30	64.129
925.47	63.967
925.64	63.866
925.81	63.798
925.98	63.729
926.15	63.694
926.32	63.526
926.49	63.402
926.66	63.316
926.83	63.209
927.00	63.171
927.17	63.044
927.34	63.077
927.51	63.018
927.69	63.054
927.86	63.010
928.03	62.885
928.20	62.837
928.37	62.739
928.54	62.761
928.71	62.729
928.88	62.752
929.05	62.774
929.22	62.747
929.39	62.701
929.56	62.626
929.73	62.569
929.90	62.626
930.07	62.616
930.24	62.567
930.41	62.582
930.58	62.611
930.75	62.675
930.92	62.606
931.09	62.594
931.26	62.555
931.43	62.513
931.60	62.516
931.77	62.451
931.94	62.521
932.11	62.559
932.27	62.579
932.44	62.598
932.61	62.640
932.78	62.603
932.95	62.681
933.12	62.640
933.29	62.667
933.46	62.655
933.63	62.594
933.80	62.630
933.97	62.633
934.14	62.612
934.31	62.548
934.48	62.592
934.65	62.608
934.82	62.660
934.99	62.688
935.16	62.742
935.33	62.820
935.50	62.926
935.67	62.991
935.84	63.016
936.00	63.030
936.17	63.078
936.34	63.200
936.51	63.179
936.68	63.220
936.85	63.277
937.02	63.398
937.19	63.456
937.36	63.594
937.53	63.594
937.70	63.677
937.87	63.762
938.03	63.774
938.20	63.840
938.37	63.921
938.54	64.002
938.71	64.057
938.88	64.182
939.05	64.108
939.22	64.076
939.39	64.190
939.56	64.360
939.72	64.390
939.89	64.447
940.06	64.492
940.23	64.606
940.40	64.693
940.57	64.817
940.74	64.982
940.91	65.017
941.08	65.243
941.24	65.328
941.41	65.498
941.58	65.721
941.75	65.867
941.92	66.015
942.09	66.160
942.26	66.265
942.42	66.306
942.59	66.541
942.76	66.889
942.93	67.045
943.10	67.086
943.27	67.266
943.44	67.378
943.60	67.598
943.77	67.598
943.94	67.834
944.11	67.874
944.28	67.958
944.45	68.116
944.61	68.212
944.78	68.228
944.95	68.266
945.12	68.465
945.29	68.572
945.46	68.522
945.62	68.548
945.79	68.776
945.96	69.083
946.13	69.251
946.30	69.238
946.46	69.408
946.63	69.506
946.80	69.652
946.97	69.851
947.14	69.922
947.31	70.463
947.47	70.667
947.64	70.865
947.81	71.042
947.98	71.202
948.15	71.281
948.31	71.526
948.48	71.692
948.65	71.698
948.82	71.858
948.98	72.044
949.15	72.365
949.32	72.388
949.49	72.382
949.66	72.432
949.82	72.524
949.99	72.637
950.16	72.758
950.33	72.721
950.49	72.797
950.66	72.766
950.83	72.580
951.00	72.426
951.16	72.224
951.33	72.246
951.50	72.202
951.67	72.261
951.83	72.304
952.00	72.319
952.17	72.258
952.34	72.285
952.50	72.454
952.67	72.395
952.84	72.472
953.01	72.414
953.17	72.460
953.34	72.575
953.51	72.491
953.68	72.416
953.84	72.408
954.01	72.350
954.18	72.306
954.34	72.395
954.51	72.484
954.68	72.626
954.85	72.650
955.01	72.804
955.18	73.095
955.35	72.871
955.51	72.854
955.68	72.968
955.85	73.156
956.02	73.037
956.18	73.100
956.35	73.052
956.52	73.105
956.68	73.107
956.85	72.977
957.02	73.068
957.18	73.104
957.35	73.131
957.52	73.218
957.69	73.351
957.85	73.364
958.02	73.257
958.19	73.188
958.35	73.177
958.52	72.971
958.69	72.588
958.85	72.800
959.02	72.879
959.19	72.637
959.35	72.516
959.52	72.571
959.69	72.546
959.85	72.568
960.02	72.553
960.19	72.435
960.35	72.381
960.52	72.249
960.68	72.261
960.85	72.334
961.02	72.100
961.18	72.100
961.35	71.916
961.52	71.941
961.68	71.974
961.85	71.910
962.02	71.976
962.18	72.066
962.35	71.801
962.51	71.665
962.68	71.741
962.85	71.574
963.01	71.282
963.18	71.202
963.35	70.839
963.51	70.696
963.68	70.676
963.84	70.435
964.01	70.508
964.18	70.349
964.34	70.137
964.51	69.986
964.67	69.779
964.84	69.720
965.01	69.532
965.17	69.234
965.34	69.212
965.50	68.927
965.67	68.869
965.84	68.855
966.00	68.966
966.17	69.034
966.33	68.942
966.50	68.899
966.66	68.880
966.83	68.988
967.00	68.903
967.16	68.695
967.33	68.655
967.49	68.461
967.66	68.662
967.82	68.467
967.99	68.658
968.16	68.695
968.32	68.628
968.49	68.429
968.65	68.641
968.82	68.496
968.98	68.604
969.15	68.281
969.31	67.988
969.48	67.719
969.64	67.412
969.81	67.405
969.98	67.298
970.14	66.904
970.31	66.850
970.47	66.540
970.64	66.350
970.80	66.424
970.97	65.924
971.13	65.549
971.30	65.498
971.46	65.254
971.63	65.022
971.79	65.067
971.96	65.059
972.12	64.739
972.29	64.335
972.45	64.164
972.62	64.171
972.78	64.339
972.95	63.952
973.11	63.715
973.28	63.574
973.44	63.604
973.61	63.853
973.77	63.652
973.94	63.693
974.10	63.825
974.27	63.795
974.43	64.062
974.60	64.040
974.76	63.953
974.93	63.941
975.09	63.745
975.26	63.440
975.42	63.398
975.59	63.221
975.75	63.607
975.92	63.496
976.08	62.988
976.24	62.859
976.41	62.784
976.57	62.889
976.74	62.765
976.90	62.408
977.07	61.911
977.23	61.838
977.40	61.723
977.56	61.130
977.73	60.760
977.89	60.479
978.05	60.078
978.22	59.985
978.38	59.727
978.55	59.506
978.71	59.385
978.88	59.461
979.04	59.529
979.20	59.316
979.37	59.203
979.53	59.237
979.70	59.248
979.86	59.413
980.03	59.250
980.19	59.134
980.35	59.183
980.52	59.028
980.68	59.157
980.85	59.089
981.01	59.273
981.17	59.262
981.34	59.119
981.50	59.103
981.67	59.052
981.83	58.865
981.99	58.828
982.16	58.545
982.32	57.639
982.49	57.566
982.65	57.377
982.81	57.474
982.98	57.594
983.14	57.510
983.30	57.177
983.47	57.126
983.63	56.897
983.80	56.698
983.96	56.411
984.12	56.768
984.29	56.882
984.45	57.049
984.61	56.862
984.78	57.031
984.94	57.265
985.10	57.773
985.27	57.620
985.43	58.102
985.59	58.490
985.76	59.071
985.92	59.184
986.08	59.513
986.25	59.136
986.41	59.632
986.57	59.101
986.74	59.403
986.90	59.392
987.06	59.302
987.23	59.332
987.39	59.190
987.55	58.133
987.72	57.951
987.88	57.235
988.04	57.586
988.21	58.032
988.37	57.801
988.53	57.024
988.70	57.432
988.86	56.786
989.02	56.445
989.19	56.089
989.35	56.091
989.51	55.453
989.67	55.432
989.84	54.783
990.00	54.868
990.16	55.212
990.33	55.327
990.49	55.872
990.65	56.025
990.82	56.488
990.98	56.596
991.14	56.417
991.30	57.295
991.47	56.665
991.63	56.582
991.79	57.443
991.95	57.724
992.12	57.793
992.28	58.165
992.44	58.402
992.61	58.584
992.77	58.562
992.93	59.184
993.09	59.462
993.26	59.952
993.42	60.552
993.58	59.966
993.74	59.780
993.91	59.288
994.07	59.133
994.23	59.379
994.39	59.558
994.55	59.964
994.72	59.469
994.88	59.743
995.04	59.243
995.20	58.921
995.37	58.606
995.53	58.632
995.69	58.449
995.85	58.012
996.02	58.200
996.18	58.762
996.34	58.265
996.50	58.264
996.66	58.985
996.83	58.518
996.99	57.837
997.15	58.512
997.31	58.677
997.47	59.063
997.64	59.148
997.80	59.548
997.96	60.128
998.12	60.348
998.28	61.159
998.45	61.829
998.61	61.708
998.77	61.498
998.93	61.809
999.09	62.949
999.25	63.301
999.42	64.358
999.58	63.875
999.74	63.780
999.90	63.527
1000.06	62.742
1000.22	63.015
1000.39	63.892
1000.55	63.551
1000.71	64.112
1000.87	63.881
1001.03	63.525
1001.19	63.625
1001.36	62.910
1001.52	62.387
1001.68	61.955
1001.84	62.548
1002.00	61.588
1002.16	61.891
1002.32	61.411
1002.49	59.785
1002.65	59.524
1002.81	59.034
1002.97	59.153
1003.13	59.156
1003.29	59.997
1003.45	59.567
1003.62	60.304
1003.78	60.077
1003.94	60.348
1004.10	59.525
1004.26	59.677
1004.42	59.727
1004.58	59.733
1004.74	60.589
1004.90	62.627
1005.07	62.590
1005.23	61.431
1005.39	62.904
1005.55	63.587
1005.71	63.034
1005.87	64.376
1006.03	65.346
1006.19	65.331
1006.35	64.780
1006.51	65.730
1006.67	65.816
1006.84	65.876
1007.00	65.491
1007.16	67.007
1007.32	65.523
1007.48	66.284
1007.64	67.690
1007.80	67.572
1007.96	66.450
1008.12	66.493
1008.28	64.463
1008.44	65.699
1008.60	66.375
1008.76	64.891
1008.92	63.662
1009.09	63.717
1009.25	63.303
1009.41	62.767
1009.57	63.636
1009.73	64.467
1009.89	65.208
1010.05	65.903
1010.21	67.473
1010.37	67.198
1010.53	68.653
1010.69	70.736
1010.85	70.504
1011.01	69.470
1011.17	68.626
1011.33	70.648
1011.49	71.053
1011.65	71.355
1011.81	70.618
1011.97	70.906
1012.13	73.482
1012.29	75.624
1012.45	76.936
1012.61	80.310
1012.77	78.189
1012.93	76.960
1013.09	75.887
1013.25	75.955
1013.41	76.908
1013.57	74.266
1013.73	73.110
1013.89	68.380
1014.05	70.182
1014.21	68.442
1014.37	65.981
1014.53	64.982
1014.69	65.035
1014.85	64.982
1015.01	67.679
1015.17	69.908
1015.33	70.936
1015.49	69.530
1015.65	70.906
1015.81	71.644
1015.97	68.872
1016.13	72.843
1016.29	72.419
1016.45	73.843
1016.61	74.239
1016.77	71.062
1016.93	72.668
1017.09	73.060
1017.25	74.423
1017.41	73.360
1017.56	75.129
1017.72	82.937
1017.88	84.362
1018.04	86.109
1018.20	84.686
1018.36	83.600
1018.52	81.557
1018.68	82.812
1018.84	84.288
1019.00	83.274
1019.16	85.958
1019.32	88.037
1019.48	88.250
1019.64	92.348
1019.79	89.487
1019.95	85.892
1020.11	91.092
1020.27	90.054
1020.43	95.450
1020.59	98.583
1020.75	96.193
1020.91	100.774
1021.07	92.505
1021.23	93.905
1021.39	87.664
1021.54	92.856
1021.70	90.843
1021.86	90.670
1022.02	87.921
1022.18	84.868
1022.34	87.567
1022.50	85.839
1022.66	84.442
1022.82	83.928
1022.97	82.660
1023.13	85.772
1023.29	91.249
1023.45	91.201
1023.61	94.093
1023.77	92.828
1023.93	93.130
1024.08	92.980
1024.24	90.739
1024.40	93.702
1024.56	102.898
1024.72	107.643
1024.88	97.659
1025.04	103.797
1025.19	99.347
1025.35	93.958
1025.51	98.803
1025.67	101.052
1025.83	96.387
1025.99	99.559
1026.14	98.144
1026.30	108.380
1026.46	111.841
1026.62	104.812
1026.78	94.308
1026.94	90.273
1027.09	87.639
1027.25	84.481
1027.41	87.686
1027.57	86.569
1027.73	83.791
1027.89	77.330
1028.04	76.221
1028.20	73.935
1028.36	74.479
1028.52	74.211
1028.68	75.272
1028.83	76.578
1028.99	73.269
1029.15	73.631
1029.31	72.621
1029.47	74.622
1029.62	72.654
1029.78	71.953
1029.94	73.057
1030.10	75.681
1030.25	78.129
1030.41	82.894
1030.57	86.434
1030.73	88.826
1030.89	89.933
1031.04	94.115
1031.20	102.000
1031.36	112.821
1031.52	121.631
1031.67	123.775
1031.83	131.248
1031.99	147.087
1032.15	129.390
1032.30	146.644
1032.46	171.212
1032.62	159.382
1032.78	139.953
1032.93	159.865
1033.09	141.766
1033.25	132.589
1033.41	137.588
1033.56	132.349
1033.72	35.833
1033.88	449.286
1034.04	64.451
1034.19	79.576
1034.35	82.095
1034.51	-21.087
1034.66	71.856
1034.82	1990.000
1034.98	1990.000
1035.14	1990.000
