345.22	55.040
345.43	55.040
345.65	55.040
345.86	36.908
346.08	149.110
346.29	3.853
346.51	27.793
346.72	3.662
346.94	-279.231
347.15	-99.821
347.37	222.017
347.58	248.909
347.80	270.233
348.01	225.391
348.23	147.547
348.44	135.723
348.66	121.616
348.87	124.004
349.09	115.173
349.30	101.795
349.52	94.449
349.73	96.889
349.95	95.976
350.16	97.085
350.38	93.813
350.59	87.546
350.81	86.389
351.02	84.622
351.24	83.248
351.45	82.198
351.67	84.670
351.88	83.372
352.10	79.847
352.31	78.939
352.53	82.470
352.74	84.945
352.96	85.918
353.17	85.891
353.39	86.891
353.60	89.245
353.82	90.783
354.03	90.543
354.25	85.662
354.46	81.047
354.67	78.030
354.89	76.188
355.10	80.226
355.32	78.808
355.53	80.173
355.75	82.221
355.96	83.221
356.18	82.343
356.39	82.561
356.61	86.910
356.82	87.138
357.04	82.971
357.25	82.810
357.46	82.627
357.68	81.562
357.89	79.803
358.11	77.937
358.32	80.739
358.54	78.832
358.75	80.238
358.97	82.187
359.18	85.559
359.40	85.095
359.61	85.250
359.82	86.436
360.04	86.158
360.25	83.736
360.47	79.834
360.68	79.361
360.90	79.493
361.11	77.196
361.32	77.157
361.54	81.052
361.75	80.650
361.97	81.756
362.18	82.957
362.40	84.604
362.61	86.182
362.83	86.089
363.04	87.588
363.25	89.219
363.47	90.502
363.68	87.512
363.90	91.596
364.11	91.754
364.32	91.825
364.54	89.896
364.75	87.152
364.97	91.371
365.18	90.366
365.40	88.627
365.61	88.546
365.82	89.004
366.04	87.627
366.25	87.484
366.47	85.476
366.68	83.632
366.89	84.711
367.11	82.483
367.32	82.257
367.54	79.612
367.75	79.192
367.96	77.622
368.18	78.988
368.39	77.769
368.61	77.953
368.82	79.317
369.03	81.571
369.25	85.548
369.46	86.148
369.68	86.571
369.89	87.663
370.10	88.609
370.32	89.265
370.53	88.989
370.75	84.993
370.96	87.186
371.17	87.953
371.39	85.474
371.60	85.832
371.81	87.319
372.03	89.410
372.24	89.793
372.46	93.582
372.67	94.458
372.88	93.016
373.10	92.353
373.31	90.789
373.52	90.929
373.74	89.435
373.95	88.205
374.17	89.532
374.38	91.483
374.59	91.536
374.81	89.630
375.02	87.812
375.23	91.056
375.45	88.595
375.66	86.525
375.87	87.422
376.09	87.692
376.30	85.974
376.52	87.639
376.73	85.045
376.94	83.231
377.16	84.085
377.37	88.186
377.58	88.627
377.80	90.008
378.01	91.011
378.22	92.528
378.44	93.285
378.65	95.028
378.86	95.272
379.08	95.715
379.29	96.125
379.50	98.989
379.72	98.918
379.93	102.251
380.14	105.483
380.36	106.622
380.57	108.069
380.78	108.210
381.00	108.987
381.21	110.744
381.42	111.652
381.64	111.962
381.85	111.374
382.06	111.566
382.28	111.487
382.49	110.910
382.70	111.401
382.92	111.624
383.13	110.916
383.34	111.210
383.56	112.067
383.77	113.218
383.98	112.837
384.20	113.867
384.41	113.874
384.62	114.130
384.83	114.532
385.05	114.835
385.26	115.728
385.47	116.473
385.69	117.354
385.90	118.151
386.11	118.865
386.33	119.849
386.54	120.610
386.75	121.271
386.97	122.475
387.18	123.207
387.39	124.085
387.60	124.537
387.82	125.027
388.03	125.442
388.24	126.024
388.46	126.458
388.67	126.616
388.88	126.623
389.09	126.496
389.31	126.301
389.52	126.085
389.73	125.556
389.95	125.111
390.16	124.572
390.37	124.146
390.58	123.668
390.80	122.924
391.01	122.358
391.22	121.798
391.44	120.870
391.65	120.090
391.86	119.330
392.07	118.962
392.29	118.442
392.50	117.884
392.71	117.299
392.92	116.958
393.14	116.513
393.35	116.294
393.56	116.233
393.78	116.227
393.99	116.439
394.20	116.780
394.41	117.048
394.63	117.331
394.84	117.861
395.05	118.525
395.26	119.145
395.48	119.857
395.69	120.508
395.90	121.436
396.11	122.333
396.33	123.199
396.54	124.109
396.75	124.867
396.96	125.648
397.18	126.349
397.39	127.035
397.60	127.734
397.81	128.296
398.03	128.688
398.24	129.019
398.45	129.173
398.66	129.250
398.87	129.281
399.09	129.179
399.30	128.829
399.51	128.307
399.72	127.837
399.94	127.242
400.15	126.578
400.36	125.757
400.57	124.869
400.79	123.968
401.00	122.938
401.21	122.007
401.42	121.033
401.63	120.072
401.85	119.146
402.06	118.333
402.27	117.518
402.48	116.847
402.69	116.229
402.91	115.634
403.12	115.102
403.33	114.791
403.54	114.652
403.76	114.464
403.97	114.482
404.18	114.643
404.39	114.913
404.60	115.303
404.82	115.826
405.03	116.456
405.24	117.095
405.45	117.830
405.66	118.644
405.88	119.480
406.09	120.408
406.30	121.248
406.51	122.022
406.72	122.870
406.94	123.659
407.15	124.396
407.36	125.170
407.57	125.868
407.78	126.423
407.99	126.810
408.21	127.206
408.42	127.494
408.63	127.691
408.84	127.691
409.05	127.629
409.27	127.355
409.48	126.921
409.69	126.428
409.90	125.919
410.11	125.288
410.32	124.604
410.54	123.768
410.75	122.852
410.96	121.904
411.17	120.895
411.38	119.883
411.59	118.882
411.81	117.802
412.02	116.751
412.23	115.742
412.44	114.819
412.65	114.009
412.86	113.271
413.08	112.528
413.29	111.878
413.50	111.401
413.71	111.044
413.92	110.780
414.13	110.626
414.34	110.554
414.56	110.523
414.77	110.660
414.98	110.879
415.19	111.341
415.40	111.898
415.61	112.515
415.82	113.172
416.04	113.933
416.25	114.701
416.46	115.542
416.67	116.457
416.88	117.334
417.09	118.216
417.30	119.038
417.52	119.915
417.73	120.683
417.94	121.398
418.15	122.076
418.36	122.757
418.57	123.259
418.78	123.679
418.99	124.093
419.21	124.364
419.42	124.561
419.63	124.605
419.84	124.523
420.05	124.325
420.26	123.996
420.47	123.515
420.68	123.052
420.89	122.472
421.11	121.726
421.32	121.018
421.53	120.176
421.74	119.313
421.95	118.414
422.16	117.532
422.37	116.627
422.58	115.635
422.79	114.645
423.01	113.745
423.22	112.840
423.43	112.013
423.64	111.226
423.85	110.533
424.06	109.928
424.27	109.378
424.48	108.941
424.69	108.670
424.90	108.487
425.11	108.379
425.33	108.405
425.54	108.517
425.75	108.694
425.96	108.987
426.17	109.393
426.38	109.885
426.59	110.457
426.80	111.089
427.01	111.825
427.22	112.649
427.43	113.574
427.64	114.462
427.85	115.325
428.07	116.250
428.28	117.120
428.49	118.001
428.70	118.876
428.91	119.706
429.12	120.449
429.33	121.185
429.54	121.863
429.75	122.434
429.96	123.002
430.17	123.461
430.38	123.817
430.59	124.015
430.80	124.112
431.01	124.119
431.22	124.058
431.44	123.871
431.65	123.599
431.86	123.177
432.07	122.714
432.28	122.177
432.49	121.541
432.70	120.815
432.91	119.996
433.12	119.112
433.33	118.186
433.54	117.286
433.75	116.343
433.96	115.395
434.17	114.361
434.38	113.387
434.59	112.443
434.80	111.518
435.01	110.732
435.22	109.986
435.43	109.312
435.64	108.678
435.85	108.122
436.06	107.642
436.27	107.288
436.48	107.032
436.69	106.828
436.90	106.752
437.11	106.802
437.33	106.948
437.54	107.192
437.75	107.576
437.96	107.968
438.17	108.457
438.38	108.973
438.59	109.639
438.80	110.317
439.01	111.111
439.22	111.977
439.43	112.717
439.64	113.529
439.85	114.362
440.06	115.169
440.27	116.017
440.48	116.799
440.69	117.547
440.90	118.252
441.11	118.975
441.32	119.599
441.53	120.151
441.74	120.606
441.95	121.037
442.16	121.349
442.37	121.550
442.58	121.696
442.79	121.772
443.00	121.744
443.21	121.632
443.42	121.347
443.62	120.918
443.83	120.578
444.04	120.100
444.25	119.547
444.46	118.909
444.67	118.186
444.88	117.436
445.09	116.609
445.30	115.743
445.51	114.799
445.72	113.831
445.93	112.918
446.14	111.969
446.35	110.986
446.56	110.078
446.77	109.202
446.98	108.312
447.19	107.452
447.40	106.673
447.61	105.907
447.82	105.237
448.03	104.670
448.24	104.130
448.45	103.687
448.66	103.333
448.87	103.058
449.08	102.903
449.29	102.817
449.49	102.833
449.70	102.952
449.91	103.141
450.12	103.444
450.33	103.774
450.54	104.215
450.75	104.738
450.96	105.282
451.17	105.905
451.38	106.561
451.59	107.277
451.80	107.990
452.01	108.756
452.22	109.550
452.43	110.309
452.64	111.059
452.84	111.825
453.05	112.543
453.26	113.281
453.47	113.932
453.68	114.572
453.89	115.161
454.10	115.638
454.31	116.106
454.52	116.468
454.73	116.789
454.94	116.994
455.15	117.106
455.36	117.130
455.56	117.087
455.77	116.961
455.98	116.769
456.19	116.505
456.40	116.176
456.61	115.778
456.82	115.271
457.03	114.711
457.24	114.060
457.45	113.390
457.65	112.594
457.86	111.803
458.07	110.973
458.28	110.052
458.49	109.185
458.70	108.245
458.91	107.326
459.12	106.395
459.33	105.446
459.54	104.559
459.74	103.689
459.95	102.831
460.16	102.061
460.37	101.331
460.58	100.660
460.79	100.019
461.00	99.418
461.21	98.920
461.41	98.493
461.62	98.148
461.83	97.891
462.04	97.738
462.25	97.608
462.46	97.594
462.67	97.688
462.88	97.851
463.08	98.114
463.29	98.409
463.50	98.785
463.71	99.258
463.92	99.760
464.13	100.297
464.34	100.902
464.54	101.556
464.75	102.246
464.96	102.945
465.17	103.669
465.38	104.380
465.59	105.139
465.80	105.872
466.00	106.580
466.21	107.272
466.42	107.923
466.63	108.600
466.84	109.226
467.05	109.791
467.26	110.310
467.46	110.710
467.67	111.107
467.88	111.461
468.09	111.709
468.30	111.921
468.51	112.066
468.71	112.110
468.92	112.093
469.13	111.990
469.34	111.832
469.55	111.576
469.76	111.289
469.96	110.900
470.17	110.452
470.38	109.961
470.59	109.390
470.80	108.761
471.00	108.124
471.21	107.403
471.42	106.671
471.63	105.899
471.84	105.120
472.05	104.297
472.25	103.454
472.46	102.615
472.67	101.735
472.88	100.909
473.09	100.070
473.29	99.234
473.50	98.458
473.71	97.685
473.92	96.950
474.13	96.260
474.33	95.640
474.54	95.066
474.75	94.549
474.96	94.086
475.17	93.694
475.37	93.325
475.58	93.051
475.79	92.854
476.00	92.727
476.21	92.688
476.41	92.711
476.62	92.814
476.83	92.975
477.04	93.244
477.24	93.538
477.45	93.906
477.66	94.323
477.87	94.769
478.08	95.293
478.28	95.831
478.49	96.425
478.70	97.055
478.91	97.684
479.11	98.328
479.32	99.020
479.53	99.691
479.74	100.401
479.94	101.080
480.15	101.725
480.36	102.349
480.57	102.953
480.78	103.558
480.98	104.078
481.19	104.576
481.40	105.013
481.61	105.439
481.81	105.802
482.02	106.102
482.23	106.378
482.44	106.556
482.64	106.707
482.85	106.784
483.06	106.771
483.27	106.734
483.47	106.649
483.68	106.478
483.89	106.245
484.10	105.937
484.30	105.586
484.51	105.162
484.72	104.721
484.92	104.189
485.13	103.634
485.34	103.050
485.55	102.409
485.75	101.750
485.96	101.028
486.17	100.295
486.38	99.554
486.58	98.778
486.79	98.011
487.00	97.226
487.20	96.434
487.41	95.673
487.62	94.917
487.83	94.160
488.03	93.424
488.24	92.728
488.45	92.050
488.65	91.397
488.86	90.802
489.07	90.241
489.28	89.739
489.48	89.271
489.69	88.891
489.90	88.542
490.10	88.261
490.31	88.044
490.52	87.863
490.73	87.758
490.93	87.710
491.14	87.721
491.35	87.799
491.55	87.928
491.76	88.112
491.97	88.345
492.17	88.621
492.38	88.959
492.59	89.343
492.79	89.780
493.00	90.254
493.21	90.760
493.41	91.286
493.62	91.842
493.83	92.426
494.04	92.990
494.24	93.586
494.45	94.187
494.66	94.770
494.86	95.386
495.07	95.960
495.28	96.552
495.48	97.105
495.69	97.636
495.90	98.157
496.10	98.645
496.31	99.086
496.52	99.490
496.72	99.887
496.93	100.230
497.14	100.519
497.34	100.744
497.55	100.953
497.76	101.099
497.96	101.189
498.17	101.222
498.37	101.217
498.58	101.134
498.79	101.000
498.99	100.842
499.20	100.607
499.41	100.327
499.61	99.975
499.82	99.597
500.03	99.160
500.23	98.705
500.44	98.185
500.65	97.642
500.85	97.072
501.06	96.439
501.26	95.795
501.47	95.124
501.68	94.453
501.88	93.737
502.09	93.029
502.30	92.302
502.50	91.576
502.71	90.857
502.91	90.149
503.12	89.443
503.33	88.745
503.53	88.084
503.74	87.426
503.95	86.790
504.15	86.187
504.36	85.613
504.56	85.062
504.77	84.572
504.98	84.098
505.18	83.689
505.39	83.315
505.59	82.985
505.80	82.709
506.01	82.485
506.21	82.317
506.42	82.198
506.62	82.129
506.83	82.104
507.04	82.139
507.24	82.216
507.45	82.354
507.65	82.536
507.86	82.745
508.07	83.014
508.27	83.328
508.48	83.669
508.68	84.065
508.89	84.484
509.10	84.918
509.30	85.391
509.51	85.870
509.71	86.372
509.92	86.887
510.12	87.413
510.33	87.944
510.54	88.470
510.74	89.005
510.95	89.529
511.15	90.051
511.36	90.569
511.56	91.074
511.77	91.544
511.98	92.004
512.18	92.452
512.39	92.866
512.59	93.252
512.80	93.605
513.00	93.920
513.21	94.193
513.42	94.444
513.62	94.646
513.83	94.816
514.03	94.930
514.24	95.001
514.44	95.019
514.65	95.009
514.85	94.957
515.06	94.863
515.26	94.715
515.47	94.534
515.68	94.294
515.88	94.018
516.09	93.701
516.29	93.346
516.50	92.948
516.70	92.512
516.91	92.044
517.11	91.549
517.32	91.028
517.52	90.481
517.73	89.921
517.93	89.334
518.14	88.727
518.34	88.118
518.55	87.497
518.76	86.874
518.96	86.229
519.17	85.578
519.37	84.925
519.58	84.298
519.78	83.659
519.99	83.029
520.19	82.417
520.40	81.843
520.60	81.278
520.81	80.732
521.01	80.203
521.22	79.722
521.42	79.265
521.63	78.837
521.83	78.445
522.04	78.079
522.24	77.773
522.45	77.504
522.65	77.276
522.86	77.097
523.06	76.953
523.27	76.859
523.47	76.808
523.68	76.799
523.88	76.825
524.09	76.899
524.29	77.026
524.50	77.187
524.70	77.380
524.91	77.607
525.11	77.885
525.32	78.206
525.52	78.543
525.72	78.928
525.93	79.331
526.13	79.767
526.34	80.208
526.54	80.686
526.75	81.156
526.95	81.650
527.16	82.140
527.36	82.651
527.57	83.160
527.77	83.665
527.98	84.184
528.18	84.696
528.39	85.192
528.59	85.687
528.79	86.161
529.00	86.631
529.20	87.077
529.41	87.527
529.61	87.940
529.82	88.320
530.02	88.666
530.23	88.999
530.43	89.284
530.64	89.555
530.84	89.771
531.04	89.955
531.25	90.127
531.45	90.268
531.66	90.365
531.86	90.418
532.07	90.431
532.27	90.406
532.47	90.346
532.68	90.271
532.88	90.153
533.09	89.995
533.29	89.783
533.50	89.546
533.70	89.236
533.90	88.920
534.11	88.589
534.31	88.223
534.52	87.818
534.72	87.416
534.93	86.984
535.13	86.514
535.33	86.046
535.54	85.529
535.74	85.007
535.95	84.459
536.15	83.929
536.35	83.380
536.56	82.828
536.76	82.254
536.97	81.689
537.17	81.113
537.37	80.551
537.58	80.011
537.78	79.474
537.99	78.957
538.19	78.434
538.39	77.921
538.60	77.436
538.80	76.986
539.01	76.531
539.21	76.112
539.41	75.734
539.62	75.370
539.82	75.045
540.03	74.742
540.23	74.490
540.43	74.256
540.64	74.079
540.84	73.921
541.04	73.814
541.25	73.751
541.45	73.719
541.66	73.720
541.86	73.757
542.06	73.836
542.27	73.947
542.47	74.114
542.67	74.295
542.88	74.517
543.08	74.768
543.28	75.063
543.49	75.372
543.69	75.713
543.90	76.092
544.10	76.477
544.30	76.912
544.51	77.345
544.71	77.820
544.91	78.284
545.12	78.773
545.32	79.278
545.52	79.762
545.73	80.279
545.93	80.790
546.13	81.282
546.34	81.771
546.54	82.261
546.74	82.737
546.95	83.230
547.15	83.707
547.35	84.151
547.56	84.604
547.76	85.050
547.96	85.467
548.17	85.874
548.37	86.268
548.57	86.604
548.78	86.930
548.98	87.222
549.18	87.478
549.39	87.709
549.59	87.909
549.79	88.104
550.00	88.253
550.20	88.399
550.40	88.492
550.61	88.564
550.81	88.600
551.01	88.604
551.22	88.575
551.42	88.505
551.62	88.410
551.82	88.268
552.03	88.108
552.23	87.913
552.43	87.678
552.64	87.423
552.84	87.140
553.04	86.824
553.25	86.486
553.45	86.120
553.65	85.737
553.85	85.349
554.06	84.932
554.26	84.486
554.46	84.009
554.67	83.538
554.87	83.044
555.07	82.558
555.27	82.049
555.48	81.531
555.68	81.024
555.88	80.508
556.09	79.994
556.29	79.459
556.49	78.946
556.69	78.424
556.90	77.912
557.10	77.433
557.30	76.973
557.50	76.500
557.71	76.069
557.91	75.649
558.11	75.228
558.31	74.839
558.52	74.478
558.72	74.146
558.92	73.839
559.13	73.562
559.33	73.305
559.53	73.074
559.73	72.886
559.94	72.716
560.14	72.576
560.34	72.466
560.54	72.394
560.75	72.362
560.95	72.356
561.15	72.392
561.35	72.444
561.55	72.521
561.76	72.645
561.96	72.777
562.16	72.959
562.36	73.181
562.57	73.417
562.77	73.681
562.97	73.974
563.17	74.284
563.38	74.610
563.58	74.965
563.78	75.345
563.98	75.736
564.18	76.138
564.39	76.570
564.59	77.009
564.79	77.471
564.99	77.924
565.20	78.383
565.40	78.834
565.60	79.290
565.80	79.771
566.00	80.233
566.21	80.704
566.41	81.149
566.61	81.596
566.81	82.043
567.01	82.476
567.22	82.904
567.42	83.318
567.62	83.707
567.82	84.083
568.02	84.445
568.23	84.785
568.43	85.109
568.63	85.418
568.83	85.689
569.03	85.928
569.24	86.154
569.44	86.367
569.64	86.556
569.84	86.729
570.04	86.849
570.24	86.955
570.45	87.038
570.65	87.099
570.85	87.123
571.05	87.109
571.25	87.070
571.45	86.993
571.66	86.911
571.86	86.806
572.06	86.655
572.26	86.489
572.46	86.304
572.66	86.100
572.87	85.851
573.07	85.599
573.27	85.319
573.47	85.021
573.67	84.692
573.87	84.341
574.08	83.965
574.28	83.591
574.48	83.197
574.68	82.778
574.88	82.355
575.08	81.903
575.28	81.453
575.49	81.001
575.69	80.545
575.89	80.061
576.09	79.596
576.29	79.115
576.49	78.633
576.69	78.144
576.90	77.665
577.10	77.198
577.30	76.731
577.50	76.282
577.70	75.828
577.90	75.389
578.10	74.978
578.30	74.576
578.51	74.188
578.71	73.822
578.91	73.472
579.11	73.131
579.31	72.821
579.51	72.530
579.71	72.267
579.91	72.016
580.12	71.803
580.32	71.612
580.52	71.459
580.72	71.315
580.92	71.202
581.12	71.103
581.32	71.042
581.52	71.023
581.72	71.013
581.92	71.037
582.13	71.100
582.33	71.167
582.53	71.270
582.73	71.391
582.93	71.545
583.13	71.729
583.33	71.944
583.53	72.174
583.73	72.434
583.93	72.713
584.13	73.018
584.34	73.353
584.54	73.675
584.74	74.011
584.94	74.387
585.14	74.773
585.34	75.173
585.54	75.553
585.74	75.950
585.94	76.373
586.14	76.810
586.34	77.231
586.54	77.678
586.74	78.126
586.94	78.584
587.15	79.042
587.35	79.487
587.55	79.925
587.75	80.366
587.95	80.784
588.15	81.195
588.35	81.594
588.55	81.990
588.75	82.389
588.95	82.775
589.15	83.140
589.35	83.494
589.55	83.827
589.75	84.180
589.95	84.489
590.15	84.777
590.35	85.038
590.55	85.292
590.75	85.515
590.95	85.713
591.15	85.890
591.35	86.033
591.56	86.159
591.76	86.263
591.96	86.343
592.16	86.412
592.36	86.452
592.56	86.478
592.76	86.463
592.96	86.438
593.16	86.374
593.36	86.293
593.56	86.194
593.76	86.085
593.96	85.924
594.16	85.765
594.36	85.581
594.56	85.377
594.76	85.148
594.96	84.910
595.16	84.634
595.36	84.348
595.56	84.037
595.76	83.702
595.96	83.345
596.16	82.994
596.36	82.618
596.56	82.244
596.76	81.834
596.96	81.424
597.16	81.007
597.36	80.592
597.56	80.160
597.76	79.716
597.96	79.265
598.16	78.823
598.36	78.375
598.56	77.919
598.76	77.471
598.96	77.035
599.16	76.593
599.36	76.184
599.56	75.772
599.76	75.361
599.96	74.970
600.15	74.591
600.35	74.223
600.55	73.869
600.75	73.509
600.95	73.184
601.15	72.861
601.35	72.548
601.55	72.259
601.75	72.002
601.95	71.756
602.15	71.539
602.35	71.323
602.55	71.138
602.75	70.981
602.95	70.834
603.15	70.697
603.35	70.599
603.55	70.513
603.75	70.445
603.95	70.411
604.15	70.401
604.35	70.420
604.54	70.452
604.74	70.529
604.94	70.619
605.14	70.722
605.34	70.855
605.54	71.022
605.74	71.209
605.94	71.406
606.14	71.633
606.34	71.871
606.54	72.139
606.74	72.429
606.94	72.727
607.14	73.053
607.33	73.403
607.53	73.753
607.73	74.109
607.93	74.473
608.13	74.850
608.33	75.242
608.53	75.623
608.73	76.032
608.93	76.418
609.13	76.823
609.33	77.240
609.52	77.660
609.72	78.070
609.92	78.473
610.12	78.886
610.32	79.295
610.52	79.711
610.72	80.106
610.92	80.496
611.12	80.885
611.31	81.262
611.51	81.631
611.71	81.991
611.91	82.357
612.11	82.720
612.31	83.069
612.51	83.391
612.71	83.718
612.91	84.008
613.10	84.302
613.30	84.602
613.50	84.868
613.70	85.110
613.90	85.330
614.10	85.532
614.30	85.700
614.50	85.864
614.69	85.983
614.89	86.103
615.09	86.198
615.29	86.278
615.49	86.336
615.69	86.369
615.89	86.390
616.08	86.388
616.28	86.361
616.48	86.311
616.68	86.237
616.88	86.142
617.08	86.029
617.27	85.911
617.47	85.752
617.67	85.576
617.87	85.382
618.07	85.183
618.27	84.968
618.47	84.748
618.66	84.497
618.86	84.244
619.06	83.964
619.26	83.679
619.46	83.377
619.66	83.050
619.85	82.713
620.05	82.361
620.25	81.985
620.45	81.612
620.65	81.227
620.84	80.860
621.04	80.476
621.24	80.107
621.44	79.698
621.64	79.275
621.84	78.875
622.03	78.467
622.23	78.062
622.43	77.654
622.63	77.251
622.83	76.848
623.02	76.452
623.22	76.067
623.42	75.664
623.62	75.280
623.82	74.916
624.01	74.549
624.21	74.192
624.41	73.856
624.61	73.530
624.81	73.225
625.00	72.908
625.20	72.610
625.40	72.317
625.60	72.051
625.79	71.813
625.99	71.592
626.19	71.376
626.39	71.183
626.59	71.003
626.78	70.853
626.98	70.717
627.18	70.593
627.38	70.496
627.57	70.443
627.77	70.389
627.97	70.353
628.17	70.351
628.37	70.360
628.56	70.404
628.76	70.454
628.96	70.520
629.16	70.611
629.35	70.745
629.55	70.886
629.75	71.050
629.95	71.232
630.14	71.418
630.34	71.637
630.54	71.865
630.74	72.104
630.93	72.361
631.13	72.629
631.33	72.906
631.53	73.179
631.72	73.467
631.92	73.785
632.12	74.117
632.31	74.448
632.51	74.810
632.71	75.169
632.91	75.529
633.10	75.901
633.30	76.291
633.50	76.653
633.70	77.043
633.89	77.424
634.09	77.821
634.29	78.214
634.48	78.603
634.68	79.006
634.88	79.408
635.08	79.809
635.27	80.218
635.47	80.620
635.67	81.031
635.86	81.431
636.06	81.815
636.26	82.174
636.46	82.541
636.65	82.890
636.85	83.249
637.05	83.594
637.24	83.911
637.44	84.222
637.64	84.532
637.83	84.833
638.03	85.127
638.23	85.377
638.43	85.632
638.62	85.862
638.82	86.061
639.02	86.259
639.21	86.427
639.41	86.574
639.61	86.725
639.80	86.854
640.00	86.965
640.20	87.082
640.39	87.193
640.59	87.269
640.79	87.332
640.98	87.360
641.18	87.382
641.38	87.402
641.57	87.381
641.77	87.343
641.97	87.275
642.16	87.197
642.36	87.114
642.56	87.009
642.75	86.907
642.95	86.778
643.15	86.634
643.34	86.489
643.54	86.325
643.74	86.127
643.93	85.921
644.13	85.677
644.33	85.411
644.52	85.139
644.72	84.871
644.91	84.584
645.11	84.274
645.31	83.964
645.50	83.655
645.70	83.341
645.90	83.022
646.09	82.683
646.29	82.332
646.48	81.975
646.68	81.603
646.88	81.226
647.07	80.852
647.27	80.473
647.47	80.083
647.66	79.701
647.86	79.312
648.05	78.933
648.25	78.566
648.45	78.190
648.64	77.807
648.84	77.438
649.04	77.057
649.23	76.688
649.43	76.327
649.62	75.959
649.82	75.593
650.02	75.241
650.21	74.901
650.41	74.590
650.60	74.285
650.80	74.008
651.00	73.711
651.19	73.445
651.39	73.183
651.58	72.930
651.78	72.702
651.97	72.503
652.17	72.304
652.37	72.108
652.56	71.954
652.76	71.808
652.95	71.672
653.15	71.578
653.35	71.485
653.54	71.403
653.74	71.329
653.93	71.284
654.13	71.256
654.32	71.233
654.52	71.210
654.72	71.222
654.91	71.243
655.11	71.294
655.30	71.364
655.50	71.452
655.69	71.555
655.89	71.661
656.08	71.776
656.28	71.917
656.48	72.083
656.67	72.250
656.87	72.436
657.06	72.623
657.26	72.819
657.45	73.047
657.65	73.292
657.84	73.558
658.04	73.823
658.23	74.109
658.43	74.411
658.62	74.730
658.82	75.043
659.02	75.367
659.21	75.712
659.41	76.048
659.60	76.393
659.80	76.748
659.99	77.130
660.19	77.504
660.38	77.886
660.58	78.256
660.77	78.644
660.97	79.016
661.16	79.398
661.36	79.768
661.55	80.152
661.75	80.529
661.94	80.896
662.14	81.277
662.33	81.657
662.53	82.030
662.72	82.399
662.92	82.760
663.11	83.105
663.31	83.458
663.50	83.809
663.70	84.159
663.89	84.500
664.09	84.814
664.28	85.143
664.48	85.444
664.67	85.761
664.87	86.040
665.06	86.329
665.26	86.596
665.45	86.859
665.65	87.102
665.84	87.349
666.04	87.574
666.23	87.764
666.43	87.933
666.62	88.095
666.82	88.240
667.01	88.377
667.21	88.506
667.40	88.605
667.59	88.708
667.79	88.774
667.98	88.812
668.18	88.841
668.37	88.849
668.57	88.874
668.76	88.859
668.96	88.827
669.15	88.784
669.35	88.751
669.54	88.684
669.73	88.608
669.93	88.514
670.12	88.416
670.32	88.327
670.51	88.207
670.71	88.078
670.90	87.940
671.10	87.789
671.29	87.611
671.48	87.419
671.68	87.211
671.87	87.005
672.07	86.784
672.26	86.586
672.46	86.346
672.65	86.088
672.84	85.825
673.04	85.565
673.23	85.292
673.43	84.995
673.62	84.713
673.82	84.416
674.01	84.081
674.20	83.760
674.40	83.417
674.59	83.086
674.79	82.756
674.98	82.414
675.17	82.068
675.37	81.735
675.56	81.394
675.76	81.046
675.95	80.680
676.14	80.336
676.34	79.958
676.53	79.607
676.73	79.247
676.92	78.884
677.11	78.525
677.31	78.167
677.50	77.827
677.70	77.475
677.89	77.122
678.08	76.804
678.28	76.482
678.47	76.178
678.66	75.881
678.86	75.590
679.05	75.301
679.25	75.031
679.44	74.770
679.63	74.534
679.83	74.294
680.02	74.082
680.21	73.872
680.41	73.676
680.60	73.475
680.79	73.295
680.99	73.131
681.18	72.968
681.38	72.828
681.57	72.711
681.76	72.614
681.96	72.534
682.15	72.454
682.34	72.378
682.54	72.313
682.73	72.274
682.92	72.233
683.12	72.227
683.31	72.232
683.50	72.246
683.70	72.273
683.89	72.304
684.08	72.362
684.28	72.436
684.47	72.522
684.66	72.633
684.86	72.755
685.05	72.896
685.24	73.055
685.44	73.216
685.63	73.382
685.82	73.571
686.02	73.754
686.21	73.985
686.40	74.219
686.60	74.473
686.79	74.734
686.98	75.005
687.18	75.285
687.37	75.564
687.56	75.844
687.75	76.140
687.95	76.445
688.14	76.751
688.33	77.071
688.53	77.398
688.72	77.745
688.91	78.086
689.11	78.423
689.30	78.794
689.49	79.173
689.68	79.541
689.88	79.898
690.07	80.264
690.26	80.610
690.46	80.973
690.65	81.320
690.84	81.670
691.03	82.034
691.23	82.385
691.42	82.741
691.61	83.108
691.80	83.450
692.00	83.800
692.19	84.131
692.38	84.462
692.58	84.796
692.77	85.111
692.96	85.418
693.15	85.729
693.35	86.017
693.54	86.319
693.73	86.622
693.92	86.897
694.12	87.184
694.31	87.446
694.50	87.724
694.69	87.967
694.89	88.201
695.08	88.413
695.27	88.645
695.46	88.849
695.66	89.051
695.85	89.251
696.04	89.442
696.23	89.645
696.43	89.819
696.62	89.961
696.81	90.095
697.00	90.233
697.19	90.360
697.39	90.457
697.58	90.535
697.77	90.590
697.96	90.666
698.16	90.711
698.35	90.777
698.54	90.791
698.73	90.833
698.92	90.830
699.12	90.830
699.31	90.800
699.50	90.770
699.69	90.728
699.89	90.669
700.08	90.602
700.27	90.508
700.46	90.414
700.65	90.308
700.85	90.212
701.04	90.085
701.23	89.935
701.42	89.787
701.61	89.625
701.81	89.449
702.00	89.256
702.19	89.061
702.38	88.830
702.57	88.617
702.76	88.369
702.96	88.140
703.15	87.890
703.34	87.625
703.53	87.352
703.72	87.051
703.92	86.746
704.11	86.441
704.30	86.119
704.49	85.806
704.68	85.494
704.87	85.149
705.07	84.812
705.26	84.484
705.45	84.176
705.64	83.835
705.83	83.525
706.02	83.199
706.21	82.883
706.41	82.554
706.60	82.208
706.79	81.887
706.98	81.570
707.17	81.233
707.36	80.908
707.56	80.603
707.75	80.297
707.94	79.996
708.13	79.698
708.32	79.421
708.51	79.125
708.70	78.856
708.89	78.579
709.09	78.307
709.28	78.048
709.47	77.751
709.66	77.478
709.85	77.209
710.04	76.944
710.23	76.667
710.42	76.435
710.62	76.203
710.81	75.948
711.00	75.708
711.19	75.500
711.38	75.290
711.57	75.071
711.76	74.872
711.95	74.702
712.15	74.537
712.34	74.376
712.53	74.230
712.72	74.085
712.91	73.979
713.10	73.873
713.29	73.776
713.48	73.695
713.67	73.644
713.86	73.605
714.05	73.567
714.25	73.544
714.44	73.511
714.63	73.503
714.82	73.535
715.01	73.568
715.20	73.629
715.39	73.679
715.58	73.754
715.77	73.846
715.96	73.937
716.15	74.030
716.34	74.121
716.54	74.234
716.73	74.364
716.92	74.486
717.11	74.630
717.30	74.787
717.49	74.961
717.68	75.147
717.87	75.302
718.06	75.513
718.25	75.740
718.44	75.975
718.63	76.219
718.82	76.454
719.01	76.699
719.20	76.949
719.39	77.220
719.58	77.491
719.77	77.754
719.96	78.012
720.16	78.288
720.35	78.585
720.54	78.876
720.73	79.177
720.92	79.480
721.11	79.808
721.30	80.123
721.49	80.441
721.68	80.765
721.87	81.117
722.06	81.442
722.25	81.761
722.44	82.089
722.63	82.408
722.82	82.724
723.01	83.031
723.20	83.328
723.39	83.644
723.58	83.985
723.77	84.325
723.96	84.669
724.15	85.015
724.34	85.346
724.53	85.678
724.72	85.977
724.91	86.306
725.10	86.627
725.29	86.927
725.48	87.259
725.67	87.533
725.86	87.793
726.05	88.067
726.24	88.333
726.43	88.587
726.62	88.844
726.81	89.127
727.00	89.386
727.19	89.658
727.38	89.904
727.57	90.122
727.76	90.332
727.95	90.537
728.14	90.714
728.33	90.896
728.52	91.067
728.71	91.235
728.90	91.391
729.09	91.513
729.28	91.629
729.47	91.723
729.65	91.833
729.84	91.953
730.03	92.054
730.22	92.141
730.41	92.232
730.60	92.310
730.79	92.337
730.98	92.385
731.17	92.430
731.36	92.442
731.55	92.430
731.74	92.424
731.93	92.404
732.12	92.384
732.31	92.362
732.50	92.345
732.69	92.328
732.88	92.267
733.06	92.197
733.25	92.135
733.44	92.071
733.63	91.976
733.82	91.871
734.01	91.736
734.20	91.605
734.39	91.447
734.58	91.300
734.77	91.163
734.96	90.989
735.15	90.797
735.33	90.603
735.52	90.427
735.71	90.232
735.90	90.019
736.09	89.786
736.28	89.537
736.47	89.278
736.66	89.009
736.85	88.744
737.04	88.454
737.23	88.179
737.41	87.876
737.60	87.614
737.79	87.306
737.98	87.025
738.17	86.734
738.36	86.468
738.55	86.186
738.74	85.907
738.92	85.615
739.11	85.331
739.30	85.029
739.49	84.711
739.68	84.413
739.87	84.143
740.06	83.873
740.25	83.572
740.43	83.293
740.62	82.998
740.81	82.698
741.00	82.430
741.19	82.131
741.38	81.835
741.57	81.530
741.75	81.262
741.94	80.967
742.13	80.671
742.32	80.357
742.51	80.058
742.70	79.768
742.89	79.496
743.07	79.210
743.26	78.942
743.45	78.659
743.64	78.403
743.83	78.119
744.02	77.822
744.20	77.574
744.39	77.320
744.58	77.082
744.77	76.864
744.96	76.663
745.15	76.488
745.33	76.322
745.52	76.154
745.71	75.986
745.90	75.836
746.09	75.710
746.28	75.586
746.46	75.447
746.65	75.307
746.84	75.190
747.03	75.077
747.22	74.983
747.40	74.920
747.59	74.838
747.78	74.774
747.97	74.754
748.16	74.721
748.34	74.674
748.53	74.657
748.72	74.649
748.91	74.624
749.10	74.604
749.28	74.607
749.47	74.632
749.66	74.649
749.85	74.659
750.04	74.685
750.22	74.717
750.41	74.777
750.60	74.853
750.79	74.908
750.97	74.983
751.16	75.081
751.35	75.168
751.54	75.259
751.73	75.382
751.91	75.493
752.10	75.645
752.29	75.783
752.48	75.941
752.66	76.103
752.85	76.276
753.04	76.456
753.23	76.656
753.41	76.831
753.60	77.047
753.79	77.277
753.98	77.485
754.16	77.711
754.35	77.935
754.54	78.161
754.73	78.421
754.91	78.684
755.10	78.935
755.29	79.214
755.48	79.476
755.66	79.744
755.85	80.021
756.04	80.276
756.22	80.571
756.41	80.839
756.60	81.114
756.79	81.409
756.97	81.705
757.16	81.963
757.35	82.257
757.54	82.548
757.72	82.835
757.91	83.140
758.10	83.441
758.28	83.734
758.47	84.023
758.66	84.337
758.85	84.632
759.03	84.939
759.22	85.236
759.41	85.548
759.59	85.850
759.78	86.148
759.97	86.428
760.15	86.698
760.34	87.004
760.53	87.280
760.71	87.536
760.90	87.823
761.09	88.099
761.28	88.372
761.46	88.630
761.65	88.888
761.84	89.153
762.02	89.414
762.21	89.694
762.40	89.934
762.58	90.145
762.77	90.361
762.96	90.579
763.14	90.810
763.33	91.014
763.52	91.188
763.70	91.345
763.89	91.530
764.08	91.719
764.26	91.850
764.45	92.016
764.64	92.191
764.82	92.308
765.01	92.435
765.20	92.536
765.38	92.651
765.57	92.733
765.75	92.814
765.94	92.868
766.13	92.935
766.31	93.016
766.50	93.071
766.69	93.158
766.87	93.234
767.06	93.273
767.25	93.322
767.43	93.390
767.62	93.460
767.80	93.498
767.99	93.506
768.18	93.513
768.36	93.509
768.55	93.490
768.74	93.465
768.92	93.443
769.11	93.442
769.29	93.400
769.48	93.386
769.67	93.324
769.85	93.286
770.04	93.164
770.22	93.061
770.41	92.938
770.60	92.788
770.78	92.618
770.97	92.462
771.15	92.314
771.34	92.122
771.53	91.956
771.71	91.778
771.90	91.623
772.08	91.505
772.27	91.336
772.46	91.135
772.64	90.947
772.83	90.746
773.01	90.497
773.20	90.261
773.39	90.034
773.57	89.799
773.76	89.555
773.94	89.367
774.13	89.125
774.31	88.870
774.50	88.652
774.68	88.403
774.87	88.151
775.06	87.847
775.24	87.586
775.43	87.285
775.61	86.999
775.80	86.714
775.98	86.394
776.17	86.077
776.36	85.784
776.54	85.489
776.73	85.183
776.91	84.899
777.10	84.616
777.28	84.295
777.47	84.007
777.65	83.706
777.84	83.390
778.02	83.110
778.21	82.844
778.39	82.533
778.58	82.249
778.77	81.971
778.95	81.722
779.14	81.466
779.32	81.223
779.51	80.976
779.69	80.705
779.88	80.461
780.06	80.228
780.25	79.975
780.43	79.721
780.62	79.497
780.80	79.261
780.99	79.018
781.17	78.789
781.36	78.547
781.54	78.327
781.73	78.076
781.91	77.856
782.10	77.644
782.28	77.435
782.47	77.232
782.65	77.009
782.84	76.800
783.02	76.609
783.21	76.433
783.39	76.254
783.58	76.091
783.76	75.905
783.95	75.745
784.13	75.629
784.32	75.504
784.50	75.368
784.69	75.274
784.87	75.178
785.05	75.095
785.24	75.023
785.42	74.960
785.61	74.906
785.79	74.855
785.98	74.815
786.16	74.763
786.35	74.745
786.53	74.734
786.72	74.711
786.90	74.693
787.09	74.662
787.27	74.664
787.45	74.681
787.64	74.697
787.82	74.706
788.01	74.720
788.19	74.757
788.38	74.798
788.56	74.784
788.75	74.836
788.93	74.895
789.11	74.928
789.30	74.960
789.48	75.030
789.67	75.108
789.85	75.172
790.04	75.292
790.22	75.390
790.40	75.501
790.59	75.611
790.77	75.730
790.96	75.883
791.14	76.022
791.32	76.151
791.51	76.300
791.69	76.467
791.88	76.639
792.06	76.814
792.25	76.973
792.43	77.194
792.61	77.380
792.80	77.546
792.98	77.770
793.17	77.976
793.35	78.152
793.53	78.347
793.72	78.589
793.90	78.796
794.08	79.003
794.27	79.220
794.45	79.462
794.64	79.686
794.82	79.911
795.00	80.110
795.19	80.349
795.37	80.581
795.55	80.770
795.74	81.001
795.92	81.234
796.11	81.500
796.29	81.753
796.47	81.989
796.66	82.222
796.84	82.484
797.02	82.751
797.21	83.039
797.39	83.304
797.58	83.555
797.76	83.793
797.94	84.065
798.13	84.334
798.31	84.616
798.49	84.867
798.68	85.113
798.86	85.413
799.04	85.655
799.23	85.922
799.41	86.195
799.59	86.438
799.78	86.651
799.96	86.878
800.14	87.114
800.33	87.361
800.51	87.630
800.69	87.827
800.88	88.062
801.06	88.302
801.24	88.489
801.43	88.689
801.61	88.881
801.79	89.056
801.98	89.227
802.16	89.413
802.34	89.616
802.52	89.809
802.71	89.943
802.89	90.127
803.07	90.280
803.26	90.428
803.44	90.555
803.62	90.706
803.81	90.840
803.99	90.930
804.17	91.018
804.35	91.100
804.54	91.179
804.72	91.285
804.90	91.364
805.09	91.493
805.27	91.601
805.45	91.709
805.63	91.780
805.82	91.859
806.00	91.864
806.18	91.907
806.37	91.956
806.55	91.972
806.73	92.000
806.91	92.019
807.10	92.057
807.28	92.075
807.46	92.101
807.64	92.095
807.83	92.102
808.01	92.106
808.19	92.051
808.37	92.010
808.56	91.938
808.74	91.884
808.92	91.813
809.10	91.708
809.29	91.646
809.47	91.574
809.65	91.449
809.83	91.393
810.02	91.277
810.20	91.175
810.38	91.085
810.56	90.960
810.75	90.871
810.93	90.763
811.11	90.647
811.29	90.517
811.47	90.386
811.66	90.227
811.84	90.083
812.02	90.007
812.20	89.893
812.39	89.775
812.57	89.637
812.75	89.509
812.93	89.408
813.11	89.251
813.30	89.119
813.48	89.009
813.66	88.849
813.84	88.698
814.02	88.523
814.21	88.372
814.39	88.170
814.57	87.970
814.75	87.765
814.93	87.565
815.12	87.344
815.30	87.135
815.48	86.935
815.66	86.707
815.84	86.453
816.03	86.203
816.21	85.922
816.39	85.672
816.57	85.357
816.75	85.048
816.93	84.759
817.12	84.442
817.30	84.130
817.48	83.824
817.66	83.558
817.84	83.289
818.02	83.037
818.21	82.761
818.39	82.505
818.57	82.227
818.75	82.002
818.93	81.748
819.11	81.478
819.30	81.224
819.48	80.991
819.66	80.768
819.84	80.566
820.02	80.341
820.20	80.107
820.38	79.893
820.57	79.677
820.75	79.488
820.93	79.291
821.11	79.088
821.29	78.905
821.47	78.685
821.65	78.473
821.83	78.241
822.02	78.053
822.20	77.836
822.38	77.668
822.56	77.418
822.74	77.193
822.92	76.950
823.10	76.738
823.28	76.501
823.46	76.268
823.65	76.031
823.83	75.828
824.01	75.620
824.19	75.402
824.37	75.188
824.55	74.946
824.73	74.755
824.91	74.550
825.09	74.347
825.27	74.159
825.46	73.947
825.64	73.742
825.82	73.571
826.00	73.382
826.18	73.211
826.36	73.063
826.54	72.940
826.72	72.866
826.90	72.763
827.08	72.677
827.26	72.600
827.44	72.502
827.63	72.411
827.81	72.340
827.99	72.299
828.17	72.237
828.35	72.194
828.53	72.140
828.71	72.131
828.89	72.102
829.07	72.078
829.25	72.052
829.43	72.067
829.61	72.049
829.79	72.036
829.97	72.034
830.15	72.008
830.33	72.003
830.51	71.980
830.69	71.985
830.87	71.942
831.06	71.951
831.24	71.966
831.42	71.988
831.60	71.985
831.78	72.018
831.96	72.073
832.14	72.137
832.32	72.202
832.50	72.244
832.68	72.284
832.86	72.321
833.04	72.418
833.22	72.465
833.40	72.551
833.58	72.626
833.76	72.695
833.94	72.817
834.12	72.943
834.30	73.074
834.48	73.174
834.66	73.340
834.84	73.433
835.02	73.583
835.20	73.723
835.38	73.887
835.56	74.047
835.74	74.214
835.92	74.383
836.10	74.529
836.28	74.689
836.46	74.874
836.64	75.056
836.82	75.196
837.00	75.373
837.18	75.554
837.36	75.755
837.54	75.933
837.72	76.119
837.90	76.302
838.08	76.488
838.26	76.680
838.43	76.853
838.61	77.063
838.79	77.258
838.97	77.462
839.15	77.668
839.33	77.864
839.51	78.014
839.69	78.189
839.87	78.392
840.05	78.612
840.23	78.804
840.41	79.001
840.59	79.171
840.77	79.381
840.95	79.547
841.13	79.714
841.31	79.887
841.49	80.047
841.67	80.182
841.84	80.361
842.02	80.498
842.20	80.702
842.38	80.839
842.56	80.983
842.74	81.140
842.92	81.247
843.10	81.386
843.28	81.578
843.46	81.719
843.64	81.828
843.82	81.966
843.99	82.093
844.17	82.267
844.35	82.501
844.53	82.663
844.71	82.866
844.89	83.012
845.07	83.206
845.25	83.401
845.43	83.594
845.61	83.755
845.78	83.972
845.96	84.141
846.14	84.344
846.32	84.541
846.50	84.692
846.68	84.922
846.86	85.095
847.04	85.254
847.22	85.371
847.39	85.558
847.57	85.684
847.75	85.820
847.93	85.887
848.11	85.986
848.29	86.125
848.47	86.195
848.65	86.335
848.82	86.399
849.00	86.480
849.18	86.537
849.36	86.581
849.54	86.646
849.72	86.643
849.89	86.697
850.07	86.762
850.25	86.783
850.43	86.754
850.61	86.758
850.79	86.725
850.97	86.793
851.14	86.808
851.32	86.797
851.50	86.819
851.68	86.876
851.86	86.935
852.04	86.915
852.21	86.956
852.39	86.970
852.57	87.039
852.75	87.044
852.93	87.054
853.10	87.048
853.28	87.007
853.46	87.011
853.64	86.946
853.82	86.869
854.00	86.903
854.17	86.853
854.35	86.777
854.53	86.743
854.71	86.660
854.89	86.549
855.06	86.519
855.24	86.466
855.42	86.383
855.60	86.239
855.78	86.147
855.95	86.022
856.13	85.925
856.31	85.739
856.49	85.601
856.66	85.494
856.84	85.333
857.02	85.275
857.20	85.201
857.38	85.050
857.55	84.920
857.73	84.684
857.91	84.585
858.09	84.427
858.26	84.289
858.44	84.155
858.62	84.027
858.80	83.845
858.97	83.672
859.15	83.493
859.33	83.279
859.51	83.117
859.68	82.940
859.86	82.738
860.04	82.566
860.22	82.366
860.39	82.167
860.57	81.962
860.75	81.686
860.93	81.451
861.10	81.322
861.28	81.147
861.46	80.946
861.64	80.751
861.81	80.602
861.99	80.379
862.17	80.152
862.35	79.957
862.52	79.796
862.70	79.589
862.88	79.419
863.05	79.218
863.23	78.995
863.41	78.804
863.59	78.590
863.76	78.421
863.94	78.223
864.12	78.032
864.29	77.862
864.47	77.647
864.65	77.453
864.83	77.180
865.00	76.937
865.18	76.767
865.36	76.571
865.53	76.352
865.71	76.208
865.89	76.007
866.06	75.785
866.24	75.537
866.42	75.333
866.59	75.092
866.77	74.926
866.95	74.718
867.12	74.466
867.30	74.293
867.48	74.053
867.65	73.861
867.83	73.641
868.01	73.461
868.18	73.255
868.36	73.052
868.54	72.896
868.71	72.742
868.89	72.574
869.07	72.378
869.24	72.209
869.42	72.005
869.60	71.838
869.77	71.725
869.95	71.566
870.13	71.404
870.30	71.285
870.48	71.087
870.66	70.936
870.83	70.825
871.01	70.623
871.18	70.491
871.36	70.342
871.54	70.183
871.71	70.041
871.89	69.938
872.07	69.767
872.24	69.626
872.42	69.521
872.59	69.403
872.77	69.264
872.95	69.154
873.12	69.002
873.30	68.863
873.48	68.740
873.65	68.638
873.83	68.527
874.00	68.393
874.18	68.310
874.36	68.238
874.53	68.141
874.71	68.059
874.88	67.990
875.06	67.945
875.24	67.939
875.41	67.880
875.59	67.839
875.76	67.851
875.94	67.802
876.11	67.694
876.29	67.590
876.47	67.555
876.64	67.493
876.82	67.444
876.99	67.411
877.17	67.362
877.35	67.325
877.52	67.284
877.70	67.249
877.87	67.246
878.05	67.235
878.22	67.241
878.40	67.277
878.57	67.258
878.75	67.228
878.93	67.169
879.10	67.175
879.28	67.179
879.45	67.178
879.63	67.165
879.80	67.157
879.98	67.205
880.15	67.226
880.33	67.272
880.50	67.313
880.68	67.414
880.86	67.464
881.03	67.535
881.21	67.621
881.38	67.693
881.56	67.845
881.73	67.896
881.91	67.961
882.08	68.020
882.26	68.147
882.43	68.260
882.61	68.444
882.78	68.550
882.96	68.686
883.13	68.799
883.31	68.938
883.48	69.132
883.66	69.299
883.83	69.459
884.01	69.573
884.18	69.793
884.36	69.942
884.53	70.085
884.71	70.233
884.88	70.334
885.06	70.492
885.23	70.565
885.41	70.712
885.58	70.827
885.76	70.989
885.93	71.065
886.11	71.236
886.28	71.329
886.46	71.465
886.63	71.597
886.81	71.712
886.98	71.887
887.15	71.992
887.33	72.143
887.50	72.332
887.68	72.491
887.85	72.585
888.03	72.710
888.20	72.868
888.38	73.022
888.55	73.203
888.73	73.295
888.90	73.426
889.08	73.573
889.25	73.701
889.42	73.833
889.60	74.036
889.77	74.118
889.95	74.267
890.12	74.362
890.30	74.454
890.47	74.562
890.64	74.702
890.82	74.840
890.99	74.961
891.17	75.056
891.34	75.171
891.52	75.290
891.69	75.411
891.86	75.532
892.04	75.650
892.21	75.805
892.39	76.049
892.56	76.232
892.73	76.321
892.91	76.477
893.08	76.687
893.26	76.777
893.43	76.953
893.60	77.054
893.78	77.226
893.95	77.392
894.13	77.628
894.30	77.785
894.47	77.994
894.65	78.126
894.82	78.297
895.00	78.450
895.17	78.617
895.34	78.809
895.52	78.994
895.69	79.120
895.86	79.264
896.04	79.314
896.21	79.461
896.39	79.665
896.56	79.836
896.73	79.854
896.91	79.922
897.08	80.019
897.25	80.205
897.43	80.268
897.60	80.365
897.77	80.380
897.95	80.377
898.12	80.380
898.30	80.498
898.47	80.506
898.64	80.576
898.82	80.606
898.99	80.597
899.16	80.601
899.34	80.592
899.51	80.514
899.68	80.495
899.86	80.445
900.03	80.377
900.20	80.329
900.38	80.361
900.55	80.458
900.72	80.406
900.90	80.324
901.07	80.418
901.24	80.403
901.41	80.424
901.59	80.449
901.76	80.448
901.93	80.400
902.11	80.354
902.28	80.353
902.45	80.453
902.63	80.493
902.80	80.458
902.97	80.464
903.15	80.571
903.32	80.655
903.49	80.671
903.66	80.728
903.84	80.766
904.01	80.753
904.18	80.717
904.36	80.751
904.53	80.743
904.70	80.691
904.87	80.686
905.05	80.614
905.22	80.642
905.39	80.628
905.56	80.572
905.74	80.540
905.91	80.454
906.08	80.330
906.26	80.239
906.43	80.151
906.60	80.075
906.77	79.920
906.95	79.804
907.12	79.679
907.29	79.517
907.46	79.468
907.64	79.374
907.81	79.271
907.98	79.105
908.15	79.004
908.33	78.878
908.50	78.749
908.67	78.662
908.84	78.528
909.01	78.370
909.19	78.290
909.36	78.172
909.53	78.040
909.70	77.823
909.88	77.714
910.05	77.555
910.22	77.467
910.39	77.346
910.57	77.246
910.74	77.157
910.91	77.103
911.08	76.904
911.25	76.765
911.43	76.640
911.60	76.514
911.77	76.373
911.94	76.147
912.11	75.973
912.29	75.769
912.46	75.526
912.63	75.323
912.80	75.086
912.97	74.893
913.15	74.752
913.32	74.622
913.49	74.412
913.66	74.333
913.83	74.109
914.00	73.890
914.18	73.684
914.35	73.483
914.52	73.211
914.69	72.995
914.86	72.787
915.03	72.586
915.21	72.442
915.38	72.227
915.55	72.149
915.72	71.983
915.89	71.857
916.06	71.776
916.24	71.701
916.41	71.542
916.58	71.432
916.75	71.234
916.92	71.061
917.09	70.865
917.26	70.593
917.44	70.390
917.61	70.264
917.78	70.045
917.95	69.896
918.12	69.710
918.29	69.610
918.46	69.410
918.64	69.236
918.81	69.098
918.98	68.956
919.15	68.772
919.32	68.624
919.49	68.389
919.66	68.175
919.83	67.988
920.00	67.815
920.18	67.656
920.35	67.605
920.52	67.480
920.69	67.425
920.86	67.389
921.03	67.291
921.20	67.144
921.37	67.036
921.54	66.773
921.71	66.664
921.89	66.489
922.06	66.423
922.23	66.301
922.40	66.158
922.57	65.963
922.74	65.855
922.91	65.761
923.08	65.689
923.25	65.597
923.42	65.485
923.59	65.435
923.76	65.220
923.93	64.991
924.11	64.818
924.28	64.656
924.45	64.529
924.62	64.488
924.79	64.395
924.96	64.229
925.13	64.188
925.30	64.072
925.47	63.914
925.64	63.810
925.81	63.735
925.98	63.664
926.15	63.627
926.32	63.452
926.49	63.347
926.66	63.260
926.83	63.138
927.00	63.085
927.17	62.953
927.34	63.001
927.51	62.964
927.69	62.990
927.86	62.955
928.03	62.824
928.20	62.764
928.37	62.661
928.54	62.682
928.71	62.649
928.88	62.659
929.05	62.690
929.22	62.678
929.39	62.619
929.56	62.547
929.73	62.492
929.90	62.544
930.07	62.529
930.24	62.475
930.41	62.494
930.58	62.537
930.75	62.607
930.92	62.533
931.09	62.511
931.26	62.486
931.43	62.458
931.60	62.482
931.77	62.425
931.94	62.490
932.11	62.527
932.27	62.549
932.44	62.576
932.61	62.590
932.78	62.560
932.95	62.659
933.12	62.612
933.29	62.656
933.46	62.666
933.63	62.600
933.80	62.619
933.97	62.620
934.14	62.579
934.31	62.531
934.48	62.599
934.65	62.631
934.82	62.681
934.99	62.724
935.16	62.766
935.33	62.852
935.50	62.968
935.67	63.041
935.84	63.090
936.00	63.101
936.17	63.171
936.34	63.296
936.51	63.267
936.68	63.324
936.85	63.370
937.02	63.470
937.19	63.535
937.36	63.678
937.53	63.675
937.70	63.787
937.87	63.866
938.03	63.872
938.20	63.934
938.37	63.999
938.54	64.044
938.71	64.117
938.88	64.218
939.05	64.142
939.22	64.091
939.39	64.162
939.56	64.339
939.72	64.401
939.89	64.433
940.06	64.504
940.23	64.596
940.40	64.679
940.57	64.815
940.74	64.962
940.91	65.028
941.08	65.241
941.24	65.312
941.41	65.490
941.58	65.729
941.75	65.881
941.92	66.049
942.09	66.180
942.26	66.274
942.42	66.321
942.59	66.561
942.76	66.915
942.93	67.073
943.10	67.095
943.27	67.258
943.44	67.384
943.60	67.589
943.77	67.605
943.94	67.833
944.11	67.879
944.28	67.979
944.45	68.117
944.61	68.208
944.78	68.235
944.95	68.268
945.12	68.448
945.29	68.563
945.46	68.534
945.62	68.583
945.79	68.795
945.96	69.113
946.13	69.264
946.30	69.267
946.46	69.429
946.63	69.547
946.80	69.681
946.97	69.870
947.14	69.940
947.31	70.473
947.47	70.678
947.64	70.891
947.81	71.065
947.98	71.249
948.15	71.342
948.31	71.610
948.48	71.774
948.65	71.769
948.82	71.894
948.98	72.055
949.15	72.386
949.32	72.444
949.49	72.429
949.66	72.484
949.82	72.538
949.99	72.655
950.16	72.776
950.33	72.746
950.49	72.814
950.66	72.799
950.83	72.622
951.00	72.452
951.16	72.221
951.33	72.228
951.50	72.136
951.67	72.217
951.83	72.218
952.00	72.216
952.17	72.165
952.34	72.184
952.50	72.350
952.67	72.291
952.84	72.358
953.01	72.293
953.17	72.331
953.34	72.473
953.51	72.424
953.68	72.355
953.84	72.334
954.01	72.285
954.18	72.245
954.34	72.318
954.51	72.427
954.68	72.575
954.85	72.630
955.01	72.827
955.18	73.066
955.35	72.847
955.51	72.834
955.68	72.983
955.85	73.171
956.02	73.030
956.18	73.054
956.35	72.986
956.52	73.076
956.68	73.055
956.85	72.932
957.02	73.002
957.18	73.049
957.35	73.106
957.52	73.190
957.69	73.287
957.85	73.328
958.02	73.207
958.19	73.161
958.35	73.129
958.52	72.859
958.69	72.539
958.85	72.748
959.02	72.838
959.19	72.544
959.35	72.409
959.52	72.522
959.69	72.522
959.85	72.550
960.02	72.550
960.19	72.486
960.35	72.415
960.52	72.274
960.68	72.251
960.85	72.300
961.02	72.057
961.18	72.060
961.35	71.833
961.52	71.872
961.68	71.852
961.85	71.742
962.02	71.829
962.18	71.845
962.35	71.579
962.51	71.436
962.68	71.501
962.85	71.430
963.01	71.107
963.18	71.029
963.35	70.684
963.51	70.444
963.68	70.446
963.84	70.206
964.01	70.274
964.18	70.126
964.34	69.862
964.51	69.749
964.67	69.550
964.84	69.518
965.01	69.318
965.17	69.068
965.34	69.151
965.50	68.914
965.67	68.875
965.84	68.894
966.00	68.993
966.17	69.123
966.33	68.963
966.50	68.901
966.66	68.849
966.83	68.912
967.00	68.893
967.16	68.699
967.33	68.670
967.49	68.456
967.66	68.646
967.82	68.472
967.99	68.605
968.16	68.605
968.32	68.510
968.49	68.342
968.65	68.543
968.82	68.385
968.98	68.420
969.15	68.096
969.31	67.806
969.48	67.523
969.64	67.173
969.81	67.119
969.98	67.017
970.14	66.626
970.31	66.612
970.47	66.372
970.64	66.152
970.80	66.230
970.97	65.714
971.13	65.371
971.30	65.281
971.46	65.024
971.63	64.820
971.79	64.911
971.96	64.918
972.12	64.568
972.29	64.133
972.45	64.011
972.62	64.049
972.78	64.138
972.95	63.784
973.11	63.535
973.28	63.452
973.44	63.469
973.61	63.774
973.77	63.558
973.94	63.549
974.10	63.701
974.27	63.622
974.43	63.986
974.60	63.954
974.76	63.947
974.93	63.959
975.09	63.799
975.26	63.506
975.42	63.439
975.59	63.317
975.75	63.676
975.92	63.589
976.08	63.049
976.24	62.945
976.41	62.744
976.57	62.794
976.74	62.658
976.90	62.325
977.07	61.754
977.23	61.749
977.40	61.589
977.56	60.887
977.73	60.579
977.89	60.262
978.05	59.847
978.22	59.668
978.38	59.397
978.55	59.166
978.71	58.937
978.88	58.897
979.04	58.895
979.20	58.617
979.37	58.458
979.53	58.512
979.70	58.528
979.86	58.851
980.03	58.799
980.19	58.730
980.35	58.727
980.52	58.626
980.68	58.636
980.85	58.596
981.01	58.800
981.17	58.773
981.34	58.645
981.50	58.581
981.67	58.642
981.83	58.497
981.99	58.467
982.16	58.329
982.32	57.513
982.49	57.442
982.65	57.329
982.81	57.554
982.98	57.568
983.14	57.601
983.30	57.151
983.47	57.042
983.63	56.709
983.80	56.521
983.96	56.242
984.12	56.695
984.29	56.844
984.45	57.156
984.61	56.864
984.78	57.099
984.94	57.365
985.10	57.884
985.27	57.717
985.43	58.122
985.59	58.479
985.76	59.144
985.92	59.342
986.08	59.655
986.25	59.178
986.41	59.712
986.57	59.046
986.74	59.511
986.90	59.366
987.06	59.389
987.23	59.419
987.39	59.256
987.55	58.215
987.72	57.937
987.88	57.122
988.04	57.505
988.21	57.921
988.37	57.761
988.53	57.037
988.70	57.559
988.86	57.002
989.02	56.699
989.19	56.295
989.35	56.255
989.51	55.639
989.67	55.587
989.84	55.119
990.00	55.176
990.16	55.333
990.33	55.560
990.49	55.969
990.65	56.228
990.82	56.663
990.98	56.812
991.14	56.716
991.30	57.553
991.47	56.969
991.63	56.769
991.79	57.576
991.95	57.797
992.12	57.711
992.28	58.075
992.44	58.181
992.61	58.383
992.77	58.463
992.93	59.137
993.09	59.306
993.26	59.534
993.42	60.146
993.58	59.741
993.74	59.462
993.91	59.018
994.07	58.581
994.23	58.816
994.39	58.838
994.55	59.062
994.72	58.541
994.88	58.796
995.04	58.458
995.20	58.014
995.37	57.677
995.53	57.772
995.69	57.515
995.85	57.145
996.02	57.238
996.18	57.478
996.34	57.076
996.50	57.275
996.66	58.369
996.83	57.822
996.99	57.053
997.15	57.761
997.31	57.803
997.47	58.206
997.64	58.133
997.80	58.615
997.96	59.356
998.12	59.724
998.28	60.640
998.45	61.173
998.61	61.190
998.77	60.815
998.93	60.849
999.09	61.941
999.25	62.357
999.42	63.599
999.58	63.421
999.74	63.101
999.90	62.705
1000.06	61.595
1000.22	62.046
1000.39	62.964
1000.55	62.834
1000.71	63.634
1000.87	63.591
1001.03	63.329
1001.19	63.301
1001.36	62.509
1001.52	62.012
1001.68	61.596
1001.84	62.217
1002.00	61.172
1002.16	61.798
1002.32	61.397
1002.49	59.825
1002.65	59.785
1002.81	58.779
1002.97	58.609
1003.13	58.687
1003.29	59.738
1003.45	59.768
1003.62	60.485
1003.78	60.174
1003.94	60.365
1004.10	59.491
1004.26	59.758
1004.42	59.959
1004.58	60.070
1004.74	60.750
1004.90	62.510
1005.07	62.213
1005.23	61.128
1005.39	62.664
1005.55	62.966
1005.71	62.595
1005.87	63.869
1006.03	64.445
1006.19	64.719
1006.35	64.217
1006.51	64.987
1006.67	64.704
1006.84	64.327
1007.00	63.937
1007.16	65.113
1007.32	63.724
1007.48	64.639
1007.64	66.050
1007.80	65.714
1007.96	64.717
1008.12	64.906
1008.28	63.014
1008.44	64.258
1008.60	64.665
1008.76	63.325
1008.92	62.403
1009.09	62.225
1009.25	61.824
1009.41	61.414
1009.57	61.880
1009.73	62.878
1009.89	63.803
1010.05	64.791
1010.21	66.700
1010.37	66.317
1010.53	67.590
1010.69	69.739
1010.85	69.198
1011.01	67.975
1011.17	67.190
1011.33	68.807
1011.49	69.145
1011.65	69.612
1011.81	69.401
1011.97	69.730
1012.13	72.189
1012.29	74.217
1012.45	76.404
1012.61	80.282
1012.77	77.999
1012.93	78.103
1013.09	76.991
1013.25	76.573
1013.41	77.217
1013.57	74.189
1013.73	73.047
1013.89	69.008
1014.05	70.666
1014.21	68.886
1014.37	66.945
1014.53	65.923
1014.69	66.104
1014.85	66.738
1015.01	69.463
1015.17	71.173
1015.33	72.247
1015.49	71.101
1015.65	72.456
1015.81	72.968
1015.97	68.903
1016.13	72.905
1016.29	71.821
1016.45	72.937
1016.61	73.809
1016.77	71.116
1016.93	72.075
1017.09	72.362
1017.25	73.674
1017.41	72.572
1017.56	74.201
1017.72	81.306
1017.88	83.672
1018.04	85.453
1018.20	82.755
1018.36	80.879
1018.52	78.604
1018.68	79.716
1018.84	80.936
1019.00	78.477
1019.16	79.831
1019.32	83.286
1019.48	83.710
1019.64	87.071
1019.79	84.620
1019.95	80.916
1020.11	85.509
1020.27	85.944
1020.43	91.874
1020.59	94.967
1020.75	92.420
1020.91	97.040
1021.07	89.194
1021.23	89.459
1021.39	84.531
1021.54	90.733
1021.70	89.579
1021.86	88.776
1022.02	86.671
1022.18	83.697
1022.34	87.464
1022.50	86.509
1022.66	85.435
1022.82	85.244
1022.97	84.297
1023.13	85.998
1023.29	92.398
1023.45	92.098
1023.61	93.590
1023.77	91.476
1023.93	92.196
1024.08	93.553
1024.24	90.976
1024.40	94.456
1024.56	103.450
1024.72	108.651
1024.88	97.426
1025.04	104.172
1025.19	99.729
1025.35	95.852
1025.51	99.907
1025.67	102.830
1025.83	98.354
1025.99	100.328
1026.14	98.036
1026.30	109.061
1026.46	114.295
1026.62	105.306
1026.78	95.020
1026.94	90.548
1027.09	88.188
1027.25	85.740
1027.41	87.204
1027.57	85.639
1027.73	83.735
1027.89	77.114
1028.04	75.287
1028.20	73.667
1028.36	73.135
1028.52	72.827
1028.68	72.830
1028.83	73.656
1028.99	70.042
1029.15	70.092
1029.31	69.320
1029.47	71.746
1029.62	69.312
1029.78	69.475
1029.94	70.485
1030.10	72.787
1030.25	75.342
1030.41	79.301
1030.57	81.672
1030.73	83.657
1030.89	86.525
1031.04	89.512
1031.20	95.417
1031.36	105.564
1031.52	114.258
1031.67	118.521
1031.83	126.862
1031.99	141.450
1032.15	125.249
1032.30	141.785
1032.46	164.934
1032.62	152.424
1032.78	133.359
1032.93	153.920
1033.09	132.952
1033.25	124.101
1033.41	127.967
1033.56	123.782
1033.72	17.941
1033.88	398.810
1034.04	57.046
1034.19	68.485
1034.35	83.300
1034.51	-32.645
1034.66	59.504
1034.82	2036.667
1034.98	2036.667
1035.14	2036.667
