345.22	44.227
345.43	44.227
345.65	44.227
345.86	38.542
346.08	147.045
346.29	-16.099
346.51	39.339
346.72	31.566
346.94	-255.641
347.15	-90.233
347.37	193.196
347.58	226.587
347.80	255.932
348.01	217.282
348.23	146.665
348.44	135.748
348.66	119.850
348.87	121.981
349.09	115.223
349.30	101.990
349.52	94.444
349.73	98.480
349.95	97.883
350.16	99.435
350.38	95.748
350.59	89.502
350.81	88.086
351.02	85.844
351.24	84.723
351.45	83.613
351.67	86.001
351.88	84.720
352.10	81.148
352.31	80.273
352.53	83.971
352.74	85.336
352.96	86.275
353.17	86.012
353.39	86.508
353.60	88.123
353.82	89.131
354.03	89.361
354.25	83.838
354.46	78.743
354.67	75.691
354.89	73.759
355.10	77.474
355.32	76.662
355.53	78.073
355.75	79.565
355.96	80.924
356.18	80.862
356.39	80.622
356.61	84.241
356.82	83.901
357.04	79.928
357.25	79.917
357.46	79.639
357.68	79.024
357.89	77.968
358.11	76.084
358.32	79.381
358.54	77.673
358.75	79.557
358.97	81.783
359.18	84.618
359.40	84.283
359.61	84.977
359.82	86.477
360.04	86.527
360.25	84.651
360.47	80.458
360.68	79.267
360.90	79.602
361.11	77.645
361.32	77.601
361.54	81.412
361.75	80.912
361.97	81.812
362.18	82.950
362.40	84.198
362.61	85.932
362.83	85.839
363.04	86.904
363.25	88.393
363.47	89.447
363.68	87.159
363.90	91.110
364.11	91.279
364.32	91.325
364.54	89.234
364.75	86.231
364.97	90.346
365.18	89.243
365.40	87.374
365.61	87.604
365.82	88.468
366.04	87.743
366.25	87.871
366.47	86.390
366.68	84.172
366.89	85.185
367.11	83.264
367.32	83.500
367.54	80.944
367.75	80.198
367.96	79.366
368.18	80.573
368.39	79.314
368.61	79.271
368.82	80.250
369.03	83.294
369.25	87.353
369.46	88.096
369.68	88.780
369.89	89.653
370.10	89.987
370.32	90.021
370.53	89.070
370.75	85.383
370.96	87.479
371.17	88.735
371.39	85.889
371.60	85.948
371.81	86.694
372.03	88.576
372.24	89.614
372.46	92.433
372.67	93.283
372.88	91.867
373.10	91.449
373.31	89.822
373.52	89.547
373.74	87.958
373.95	86.514
374.17	87.473
374.38	90.026
374.59	90.365
374.81	88.837
375.02	87.459
375.23	90.562
375.45	88.229
375.66	85.944
375.87	86.978
376.09	87.454
376.30	86.015
376.52	87.896
376.73	84.964
376.94	83.264
377.16	84.036
377.37	87.958
377.58	88.055
377.80	89.596
378.01	90.473
378.22	91.944
378.44	92.916
378.65	95.151
378.86	94.887
379.08	95.381
379.29	95.789
379.50	98.663
379.72	98.756
379.93	101.922
380.14	104.960
380.36	106.132
380.57	107.520
380.78	107.721
381.00	108.530
381.21	110.165
381.42	111.200
381.64	111.714
381.85	111.477
382.06	111.771
382.28	111.709
382.49	111.285
382.70	111.677
382.92	111.767
383.13	110.877
383.34	111.193
383.56	111.985
383.77	113.177
383.98	112.646
384.20	113.608
384.41	113.612
384.62	113.840
384.83	114.314
385.05	114.639
385.26	115.553
385.47	116.330
385.69	117.193
385.90	117.992
386.11	118.671
386.33	119.522
386.54	120.326
386.75	120.992
386.97	122.093
387.18	122.898
387.39	123.841
387.60	124.325
387.82	124.857
388.03	125.285
388.24	125.838
388.46	126.336
388.67	126.515
388.88	126.548
389.09	126.498
389.31	126.306
389.52	126.101
389.73	125.586
389.95	125.148
390.16	124.643
390.37	124.227
390.58	123.742
390.80	123.020
391.01	122.451
391.22	121.882
391.44	120.971
391.65	120.174
391.86	119.407
392.07	119.044
392.29	118.518
392.50	117.933
392.71	117.339
392.92	116.974
393.14	116.498
393.35	116.242
393.56	116.153
393.78	116.118
393.99	116.311
394.20	116.603
394.41	116.823
394.63	117.073
394.84	117.560
395.05	118.226
395.26	118.844
395.48	119.520
395.69	120.158
395.90	121.086
396.11	121.974
396.33	122.808
396.54	123.700
396.75	124.443
396.96	125.248
397.18	125.964
397.39	126.662
397.60	127.386
397.81	127.973
398.03	128.399
398.24	128.769
398.45	128.941
398.66	129.059
398.87	129.136
399.09	129.069
399.30	128.772
399.51	128.272
399.72	127.832
399.94	127.280
400.15	126.638
400.36	125.834
400.57	124.984
400.79	124.112
401.00	123.092
401.21	122.185
401.42	121.227
401.63	120.258
401.85	119.327
402.06	118.507
402.27	117.693
402.48	116.985
402.69	116.339
402.91	115.733
403.12	115.175
403.33	114.832
403.54	114.657
403.76	114.429
403.97	114.422
404.18	114.532
404.39	114.757
404.60	115.122
404.82	115.608
405.03	116.206
405.24	116.828
405.45	117.558
405.66	118.357
405.88	119.181
406.09	120.109
406.30	120.947
406.51	121.716
406.72	122.555
406.94	123.347
407.15	124.096
407.36	124.877
407.57	125.591
407.78	126.166
407.99	126.597
408.21	127.026
408.42	127.344
408.63	127.591
408.84	127.640
409.05	127.623
409.27	127.397
409.48	127.001
409.69	126.539
409.90	126.054
410.11	125.449
410.32	124.787
410.54	123.960
410.75	123.071
410.96	122.139
411.17	121.151
411.38	120.157
411.59	119.163
411.81	118.091
412.02	117.036
412.23	116.017
412.44	115.079
412.65	114.251
412.86	113.489
413.08	112.723
413.29	112.032
413.50	111.504
413.71	111.117
413.92	110.808
414.13	110.622
414.34	110.528
414.56	110.468
414.77	110.565
414.98	110.765
415.19	111.186
415.40	111.712
415.61	112.305
415.82	112.943
416.04	113.684
416.25	114.421
416.46	115.247
416.67	116.164
416.88	117.024
417.09	117.906
417.30	118.735
417.52	119.617
417.73	120.412
417.94	121.150
418.15	121.832
418.36	122.546
418.57	123.078
418.78	123.515
418.99	123.957
419.21	124.257
419.42	124.486
419.63	124.574
419.84	124.535
420.05	124.369
420.26	124.066
420.47	123.614
420.68	123.183
420.89	122.629
421.11	121.903
421.32	121.223
421.53	120.393
421.74	119.550
421.95	118.669
422.16	117.787
422.37	116.883
422.58	115.890
422.79	114.891
423.01	113.973
423.22	113.059
423.43	112.210
423.64	111.409
423.85	110.689
424.06	110.053
424.27	109.473
424.48	108.996
424.69	108.698
424.90	108.481
425.11	108.346
425.33	108.335
425.54	108.413
425.75	108.551
425.96	108.811
426.17	109.171
426.38	109.637
426.59	110.180
426.80	110.796
427.01	111.518
427.22	112.329
427.43	113.242
427.64	114.121
427.85	114.979
428.07	115.899
428.28	116.771
428.49	117.653
428.70	118.539
428.91	119.387
429.12	120.141
429.33	120.898
429.54	121.586
429.75	122.188
429.96	122.787
430.17	123.286
430.38	123.681
430.59	123.923
430.80	124.046
431.01	124.093
431.22	124.065
431.44	123.905
431.65	123.658
431.86	123.268
432.07	122.834
432.28	122.324
432.49	121.711
432.70	121.012
432.91	120.217
433.12	119.336
433.33	118.419
433.54	117.530
433.75	116.594
433.96	115.654
434.17	114.618
434.38	113.636
434.59	112.673
434.80	111.733
435.01	110.923
435.22	110.156
435.43	109.452
435.64	108.791
435.85	108.215
436.06	107.704
436.27	107.318
436.48	107.029
436.69	106.794
436.90	106.688
437.11	106.702
437.33	106.812
437.54	107.039
437.75	107.399
437.96	107.760
438.17	108.223
438.38	108.713
438.59	109.349
438.80	110.002
439.01	110.786
439.22	111.644
439.43	112.383
439.64	113.187
439.85	114.020
440.06	114.828
440.27	115.685
440.48	116.476
440.69	117.236
440.90	117.958
441.11	118.694
441.32	119.339
441.53	119.910
441.74	120.391
441.95	120.840
442.16	121.181
442.37	121.418
442.58	121.593
442.79	121.695
443.00	121.703
443.21	121.624
443.42	121.366
443.62	120.955
443.83	120.638
444.04	120.187
444.25	119.659
444.46	119.039
444.67	118.332
444.88	117.600
445.09	116.789
445.30	115.936
445.51	115.006
445.72	114.043
445.93	113.133
446.14	112.185
446.35	111.203
446.56	110.286
446.77	109.400
446.98	108.499
447.19	107.627
447.40	106.836
447.61	106.054
447.82	105.362
448.03	104.775
448.24	104.206
448.45	103.736
448.66	103.346
448.87	103.045
449.08	102.862
449.29	102.752
449.49	102.736
449.70	102.821
449.91	102.982
450.12	103.262
450.33	103.569
450.54	103.978
450.75	104.479
450.96	105.008
451.17	105.613
451.38	106.257
451.59	106.965
451.80	107.671
452.01	108.431
452.22	109.223
452.43	109.987
452.64	110.743
452.84	111.512
453.05	112.247
453.26	112.998
453.47	113.664
453.68	114.322
453.89	114.930
454.10	115.435
454.31	115.925
454.52	116.306
454.73	116.657
454.94	116.896
455.15	117.035
455.36	117.083
455.56	117.066
455.77	116.964
455.98	116.802
456.19	116.556
456.40	116.252
456.61	115.880
456.82	115.392
457.03	114.853
457.24	114.228
457.45	113.570
457.65	112.793
457.86	112.017
458.07	111.197
458.28	110.291
458.49	109.430
458.70	108.494
458.91	107.573
459.12	106.637
459.33	105.683
459.54	104.786
459.74	103.913
459.95	103.046
460.16	102.266
460.37	101.516
460.58	100.830
460.79	100.172
461.00	99.550
461.21	99.030
461.41	98.576
461.62	98.202
461.83	97.929
462.04	97.748
462.25	97.588
462.46	97.546
462.67	97.609
462.88	97.746
463.08	97.984
463.29	98.263
463.50	98.615
463.71	99.070
463.92	99.555
464.13	100.072
464.34	100.659
464.54	101.301
464.75	101.981
464.96	102.670
465.17	103.386
465.38	104.096
465.59	104.857
465.80	105.593
466.00	106.305
466.21	107.001
466.42	107.659
466.63	108.352
466.84	108.993
467.05	109.573
467.26	110.107
467.46	110.529
467.67	110.944
467.88	111.321
468.09	111.590
468.30	111.825
468.51	111.993
468.71	112.062
468.92	112.066
469.13	111.988
469.34	111.860
469.55	111.627
469.76	111.357
469.96	110.991
470.17	110.568
470.38	110.099
470.59	109.546
470.80	108.940
471.00	108.316
471.21	107.608
471.42	106.891
471.63	106.130
471.84	105.355
472.05	104.535
472.25	103.698
472.46	102.863
472.67	101.981
472.88	101.157
473.09	100.316
473.29	99.473
473.50	98.686
473.71	97.897
473.92	97.156
474.13	96.457
474.33	95.815
474.54	95.220
474.75	94.686
474.96	94.202
475.17	93.783
475.37	93.394
475.58	93.096
475.79	92.873
476.00	92.722
476.21	92.658
476.41	92.661
476.62	92.737
476.83	92.873
477.04	93.126
477.24	93.393
477.45	93.738
477.66	94.137
477.87	94.568
478.08	95.080
478.28	95.601
478.49	96.182
478.70	96.805
478.91	97.432
479.11	98.074
479.32	98.761
479.53	99.433
479.74	100.142
479.94	100.823
480.15	101.470
480.36	102.105
480.57	102.723
480.78	103.336
480.98	103.873
481.19	104.384
481.40	104.833
481.61	105.279
481.81	105.661
482.02	105.981
482.23	106.278
482.44	106.476
482.64	106.648
482.85	106.743
483.06	106.750
483.27	106.734
483.47	106.669
483.68	106.520
483.89	106.310
484.10	106.026
484.30	105.698
484.51	105.294
484.72	104.872
484.92	104.353
485.13	103.814
485.34	103.242
485.55	102.616
485.75	101.966
485.96	101.254
486.17	100.530
486.38	99.794
486.58	99.020
486.79	98.254
487.00	97.469
487.20	96.676
487.41	95.916
487.62	95.153
487.83	94.390
488.03	93.646
488.24	92.937
488.45	92.244
488.65	91.577
488.86	90.969
489.07	90.389
489.28	89.871
489.48	89.384
489.69	88.986
489.90	88.616
490.10	88.316
490.31	88.073
490.52	87.869
490.73	87.741
490.93	87.674
491.14	87.666
491.35	87.725
491.55	87.836
491.76	87.998
491.97	88.211
492.17	88.466
492.38	88.787
492.59	89.154
492.79	89.575
493.00	90.036
493.21	90.527
493.41	91.044
493.62	91.593
493.83	92.168
494.04	92.724
494.24	93.316
494.45	93.914
494.66	94.500
494.86	95.120
495.07	95.699
495.28	96.293
495.48	96.853
495.69	97.395
495.90	97.924
496.10	98.425
496.31	98.880
496.52	99.299
496.72	99.713
496.93	100.074
497.14	100.380
497.34	100.622
497.55	100.852
497.76	101.020
497.96	101.127
498.17	101.183
498.37	101.200
498.58	101.140
498.79	101.026
498.99	100.883
499.20	100.669
499.41	100.408
499.61	100.076
499.82	99.714
500.03	99.290
500.23	98.850
500.44	98.344
500.65	97.812
500.85	97.256
501.06	96.633
501.26	95.998
501.47	95.336
501.68	94.671
501.88	93.961
502.09	93.254
502.30	92.535
502.50	91.809
502.71	91.089
502.91	90.377
503.12	89.667
503.33	88.966
503.53	88.294
503.74	87.627
503.95	86.983
504.15	86.369
504.36	85.781
504.56	85.218
504.77	84.712
504.98	84.225
505.18	83.798
505.39	83.406
505.59	83.059
505.80	82.764
506.01	82.523
506.21	82.335
506.42	82.195
506.62	82.104
506.83	82.057
507.04	82.074
507.24	82.136
507.45	82.254
507.65	82.421
507.86	82.613
508.07	82.864
508.27	83.160
508.48	83.489
508.68	83.876
508.89	84.286
509.10	84.714
509.30	85.178
509.51	85.651
509.71	86.148
509.92	86.659
510.12	87.181
510.33	87.710
510.54	88.236
510.74	88.774
510.95	89.298
511.15	89.826
511.36	90.348
511.56	90.857
511.77	91.339
511.98	91.807
512.18	92.266
512.39	92.694
512.59	93.094
512.80	93.460
513.00	93.786
513.21	94.069
513.42	94.331
513.62	94.552
513.83	94.736
514.03	94.868
514.24	94.952
514.44	94.989
514.65	94.995
514.85	94.961
515.06	94.884
515.26	94.755
515.47	94.593
515.68	94.370
515.88	94.112
516.09	93.806
516.29	93.464
516.50	93.083
516.70	92.659
516.91	92.204
517.11	91.721
517.32	91.211
517.52	90.675
517.73	90.127
517.93	89.543
518.14	88.945
518.34	88.341
518.55	87.727
518.76	87.108
518.96	86.462
519.17	85.814
519.37	85.159
519.58	84.528
519.78	83.885
519.99	83.247
520.19	82.629
520.40	82.051
520.60	81.478
520.81	80.920
521.01	80.382
521.22	79.887
521.42	79.417
521.63	78.977
521.83	78.572
522.04	78.192
522.24	77.871
522.45	77.584
522.65	77.344
522.86	77.147
523.06	76.986
523.27	76.879
523.47	76.809
523.68	76.783
523.88	76.793
524.09	76.852
524.29	76.965
524.50	77.111
524.70	77.284
524.91	77.499
525.11	77.763
525.32	78.070
525.52	78.394
525.72	78.767
525.93	79.159
526.13	79.583
526.34	80.016
526.54	80.487
526.75	80.950
526.95	81.437
527.16	81.923
527.36	82.431
527.57	82.941
527.77	83.447
527.98	83.970
528.18	84.486
528.39	84.986
528.59	85.485
528.79	85.968
529.00	86.449
529.20	86.901
529.41	87.356
529.61	87.780
529.82	88.172
530.02	88.529
530.23	88.873
530.43	89.170
530.64	89.455
530.84	89.686
531.04	89.885
531.25	90.071
531.45	90.223
531.66	90.332
531.86	90.402
532.07	90.429
532.27	90.413
532.47	90.367
532.68	90.302
532.88	90.199
533.09	90.052
533.29	89.856
533.50	89.635
533.70	89.342
533.90	89.040
534.11	88.720
534.31	88.368
534.52	87.973
534.72	87.580
534.93	87.156
535.13	86.696
535.33	86.235
535.54	85.725
535.74	85.210
535.95	84.666
536.15	84.139
536.35	83.594
536.56	83.047
536.76	82.474
536.97	81.911
537.17	81.335
537.37	80.768
537.58	80.224
537.78	79.684
537.99	79.159
538.19	78.631
538.39	78.112
538.60	77.617
538.80	77.160
539.01	76.697
539.21	76.266
539.41	75.876
539.62	75.500
539.82	75.164
540.03	74.849
540.23	74.583
540.43	74.332
540.64	74.139
540.84	73.966
541.04	73.842
541.25	73.763
541.45	73.716
541.66	73.700
541.86	73.720
542.06	73.783
542.27	73.883
542.47	74.033
542.67	74.201
542.88	74.412
543.08	74.650
543.28	74.931
543.49	75.230
543.69	75.561
543.90	75.929
544.10	76.303
544.30	76.727
544.51	77.155
544.71	77.625
544.91	78.084
545.12	78.568
545.32	79.072
545.52	79.555
545.73	80.070
545.93	80.585
546.13	81.080
546.34	81.571
546.54	82.063
546.74	82.543
546.95	83.039
547.15	83.517
547.35	83.968
547.56	84.430
547.76	84.885
547.96	85.308
548.17	85.725
548.37	86.128
548.57	86.475
548.78	86.808
548.98	87.109
549.18	87.378
549.39	87.620
549.59	87.832
549.79	88.038
550.00	88.199
550.20	88.357
550.40	88.463
550.61	88.549
550.81	88.599
551.01	88.614
551.22	88.600
551.42	88.546
551.62	88.462
551.82	88.328
552.03	88.179
552.23	87.997
552.43	87.778
552.64	87.535
552.84	87.265
553.04	86.964
553.25	86.637
553.45	86.278
553.65	85.905
553.85	85.527
554.06	85.120
554.26	84.681
554.46	84.210
554.67	83.744
554.87	83.251
555.07	82.765
555.27	82.260
555.48	81.743
555.68	81.236
555.88	80.720
556.09	80.208
556.29	79.672
556.49	79.157
556.69	78.627
556.90	78.112
557.10	77.624
557.30	77.159
557.50	76.679
557.71	76.243
557.91	75.815
558.11	75.384
558.31	74.987
558.52	74.619
558.72	74.277
558.92	73.960
559.13	73.673
559.33	73.406
559.53	73.160
559.73	72.960
559.94	72.780
560.14	72.628
560.34	72.504
560.54	72.418
560.75	72.372
560.95	72.353
561.15	72.376
561.35	72.415
561.55	72.476
561.76	72.588
561.96	72.710
562.16	72.879
562.36	73.087
562.57	73.308
562.77	73.559
562.97	73.840
563.17	74.136
563.38	74.451
563.58	74.801
563.78	75.175
563.98	75.559
564.18	75.956
564.39	76.381
564.59	76.815
564.79	77.273
564.99	77.722
565.20	78.179
565.40	78.627
565.60	79.084
565.80	79.567
566.00	80.029
566.21	80.503
566.41	80.952
566.61	81.405
566.81	81.860
567.01	82.298
567.22	82.732
567.42	83.155
567.62	83.552
567.82	83.933
568.02	84.302
568.23	84.652
568.43	84.983
568.63	85.304
568.83	85.586
569.03	85.837
569.24	86.073
569.44	86.299
569.64	86.503
569.84	86.689
570.04	86.818
570.24	86.939
570.45	87.032
570.65	87.106
570.85	87.142
571.05	87.139
571.25	87.111
571.45	87.048
571.66	86.977
571.86	86.885
572.06	86.746
572.26	86.592
572.46	86.416
572.66	86.221
572.87	85.981
573.07	85.737
573.27	85.465
573.47	85.177
573.67	84.856
573.87	84.509
574.08	84.139
574.28	83.777
574.48	83.387
574.68	82.975
574.88	82.553
575.08	82.102
575.28	81.656
575.49	81.209
575.69	80.754
575.89	80.270
576.09	79.804
576.29	79.321
576.49	78.836
576.69	78.346
576.90	77.865
577.10	77.395
577.30	76.927
577.50	76.473
577.70	76.012
577.90	75.568
578.10	75.156
578.30	74.746
578.51	74.345
578.71	73.972
578.91	73.612
579.11	73.264
579.31	72.945
579.51	72.642
579.71	72.367
579.91	72.104
580.12	71.882
580.32	71.682
580.52	71.518
580.72	71.365
580.92	71.243
581.12	71.131
581.32	71.059
581.52	71.026
581.72	71.006
581.92	71.020
582.13	71.072
582.33	71.123
582.53	71.218
582.73	71.328
582.93	71.470
583.13	71.644
583.33	71.850
583.53	72.073
583.73	72.325
583.93	72.598
584.13	72.897
584.34	73.224
584.54	73.539
584.74	73.867
584.94	74.239
585.14	74.618
585.34	75.015
585.54	75.389
585.74	75.783
585.94	76.201
586.14	76.634
586.34	77.057
586.54	77.503
586.74	77.948
586.94	78.407
587.15	78.868
587.35	79.314
587.55	79.752
587.75	80.193
587.95	80.614
588.15	81.028
588.35	81.432
588.55	81.834
588.75	82.237
588.95	82.631
589.15	82.999
589.35	83.360
589.55	83.701
589.75	84.063
589.95	84.380
590.15	84.679
590.35	84.949
590.55	85.212
590.75	85.448
590.95	85.657
591.15	85.847
591.35	86.000
591.56	86.137
591.76	86.251
591.96	86.344
592.16	86.422
592.36	86.475
592.56	86.508
592.76	86.503
592.96	86.488
593.16	86.433
593.36	86.361
593.56	86.274
593.76	86.174
593.96	86.027
594.16	85.878
594.36	85.703
594.56	85.507
594.76	85.284
594.96	85.053
595.16	84.786
595.36	84.507
595.56	84.204
595.76	83.873
595.96	83.523
596.16	83.174
596.36	82.806
596.56	82.432
596.76	82.029
596.96	81.621
597.16	81.206
597.36	80.797
597.56	80.367
597.76	79.922
597.96	79.473
598.16	79.027
598.36	78.578
598.56	78.122
598.76	77.674
598.96	77.235
599.16	76.791
599.36	76.378
599.56	75.962
599.76	75.547
599.96	75.152
600.15	74.768
600.35	74.395
600.55	74.034
600.75	73.671
600.95	73.339
601.15	73.007
601.35	72.690
601.55	72.391
601.75	72.125
601.95	71.870
602.15	71.644
602.35	71.418
602.55	71.225
602.75	71.057
602.95	70.898
603.15	70.753
603.35	70.646
603.55	70.550
603.75	70.470
603.95	70.426
604.15	70.406
604.35	70.418
604.54	70.441
604.74	70.508
604.94	70.586
605.14	70.678
605.34	70.800
605.54	70.957
605.74	71.138
605.94	71.326
606.14	71.544
606.34	71.776
606.54	72.037
606.74	72.316
606.94	72.609
607.14	72.930
607.33	73.274
607.53	73.615
607.73	73.966
607.93	74.326
608.13	74.700
608.33	75.085
608.53	75.461
608.73	75.865
608.93	76.249
609.13	76.652
609.33	77.069
609.52	77.489
609.72	77.901
609.92	78.306
610.12	78.721
610.32	79.127
610.52	79.547
610.72	79.945
610.92	80.339
611.12	80.730
611.31	81.113
611.51	81.484
611.71	81.850
611.91	82.220
612.11	82.589
612.31	82.945
612.51	83.276
612.71	83.612
612.91	83.910
613.10	84.209
613.30	84.520
613.50	84.795
613.70	85.048
613.90	85.273
614.10	85.482
614.30	85.659
614.50	85.832
614.69	85.961
614.89	86.089
615.09	86.199
615.29	86.288
615.49	86.354
615.69	86.400
615.89	86.432
616.08	86.438
616.28	86.415
616.48	86.373
616.68	86.306
616.88	86.220
617.08	86.113
617.27	86.004
617.47	85.851
617.67	85.683
617.87	85.495
618.07	85.303
618.27	85.095
618.47	84.881
618.66	84.641
618.86	84.395
619.06	84.119
619.26	83.839
619.46	83.540
619.66	83.218
619.85	82.884
620.05	82.538
620.25	82.169
620.45	81.804
620.65	81.420
620.84	81.059
621.04	80.676
621.24	80.311
621.44	79.905
621.64	79.484
621.84	79.082
622.03	78.675
622.23	78.270
622.43	77.862
622.63	77.456
622.83	77.051
623.02	76.651
623.22	76.265
623.42	75.858
623.62	75.474
623.82	75.107
624.01	74.736
624.21	74.372
624.41	74.027
624.61	73.695
624.81	73.385
625.00	73.062
625.20	72.757
625.40	72.456
625.60	72.184
625.79	71.938
625.99	71.709
626.19	71.488
626.39	71.285
626.59	71.096
626.78	70.940
626.98	70.793
627.18	70.659
627.38	70.550
627.57	70.485
627.77	70.420
627.97	70.376
628.17	70.367
628.37	70.367
628.56	70.404
628.76	70.446
628.96	70.504
629.16	70.583
629.35	70.709
629.55	70.843
629.75	70.996
629.95	71.167
630.14	71.347
630.34	71.556
630.54	71.778
630.74	72.013
630.93	72.261
631.13	72.524
631.33	72.797
631.53	73.066
631.72	73.348
631.92	73.659
632.12	73.985
632.31	74.306
632.51	74.663
632.71	75.017
632.91	75.371
633.10	75.737
633.30	76.127
633.50	76.486
633.70	76.874
633.89	77.255
634.09	77.652
634.29	78.042
634.48	78.430
634.68	78.836
634.88	79.237
635.08	79.642
635.27	80.052
635.47	80.457
635.67	80.868
635.86	81.273
636.06	81.662
636.26	82.029
636.46	82.400
636.65	82.752
636.85	83.113
637.05	83.462
637.24	83.786
637.44	84.104
637.64	84.419
637.83	84.725
638.03	85.025
638.23	85.281
638.43	85.542
638.62	85.779
638.82	85.982
639.02	86.187
639.21	86.365
639.41	86.519
639.61	86.680
639.80	86.819
640.00	86.937
640.20	87.064
640.39	87.181
640.59	87.267
640.79	87.342
640.98	87.386
641.18	87.419
641.38	87.443
641.57	87.433
641.77	87.404
641.97	87.346
642.16	87.277
642.36	87.206
642.56	87.109
642.75	87.016
642.95	86.895
643.15	86.756
643.34	86.617
643.54	86.460
643.74	86.264
643.93	86.064
644.13	85.827
644.33	85.566
644.52	85.301
644.72	85.039
644.91	84.755
645.11	84.446
645.31	84.140
645.50	83.833
645.70	83.521
645.90	83.206
646.09	82.868
646.29	82.519
646.48	82.164
646.68	81.796
646.88	81.427
647.07	81.056
647.27	80.678
647.47	80.288
647.66	79.906
647.86	79.518
648.05	79.141
648.25	78.771
648.45	78.398
648.64	78.014
648.84	77.643
649.04	77.262
649.23	76.888
649.43	76.523
649.62	76.151
649.82	75.780
650.02	75.424
650.21	75.081
650.41	74.765
650.60	74.451
650.80	74.170
651.00	73.864
651.19	73.589
651.39	73.321
651.58	73.062
651.78	72.824
651.97	72.617
652.17	72.406
652.37	72.205
652.56	72.038
652.76	71.881
652.95	71.737
653.15	71.633
653.35	71.535
653.54	71.446
653.74	71.367
653.93	71.314
654.13	71.278
654.32	71.248
654.52	71.216
654.72	71.218
654.91	71.229
655.11	71.272
655.30	71.334
655.50	71.413
655.69	71.511
655.89	71.610
656.08	71.719
656.28	71.854
656.48	72.013
656.67	72.176
656.87	72.355
657.06	72.536
657.26	72.726
657.45	72.945
657.65	73.186
657.84	73.446
658.04	73.703
658.23	73.984
658.43	74.282
658.62	74.598
658.82	74.910
659.02	75.231
659.21	75.572
659.41	75.904
659.60	76.248
659.80	76.600
659.99	76.979
660.19	77.354
660.38	77.734
660.58	78.103
660.77	78.488
660.97	78.860
661.16	79.243
661.36	79.616
661.55	80.002
661.75	80.380
661.94	80.748
662.14	81.135
662.33	81.517
662.53	81.890
662.72	82.258
662.92	82.620
663.11	82.968
663.31	83.322
663.50	83.676
663.70	84.028
663.89	84.369
664.09	84.687
664.28	85.014
664.48	85.320
664.67	85.640
664.87	85.925
665.06	86.221
665.26	86.493
665.45	86.761
665.65	87.010
665.84	87.263
666.04	87.495
666.23	87.689
666.43	87.862
666.62	88.031
666.82	88.189
667.01	88.335
667.21	88.470
667.40	88.577
667.59	88.689
667.79	88.765
667.98	88.814
668.18	88.852
668.37	88.869
668.57	88.901
668.76	88.898
668.96	88.875
669.15	88.839
669.35	88.813
669.54	88.753
669.73	88.685
669.93	88.596
670.12	88.508
670.32	88.426
670.51	88.314
670.71	88.190
670.90	88.058
671.10	87.915
671.29	87.746
671.48	87.563
671.68	87.364
671.87	87.160
672.07	86.945
672.26	86.753
672.46	86.521
672.65	86.267
672.84	86.004
673.04	85.747
673.23	85.478
673.43	85.188
673.62	84.909
673.82	84.613
674.01	84.286
674.20	83.965
674.40	83.627
674.59	83.297
674.79	82.970
674.98	82.628
675.17	82.282
675.37	81.948
675.56	81.605
675.76	81.255
675.95	80.888
676.14	80.546
676.34	80.166
676.53	79.814
676.73	79.452
676.92	79.088
677.11	78.730
677.31	78.368
677.50	78.023
677.70	77.669
677.89	77.316
678.08	76.995
678.28	76.671
678.47	76.362
678.66	76.061
678.86	75.767
679.05	75.473
679.25	75.196
679.44	74.929
679.63	74.688
679.83	74.442
680.02	74.224
680.21	74.008
680.41	73.803
680.60	73.593
680.79	73.407
680.99	73.236
681.18	73.061
681.38	72.914
681.57	72.790
681.76	72.685
681.96	72.593
682.15	72.507
682.34	72.419
682.54	72.346
682.73	72.300
682.92	72.250
683.12	72.236
683.31	72.234
683.50	72.242
683.70	72.263
683.89	72.283
684.08	72.335
684.28	72.397
684.47	72.476
684.66	72.582
684.86	72.696
685.05	72.828
685.24	72.983
685.44	73.138
685.63	73.298
685.82	73.477
686.02	73.657
686.21	73.877
686.40	74.107
686.60	74.359
686.79	74.615
686.98	74.879
687.18	75.156
687.37	75.427
687.56	75.702
687.75	75.990
687.95	76.296
688.14	76.597
688.33	76.917
688.53	77.241
688.72	77.582
688.91	77.922
689.11	78.257
689.30	78.624
689.49	78.996
689.68	79.362
689.88	79.719
690.07	80.083
690.26	80.431
690.46	80.795
690.65	81.139
690.84	81.490
691.03	81.856
691.23	82.210
691.42	82.571
691.61	82.938
691.80	83.285
692.00	83.637
692.19	83.971
692.38	84.304
692.58	84.642
692.77	84.963
692.96	85.275
693.15	85.596
693.35	85.890
693.54	86.198
693.73	86.503
693.92	86.784
694.12	87.075
694.31	87.337
694.50	87.615
694.69	87.866
694.89	88.108
695.08	88.325
695.27	88.560
695.46	88.766
695.66	88.975
695.85	89.184
696.04	89.378
696.23	89.586
696.43	89.768
696.62	89.921
696.81	90.061
697.00	90.203
697.19	90.331
697.39	90.431
697.58	90.519
697.77	90.581
697.96	90.662
698.16	90.714
698.35	90.790
698.54	90.817
698.73	90.862
698.92	90.863
699.12	90.867
699.31	90.845
699.50	90.822
699.69	90.786
699.89	90.728
700.08	90.668
700.27	90.578
700.46	90.488
700.65	90.385
700.85	90.299
701.04	90.179
701.23	90.038
701.42	89.895
701.61	89.739
701.81	89.571
702.00	89.382
702.19	89.193
702.38	88.969
702.57	88.759
702.76	88.514
702.96	88.287
703.15	88.042
703.34	87.780
703.53	87.512
703.72	87.215
703.92	86.918
704.11	86.618
704.30	86.302
704.49	85.988
704.68	85.681
704.87	85.334
705.07	85.001
705.26	84.673
705.45	84.368
705.64	84.029
705.83	83.718
706.02	83.392
706.21	83.074
706.41	82.746
706.60	82.399
706.79	82.075
706.98	81.755
707.17	81.419
707.36	81.095
707.56	80.791
707.75	80.483
707.94	80.181
708.13	79.880
708.32	79.595
708.51	79.299
708.70	79.023
708.89	78.743
709.09	78.465
709.28	78.201
709.47	77.898
709.66	77.620
709.85	77.346
710.04	77.076
710.23	76.796
710.42	76.561
710.62	76.321
710.81	76.063
711.00	75.822
711.19	75.608
711.38	75.393
711.57	75.165
711.76	74.960
711.95	74.782
712.15	74.613
712.34	74.452
712.53	74.301
712.72	74.152
712.91	74.041
713.10	73.929
713.29	73.827
713.48	73.739
713.67	73.681
713.86	73.636
714.05	73.591
714.25	73.561
714.44	73.519
714.63	73.505
714.82	73.529
715.01	73.552
715.20	73.604
715.39	73.646
715.58	73.713
715.77	73.798
715.96	73.882
716.15	73.966
716.34	74.046
716.54	74.153
716.73	74.274
716.92	74.390
717.11	74.528
717.30	74.678
717.49	74.849
717.68	75.028
717.87	75.180
718.06	75.391
718.25	75.614
718.44	75.845
718.63	76.084
718.82	76.318
719.01	76.562
719.20	76.810
719.39	77.076
719.58	77.349
719.77	77.611
719.96	77.870
720.16	78.142
720.35	78.441
720.54	78.730
720.73	79.028
720.92	79.329
721.11	79.654
721.30	79.964
721.49	80.279
721.68	80.602
721.87	80.955
722.06	81.274
722.25	81.591
722.44	81.920
722.63	82.237
722.82	82.551
723.01	82.852
723.20	83.152
723.39	83.469
723.58	83.805
723.77	84.144
723.96	84.481
724.15	84.832
724.34	85.162
724.53	85.493
724.72	85.798
724.91	86.132
725.10	86.454
725.29	86.759
725.48	87.090
725.67	87.367
725.86	87.631
726.05	87.914
726.24	88.184
726.43	88.444
726.62	88.707
726.81	88.997
727.00	89.264
727.19	89.541
727.38	89.795
727.57	90.022
727.76	90.241
727.95	90.455
728.14	90.639
728.33	90.826
728.52	91.006
728.71	91.182
728.90	91.342
729.09	91.473
729.28	91.595
729.47	91.699
729.65	91.821
729.84	91.945
730.03	92.054
730.22	92.152
730.41	92.245
730.60	92.331
730.79	92.363
730.98	92.419
731.17	92.464
731.36	92.478
731.55	92.478
731.74	92.473
731.93	92.460
732.12	92.445
732.31	92.430
732.50	92.416
732.69	92.401
732.88	92.342
733.06	92.278
733.25	92.224
733.44	92.164
733.63	92.069
733.82	91.965
734.01	91.831
734.20	91.700
734.39	91.548
734.58	91.401
734.77	91.265
734.96	91.095
735.15	90.910
735.33	90.720
735.52	90.542
735.71	90.344
735.90	90.132
736.09	89.903
736.28	89.652
736.47	89.399
736.66	89.130
736.85	88.873
737.04	88.585
737.23	88.310
737.41	88.012
737.60	87.754
737.79	87.454
737.98	87.176
738.17	86.887
738.36	86.621
738.55	86.340
738.74	86.065
738.92	85.775
739.11	85.494
739.30	85.196
739.49	84.880
739.68	84.590
739.87	84.319
740.06	84.048
740.25	83.754
740.43	83.475
740.62	83.181
740.81	82.880
741.00	82.615
741.19	82.317
741.38	82.017
741.57	81.710
741.75	81.433
741.94	81.134
742.13	80.838
742.32	80.522
742.51	80.222
742.70	79.929
742.89	79.656
743.07	79.365
743.26	79.090
743.45	78.802
743.64	78.540
743.83	78.255
744.02	77.949
744.20	77.694
744.39	77.435
744.58	77.198
744.77	76.976
744.96	76.772
745.15	76.591
745.33	76.419
745.52	76.245
745.71	76.075
745.90	75.922
746.09	75.788
746.28	75.662
746.46	75.512
746.65	75.366
746.84	75.245
747.03	75.127
747.22	75.030
747.40	74.964
747.59	74.880
747.78	74.811
747.97	74.790
748.16	74.755
748.34	74.699
748.53	74.672
748.72	74.657
748.91	74.622
749.10	74.598
749.28	74.596
749.47	74.617
749.66	74.628
749.85	74.631
750.04	74.652
750.22	74.677
750.41	74.738
750.60	74.812
750.79	74.860
750.97	74.928
751.16	75.019
751.35	75.098
751.54	75.179
751.73	75.297
751.91	75.401
752.10	75.546
752.29	75.676
752.48	75.832
752.66	75.991
752.85	76.158
753.04	76.333
753.23	76.531
753.41	76.702
753.60	76.916
753.79	77.143
753.98	77.350
754.16	77.575
754.35	77.795
754.54	78.011
754.73	78.269
754.91	78.528
755.10	78.778
755.29	79.051
755.48	79.313
755.66	79.580
755.85	79.855
756.04	80.105
756.22	80.401
756.41	80.661
756.60	80.935
756.79	81.232
756.97	81.526
757.16	81.778
757.35	82.073
757.54	82.361
757.72	82.645
757.91	82.947
758.10	83.242
758.28	83.532
758.47	83.825
758.66	84.140
758.85	84.440
759.03	84.748
759.22	85.052
759.41	85.366
759.59	85.670
759.78	85.970
759.97	86.256
760.15	86.530
760.34	86.843
760.53	87.120
760.71	87.377
760.90	87.661
761.09	87.943
761.28	88.215
761.46	88.475
761.65	88.739
761.84	89.008
762.02	89.274
762.21	89.561
762.40	89.804
762.58	90.018
762.77	90.239
762.96	90.461
763.14	90.697
763.33	90.905
763.52	91.086
763.70	91.250
763.89	91.440
764.08	91.631
764.26	91.766
764.45	91.936
764.64	92.111
764.82	92.240
765.01	92.374
765.20	92.481
765.38	92.601
765.57	92.688
765.75	92.775
765.94	92.832
766.13	92.901
766.31	92.987
766.50	93.045
766.69	93.133
766.87	93.211
767.06	93.250
767.25	93.301
767.43	93.371
767.62	93.450
767.80	93.494
767.99	93.513
768.18	93.528
768.36	93.527
768.55	93.515
768.74	93.500
768.92	93.484
769.11	93.489
769.29	93.455
769.48	93.444
769.67	93.386
769.85	93.357
770.04	93.244
770.22	93.149
770.41	93.033
770.60	92.891
770.78	92.728
770.97	92.579
771.15	92.437
771.34	92.251
771.53	92.086
771.71	91.906
771.90	91.750
772.08	91.632
772.27	91.467
772.46	91.270
772.64	91.076
772.83	90.875
773.01	90.626
773.20	90.393
773.39	90.167
773.57	89.935
773.76	89.698
773.94	89.511
774.13	89.270
774.31	89.016
774.50	88.795
774.68	88.545
774.87	88.295
775.06	87.991
775.24	87.725
775.43	87.429
775.61	87.144
775.80	86.857
775.98	86.540
776.17	86.228
776.36	85.938
776.54	85.648
776.73	85.342
776.91	85.061
777.10	84.778
777.28	84.461
777.47	84.174
777.65	83.865
777.84	83.552
778.02	83.270
778.21	82.999
778.39	82.687
778.58	82.402
778.77	82.123
778.95	81.874
779.14	81.619
779.32	81.366
779.51	81.121
779.69	80.851
779.88	80.605
780.06	80.366
780.25	80.112
780.43	79.857
780.62	79.627
780.80	79.389
780.99	79.148
781.17	78.909
781.36	78.665
781.54	78.443
781.73	78.188
781.91	77.964
782.10	77.756
782.28	77.547
782.47	77.342
782.65	77.117
782.84	76.904
783.02	76.712
783.21	76.535
783.39	76.353
783.58	76.183
783.76	75.991
783.95	75.827
784.13	75.703
784.32	75.574
784.50	75.437
784.69	75.337
784.87	75.232
785.05	75.147
785.24	75.068
785.42	75.001
785.61	74.934
785.79	74.875
785.98	74.826
786.16	74.769
786.35	74.744
786.53	74.717
786.72	74.687
786.90	74.664
787.09	74.627
787.27	74.620
787.45	74.636
787.64	74.644
787.82	74.648
788.01	74.654
788.19	74.686
788.38	74.718
788.56	74.696
788.75	74.746
788.93	74.806
789.11	74.836
789.30	74.863
789.48	74.930
789.67	75.003
789.85	75.064
790.04	75.175
790.22	75.267
790.40	75.384
790.59	75.487
790.77	75.605
790.96	75.757
791.14	75.898
791.32	76.022
791.51	76.174
791.69	76.341
791.88	76.513
792.06	76.680
792.25	76.839
792.43	77.059
792.61	77.238
792.80	77.399
792.98	77.620
793.17	77.821
793.35	77.995
793.53	78.190
793.72	78.423
793.90	78.634
794.08	78.837
794.27	79.052
794.45	79.296
794.64	79.517
794.82	79.738
795.00	79.929
795.19	80.162
795.37	80.388
795.55	80.570
795.74	80.798
795.92	81.035
796.11	81.301
796.29	81.545
796.47	81.784
796.66	82.012
796.84	82.275
797.02	82.543
797.21	82.829
797.39	83.099
797.58	83.354
797.76	83.593
797.94	83.869
798.13	84.140
798.31	84.426
798.49	84.671
798.68	84.920
798.86	85.222
799.04	85.471
799.23	85.743
799.41	86.025
799.59	86.276
799.78	86.487
799.96	86.722
800.14	86.967
800.33	87.211
800.51	87.482
800.69	87.681
800.88	87.921
801.06	88.169
801.24	88.355
801.43	88.557
801.61	88.745
801.79	88.924
801.98	89.095
802.16	89.282
802.34	89.491
802.52	89.683
802.71	89.822
802.89	90.005
803.07	90.161
803.26	90.309
803.44	90.433
803.62	90.587
803.81	90.718
803.99	90.811
804.17	90.902
804.35	90.990
804.54	91.071
804.72	91.177
804.90	91.254
805.09	91.385
805.27	91.498
805.45	91.616
805.63	91.689
805.82	91.775
806.00	91.785
806.18	91.829
806.37	91.888
806.55	91.908
806.73	91.944
806.91	91.965
807.10	92.005
807.28	92.034
807.46	92.056
807.64	92.054
807.83	92.064
808.01	92.076
808.19	92.019
808.37	91.977
808.56	91.907
808.74	91.857
808.92	91.796
809.10	91.696
809.29	91.640
809.47	91.575
809.65	91.452
809.83	91.397
810.02	91.290
810.20	91.189
810.38	91.103
810.56	90.980
810.75	90.890
810.93	90.787
811.11	90.671
811.29	90.551
811.47	90.430
811.66	90.281
811.84	90.138
812.02	90.077
812.20	89.973
812.39	89.860
812.57	89.733
812.75	89.600
812.93	89.495
813.11	89.335
813.30	89.204
813.48	89.098
813.66	88.935
813.84	88.788
814.02	88.613
814.21	88.466
814.39	88.270
814.57	88.084
814.75	87.883
814.93	87.686
815.12	87.468
815.30	87.255
815.48	87.051
815.66	86.823
815.84	86.561
816.03	86.311
816.21	86.035
816.39	85.782
816.57	85.478
816.75	85.173
816.93	84.884
817.12	84.569
817.30	84.261
817.48	83.959
817.66	83.694
817.84	83.428
818.02	83.175
818.21	82.896
818.39	82.636
818.57	82.351
818.75	82.123
818.93	81.872
819.11	81.604
819.30	81.350
819.48	81.123
819.66	80.907
819.84	80.707
820.02	80.486
820.20	80.257
820.38	80.030
820.57	79.811
820.75	79.621
820.93	79.420
821.11	79.214
821.29	79.029
821.47	78.808
821.65	78.592
821.83	78.358
822.02	78.168
822.20	77.948
822.38	77.783
822.56	77.531
822.74	77.304
822.92	77.060
823.10	76.853
823.28	76.608
823.46	76.373
823.65	76.129
823.83	75.920
824.01	75.705
824.19	75.492
824.37	75.284
824.55	75.043
824.73	74.848
824.91	74.642
825.09	74.435
825.27	74.240
825.46	74.026
825.64	73.817
825.82	73.643
826.00	73.442
826.18	73.265
826.36	73.111
826.54	72.982
826.72	72.894
826.90	72.782
827.08	72.690
827.26	72.603
827.44	72.498
827.63	72.399
827.81	72.321
827.99	72.276
828.17	72.208
828.35	72.160
828.53	72.102
828.71	72.089
828.89	72.056
829.07	72.033
829.25	72.007
829.43	72.017
829.61	71.992
829.79	71.984
829.97	71.977
830.15	71.949
830.33	71.948
830.51	71.931
830.69	71.932
830.87	71.885
831.06	71.895
831.24	71.909
831.42	71.932
831.60	71.928
831.78	71.955
831.96	72.008
832.14	72.069
832.32	72.128
832.50	72.161
832.68	72.199
832.86	72.230
833.04	72.322
833.22	72.369
833.40	72.460
833.58	72.529
833.76	72.594
833.94	72.714
834.12	72.819
834.30	72.934
834.48	73.036
834.66	73.200
834.84	73.294
835.02	73.440
835.20	73.580
835.38	73.738
835.56	73.895
835.74	74.053
835.92	74.221
836.10	74.370
836.28	74.529
836.46	74.713
836.64	74.887
836.82	75.025
837.00	75.195
837.18	75.363
837.36	75.565
837.54	75.743
837.72	75.925
837.90	76.118
838.08	76.309
838.26	76.496
838.43	76.673
838.61	76.880
838.79	77.073
838.97	77.271
839.15	77.467
839.33	77.659
839.51	77.803
839.69	77.970
839.87	78.162
840.05	78.380
840.23	78.574
840.41	78.773
840.59	78.936
840.77	79.145
840.95	79.320
841.13	79.492
841.31	79.672
841.49	79.832
841.67	79.967
841.84	80.145
842.02	80.279
842.20	80.476
842.38	80.616
842.56	80.762
842.74	80.921
842.92	81.032
843.10	81.173
843.28	81.373
843.46	81.523
843.64	81.634
843.82	81.777
843.99	81.903
844.17	82.081
844.35	82.325
844.53	82.500
844.71	82.708
844.89	82.849
845.07	83.046
845.25	83.243
845.43	83.445
845.61	83.614
845.78	83.845
845.96	84.017
846.14	84.221
846.32	84.423
846.50	84.583
846.68	84.825
846.86	85.004
847.04	85.164
847.22	85.278
847.39	85.469
847.57	85.590
847.75	85.723
847.93	85.795
848.11	85.895
848.29	86.039
848.47	86.113
848.65	86.258
848.82	86.313
849.00	86.405
849.18	86.456
849.36	86.501
849.54	86.566
849.72	86.571
849.89	86.631
850.07	86.701
850.25	86.717
850.43	86.683
850.61	86.682
850.79	86.654
850.97	86.730
851.14	86.755
851.32	86.754
851.50	86.780
851.68	86.844
851.86	86.905
852.04	86.884
852.21	86.914
852.39	86.929
852.57	87.008
852.75	87.017
852.93	87.030
853.10	87.024
853.28	86.990
853.46	86.998
853.64	86.932
853.82	86.852
854.00	86.880
854.17	86.840
854.35	86.779
854.53	86.756
854.71	86.674
854.89	86.567
855.06	86.543
855.24	86.500
855.42	86.414
855.60	86.273
855.78	86.178
855.95	86.067
856.13	85.968
856.31	85.788
856.49	85.649
856.66	85.552
856.84	85.401
857.02	85.335
857.20	85.264
857.38	85.114
857.55	84.987
857.73	84.762
857.91	84.662
858.09	84.506
858.26	84.363
858.44	84.230
858.62	84.102
858.80	83.920
858.97	83.747
859.15	83.565
859.33	83.360
859.51	83.202
859.68	83.024
859.86	82.833
860.04	82.654
860.22	82.453
860.39	82.247
860.57	82.043
860.75	81.776
860.93	81.546
861.10	81.417
861.28	81.244
861.46	81.047
861.64	80.853
861.81	80.703
861.99	80.495
862.17	80.271
862.35	80.076
862.52	79.920
862.70	79.716
862.88	79.549
863.05	79.339
863.23	79.119
863.41	78.921
863.59	78.705
863.76	78.543
863.94	78.347
864.12	78.157
864.29	77.991
864.47	77.770
864.65	77.571
864.83	77.305
865.00	77.067
865.18	76.893
865.36	76.698
865.53	76.472
865.71	76.315
865.89	76.109
866.06	75.887
866.24	75.633
866.42	75.417
866.59	75.179
866.77	75.017
866.95	74.817
867.12	74.567
867.30	74.394
867.48	74.152
867.65	73.943
867.83	73.722
868.01	73.538
868.18	73.338
868.36	73.132
868.54	72.971
868.71	72.807
868.89	72.634
869.07	72.433
869.24	72.266
869.42	72.051
869.60	71.884
869.77	71.756
869.95	71.591
870.13	71.428
870.30	71.303
870.48	71.106
870.66	70.938
870.83	70.823
871.01	70.620
871.18	70.487
871.36	70.344
871.54	70.187
871.71	70.037
871.89	69.931
872.07	69.741
872.24	69.593
872.42	69.482
872.59	69.353
872.77	69.220
872.95	69.101
873.12	68.954
873.30	68.816
873.48	68.699
873.65	68.599
873.83	68.489
874.00	68.352
874.18	68.263
874.36	68.190
874.53	68.101
874.71	68.009
874.88	67.926
875.06	67.885
875.24	67.874
875.41	67.821
875.59	67.771
875.76	67.796
875.94	67.747
876.11	67.633
876.29	67.529
876.47	67.496
876.64	67.437
876.82	67.386
876.99	67.341
877.17	67.299
877.35	67.264
877.52	67.218
877.70	67.182
877.87	67.164
878.05	67.160
878.22	67.157
878.40	67.191
878.57	67.183
878.75	67.141
878.93	67.091
879.10	67.080
879.28	67.089
879.45	67.084
879.63	67.068
879.80	67.075
879.98	67.132
880.15	67.147
880.33	67.188
880.50	67.229
880.68	67.321
880.86	67.365
881.03	67.436
881.21	67.527
881.38	67.599
881.56	67.762
881.73	67.792
881.91	67.851
882.08	67.911
882.26	68.026
882.43	68.140
882.61	68.306
882.78	68.427
882.96	68.563
883.13	68.679
883.31	68.817
883.48	69.003
883.66	69.158
883.83	69.310
884.01	69.425
884.18	69.637
884.36	69.796
884.53	69.933
884.71	70.068
884.88	70.171
885.06	70.341
885.23	70.399
885.41	70.550
885.58	70.671
885.76	70.848
885.93	70.934
886.11	71.112
886.28	71.215
886.46	71.342
886.63	71.471
886.81	71.589
886.98	71.769
887.15	71.869
887.33	72.032
887.50	72.213
887.68	72.369
887.85	72.462
888.03	72.594
888.20	72.748
888.38	72.898
888.55	73.071
888.73	73.144
888.90	73.281
889.08	73.426
889.25	73.537
889.42	73.663
889.60	73.858
889.77	73.937
889.95	74.084
890.12	74.181
890.30	74.269
890.47	74.360
890.64	74.493
890.82	74.647
890.99	74.762
891.17	74.869
891.34	74.994
891.52	75.110
891.69	75.246
891.86	75.386
892.04	75.512
892.21	75.680
892.39	75.930
892.56	76.118
892.73	76.223
892.91	76.396
893.08	76.598
893.26	76.691
893.43	76.867
893.60	76.969
893.78	77.142
893.95	77.316
894.13	77.575
894.30	77.741
894.47	77.950
894.65	78.092
894.82	78.253
895.00	78.399
895.17	78.589
895.34	78.769
895.52	78.947
895.69	79.073
895.86	79.208
896.04	79.245
896.21	79.393
896.39	79.593
896.56	79.754
896.73	79.773
896.91	79.844
897.08	79.939
897.25	80.125
897.43	80.182
897.60	80.280
897.77	80.284
897.95	80.265
898.12	80.268
898.30	80.379
898.47	80.404
898.64	80.470
898.82	80.487
898.99	80.480
899.16	80.472
899.34	80.478
899.51	80.409
899.68	80.407
899.86	80.364
900.03	80.292
900.20	80.254
900.38	80.294
900.55	80.375
900.72	80.331
900.90	80.261
901.07	80.361
901.24	80.338
901.41	80.362
901.59	80.396
901.76	80.401
901.93	80.367
902.11	80.314
902.28	80.323
902.45	80.426
902.63	80.468
902.80	80.454
902.97	80.467
903.15	80.555
903.32	80.630
903.49	80.644
903.66	80.698
903.84	80.730
904.01	80.716
904.18	80.704
904.36	80.738
904.53	80.717
904.70	80.674
904.87	80.671
905.05	80.603
905.22	80.639
905.39	80.617
905.56	80.541
905.74	80.518
905.91	80.437
906.08	80.321
906.26	80.222
906.43	80.137
906.60	80.038
906.77	79.902
906.95	79.806
907.12	79.684
907.29	79.533
907.46	79.509
907.64	79.421
907.81	79.310
907.98	79.139
908.15	79.043
908.33	78.929
908.50	78.804
908.67	78.718
908.84	78.592
909.01	78.441
909.19	78.366
909.36	78.243
909.53	78.103
909.70	77.878
909.88	77.789
910.05	77.621
910.22	77.552
910.39	77.443
910.57	77.339
910.74	77.258
910.91	77.220
911.08	77.009
911.25	76.851
911.43	76.734
911.60	76.606
911.77	76.467
911.94	76.231
912.11	76.069
912.29	75.863
912.46	75.618
912.63	75.418
912.80	75.202
912.97	75.019
913.15	74.893
913.32	74.765
913.49	74.542
913.66	74.462
913.83	74.236
914.00	74.011
914.18	73.803
914.35	73.596
914.52	73.302
914.69	73.088
914.86	72.899
915.03	72.697
915.21	72.569
915.38	72.362
915.55	72.285
915.72	72.123
915.89	71.997
916.06	71.915
916.24	71.826
916.41	71.666
916.58	71.545
916.75	71.330
916.92	71.145
917.09	70.946
917.26	70.670
917.44	70.456
917.61	70.329
917.78	70.112
917.95	69.967
918.12	69.801
918.29	69.694
918.46	69.497
918.64	69.323
918.81	69.169
918.98	69.016
919.15	68.831
919.32	68.664
919.49	68.419
919.66	68.197
919.83	68.012
920.00	67.831
920.18	67.674
920.35	67.626
920.52	67.511
920.69	67.455
920.86	67.438
921.03	67.350
921.20	67.199
921.37	67.083
921.54	66.828
921.71	66.699
921.89	66.534
922.06	66.463
922.23	66.335
922.40	66.210
922.57	66.007
922.74	65.898
922.91	65.811
923.08	65.750
923.25	65.649
923.42	65.531
923.59	65.476
923.76	65.270
923.93	65.047
924.11	64.871
924.28	64.724
924.45	64.582
924.62	64.540
924.79	64.437
924.96	64.270
925.13	64.220
925.30	64.104
925.47	63.930
925.64	63.827
925.81	63.751
925.98	63.663
926.15	63.621
926.32	63.440
926.49	63.323
926.66	63.232
926.83	63.134
927.00	63.087
927.17	62.968
927.34	62.999
927.51	62.968
927.69	63.005
927.86	62.961
928.03	62.833
928.20	62.773
928.37	62.675
928.54	62.697
928.71	62.649
928.88	62.671
929.05	62.700
929.22	62.681
929.39	62.621
929.56	62.556
929.73	62.515
929.90	62.568
930.07	62.550
930.24	62.509
930.41	62.505
930.58	62.548
930.75	62.588
930.92	62.526
931.09	62.492
931.26	62.448
931.43	62.406
931.60	62.420
931.77	62.363
931.94	62.413
932.11	62.438
932.27	62.459
932.44	62.479
932.61	62.501
932.78	62.446
932.95	62.540
933.12	62.487
933.29	62.521
933.46	62.513
933.63	62.460
933.80	62.474
933.97	62.488
934.14	62.459
934.31	62.408
934.48	62.441
934.65	62.471
934.82	62.525
934.99	62.562
935.16	62.602
935.33	62.661
935.50	62.782
935.67	62.854
935.84	62.897
936.00	62.905
936.17	62.958
936.34	63.075
936.51	63.064
936.68	63.119
936.85	63.140
937.02	63.256
937.19	63.311
937.36	63.454
937.53	63.453
937.70	63.522
937.87	63.619
938.03	63.631
938.20	63.694
938.37	63.765
938.54	63.840
938.71	63.907
938.88	64.019
939.05	63.962
939.22	63.921
939.39	64.007
939.56	64.181
939.72	64.266
939.89	64.328
940.06	64.381
940.23	64.476
940.40	64.573
940.57	64.722
940.74	64.906
940.91	64.941
941.08	65.124
941.24	65.224
941.41	65.391
941.58	65.623
941.75	65.786
941.92	65.944
942.09	66.061
942.26	66.162
942.42	66.235
942.59	66.454
942.76	66.818
942.93	66.974
943.10	67.004
943.27	67.169
943.44	67.294
943.60	67.498
943.77	67.508
943.94	67.752
944.11	67.776
944.28	67.839
944.45	67.991
944.61	68.101
944.78	68.134
944.95	68.176
945.12	68.379
945.29	68.458
945.46	68.418
945.62	68.465
945.79	68.666
945.96	68.969
946.13	69.121
946.30	69.112
946.46	69.284
946.63	69.384
946.80	69.497
946.97	69.691
947.14	69.778
947.31	70.308
947.47	70.526
947.64	70.730
947.81	70.912
947.98	71.113
948.15	71.209
948.31	71.470
948.48	71.625
948.65	71.635
948.82	71.799
948.98	71.978
949.15	72.304
949.32	72.353
949.49	72.331
949.66	72.413
949.82	72.492
949.99	72.616
950.16	72.750
950.33	72.737
950.49	72.795
950.66	72.752
950.83	72.592
951.00	72.404
951.16	72.195
951.33	72.232
951.50	72.148
951.67	72.229
951.83	72.247
952.00	72.231
952.17	72.174
952.34	72.206
952.50	72.384
952.67	72.340
952.84	72.422
953.01	72.366
953.17	72.362
953.34	72.474
953.51	72.392
953.68	72.303
953.84	72.268
954.01	72.197
954.18	72.170
954.34	72.218
954.51	72.341
954.68	72.512
954.85	72.519
955.01	72.689
955.18	72.898
955.35	72.660
955.51	72.678
955.68	72.786
955.85	72.952
956.02	72.825
956.18	72.864
956.35	72.800
956.52	72.866
956.68	72.909
956.85	72.773
957.02	72.857
957.18	72.917
957.35	72.931
957.52	73.077
957.69	73.147
957.85	73.202
958.02	73.080
958.19	72.977
958.35	72.966
958.52	72.697
958.69	72.391
958.85	72.596
959.02	72.694
959.19	72.478
959.35	72.367
959.52	72.401
959.69	72.395
959.85	72.422
960.02	72.449
960.19	72.329
960.35	72.296
960.52	72.190
960.68	72.141
960.85	72.246
961.02	71.985
961.18	72.013
961.35	71.783
961.52	71.824
961.68	71.849
961.85	71.746
962.02	71.800
962.18	71.867
962.35	71.607
962.51	71.448
962.68	71.476
962.85	71.350
963.01	71.069
963.18	70.990
963.35	70.620
963.51	70.433
963.68	70.441
963.84	70.203
964.01	70.227
964.18	70.111
964.34	69.857
964.51	69.693
964.67	69.480
964.84	69.449
965.01	69.266
965.17	69.008
965.34	69.063
965.50	68.820
965.67	68.767
965.84	68.772
966.00	68.894
966.17	69.042
966.33	68.889
966.50	68.796
966.66	68.722
966.83	68.835
967.00	68.728
967.16	68.503
967.33	68.434
967.49	68.253
967.66	68.481
967.82	68.293
967.99	68.475
968.16	68.556
968.32	68.444
968.49	68.244
968.65	68.411
968.82	68.239
968.98	68.386
969.15	68.014
969.31	67.758
969.48	67.479
969.64	67.104
969.81	67.133
969.98	67.104
970.14	66.713
970.31	66.663
970.47	66.428
970.64	66.213
970.80	66.326
970.97	65.833
971.13	65.429
971.30	65.361
971.46	65.123
971.63	64.863
971.79	64.980
971.96	64.971
972.12	64.684
972.29	64.282
972.45	64.084
972.62	64.150
972.78	64.192
972.95	63.802
973.11	63.573
973.28	63.430
973.44	63.430
973.61	63.711
973.77	63.492
973.94	63.466
974.10	63.643
974.27	63.512
974.43	63.839
974.60	63.806
974.76	63.826
974.93	63.844
975.09	63.673
975.26	63.344
975.42	63.269
975.59	63.067
975.75	63.456
975.92	63.344
976.08	62.808
976.24	62.661
976.41	62.512
976.57	62.675
976.74	62.438
976.90	62.055
977.07	61.556
977.23	61.529
977.40	61.440
977.56	60.808
977.73	60.520
977.89	60.121
978.05	59.724
978.22	59.511
978.38	59.194
978.55	58.963
978.71	58.806
978.88	58.865
979.04	58.858
979.20	58.613
979.37	58.530
979.53	58.651
979.70	58.822
979.86	59.076
980.03	58.800
980.19	58.792
980.35	58.855
980.52	58.703
980.68	58.815
980.85	58.708
981.01	58.870
981.17	58.889
981.34	58.832
981.50	58.773
981.67	58.772
981.83	58.641
981.99	58.668
982.16	58.515
982.32	57.663
982.49	57.699
982.65	57.535
982.81	57.698
982.98	57.643
983.14	57.482
983.30	57.033
983.47	57.075
983.63	56.841
983.80	56.736
983.96	56.558
984.12	56.862
984.29	57.004
984.45	57.215
984.61	56.925
984.78	57.150
984.94	57.390
985.10	57.875
985.27	57.676
985.43	58.072
985.59	58.405
985.76	58.954
985.92	59.090
986.08	59.314
986.25	58.763
986.41	59.413
986.57	58.797
986.74	59.194
986.90	59.071
987.06	59.039
987.23	58.950
987.39	58.712
987.55	57.799
987.72	57.696
987.88	56.875
988.04	57.204
988.21	57.603
988.37	57.494
988.53	56.825
988.70	57.289
988.86	56.701
989.02	56.251
989.19	55.865
989.35	55.801
989.51	55.109
989.67	55.252
989.84	54.552
990.00	54.629
990.16	54.906
990.33	55.059
990.49	55.425
990.65	55.538
990.82	55.969
990.98	55.963
991.14	55.660
991.30	56.618
991.47	55.954
991.63	55.851
991.79	56.582
991.95	56.774
992.12	56.873
992.28	57.151
992.44	57.445
992.61	57.706
992.77	57.826
992.93	58.566
993.09	58.583
993.26	58.903
993.42	59.597
993.58	59.144
993.74	58.901
993.91	58.503
994.07	58.423
994.23	58.573
994.39	58.740
994.55	58.992
994.72	58.639
994.88	59.103
995.04	58.725
995.20	58.441
995.37	58.034
995.53	58.069
995.69	57.770
995.85	57.279
996.02	57.380
996.18	57.700
996.34	57.221
996.50	57.343
996.66	58.263
996.83	57.720
996.99	57.005
997.15	57.633
997.31	57.720
997.47	57.960
997.64	58.008
997.80	58.414
997.96	59.187
998.12	59.281
998.28	60.045
998.45	60.626
998.61	60.517
998.77	60.436
998.93	60.602
999.09	62.008
999.25	62.513
999.42	63.616
999.58	63.270
999.74	63.191
999.90	63.113
1000.06	62.245
1000.22	62.649
1000.39	63.454
1000.55	63.103
1000.71	63.763
1000.87	63.591
1001.03	63.375
1001.19	63.553
1001.36	62.968
1001.52	62.737
1001.68	62.286
1001.84	62.680
1002.00	61.709
1002.16	61.942
1002.32	61.340
1002.49	59.541
1002.65	59.263
1002.81	58.832
1002.97	58.700
1003.13	58.574
1003.29	59.368
1003.45	59.098
1003.62	59.690
1003.78	59.507
1003.94	60.140
1004.10	59.242
1004.26	59.521
1004.42	59.354
1004.58	58.840
1004.74	59.203
1004.90	60.751
1005.07	60.606
1005.23	59.418
1005.39	60.782
1005.55	61.373
1005.71	61.015
1005.87	62.322
1006.03	63.204
1006.19	63.085
1006.35	62.725
1006.51	63.873
1006.67	63.721
1006.84	63.851
1007.00	63.471
1007.16	64.823
1007.32	63.158
1007.48	64.252
1007.64	65.667
1007.80	65.879
1007.96	64.951
1008.12	65.539
1008.28	63.745
1008.44	64.941
1008.60	65.580
1008.76	64.173
1008.92	63.057
1009.09	63.181
1009.25	62.628
1009.41	62.187
1009.57	62.958
1009.73	64.029
1009.89	64.607
1010.05	65.320
1010.21	66.628
1010.37	66.520
1010.53	67.626
1010.69	69.912
1010.85	69.733
1011.01	68.463
1011.17	67.525
1011.33	69.913
1011.49	70.174
1011.65	70.460
1011.81	70.075
1011.97	70.284
1012.13	73.113
1012.29	75.138
1012.45	76.867
1012.61	80.556
1012.77	78.112
1012.93	77.468
1013.09	76.104
1013.25	75.930
1013.41	76.494
1013.57	74.357
1013.73	73.575
1013.89	69.321
1014.05	71.137
1014.21	68.559
1014.37	66.673
1014.53	65.925
1014.69	65.691
1014.85	65.809
1015.01	68.311
1015.17	70.074
1015.33	71.026
1015.49	69.656
1015.65	71.756
1015.81	72.016
1015.97	69.108
1016.13	72.632
1016.29	71.939
1016.45	73.858
1016.61	74.468
1016.77	71.681
1016.93	72.448
1017.09	72.597
1017.25	74.147
1017.41	72.775
1017.56	75.427
1017.72	82.407
1017.88	83.903
1018.04	85.796
1018.20	83.853
1018.36	82.559
1018.52	80.664
1018.68	82.127
1018.84	83.617
1019.00	81.353
1019.16	83.202
1019.32	86.154
1019.48	87.012
1019.64	90.215
1019.79	87.371
1019.95	84.100
1020.11	89.220
1020.27	89.314
1020.43	95.247
1020.59	98.532
1020.75	95.773
1020.91	99.971
1021.07	92.706
1021.23	92.654
1021.39	87.405
1021.54	92.224
1021.70	90.196
1021.86	90.139
1022.02	87.712
1022.18	84.725
1022.34	87.689
1022.50	86.452
1022.66	84.949
1022.82	85.726
1022.97	84.824
1023.13	86.564
1023.29	92.057
1023.45	91.596
1023.61	92.777
1023.77	90.662
1023.93	90.493
1024.08	91.400
1024.24	88.192
1024.40	90.451
1024.56	101.205
1024.72	106.037
1024.88	96.742
1025.04	104.112
1025.19	97.920
1025.35	93.647
1025.51	97.666
1025.67	100.936
1025.83	96.875
1025.99	98.417
1026.14	94.965
1026.30	105.122
1026.46	109.599
1026.62	101.221
1026.78	92.257
1026.94	88.314
1027.09	85.537
1027.25	83.666
1027.41	85.424
1027.57	83.944
1027.73	81.881
1027.89	73.957
1028.04	73.444
1028.20	71.954
1028.36	71.809
1028.52	72.779
1028.68	73.399
1028.83	74.273
1028.99	70.284
1029.15	70.032
1029.31	69.208
1029.47	71.233
1029.62	68.406
1029.78	67.693
1029.94	69.454
1030.10	71.526
1030.25	74.355
1030.41	78.340
1030.57	81.028
1030.73	83.644
1030.89	85.119
1031.04	89.876
1031.20	97.606
1031.36	106.526
1031.52	115.047
1031.67	118.348
1031.83	126.497
1031.99	143.572
1032.15	126.420
1032.30	143.721
1032.46	171.861
1032.62	160.503
1032.78	141.124
1032.93	167.904
1033.09	146.592
1033.25	139.652
1033.41	149.307
1033.56	148.133
1033.72	19.706
1033.88	377.738
1034.04	87.025
1034.19	82.667
1034.35	76.982
1034.51	-47.754
1034.66	62.447
1034.82	1125.833
1034.98	1125.833
1035.14	1125.833
