345.22	48.696
345.43	48.696
345.65	48.696
345.86	41.567
346.08	149.811
346.29	-1.957
346.51	36.021
346.72	46.641
346.94	-251.987
347.15	-89.677
347.37	198.966
347.58	229.602
347.80	255.971
348.01	216.166
348.23	146.152
348.44	135.230
348.66	121.038
348.87	122.344
349.09	114.976
349.30	101.772
349.52	94.354
349.73	96.949
349.95	96.374
350.16	97.894
350.38	93.858
350.59	87.280
350.81	85.536
351.02	83.518
351.24	82.401
351.45	81.491
351.67	83.660
351.88	82.638
352.10	79.202
352.31	78.310
352.53	81.980
352.74	83.430
352.96	84.410
353.17	84.090
353.39	85.262
353.60	87.583
353.82	89.100
354.03	89.736
354.25	84.878
354.46	80.233
354.67	77.339
354.89	75.660
355.10	79.808
355.32	78.581
355.53	80.332
355.75	82.358
355.96	83.496
356.18	82.735
356.39	82.922
356.61	87.156
356.82	86.934
357.04	82.625
357.25	82.512
357.46	81.701
357.68	80.974
357.89	79.070
358.11	77.457
358.32	80.133
358.54	77.781
358.75	79.464
358.97	81.840
359.18	84.630
359.40	83.789
359.61	83.820
359.82	85.654
360.04	85.272
360.25	82.803
360.47	79.220
360.68	78.677
360.90	78.753
361.11	76.401
361.32	76.323
361.54	80.039
361.75	80.104
361.97	81.397
362.18	82.458
362.40	84.424
362.61	85.990
362.83	85.864
363.04	87.269
363.25	88.977
363.47	89.689
363.68	87.116
363.90	91.245
364.11	91.454
364.32	91.652
364.54	90.022
364.75	87.390
364.97	91.149
365.18	89.540
365.40	87.198
365.61	87.304
365.82	88.181
366.04	86.940
366.25	86.378
366.47	84.552
366.68	82.612
366.89	83.090
367.11	80.612
367.32	80.670
367.54	78.248
367.75	77.507
367.96	76.051
368.18	77.191
368.39	76.135
368.61	76.270
368.82	77.131
369.03	79.525
369.25	83.522
369.46	84.268
369.68	85.217
369.89	86.658
370.10	87.189
370.32	87.394
370.53	86.893
370.75	83.299
370.96	85.426
371.17	86.414
371.39	84.071
371.60	84.389
371.81	85.442
372.03	87.209
372.24	88.238
372.46	91.937
372.67	92.994
372.88	91.513
373.10	91.512
373.31	90.058
373.52	89.924
373.74	88.107
373.95	87.172
374.17	88.530
374.38	90.683
374.59	91.136
374.81	89.159
375.02	87.591
375.23	90.839
375.45	88.754
375.66	86.912
375.87	88.332
376.09	88.698
376.30	87.117
376.52	88.824
376.73	85.893
376.94	83.966
377.16	84.699
377.37	88.784
377.58	88.727
377.80	90.087
378.01	91.285
378.22	92.563
378.44	92.986
378.65	94.714
378.86	94.827
379.08	95.241
379.29	95.839
379.50	98.833
379.72	98.654
379.93	101.684
380.14	104.511
380.36	105.426
380.57	106.852
380.78	107.336
381.00	108.211
381.21	109.984
381.42	111.073
381.64	111.248
381.85	110.779
382.06	111.051
382.28	111.040
382.49	110.468
382.70	111.023
382.92	111.318
383.13	110.555
383.34	110.911
383.56	111.815
383.77	113.066
383.98	112.673
384.20	113.697
384.41	113.745
384.62	113.999
384.83	114.504
385.05	114.880
385.26	115.710
385.47	116.530
385.69	117.379
385.90	118.155
386.11	118.925
386.33	119.866
386.54	120.650
386.75	121.326
386.97	122.485
387.18	123.252
387.39	124.135
387.60	124.565
387.82	125.055
388.03	125.443
388.24	125.932
388.46	126.364
388.67	126.516
388.88	126.515
389.09	126.404
389.31	126.156
389.52	125.937
389.73	125.386
389.95	124.935
390.16	124.403
390.37	123.958
390.58	123.462
390.80	122.699
391.01	122.143
391.22	121.567
391.44	120.652
391.65	119.886
391.86	119.138
392.07	118.808
392.29	118.306
392.50	117.746
392.71	117.209
392.92	116.899
393.14	116.475
393.35	116.269
393.56	116.226
393.78	116.241
393.99	116.482
394.20	116.841
394.41	117.110
394.63	117.426
394.84	117.961
395.05	118.662
395.26	119.316
395.48	120.007
395.69	120.677
395.90	121.621
396.11	122.497
396.33	123.343
396.54	124.226
396.75	124.967
396.96	125.751
397.18	126.430
397.39	127.077
397.60	127.754
397.81	128.294
398.03	128.667
398.24	128.987
398.45	129.117
398.66	129.175
398.87	129.179
399.09	129.052
399.30	128.709
399.51	128.149
399.72	127.668
399.94	127.072
400.15	126.386
400.36	125.546
400.57	124.672
400.79	123.789
401.00	122.776
401.21	121.841
401.42	120.879
401.63	119.936
401.85	119.014
402.06	118.222
402.27	117.436
402.48	116.767
402.69	116.174
402.91	115.603
403.12	115.089
403.33	114.808
403.54	114.676
403.76	114.490
403.97	114.537
404.18	114.711
404.39	114.995
404.60	115.418
404.82	115.941
405.03	116.580
405.24	117.223
405.45	117.973
405.66	118.793
405.88	119.635
406.09	120.562
406.30	121.410
406.51	122.169
406.72	122.990
406.94	123.774
407.15	124.500
407.36	125.251
407.57	125.935
407.78	126.467
407.99	126.856
408.21	127.238
408.42	127.505
408.63	127.690
408.84	127.671
409.05	127.583
409.27	127.311
409.48	126.869
409.69	126.369
409.90	125.830
410.11	125.190
410.32	124.485
410.54	123.635
410.75	122.712
410.96	121.762
411.17	120.763
411.38	119.756
411.59	118.749
411.81	117.680
412.02	116.645
412.23	115.642
412.44	114.726
412.65	113.932
412.86	113.212
413.08	112.482
413.29	111.854
413.50	111.387
413.71	111.042
413.92	110.790
414.13	110.643
414.34	110.599
414.56	110.598
414.77	110.755
414.98	110.993
415.19	111.470
415.40	112.036
415.61	112.668
415.82	113.337
416.04	114.104
416.25	114.876
416.46	115.716
416.67	116.640
416.88	117.510
417.09	118.391
417.30	119.205
417.52	120.067
417.73	120.833
417.94	121.535
418.15	122.194
418.36	122.856
418.57	123.345
418.78	123.746
418.99	124.130
419.21	124.379
419.42	124.553
419.63	124.577
419.84	124.481
420.05	124.258
420.26	123.911
420.47	123.413
420.68	122.928
420.89	122.336
421.11	121.581
421.32	120.862
421.53	120.010
421.74	119.146
421.95	118.255
422.16	117.362
422.37	116.454
422.58	115.461
422.79	114.474
423.01	113.578
423.22	112.682
423.43	111.867
423.64	111.102
423.85	110.419
424.06	109.831
424.27	109.296
424.48	108.874
424.69	108.625
424.90	108.455
425.11	108.376
425.33	108.412
425.54	108.539
425.75	108.731
425.96	109.036
426.17	109.454
426.38	109.957
426.59	110.547
426.80	111.196
427.01	111.951
427.22	112.787
427.43	113.719
427.64	114.607
427.85	115.473
428.07	116.396
428.28	117.267
428.49	118.142
428.70	119.008
428.91	119.835
429.12	120.555
429.33	121.285
429.54	121.939
429.75	122.498
429.96	123.050
430.17	123.497
430.38	123.848
430.59	124.029
430.80	124.105
431.01	124.097
431.22	124.019
431.44	123.814
431.65	123.521
431.86	123.080
432.07	122.608
432.28	122.056
432.49	121.403
432.70	120.680
432.91	119.852
433.12	118.956
433.33	118.025
433.54	117.129
433.75	116.186
433.96	115.241
434.17	114.217
434.38	113.250
434.59	112.309
434.80	111.389
435.01	110.609
435.22	109.872
435.43	109.203
435.64	108.582
435.85	108.040
436.06	107.578
436.27	107.237
436.48	106.992
436.69	106.807
436.90	106.747
437.11	106.806
437.33	106.965
437.54	107.238
437.75	107.641
437.96	108.048
438.17	108.543
438.38	109.072
438.59	109.741
438.80	110.422
439.01	111.225
439.22	112.095
439.43	112.844
439.64	113.661
439.85	114.493
440.06	115.299
440.27	116.148
440.48	116.916
440.69	117.664
440.90	118.367
441.11	119.073
441.32	119.687
441.53	120.224
441.74	120.668
441.95	121.079
442.16	121.368
442.37	121.556
442.58	121.691
442.79	121.746
443.00	121.712
443.21	121.587
443.42	121.288
443.62	120.836
443.83	120.479
444.04	119.990
444.25	119.427
444.46	118.779
444.67	118.042
444.88	117.289
445.09	116.456
445.30	115.582
445.51	114.639
445.72	113.674
445.93	112.760
446.14	111.810
446.35	110.825
446.56	109.925
446.77	109.052
446.98	108.173
447.19	107.321
447.40	106.549
447.61	105.794
447.82	105.137
448.03	104.593
448.24	104.065
448.45	103.633
448.66	103.290
448.87	103.033
449.08	102.890
449.29	102.822
449.49	102.851
449.70	102.981
449.91	103.177
450.12	103.491
450.33	103.836
450.54	104.284
450.75	104.819
450.96	105.374
451.17	106.005
451.38	106.670
451.59	107.391
451.80	108.103
452.01	108.871
452.22	109.666
452.43	110.421
452.64	111.163
452.84	111.923
453.05	112.636
453.26	113.365
453.47	114.007
453.68	114.636
453.89	115.210
454.10	115.681
454.31	116.141
454.52	116.489
454.73	116.795
454.94	116.992
455.15	117.097
455.36	117.104
455.56	117.045
455.77	116.902
455.98	116.699
456.19	116.425
456.40	116.079
456.61	115.666
456.82	115.146
457.03	114.578
457.24	113.919
457.45	113.235
457.65	112.431
457.86	111.638
458.07	110.803
458.28	109.883
458.49	109.010
458.70	108.066
458.91	107.145
459.12	106.219
459.33	105.279
459.54	104.389
459.74	103.525
459.95	102.673
460.16	101.907
460.37	101.190
460.58	100.530
460.79	99.904
461.00	99.316
461.21	98.830
461.41	98.419
461.62	98.085
461.83	97.851
462.04	97.710
462.25	97.591
462.46	97.592
462.67	97.693
462.88	97.872
463.08	98.150
463.29	98.461
463.50	98.845
463.71	99.325
463.92	99.843
464.13	100.390
464.34	101.002
464.54	101.666
464.75	102.353
464.96	103.055
465.17	103.782
465.38	104.491
465.59	105.255
465.80	105.986
466.00	106.692
466.21	107.378
466.42	108.028
466.63	108.700
466.84	109.322
467.05	109.877
467.26	110.384
467.46	110.776
467.67	111.163
467.88	111.503
468.09	111.736
468.30	111.931
468.51	112.065
468.71	112.095
468.92	112.058
469.13	111.945
469.34	111.772
469.55	111.500
469.76	111.201
469.96	110.793
470.17	110.332
470.38	109.830
470.59	109.248
470.80	108.609
471.00	107.967
471.21	107.237
471.42	106.499
471.63	105.722
471.84	104.940
472.05	104.112
472.25	103.267
472.46	102.430
472.67	101.552
472.88	100.728
473.09	99.896
473.29	99.066
473.50	98.294
473.71	97.525
473.92	96.805
474.13	96.126
474.33	95.515
474.54	94.951
474.75	94.445
474.96	93.993
475.17	93.611
475.37	93.254
475.58	92.994
475.79	92.813
476.00	92.701
476.21	92.673
476.41	92.706
476.62	92.824
476.83	92.999
477.04	93.278
477.24	93.582
477.45	93.957
477.66	94.382
477.87	94.838
478.08	95.374
478.28	95.916
478.49	96.515
478.70	97.156
478.91	97.796
479.11	98.444
479.32	99.135
479.53	99.808
479.74	100.515
479.94	101.185
480.15	101.823
480.36	102.444
480.57	103.047
480.78	103.650
480.98	104.161
481.19	104.646
481.40	105.077
481.61	105.494
481.81	105.847
482.02	106.139
482.23	106.407
482.44	106.570
482.64	106.709
482.85	106.771
483.06	106.744
483.27	106.692
483.47	106.595
483.68	106.414
483.89	106.172
484.10	105.855
484.30	105.497
484.51	105.064
484.72	104.610
484.92	104.064
485.13	103.499
485.34	102.906
485.55	102.262
485.75	101.597
485.96	100.869
486.17	100.132
486.38	99.385
486.58	98.604
486.79	97.837
487.00	97.049
487.20	96.258
487.41	95.501
487.62	94.748
487.83	93.996
488.03	93.267
488.24	92.574
488.45	91.899
488.65	91.254
488.86	90.668
489.07	90.112
489.28	89.618
489.48	89.159
489.69	88.790
489.90	88.450
490.10	88.181
490.31	87.971
490.52	87.804
490.73	87.711
490.93	87.679
491.14	87.701
491.35	87.792
491.55	87.932
491.76	88.124
491.97	88.368
492.17	88.652
492.38	88.995
492.59	89.385
492.79	89.831
493.00	90.313
493.21	90.823
493.41	91.357
493.62	91.917
493.83	92.506
494.04	93.070
494.24	93.667
494.45	94.269
494.66	94.855
494.86	95.469
495.07	96.041
495.28	96.626
495.48	97.174
495.69	97.702
495.90	98.215
496.10	98.696
496.31	99.129
496.52	99.524
496.72	99.915
496.93	100.253
497.14	100.532
497.34	100.747
497.55	100.946
497.76	101.085
497.96	101.168
498.17	101.191
498.37	101.177
498.58	101.087
498.79	100.941
498.99	100.771
499.20	100.526
499.41	100.237
499.61	99.876
499.82	99.489
500.03	99.045
500.23	98.583
500.44	98.059
500.65	97.509
500.85	96.935
501.06	96.294
501.26	95.644
501.47	94.968
501.68	94.294
501.88	93.577
502.09	92.864
502.30	92.141
502.50	91.416
502.71	90.697
502.91	89.988
503.12	89.283
503.33	88.588
503.53	87.928
503.74	87.275
503.95	86.643
504.15	86.046
504.36	85.477
504.56	84.932
504.77	84.449
504.98	83.985
505.18	83.584
505.39	83.219
505.59	82.899
505.80	82.634
506.01	82.421
506.21	82.262
506.42	82.151
506.62	82.087
506.83	82.073
507.04	82.119
507.24	82.209
507.45	82.356
507.65	82.551
507.86	82.768
508.07	83.044
508.27	83.367
508.48	83.715
508.68	84.117
508.89	84.543
509.10	84.985
509.30	85.460
509.51	85.945
509.71	86.452
509.92	86.970
510.12	87.495
510.33	88.027
510.54	88.557
510.74	89.093
510.95	89.615
511.15	90.135
511.36	90.650
511.56	91.151
511.77	91.620
511.98	92.074
512.18	92.515
512.39	92.925
512.59	93.304
512.80	93.649
513.00	93.959
513.21	94.222
513.42	94.462
513.62	94.657
513.83	94.816
514.03	94.922
514.24	94.985
514.44	94.997
514.65	94.977
514.85	94.915
515.06	94.808
515.26	94.650
515.47	94.457
515.68	94.208
515.88	93.923
516.09	93.597
516.29	93.236
516.50	92.832
516.70	92.390
516.91	91.915
517.11	91.415
517.32	90.890
517.52	90.338
517.73	89.779
517.93	89.185
518.14	88.577
518.34	87.965
518.55	87.341
518.76	86.719
518.96	86.071
519.17	85.419
519.37	84.770
519.58	84.144
519.78	83.512
519.99	82.886
520.19	82.277
520.40	81.706
520.60	81.142
520.81	80.601
521.01	80.078
521.22	79.602
521.42	79.153
521.63	78.733
521.83	78.349
522.04	77.991
522.24	77.695
522.45	77.433
522.65	77.218
522.86	77.046
523.06	76.909
523.27	76.828
523.47	76.787
523.68	76.786
523.88	76.820
524.09	76.902
524.29	77.037
524.50	77.207
524.70	77.408
524.91	77.645
525.11	77.932
525.32	78.257
525.52	78.597
525.72	78.989
525.93	79.398
526.13	79.838
526.34	80.279
526.54	80.757
526.75	81.230
526.95	81.722
527.16	82.213
527.36	82.724
527.57	83.231
527.77	83.736
527.98	84.254
528.18	84.764
528.39	85.258
528.59	85.749
528.79	86.218
529.00	86.685
529.20	87.126
529.41	87.567
529.61	87.975
529.82	88.349
530.02	88.688
530.23	89.011
530.43	89.289
530.64	89.553
530.84	89.764
531.04	89.941
531.25	90.104
531.45	90.236
531.66	90.324
531.86	90.372
532.07	90.376
532.27	90.341
532.47	90.276
532.68	90.190
532.88	90.065
533.09	89.902
533.29	89.685
533.50	89.442
533.70	89.130
533.90	88.812
534.11	88.477
534.31	88.105
534.52	87.693
534.72	87.286
534.93	86.852
535.13	86.380
535.33	85.907
535.54	85.388
535.74	84.866
535.95	84.315
536.15	83.782
536.35	83.233
536.56	82.683
536.76	82.110
536.97	81.549
537.17	80.978
537.37	80.414
537.58	79.875
537.78	79.342
537.99	78.826
538.19	78.305
538.39	77.798
538.60	77.318
538.80	76.875
539.01	76.428
539.21	76.012
539.41	75.637
539.62	75.281
539.82	74.963
540.03	74.667
540.23	74.423
540.43	74.194
540.64	74.024
540.84	73.873
541.04	73.774
541.25	73.718
541.45	73.691
541.66	73.701
541.86	73.747
542.06	73.832
542.27	73.954
542.47	74.127
542.67	74.316
542.88	74.541
543.08	74.799
543.28	75.097
543.49	75.414
543.69	75.763
543.90	76.147
544.10	76.536
544.30	76.973
544.51	77.410
544.71	77.890
544.91	78.356
545.12	78.851
545.32	79.356
545.52	79.838
545.73	80.355
545.93	80.868
546.13	81.357
546.34	81.844
546.54	82.330
546.74	82.807
546.95	83.297
547.15	83.770
547.35	84.212
547.56	84.661
547.76	85.104
547.96	85.512
548.17	85.912
548.37	86.301
548.57	86.633
548.78	86.950
548.98	87.234
549.18	87.484
549.39	87.705
549.59	87.901
549.79	88.091
550.00	88.232
550.20	88.370
550.40	88.456
550.61	88.523
550.81	88.549
551.01	88.543
551.22	88.507
551.42	88.432
551.62	88.329
551.82	88.178
552.03	88.011
552.23	87.811
552.43	87.574
552.64	87.310
552.84	87.023
553.04	86.706
553.25	86.366
553.45	85.997
553.65	85.611
553.85	85.219
554.06	84.799
554.26	84.352
554.46	83.872
554.67	83.399
554.87	82.902
555.07	82.415
555.27	81.906
555.48	81.389
555.68	80.882
555.88	80.366
556.09	79.855
556.29	79.324
556.49	78.812
556.69	78.291
556.90	77.785
557.10	77.307
557.30	76.849
557.50	76.380
557.71	75.953
557.91	75.536
558.11	75.121
558.31	74.736
558.52	74.381
558.72	74.056
558.92	73.757
559.13	73.486
559.33	73.238
559.53	73.014
559.73	72.834
559.94	72.673
560.14	72.538
560.34	72.436
560.54	72.368
560.75	72.343
560.95	72.342
561.15	72.386
561.35	72.446
561.55	72.529
561.76	72.656
561.96	72.795
562.16	72.983
562.36	73.211
562.57	73.453
562.77	73.722
562.97	74.017
563.17	74.327
563.38	74.657
563.58	75.019
563.78	75.400
563.98	75.793
564.18	76.200
564.39	76.636
564.59	77.074
564.79	77.539
564.99	77.993
565.20	78.454
565.40	78.905
565.60	79.362
565.80	79.843
566.00	80.304
566.21	80.772
566.41	81.216
566.61	81.661
566.81	82.107
567.01	82.537
567.22	82.964
567.42	83.377
567.62	83.764
567.82	84.135
568.02	84.491
568.23	84.828
568.43	85.146
568.63	85.451
568.83	85.720
569.03	85.955
569.24	86.175
569.44	86.382
569.64	86.565
569.84	86.731
570.04	86.843
570.24	86.946
570.45	87.023
570.65	87.078
570.85	87.095
571.05	87.074
571.25	87.029
571.45	86.947
571.66	86.858
571.86	86.746
572.06	86.588
572.26	86.415
572.46	86.224
572.66	86.015
572.87	85.761
573.07	85.504
573.27	85.220
573.47	84.919
573.67	84.587
573.87	84.232
574.08	83.853
574.28	83.476
574.48	83.077
574.68	82.655
574.88	82.228
575.08	81.771
575.28	81.319
575.49	80.865
575.69	80.406
575.89	79.921
576.09	79.453
576.29	78.976
576.49	78.494
576.69	78.007
576.90	77.526
577.10	77.059
577.30	76.594
577.50	76.146
577.70	75.695
577.90	75.259
578.10	74.853
578.30	74.456
578.51	74.073
578.71	73.712
578.91	73.369
579.11	73.033
579.31	72.728
579.51	72.442
579.71	72.186
579.91	71.941
580.12	71.734
580.32	71.552
580.52	71.404
580.72	71.268
580.92	71.161
581.12	71.067
581.32	71.015
581.52	71.003
581.72	70.999
581.92	71.028
582.13	71.096
582.33	71.168
582.53	71.276
582.73	71.401
582.93	71.560
583.13	71.747
583.33	71.968
583.53	72.209
583.73	72.472
583.93	72.756
584.13	73.067
584.34	73.406
584.54	73.732
584.74	74.070
584.94	74.450
585.14	74.837
585.34	75.243
585.54	75.623
585.74	76.020
585.94	76.445
586.14	76.882
586.34	77.305
586.54	77.753
586.74	78.202
586.94	78.660
587.15	79.119
587.35	79.563
587.55	80.000
587.75	80.438
587.95	80.855
588.15	81.262
588.35	81.657
588.55	82.051
588.75	82.446
588.95	82.830
589.15	83.189
589.35	83.541
589.55	83.869
589.75	84.217
589.95	84.525
590.15	84.809
590.35	85.064
590.55	85.315
590.75	85.533
590.95	85.726
591.15	85.898
591.35	86.037
591.56	86.157
591.76	86.254
591.96	86.327
592.16	86.391
592.36	86.428
592.56	86.447
592.76	86.428
592.96	86.400
593.16	86.327
593.36	86.238
593.56	86.135
593.76	86.020
593.96	85.856
594.16	85.690
594.36	85.501
594.56	85.291
594.76	85.057
594.96	84.814
595.16	84.535
595.36	84.245
595.56	83.930
595.76	83.593
595.96	83.233
596.16	82.880
596.36	82.501
596.56	82.123
596.76	81.711
596.96	81.296
597.16	80.876
597.36	80.463
597.56	80.034
597.76	79.588
597.96	79.138
598.16	78.695
598.36	78.247
598.56	77.792
598.76	77.348
598.96	76.913
599.16	76.473
599.36	76.067
599.56	75.656
599.76	75.245
599.96	74.857
600.15	74.481
600.35	74.116
600.55	73.767
600.75	73.410
600.95	73.088
601.15	72.771
601.35	72.462
601.55	72.177
601.75	71.922
601.95	71.681
602.15	71.469
602.35	71.257
602.55	71.078
602.75	70.927
602.95	70.785
603.15	70.651
603.35	70.561
603.55	70.479
603.75	70.418
603.95	70.391
604.15	70.385
604.35	70.410
604.54	70.448
604.74	70.528
604.94	70.623
605.14	70.731
605.34	70.872
605.54	71.043
605.74	71.237
605.94	71.439
606.14	71.668
606.34	71.912
606.54	72.185
606.74	72.476
606.94	72.778
607.14	73.107
607.33	73.461
607.53	73.812
607.73	74.171
607.93	74.535
608.13	74.916
608.33	75.309
608.53	75.693
608.73	76.100
608.93	76.488
609.13	76.894
609.33	77.311
609.52	77.728
609.72	78.139
609.92	78.539
610.12	78.951
610.32	79.357
610.52	79.771
610.72	80.167
610.92	80.557
611.12	80.943
611.31	81.322
611.51	81.689
611.71	82.046
611.91	82.407
612.11	82.769
612.31	83.115
612.51	83.434
612.71	83.755
612.91	84.042
613.10	84.331
613.30	84.627
613.50	84.889
613.70	85.131
613.90	85.346
614.10	85.543
614.30	85.708
614.50	85.865
614.69	85.979
614.89	86.094
615.09	86.183
615.29	86.259
615.49	86.311
615.69	86.337
615.89	86.354
616.08	86.349
616.28	86.312
616.48	86.255
616.68	86.176
616.88	86.079
617.08	85.963
617.27	85.839
617.47	85.675
617.67	85.495
617.87	85.294
618.07	85.090
618.27	84.874
618.47	84.647
618.66	84.394
618.86	84.140
619.06	83.854
619.26	83.567
619.46	83.261
619.66	82.930
619.85	82.591
620.05	82.238
620.25	81.859
620.45	81.486
620.65	81.100
620.84	80.734
621.04	80.348
621.24	79.981
621.44	79.573
621.64	79.151
621.84	78.750
622.03	78.342
622.23	77.938
622.43	77.533
622.63	77.134
622.83	76.731
623.02	76.335
623.22	75.952
623.42	75.551
623.62	75.169
623.82	74.807
624.01	74.442
624.21	74.086
624.41	73.752
624.61	73.430
624.81	73.127
625.00	72.810
625.20	72.515
625.40	72.223
625.60	71.962
625.79	71.728
625.99	71.512
626.19	71.303
626.39	71.112
626.59	70.934
626.78	70.790
626.98	70.661
627.18	70.541
627.38	70.449
627.57	70.400
627.77	70.355
627.97	70.324
628.17	70.327
628.37	70.344
628.56	70.395
628.76	70.451
628.96	70.522
629.16	70.618
629.35	70.758
629.55	70.905
629.75	71.071
629.95	71.255
630.14	71.447
630.34	71.668
630.54	71.901
630.74	72.147
630.93	72.406
631.13	72.674
631.33	72.958
631.53	73.235
631.72	73.525
631.92	73.842
632.12	74.176
632.31	74.510
632.51	74.875
632.71	75.236
632.91	75.596
633.10	75.971
633.30	76.364
633.50	76.727
633.70	77.118
633.89	77.501
634.09	77.898
634.29	78.290
634.48	78.676
634.68	79.077
634.88	79.475
635.08	79.874
635.27	80.283
635.47	80.685
635.67	81.094
635.86	81.494
636.06	81.878
636.26	82.237
636.46	82.602
636.65	82.949
636.85	83.301
637.05	83.646
637.24	83.957
637.44	84.267
637.64	84.572
637.83	84.869
638.03	85.159
638.23	85.406
638.43	85.657
638.62	85.886
638.82	86.084
639.02	86.279
639.21	86.444
639.41	86.584
639.61	86.729
639.80	86.853
640.00	86.958
640.20	87.072
640.39	87.173
640.59	87.244
640.79	87.302
640.98	87.326
641.18	87.342
641.38	87.356
641.57	87.329
641.77	87.288
641.97	87.216
642.16	87.134
642.36	87.048
642.56	86.938
642.75	86.832
642.95	86.697
643.15	86.547
643.34	86.398
643.54	86.234
643.74	86.031
643.93	85.820
644.13	85.575
644.33	85.305
644.52	85.035
644.72	84.761
644.91	84.471
645.11	84.160
645.31	83.850
645.50	83.537
645.70	83.223
645.90	82.900
646.09	82.558
646.29	82.205
646.48	81.847
646.68	81.472
646.88	81.097
647.07	80.726
647.27	80.346
647.47	79.955
647.66	79.574
647.86	79.184
648.05	78.808
648.25	78.438
648.45	78.066
648.64	77.685
648.84	77.322
649.04	76.941
649.23	76.572
649.43	76.214
649.62	75.852
649.82	75.486
650.02	75.139
650.21	74.806
650.41	74.497
650.60	74.195
650.80	73.923
651.00	73.628
651.19	73.364
651.39	73.107
651.58	72.860
651.78	72.633
651.97	72.439
652.17	72.242
652.37	72.055
652.56	71.902
652.76	71.758
652.95	71.624
653.15	71.535
653.35	71.448
653.54	71.369
653.74	71.298
653.93	71.260
654.13	71.234
654.32	71.212
654.52	71.195
654.72	71.211
654.91	71.237
655.11	71.293
655.30	71.368
655.50	71.460
655.69	71.570
655.89	71.679
656.08	71.800
656.28	71.945
656.48	72.111
656.67	72.282
656.87	72.474
657.06	72.667
657.26	72.868
657.45	73.098
657.65	73.346
657.84	73.617
658.04	73.881
658.23	74.172
658.43	74.479
658.62	74.799
658.82	75.116
659.02	75.442
659.21	75.788
659.41	76.125
659.60	76.471
659.80	76.828
659.99	77.211
660.19	77.586
660.38	77.971
660.58	78.342
660.77	78.732
660.97	79.104
661.16	79.485
661.36	79.856
661.55	80.241
661.75	80.619
661.94	80.984
662.14	81.368
662.33	81.750
662.53	82.121
662.72	82.490
662.92	82.846
663.11	83.191
663.31	83.541
663.50	83.889
663.70	84.239
663.89	84.574
664.09	84.886
664.28	85.208
664.48	85.508
664.67	85.822
664.87	86.096
665.06	86.379
665.26	86.644
665.45	86.901
665.65	87.142
665.84	87.386
666.04	87.609
666.23	87.793
666.43	87.953
666.62	88.109
666.82	88.252
667.01	88.386
667.21	88.512
667.40	88.606
667.59	88.707
667.79	88.766
667.98	88.803
668.18	88.830
668.37	88.834
668.57	88.852
668.76	88.837
668.96	88.803
669.15	88.759
669.35	88.721
669.54	88.648
669.73	88.567
669.93	88.466
670.12	88.363
670.32	88.271
670.51	88.146
670.71	88.012
670.90	87.872
671.10	87.720
671.29	87.542
671.48	87.346
671.68	87.134
671.87	86.926
672.07	86.700
672.26	86.499
672.46	86.261
672.65	86.004
672.84	85.737
673.04	85.476
673.23	85.198
673.43	84.898
673.62	84.614
673.82	84.314
674.01	83.981
674.20	83.658
674.40	83.315
674.59	82.983
674.79	82.655
674.98	82.310
675.17	81.960
675.37	81.623
675.56	81.283
675.76	80.935
675.95	80.568
676.14	80.224
676.34	79.845
676.53	79.491
676.73	79.128
676.92	78.762
677.11	78.402
677.31	78.047
677.50	77.707
677.70	77.358
677.89	77.008
678.08	76.691
678.28	76.371
678.47	76.068
678.66	75.774
678.86	75.485
679.05	75.199
679.25	74.934
679.44	74.676
679.63	74.442
679.83	74.205
680.02	73.995
680.21	73.791
680.41	73.601
680.60	73.403
680.79	73.229
680.99	73.068
681.18	72.909
681.38	72.774
681.57	72.661
681.76	72.569
681.96	72.491
682.15	72.416
682.34	72.342
682.54	72.283
682.73	72.251
682.92	72.215
683.12	72.215
683.31	72.225
683.50	72.246
683.70	72.280
683.89	72.314
684.08	72.379
684.28	72.455
684.47	72.542
684.66	72.659
684.86	72.785
685.05	72.933
685.24	73.099
685.44	73.265
685.63	73.434
685.82	73.624
686.02	73.816
686.21	74.048
686.40	74.286
686.60	74.545
686.79	74.804
686.98	75.075
687.18	75.357
687.37	75.636
687.56	75.916
687.75	76.212
687.95	76.522
688.14	76.828
688.33	77.152
688.53	77.483
688.72	77.832
688.91	78.176
689.11	78.512
689.30	78.881
689.49	79.255
689.68	79.624
689.88	79.984
690.07	80.348
690.26	80.695
690.46	81.061
690.65	81.405
690.84	81.758
691.03	82.125
691.23	82.475
691.42	82.832
691.61	83.196
691.80	83.536
692.00	83.883
692.19	84.213
692.38	84.540
692.58	84.870
692.77	85.180
692.96	85.483
693.15	85.795
693.35	86.082
693.54	86.380
693.73	86.680
693.92	86.952
694.12	87.236
694.31	87.493
694.50	87.765
694.69	88.005
694.89	88.237
695.08	88.445
695.27	88.674
695.46	88.871
695.66	89.070
695.85	89.271
696.04	89.459
696.23	89.656
696.43	89.830
696.62	89.970
696.81	90.104
697.00	90.238
697.19	90.358
697.39	90.451
697.58	90.532
697.77	90.584
697.96	90.657
698.16	90.698
698.35	90.760
698.54	90.771
698.73	90.809
698.92	90.803
699.12	90.794
699.31	90.760
699.50	90.730
699.69	90.684
699.89	90.618
700.08	90.545
700.27	90.448
700.46	90.352
700.65	90.241
700.85	90.139
701.04	90.012
701.23	89.860
701.42	89.709
701.61	89.541
701.81	89.364
702.00	89.166
702.19	88.970
702.38	88.740
702.57	88.529
702.76	88.276
702.96	88.041
703.15	87.791
703.34	87.523
703.53	87.247
703.72	86.945
703.92	86.637
704.11	86.331
704.30	86.009
704.49	85.692
704.68	85.383
704.87	85.035
705.07	84.699
705.26	84.367
705.45	84.059
705.64	83.718
705.83	83.406
706.02	83.077
706.21	82.756
706.41	82.424
706.60	82.075
706.79	81.756
706.98	81.440
707.17	81.107
707.36	80.786
707.56	80.483
707.75	80.179
707.94	79.880
708.13	79.584
708.32	79.306
708.51	79.011
708.70	78.744
708.89	78.471
709.09	78.199
709.28	77.944
709.47	77.650
709.66	77.380
709.85	77.114
710.04	76.853
710.23	76.580
710.42	76.354
710.62	76.120
710.81	75.866
711.00	75.631
711.19	75.422
711.38	75.215
711.57	74.998
711.76	74.804
711.95	74.637
712.15	74.477
712.34	74.322
712.53	74.178
712.72	74.033
712.91	73.933
713.10	73.832
713.29	73.738
713.48	73.658
713.67	73.612
713.86	73.577
714.05	73.545
714.25	73.529
714.44	73.502
714.63	73.503
714.82	73.543
715.01	73.578
715.20	73.642
715.39	73.697
715.58	73.775
715.77	73.868
715.96	73.966
716.15	74.062
716.34	74.156
716.54	74.275
716.73	74.406
716.92	74.529
717.11	74.674
717.30	74.834
717.49	75.014
717.68	75.203
717.87	75.363
718.06	75.575
718.25	75.802
718.44	76.038
718.63	76.285
718.82	76.523
719.01	76.770
719.20	77.020
719.39	77.292
719.58	77.566
719.77	77.833
719.96	78.089
720.16	78.366
720.35	78.665
720.54	78.958
720.73	79.259
720.92	79.565
721.11	79.891
721.30	80.205
721.49	80.522
721.68	80.843
721.87	81.194
722.06	81.522
722.25	81.844
722.44	82.172
722.63	82.487
722.82	82.801
723.01	83.109
723.20	83.408
723.39	83.720
723.58	84.058
723.77	84.396
723.96	84.738
724.15	85.086
724.34	85.415
724.53	85.743
724.72	86.043
724.91	86.372
725.10	86.694
725.29	86.997
725.48	87.323
725.67	87.597
725.86	87.857
726.05	88.131
726.24	88.392
726.43	88.642
726.62	88.896
726.81	89.178
727.00	89.435
727.19	89.704
727.38	89.953
727.57	90.168
727.76	90.380
727.95	90.583
728.14	90.753
728.33	90.931
728.52	91.102
728.71	91.267
728.90	91.417
729.09	91.538
729.28	91.647
729.47	91.740
729.65	91.850
729.84	91.964
730.03	92.060
730.22	92.147
730.41	92.235
730.60	92.316
730.79	92.338
730.98	92.382
731.17	92.423
731.36	92.432
731.55	92.422
731.74	92.408
731.93	92.386
732.12	92.364
732.31	92.344
732.50	92.324
732.69	92.306
732.88	92.241
733.06	92.167
733.25	92.104
733.44	92.040
733.63	91.939
733.82	91.831
734.01	91.691
734.20	91.554
734.39	91.391
734.58	91.238
734.77	91.100
734.96	90.928
735.15	90.735
735.33	90.535
735.52	90.354
735.71	90.156
735.90	89.940
736.09	89.707
736.28	89.448
736.47	89.186
736.66	88.913
736.85	88.652
737.04	88.364
737.23	88.088
737.41	87.784
737.60	87.519
737.79	87.213
737.98	86.930
738.17	86.643
738.36	86.375
738.55	86.091
738.74	85.807
738.92	85.513
739.11	85.227
739.30	84.926
739.49	84.611
739.68	84.315
739.87	84.044
740.06	83.772
740.25	83.475
740.43	83.197
740.62	82.901
740.81	82.598
741.00	82.328
741.19	82.026
741.38	81.725
741.57	81.418
741.75	81.146
741.94	80.854
742.13	80.559
742.32	80.251
742.51	79.957
742.70	79.670
742.89	79.398
743.07	79.115
743.26	78.850
743.45	78.563
743.64	78.309
743.83	78.031
744.02	77.737
744.20	77.495
744.39	77.238
744.58	77.007
744.77	76.793
744.96	76.595
745.15	76.426
745.33	76.264
745.52	76.104
745.71	75.941
745.90	75.790
746.09	75.661
746.28	75.541
746.46	75.399
746.65	75.263
746.84	75.151
747.03	75.041
747.22	74.950
747.40	74.893
747.59	74.813
747.78	74.750
747.97	74.733
748.16	74.702
748.34	74.656
748.53	74.641
748.72	74.635
748.91	74.613
749.10	74.597
749.28	74.608
749.47	74.637
749.66	74.657
749.85	74.672
750.04	74.703
750.22	74.733
750.41	74.799
750.60	74.881
750.79	74.937
750.97	75.014
751.16	75.117
751.35	75.207
751.54	75.301
751.73	75.431
751.91	75.546
752.10	75.705
752.29	75.848
752.48	76.012
752.66	76.177
752.85	76.350
753.04	76.531
753.23	76.730
753.41	76.907
753.60	77.129
753.79	77.360
753.98	77.574
754.16	77.805
754.35	78.034
754.54	78.260
754.73	78.523
754.91	78.790
755.10	79.044
755.29	79.320
755.48	79.583
755.66	79.852
755.85	80.126
756.04	80.380
756.22	80.675
756.41	80.939
756.60	81.213
756.79	81.510
756.97	81.808
757.16	82.062
757.35	82.359
757.54	82.645
757.72	82.933
757.91	83.235
758.10	83.534
758.28	83.822
758.47	84.112
758.66	84.427
758.85	84.718
759.03	85.018
759.22	85.314
759.41	85.622
759.59	85.924
759.78	86.219
759.97	86.496
760.15	86.769
760.34	87.075
760.53	87.350
760.71	87.605
760.90	87.888
761.09	88.167
761.28	88.438
761.46	88.695
761.65	88.958
761.84	89.224
762.02	89.483
762.21	89.764
762.40	89.998
762.58	90.204
762.77	90.422
762.96	90.643
763.14	90.874
763.33	91.075
763.52	91.244
763.70	91.403
763.89	91.585
764.08	91.768
764.26	91.900
764.45	92.066
764.64	92.235
764.82	92.354
765.01	92.478
765.20	92.572
765.38	92.686
765.57	92.761
765.75	92.837
765.94	92.888
766.13	92.950
766.31	93.029
766.50	93.082
766.69	93.164
766.87	93.237
767.06	93.272
767.25	93.323
767.43	93.391
767.62	93.457
767.80	93.495
767.99	93.505
768.18	93.504
768.36	93.495
768.55	93.473
768.74	93.449
768.92	93.426
769.11	93.422
769.29	93.378
769.48	93.357
769.67	93.290
769.85	93.249
770.04	93.128
770.22	93.025
770.41	92.901
770.60	92.750
770.78	92.573
770.97	92.414
771.15	92.261
771.34	92.069
771.53	91.901
771.71	91.721
771.90	91.559
772.08	91.444
772.27	91.269
772.46	91.069
772.64	90.874
772.83	90.669
773.01	90.414
773.20	90.180
773.39	89.954
773.57	89.721
773.76	89.477
773.94	89.287
774.13	89.044
774.31	88.787
774.50	88.566
774.68	88.318
774.87	88.063
775.06	87.761
775.24	87.494
775.43	87.196
775.61	86.901
775.80	86.613
775.98	86.292
776.17	85.985
776.36	85.691
776.54	85.396
776.73	85.093
776.91	84.814
777.10	84.528
777.28	84.206
777.47	83.917
777.65	83.618
777.84	83.297
778.02	83.016
778.21	82.743
778.39	82.435
778.58	82.157
778.77	81.885
778.95	81.638
779.14	81.385
779.32	81.140
779.51	80.904
779.69	80.632
779.88	80.386
780.06	80.150
780.25	79.902
780.43	79.648
780.62	79.424
780.80	79.188
780.99	78.948
781.17	78.715
781.36	78.475
781.54	78.257
781.73	78.010
781.91	77.790
782.10	77.585
782.28	77.379
782.47	77.175
782.65	76.949
782.84	76.744
783.02	76.552
783.21	76.374
783.39	76.195
783.58	76.037
783.76	75.856
783.95	75.698
784.13	75.582
784.32	75.466
784.50	75.330
784.69	75.239
784.87	75.146
785.05	75.072
785.24	75.002
785.42	74.941
785.61	74.888
785.79	74.843
785.98	74.808
786.16	74.757
786.35	74.740
786.53	74.732
786.72	74.710
786.90	74.696
787.09	74.673
787.27	74.681
787.45	74.706
787.64	74.723
787.82	74.734
788.01	74.748
788.19	74.787
788.38	74.827
788.56	74.814
788.75	74.871
788.93	74.937
789.11	74.974
789.30	75.010
789.48	75.087
789.67	75.167
789.85	75.235
790.04	75.354
790.22	75.453
790.40	75.569
790.59	75.679
790.77	75.805
790.96	75.958
791.14	76.096
791.32	76.227
791.51	76.381
791.69	76.548
791.88	76.720
792.06	76.896
792.25	77.061
792.43	77.281
792.61	77.465
792.80	77.630
792.98	77.854
793.17	78.055
793.35	78.230
793.53	78.425
793.72	78.661
793.90	78.871
794.08	79.082
794.27	79.296
794.45	79.545
794.64	79.768
794.82	79.996
795.00	80.198
795.19	80.436
795.37	80.665
795.55	80.854
795.74	81.088
795.92	81.323
796.11	81.588
796.29	81.842
796.47	82.084
796.66	82.318
796.84	82.586
797.02	82.860
797.21	83.149
797.39	83.418
797.58	83.670
797.76	83.914
797.94	84.185
798.13	84.455
798.31	84.733
798.49	84.980
798.68	85.224
798.86	85.512
799.04	85.749
799.23	86.009
799.41	86.283
799.59	86.525
799.78	86.731
799.96	86.961
800.14	87.199
800.33	87.440
800.51	87.704
800.69	87.893
800.88	88.126
801.06	88.365
801.24	88.548
801.43	88.746
801.61	88.928
801.79	89.101
801.98	89.274
802.16	89.461
802.34	89.668
802.52	89.859
802.71	90.002
802.89	90.184
803.07	90.342
803.26	90.492
803.44	90.618
803.62	90.773
803.81	90.902
803.99	90.989
804.17	91.072
804.35	91.158
804.54	91.237
804.72	91.335
804.90	91.411
805.09	91.536
805.27	91.636
805.45	91.746
805.63	91.817
805.82	91.892
806.00	91.891
806.18	91.926
806.37	91.974
806.55	91.991
806.73	92.023
806.91	92.040
807.10	92.072
807.28	92.091
807.46	92.105
807.64	92.095
807.83	92.094
808.01	92.096
808.19	92.035
808.37	91.990
808.56	91.921
808.74	91.861
808.92	91.787
809.10	91.685
809.29	91.620
809.47	91.548
809.65	91.418
809.83	91.365
810.02	91.243
810.20	91.134
810.38	91.036
810.56	90.904
810.75	90.810
810.93	90.695
811.11	90.571
811.29	90.450
811.47	90.322
811.66	90.171
811.84	90.024
812.02	89.946
812.20	89.832
812.39	89.709
812.57	89.570
812.75	89.442
812.93	89.341
813.11	89.179
813.30	89.044
813.48	88.932
813.66	88.761
813.84	88.614
814.02	88.435
814.21	88.284
814.39	88.081
814.57	87.881
814.75	87.683
814.93	87.482
815.12	87.260
815.30	87.047
815.48	86.838
815.66	86.612
815.84	86.357
816.03	86.106
816.21	85.827
816.39	85.582
816.57	85.270
816.75	84.958
816.93	84.671
817.12	84.355
817.30	84.043
817.48	83.740
817.66	83.477
817.84	83.217
818.02	82.961
818.21	82.690
818.39	82.442
818.57	82.162
818.75	81.938
818.93	81.681
819.11	81.420
819.30	81.168
819.48	80.939
819.66	80.717
819.84	80.523
820.02	80.305
820.20	80.074
820.38	79.849
820.57	79.637
820.75	79.450
820.93	79.251
821.11	79.049
821.29	78.866
821.47	78.638
821.65	78.424
821.83	78.198
822.02	78.003
822.20	77.779
822.38	77.612
822.56	77.362
822.74	77.138
822.92	76.895
823.10	76.687
823.28	76.446
823.46	76.214
823.65	75.970
823.83	75.759
824.01	75.545
824.19	75.340
824.37	75.127
824.55	74.893
824.73	74.700
824.91	74.501
825.09	74.306
825.27	74.128
825.46	73.922
825.64	73.717
825.82	73.554
826.00	73.368
826.18	73.198
826.36	73.052
826.54	72.924
826.72	72.846
826.90	72.750
827.08	72.666
827.26	72.586
827.44	72.493
827.63	72.407
827.81	72.339
827.99	72.300
828.17	72.243
828.35	72.194
828.53	72.153
828.71	72.141
828.89	72.109
829.07	72.087
829.25	72.062
829.43	72.078
829.61	72.061
829.79	72.052
829.97	72.052
830.15	72.031
830.33	72.041
830.51	72.023
830.69	72.023
830.87	71.985
831.06	71.995
831.24	72.009
831.42	72.027
831.60	72.024
831.78	72.054
831.96	72.108
832.14	72.177
832.32	72.240
832.50	72.288
832.68	72.333
832.86	72.370
833.04	72.462
833.22	72.512
833.40	72.603
833.58	72.678
833.76	72.749
833.94	72.873
834.12	72.986
834.30	73.111
834.48	73.214
834.66	73.376
834.84	73.475
835.02	73.630
835.20	73.780
835.38	73.947
835.56	74.109
835.74	74.278
835.92	74.448
836.10	74.597
836.28	74.754
836.46	74.941
836.64	75.116
836.82	75.259
837.00	75.432
837.18	75.604
837.36	75.806
837.54	75.990
837.72	76.176
837.90	76.367
838.08	76.560
838.26	76.755
838.43	76.939
838.61	77.151
838.79	77.345
838.97	77.552
839.15	77.760
839.33	77.960
839.51	78.107
839.69	78.281
839.87	78.477
840.05	78.700
840.23	78.895
840.41	79.099
840.59	79.272
840.77	79.482
840.95	79.655
841.13	79.824
841.31	79.995
841.49	80.152
841.67	80.293
841.84	80.467
842.02	80.601
842.20	80.796
842.38	80.931
842.56	81.076
842.74	81.230
842.92	81.335
843.10	81.481
843.28	81.678
843.46	81.815
843.64	81.915
843.82	82.049
843.99	82.173
844.17	82.342
844.35	82.579
844.53	82.740
844.71	82.943
844.89	83.078
845.07	83.275
845.25	83.465
845.43	83.650
845.61	83.811
845.78	84.035
845.96	84.201
846.14	84.404
846.32	84.593
846.50	84.748
846.68	84.973
846.86	85.133
847.04	85.284
847.22	85.394
847.39	85.581
847.57	85.702
847.75	85.828
847.93	85.896
848.11	85.991
848.29	86.136
848.47	86.199
848.65	86.344
848.82	86.391
849.00	86.476
849.18	86.533
849.36	86.576
849.54	86.635
849.72	86.634
849.89	86.690
850.07	86.768
850.25	86.773
850.43	86.747
850.61	86.750
850.79	86.715
850.97	86.789
851.14	86.811
851.32	86.801
851.50	86.826
851.68	86.886
851.86	86.937
852.04	86.915
852.21	86.957
852.39	86.967
852.57	87.033
852.75	87.039
852.93	87.047
853.10	87.042
853.28	87.003
853.46	87.004
853.64	86.937
853.82	86.843
854.00	86.876
854.17	86.824
854.35	86.743
854.53	86.712
854.71	86.628
854.89	86.517
855.06	86.485
855.24	86.431
855.42	86.343
855.60	86.204
855.78	86.109
855.95	85.985
856.13	85.883
856.31	85.707
856.49	85.566
856.66	85.465
856.84	85.308
857.02	85.234
857.20	85.152
857.38	84.996
857.55	84.871
857.73	84.642
857.91	84.547
858.09	84.393
858.26	84.252
858.44	84.118
858.62	83.991
858.80	83.819
858.97	83.646
859.15	83.468
859.33	83.256
859.51	83.095
859.68	82.906
859.86	82.703
860.04	82.525
860.22	82.328
860.39	82.113
860.57	81.897
860.75	81.622
860.93	81.392
861.10	81.258
861.28	81.078
861.46	80.867
861.64	80.660
861.81	80.508
861.99	80.290
862.17	80.056
862.35	79.854
862.52	79.683
862.70	79.479
862.88	79.307
863.05	79.107
863.23	78.884
863.41	78.701
863.59	78.493
863.76	78.329
863.94	78.126
864.12	77.939
864.29	77.783
864.47	77.569
864.65	77.382
864.83	77.116
865.00	76.874
865.18	76.710
865.36	76.517
865.53	76.304
865.71	76.153
865.89	75.956
866.06	75.734
866.24	75.489
866.42	75.278
866.59	75.042
866.77	74.875
866.95	74.667
867.12	74.414
867.30	74.239
867.48	73.998
867.65	73.799
867.83	73.584
868.01	73.396
868.18	73.197
868.36	72.986
868.54	72.827
868.71	72.678
868.89	72.511
869.07	72.322
869.24	72.145
869.42	71.936
869.60	71.766
869.77	71.652
869.95	71.501
870.13	71.350
870.30	71.224
870.48	71.033
870.66	70.881
870.83	70.764
871.01	70.567
871.18	70.447
871.36	70.309
871.54	70.152
871.71	70.010
871.89	69.917
872.07	69.741
872.24	69.601
872.42	69.495
872.59	69.372
872.77	69.236
872.95	69.138
873.12	68.992
873.30	68.863
873.48	68.749
873.65	68.640
873.83	68.524
874.00	68.398
874.18	68.309
874.36	68.241
874.53	68.155
874.71	68.079
874.88	67.992
875.06	67.948
875.24	67.937
875.41	67.881
875.59	67.834
875.76	67.850
875.94	67.802
876.11	67.690
876.29	67.590
876.47	67.552
876.64	67.485
876.82	67.447
876.99	67.409
877.17	67.356
877.35	67.328
877.52	67.295
877.70	67.254
877.87	67.232
878.05	67.223
878.22	67.224
878.40	67.254
878.57	67.238
878.75	67.204
878.93	67.157
879.10	67.156
879.28	67.164
879.45	67.162
879.63	67.144
879.80	67.140
879.98	67.196
880.15	67.219
880.33	67.260
880.50	67.297
880.68	67.405
880.86	67.468
881.03	67.533
881.21	67.608
881.38	67.694
881.56	67.864
881.73	67.919
881.91	67.986
882.08	68.050
882.26	68.184
882.43	68.300
882.61	68.472
882.78	68.595
882.96	68.728
883.13	68.854
883.31	69.006
883.48	69.206
883.66	69.362
883.83	69.520
884.01	69.643
884.18	69.860
884.36	70.004
884.53	70.130
884.71	70.277
884.88	70.395
885.06	70.551
885.23	70.626
885.41	70.764
885.58	70.875
885.76	71.043
885.93	71.123
886.11	71.300
886.28	71.407
886.46	71.535
886.63	71.663
886.81	71.787
886.98	71.969
887.15	72.069
887.33	72.232
887.50	72.414
887.68	72.567
887.85	72.654
888.03	72.790
888.20	72.949
888.38	73.107
888.55	73.289
888.73	73.373
888.90	73.500
889.08	73.646
889.25	73.783
889.42	73.909
889.60	74.111
889.77	74.190
889.95	74.327
890.12	74.423
890.30	74.514
890.47	74.592
890.64	74.720
890.82	74.875
890.99	74.992
891.17	75.091
891.34	75.222
891.52	75.345
891.69	75.470
891.86	75.602
892.04	75.714
892.21	75.868
892.39	76.109
892.56	76.282
892.73	76.384
892.91	76.533
893.08	76.744
893.26	76.838
893.43	77.012
893.60	77.118
893.78	77.282
893.95	77.458
894.13	77.711
894.30	77.873
894.47	78.076
894.65	78.210
894.82	78.378
895.00	78.527
895.17	78.701
895.34	78.877
895.52	79.053
895.69	79.169
895.86	79.302
896.04	79.349
896.21	79.505
896.39	79.690
896.56	79.867
896.73	79.873
896.91	79.936
897.08	80.015
897.25	80.194
897.43	80.253
897.60	80.346
897.77	80.359
897.95	80.354
898.12	80.351
898.30	80.472
898.47	80.491
898.64	80.547
898.82	80.572
898.99	80.556
899.16	80.552
899.34	80.549
899.51	80.467
899.68	80.462
899.86	80.419
900.03	80.359
900.20	80.305
900.38	80.344
900.55	80.423
900.72	80.388
900.90	80.319
901.07	80.431
901.24	80.395
901.41	80.418
901.59	80.441
901.76	80.447
901.93	80.396
902.11	80.331
902.28	80.336
902.45	80.444
902.63	80.493
902.80	80.476
902.97	80.489
903.15	80.599
903.32	80.666
903.49	80.673
903.66	80.731
903.84	80.763
904.01	80.739
904.18	80.719
904.36	80.747
904.53	80.724
904.70	80.658
904.87	80.663
905.05	80.590
905.22	80.612
905.39	80.593
905.56	80.531
905.74	80.515
905.91	80.416
906.08	80.285
906.26	80.189
906.43	80.095
906.60	79.996
906.77	79.840
906.95	79.726
907.12	79.598
907.29	79.431
907.46	79.397
907.64	79.311
907.81	79.201
907.98	79.029
908.15	78.935
908.33	78.814
908.50	78.687
908.67	78.590
908.84	78.459
909.01	78.302
909.19	78.216
909.36	78.086
909.53	77.963
909.70	77.730
909.88	77.629
910.05	77.463
910.22	77.398
910.39	77.274
910.57	77.175
910.74	77.095
910.91	77.049
911.08	76.847
911.25	76.702
911.43	76.575
911.60	76.450
911.77	76.300
911.94	76.077
912.11	75.900
912.29	75.701
912.46	75.462
912.63	75.257
912.80	75.026
912.97	74.849
913.15	74.705
913.32	74.584
913.49	74.371
913.66	74.292
913.83	74.057
914.00	73.848
914.18	73.637
914.35	73.426
914.52	73.150
914.69	72.929
914.86	72.725
915.03	72.518
915.21	72.382
915.38	72.169
915.55	72.089
915.72	71.926
915.89	71.791
916.06	71.697
916.24	71.616
916.41	71.456
916.58	71.336
916.75	71.130
916.92	70.962
917.09	70.753
917.26	70.474
917.44	70.270
917.61	70.132
917.78	69.926
917.95	69.774
918.12	69.586
918.29	69.501
918.46	69.313
918.64	69.163
918.81	69.006
918.98	68.872
919.15	68.687
919.32	68.532
919.49	68.301
919.66	68.094
919.83	67.901
920.00	67.724
920.18	67.556
920.35	67.509
920.52	67.384
920.69	67.335
920.86	67.307
921.03	67.206
921.20	67.065
921.37	66.937
921.54	66.678
921.71	66.569
921.89	66.377
922.06	66.309
922.23	66.171
922.40	66.042
922.57	65.836
922.74	65.725
922.91	65.653
923.08	65.576
923.25	65.476
923.42	65.362
923.59	65.325
923.76	65.113
923.93	64.910
924.11	64.728
924.28	64.580
924.45	64.462
924.62	64.440
924.79	64.343
924.96	64.173
925.13	64.138
925.30	64.022
925.47	63.867
925.64	63.755
925.81	63.686
925.98	63.608
926.15	63.571
926.32	63.397
926.49	63.267
926.66	63.182
926.83	63.075
927.00	63.038
927.17	62.900
927.34	62.952
927.51	62.904
927.69	62.926
927.86	62.893
928.03	62.766
928.20	62.714
928.37	62.610
928.54	62.643
928.71	62.597
928.88	62.623
929.05	62.657
929.22	62.637
929.39	62.588
929.56	62.522
929.73	62.484
929.90	62.539
930.07	62.524
930.24	62.493
930.41	62.503
930.58	62.536
930.75	62.616
930.92	62.558
931.09	62.542
931.26	62.507
931.43	62.463
931.60	62.458
931.77	62.406
931.94	62.476
932.11	62.517
932.27	62.552
932.44	62.576
932.61	62.604
932.78	62.575
932.95	62.662
933.12	62.621
933.29	62.657
933.46	62.662
933.63	62.618
933.80	62.644
933.97	62.645
934.14	62.613
934.31	62.550
934.48	62.586
934.65	62.609
934.82	62.689
934.99	62.717
935.16	62.792
935.33	62.843
935.50	62.972
935.67	63.055
935.84	63.117
936.00	63.127
936.17	63.199
936.34	63.321
936.51	63.318
936.68	63.389
936.85	63.430
937.02	63.542
937.19	63.599
937.36	63.744
937.53	63.752
937.70	63.844
937.87	63.915
938.03	63.937
938.20	64.002
938.37	64.064
938.54	64.153
938.71	64.220
938.88	64.343
939.05	64.256
939.22	64.214
939.39	64.274
939.56	64.461
939.72	64.494
939.89	64.538
940.06	64.587
940.23	64.667
940.40	64.754
940.57	64.883
940.74	65.036
940.91	65.074
941.08	65.261
941.24	65.349
941.41	65.555
941.58	65.779
941.75	65.923
941.92	66.084
942.09	66.221
942.26	66.319
942.42	66.375
942.59	66.607
942.76	66.940
942.93	67.110
943.10	67.107
943.27	67.284
943.44	67.422
943.60	67.617
943.77	67.616
943.94	67.829
944.11	67.878
944.28	67.976
944.45	68.098
944.61	68.198
944.78	68.251
944.95	68.261
945.12	68.456
945.29	68.592
945.46	68.549
945.62	68.565
945.79	68.758
945.96	69.058
946.13	69.220
946.30	69.225
946.46	69.372
946.63	69.509
946.80	69.632
946.97	69.806
947.14	69.881
947.31	70.394
947.47	70.632
947.64	70.815
947.81	70.992
947.98	71.188
948.15	71.280
948.31	71.499
948.48	71.660
948.65	71.653
948.82	71.766
948.98	71.935
949.15	72.256
949.32	72.302
949.49	72.280
949.66	72.355
949.82	72.418
949.99	72.519
950.16	72.610
950.33	72.596
950.49	72.686
950.66	72.668
950.83	72.527
951.00	72.335
951.16	72.142
951.33	72.158
951.50	72.075
951.67	72.177
951.83	72.201
952.00	72.234
952.17	72.173
952.34	72.189
952.50	72.395
952.67	72.339
952.84	72.406
953.01	72.341
953.17	72.346
953.34	72.484
953.51	72.432
953.68	72.360
953.84	72.308
954.01	72.250
954.18	72.185
954.34	72.246
954.51	72.355
954.68	72.510
954.85	72.531
955.01	72.687
955.18	72.899
955.35	72.690
955.51	72.641
955.68	72.759
955.85	72.930
956.02	72.772
956.18	72.801
956.35	72.743
956.52	72.808
956.68	72.835
956.85	72.691
957.02	72.788
957.18	72.828
957.35	72.850
957.52	72.922
957.69	73.051
957.85	73.112
958.02	73.000
958.19	72.918
958.35	72.936
958.52	72.738
958.69	72.426
958.85	72.596
959.02	72.692
959.19	72.459
959.35	72.321
959.52	72.363
959.69	72.389
959.85	72.422
960.02	72.424
960.19	72.292
960.35	72.265
960.52	72.133
960.68	72.112
960.85	72.209
961.02	71.949
961.18	71.963
961.35	71.751
961.52	71.774
961.68	71.787
961.85	71.667
962.02	71.712
962.18	71.737
962.35	71.490
962.51	71.354
962.68	71.434
962.85	71.368
963.01	71.070
963.18	70.963
963.35	70.603
963.51	70.450
963.68	70.435
963.84	70.157
964.01	70.181
964.18	70.031
964.34	69.790
964.51	69.680
964.67	69.485
964.84	69.399
965.01	69.203
965.17	68.958
965.34	68.927
965.50	68.654
965.67	68.645
965.84	68.624
966.00	68.761
966.17	68.813
966.33	68.661
966.50	68.572
966.66	68.531
966.83	68.610
967.00	68.525
967.16	68.328
967.33	68.298
967.49	68.151
967.66	68.381
967.82	68.235
967.99	68.380
968.16	68.363
968.32	68.264
968.49	68.083
968.65	68.235
968.82	68.104
968.98	68.244
969.15	67.879
969.31	67.636
969.48	67.286
969.64	66.950
969.81	66.953
969.98	66.931
970.14	66.551
970.31	66.506
970.47	66.239
970.64	66.042
970.80	66.085
970.97	65.525
971.13	65.187
971.30	65.083
971.46	64.828
971.63	64.596
971.79	64.653
971.96	64.652
972.12	64.307
972.29	63.942
972.45	63.794
972.62	63.843
972.78	63.907
972.95	63.576
973.11	63.335
973.28	63.156
973.44	63.207
973.61	63.459
973.77	63.274
973.94	63.294
974.10	63.421
974.27	63.382
974.43	63.765
974.60	63.718
974.76	63.682
974.93	63.706
975.09	63.522
975.26	63.296
975.42	63.249
975.59	63.126
975.75	63.486
975.92	63.381
976.08	62.895
976.24	62.758
976.41	62.578
976.57	62.692
976.74	62.595
976.90	62.193
977.07	61.645
977.23	61.592
977.40	61.393
977.56	60.752
977.73	60.364
977.89	60.000
978.05	59.622
978.22	59.494
978.38	59.223
978.55	59.088
978.71	58.889
978.88	58.894
979.04	58.898
979.20	58.650
979.37	58.467
979.53	58.468
979.70	58.565
979.86	58.780
980.03	58.626
980.19	58.533
980.35	58.529
980.52	58.380
980.68	58.468
980.85	58.464
981.01	58.636
981.17	58.696
981.34	58.541
981.50	58.442
981.67	58.407
981.83	58.237
981.99	58.123
982.16	57.947
982.32	57.135
982.49	57.030
982.65	56.806
982.81	56.956
982.98	56.979
983.14	56.866
983.30	56.536
983.47	56.467
983.63	56.181
983.80	56.042
983.96	55.928
984.12	56.253
984.29	56.304
984.45	56.534
984.61	56.291
984.78	56.561
984.94	56.868
985.10	57.390
985.27	57.287
985.43	57.751
985.59	58.159
985.76	58.677
985.92	58.856
986.08	59.261
986.25	58.858
986.41	59.403
986.57	58.883
986.74	59.205
986.90	59.167
987.06	59.042
987.23	59.041
987.39	58.753
987.55	57.814
987.72	57.619
987.88	56.896
988.04	57.220
988.21	57.616
988.37	57.277
988.53	56.525
988.70	56.932
988.86	56.289
989.02	55.887
989.19	55.463
989.35	55.472
989.51	54.841
989.67	54.786
989.84	54.289
990.00	54.396
990.16	54.655
990.33	54.848
990.49	55.378
990.65	55.538
990.82	55.941
990.98	55.962
991.14	56.044
991.30	56.894
991.47	56.397
991.63	56.331
991.79	57.234
991.95	57.477
992.12	57.524
992.28	57.763
992.44	57.938
992.61	58.319
992.77	58.390
992.93	58.954
993.09	59.227
993.26	59.394
993.42	59.897
993.58	59.502
993.74	59.213
993.91	58.683
994.07	58.465
994.23	58.666
994.39	58.881
994.55	59.045
994.72	58.460
994.88	58.612
995.04	58.110
995.20	57.698
995.37	57.259
995.53	57.229
995.69	57.203
995.85	56.752
996.02	56.702
996.18	56.842
996.34	56.391
996.50	56.320
996.66	57.434
996.83	56.976
996.99	56.326
997.15	57.128
997.31	57.237
997.47	57.745
997.64	57.724
997.80	58.102
997.96	58.711
998.12	59.128
998.28	60.030
998.45	60.685
998.61	60.646
998.77	60.632
998.93	60.698
999.09	61.716
999.25	62.048
999.42	63.158
999.58	63.017
999.74	62.697
999.90	62.533
1000.06	61.467
1000.22	61.761
1000.39	62.532
1000.55	62.304
1000.71	63.035
1000.87	62.733
1001.03	62.542
1001.19	62.490
1001.36	61.828
1001.52	61.362
1001.68	60.908
1001.84	61.207
1002.00	60.367
1002.16	60.372
1002.32	59.865
1002.49	58.320
1002.65	58.194
1002.81	57.589
1002.97	57.502
1003.13	57.677
1003.29	58.565
1003.45	58.392
1003.62	59.149
1003.78	58.838
1003.94	58.997
1004.10	58.018
1004.26	58.025
1004.42	58.065
1004.58	58.036
1004.74	58.407
1004.90	59.941
1005.07	59.801
1005.23	58.748
1005.39	60.039
1005.55	60.909
1005.71	60.437
1005.87	61.766
1006.03	62.660
1006.19	62.597
1006.35	62.241
1006.51	63.307
1006.67	63.241
1006.84	63.140
1007.00	62.620
1007.16	63.984
1007.32	62.253
1007.48	63.598
1007.64	65.083
1007.80	64.969
1007.96	63.794
1008.12	64.193
1008.28	62.684
1008.44	63.855
1008.60	64.468
1008.76	62.863
1008.92	61.672
1009.09	62.059
1009.25	61.696
1009.41	61.013
1009.57	61.851
1009.73	63.041
1009.89	63.550
1010.05	64.254
1010.21	66.222
1010.37	66.130
1010.53	67.556
1010.69	69.452
1010.85	68.767
1011.01	67.309
1011.17	66.444
1011.33	68.956
1011.49	69.487
1011.65	69.405
1011.81	68.581
1011.97	69.077
1012.13	71.671
1012.29	73.573
1012.45	74.799
1012.61	78.003
1012.77	75.872
1012.93	75.148
1013.09	73.481
1013.25	73.626
1013.41	74.019
1013.57	70.794
1013.73	69.795
1013.89	65.570
1014.05	67.848
1014.21	65.450
1014.37	64.129
1014.53	63.528
1014.69	63.591
1014.85	63.346
1015.01	65.827
1015.17	68.516
1015.33	69.085
1015.49	67.767
1015.65	69.065
1015.81	69.851
1015.97	67.033
1016.13	70.935
1016.29	70.353
1016.45	71.745
1016.61	72.493
1016.77	69.764
1016.93	70.886
1017.09	70.856
1017.25	72.153
1017.41	70.777
1017.56	73.022
1017.72	79.954
1017.88	81.453
1018.04	82.393
1018.20	80.539
1018.36	80.414
1018.52	78.289
1018.68	79.657
1018.84	80.795
1019.00	79.448
1019.16	81.628
1019.32	84.403
1019.48	84.241
1019.64	87.626
1019.79	84.926
1019.95	80.739
1020.11	86.281
1020.27	86.061
1020.43	92.573
1020.59	95.234
1020.75	92.486
1020.91	97.558
1021.07	89.622
1021.23	90.137
1021.39	85.082
1021.54	90.443
1021.70	88.071
1021.86	87.486
1022.02	85.276
1022.18	82.714
1022.34	85.511
1022.50	83.708
1022.66	81.431
1022.82	81.612
1022.97	80.122
1023.13	83.050
1023.29	89.030
1023.45	87.404
1023.61	89.020
1023.77	86.661
1023.93	87.419
1024.08	88.120
1024.24	84.440
1024.40	86.104
1024.56	94.697
1024.72	99.124
1024.88	87.322
1025.04	91.728
1025.19	87.322
1025.35	83.941
1025.51	88.210
1025.67	92.027
1025.83	87.490
1025.99	90.904
1026.14	89.254
1026.30	99.427
1026.46	103.221
1026.62	95.467
1026.78	87.502
1026.94	83.639
1027.09	81.532
1027.25	78.857
1027.41	81.334
1027.57	81.397
1027.73	79.852
1027.89	73.330
1028.04	71.636
1028.20	71.089
1028.36	71.689
1028.52	72.511
1028.68	72.839
1028.83	73.348
1028.99	69.514
1029.15	69.960
1029.31	68.601
1029.47	70.247
1029.62	67.951
1029.78	66.806
1029.94	67.880
1030.10	70.732
1030.25	73.235
1030.41	76.732
1030.57	79.521
1030.73	81.961
1030.89	81.398
1031.04	84.237
1031.20	89.644
1031.36	100.658
1031.52	108.236
1031.67	111.908
1031.83	119.449
1031.99	130.458
1032.15	118.408
1032.30	131.951
1032.46	151.434
1032.62	141.951
1032.78	126.256
1032.93	147.144
1033.09	128.342
1033.25	120.538
1033.41	121.634
1033.56	117.995
1033.72	87.206
1033.88	313.929
1034.04	50.886
1034.19	81.576
1034.35	79.606
1034.51	-35.562
1034.66	55.343
1034.82	1914.167
1034.98	1914.167
1035.14	1914.167
