345.22	49.444
345.43	49.444
345.65	49.444
345.86	46.158
346.08	132.292
346.29	0.519
346.51	40.240
346.72	25.455
346.94	-234.295
347.15	-89.427
347.37	192.378
347.58	222.696
347.80	249.210
348.01	208.487
348.23	142.392
348.44	133.058
348.66	120.008
348.87	121.782
349.09	115.101
349.30	102.437
349.52	94.559
349.73	97.140
349.95	96.033
350.16	98.049
350.38	94.674
350.59	87.935
350.81	86.583
351.02	84.977
351.24	83.041
351.45	82.118
351.67	84.403
351.88	83.219
352.10	79.595
352.31	78.772
352.53	82.799
352.74	84.166
352.96	85.005
353.17	84.370
353.39	85.579
353.60	87.177
353.82	88.231
354.03	88.422
354.25	83.486
354.46	78.640
354.67	75.415
354.89	73.876
355.10	78.001
355.32	76.925
355.53	78.312
355.75	80.721
355.96	81.834
356.18	81.796
356.39	81.399
356.61	85.361
356.82	85.037
357.04	81.012
357.25	81.036
357.46	80.785
357.68	80.167
357.89	78.494
358.11	77.121
358.32	79.882
358.54	77.941
358.75	79.777
358.97	81.812
359.18	84.486
359.40	83.765
359.61	84.198
359.82	85.361
360.04	85.023
360.25	83.032
360.47	78.987
360.68	78.346
360.90	78.583
361.11	76.481
361.32	76.588
361.54	80.241
361.75	80.490
361.97	81.467
362.18	82.703
362.40	83.952
362.61	85.420
362.83	85.422
363.04	86.990
363.25	88.632
363.47	90.136
363.68	88.176
363.90	92.467
364.11	92.821
364.32	93.052
364.54	91.248
364.75	88.663
364.97	92.692
365.18	91.232
365.40	89.456
365.61	89.887
365.82	90.301
366.04	88.972
366.25	88.024
366.47	86.216
366.68	84.242
366.89	85.227
367.11	82.659
367.32	82.564
367.54	79.712
367.75	79.017
367.96	77.719
368.18	79.025
368.39	77.828
368.61	77.814
368.82	78.993
369.03	81.506
369.25	85.408
369.46	86.102
369.68	86.512
369.89	87.534
370.10	87.726
370.32	88.040
370.53	87.661
370.75	84.273
370.96	86.184
371.17	86.844
371.39	84.175
371.60	84.652
371.81	85.830
372.03	88.136
372.24	88.946
372.46	92.029
372.67	92.661
372.88	91.039
373.10	90.927
373.31	89.330
373.52	89.277
373.74	87.404
373.95	86.435
374.17	87.484
374.38	89.632
374.59	89.962
374.81	88.297
375.02	86.701
375.23	90.017
375.45	87.831
375.66	85.908
375.87	87.234
376.09	87.537
376.30	86.034
376.52	87.651
376.73	84.735
376.94	83.421
377.16	84.042
377.37	88.092
377.58	87.955
377.80	89.259
378.01	90.314
378.22	91.727
378.44	92.431
378.65	94.664
378.86	94.489
379.08	95.116
379.29	95.544
379.50	98.737
379.72	98.693
379.93	101.662
380.14	104.926
380.36	105.815
380.57	107.324
380.78	107.629
381.00	108.528
381.21	110.252
381.42	111.071
381.64	111.573
381.85	111.049
382.06	111.071
382.28	111.166
382.49	110.622
382.70	111.118
382.92	111.363
383.13	110.581
383.34	111.120
383.56	111.920
383.77	113.129
383.98	112.516
384.20	113.466
384.41	113.583
384.62	113.721
384.83	114.218
385.05	114.512
385.26	115.366
385.47	116.157
385.69	117.023
385.90	117.838
386.11	118.522
386.33	119.476
386.54	120.347
386.75	120.981
386.97	122.142
387.18	122.884
387.39	123.756
387.60	124.211
387.82	124.717
388.03	125.171
388.24	125.732
388.46	126.191
388.67	126.396
388.88	126.396
389.09	126.340
389.31	126.166
389.52	125.982
389.73	125.490
389.95	125.062
390.16	124.538
390.37	124.108
390.58	123.636
390.80	122.895
391.01	122.330
391.22	121.777
391.44	120.846
391.65	120.076
391.86	119.322
392.07	118.948
392.29	118.410
392.50	117.828
392.71	117.250
392.92	116.928
393.14	116.444
393.35	116.217
393.56	116.132
393.78	116.102
393.99	116.283
394.20	116.579
394.41	116.815
394.63	117.085
394.84	117.584
395.05	118.250
395.26	118.875
395.48	119.561
395.69	120.194
395.90	121.147
396.11	122.031
396.33	122.864
396.54	123.769
396.75	124.519
396.96	125.300
397.18	125.991
397.39	126.664
397.60	127.391
397.81	127.974
398.03	128.391
398.24	128.742
398.45	128.926
398.66	129.041
398.87	129.092
399.09	129.022
399.30	128.718
399.51	128.219
399.72	127.785
399.94	127.210
400.15	126.570
400.36	125.764
400.57	124.904
400.79	124.044
401.00	123.038
401.21	122.125
401.42	121.173
401.63	120.207
401.85	119.282
402.06	118.461
402.27	117.627
402.48	116.933
402.69	116.297
402.91	115.692
403.12	115.122
403.33	114.781
403.54	114.606
403.76	114.383
403.97	114.369
404.18	114.472
404.39	114.710
404.60	115.079
404.82	115.568
405.03	116.164
405.24	116.787
405.45	117.500
405.66	118.295
405.88	119.111
406.09	120.051
406.30	120.891
406.51	121.656
406.72	122.512
406.94	123.301
407.15	124.051
407.36	124.826
407.57	125.557
407.78	126.137
407.99	126.560
408.21	126.976
408.42	127.296
408.63	127.540
408.84	127.592
409.05	127.574
409.27	127.345
409.48	126.953
409.69	126.485
409.90	125.998
410.11	125.392
410.32	124.737
410.54	123.911
410.75	123.022
410.96	122.087
411.17	121.102
411.38	120.106
411.59	119.109
411.81	118.034
412.02	116.973
412.23	115.959
412.44	115.020
412.65	114.197
412.86	113.440
413.08	112.673
413.29	111.977
413.50	111.457
413.71	111.062
413.92	110.758
414.13	110.580
414.34	110.480
414.56	110.426
414.77	110.532
414.98	110.720
415.19	111.143
415.40	111.671
415.61	112.262
415.82	112.906
416.04	113.651
416.25	114.398
416.46	115.228
416.67	116.133
416.88	117.001
417.09	117.887
417.30	118.707
417.52	119.589
417.73	120.383
417.94	121.109
418.15	121.794
418.36	122.497
418.57	123.031
418.78	123.475
418.99	123.904
419.21	124.197
419.42	124.426
419.63	124.505
419.84	124.461
420.05	124.291
420.26	123.982
420.47	123.526
420.68	123.091
420.89	122.532
421.11	121.821
421.32	121.136
421.53	120.317
421.74	119.476
421.95	118.593
422.16	117.710
422.37	116.813
422.58	115.818
422.79	114.830
423.01	113.912
423.22	113.000
423.43	112.170
423.64	111.374
423.85	110.661
424.06	110.035
424.27	109.454
424.48	108.978
424.69	108.672
424.90	108.457
425.11	108.321
425.33	108.315
425.54	108.390
425.75	108.536
425.96	108.794
426.17	109.167
426.38	109.633
426.59	110.187
426.80	110.805
427.01	111.531
427.22	112.340
427.43	113.248
427.64	114.133
427.85	114.983
428.07	115.900
428.28	116.773
428.49	117.660
428.70	118.553
428.91	119.412
429.12	120.170
429.33	120.928
429.54	121.623
429.75	122.222
429.96	122.817
430.17	123.303
430.38	123.691
430.59	123.922
430.80	124.049
431.01	124.094
431.22	124.062
431.44	123.907
431.65	123.655
431.86	123.261
432.07	122.817
432.28	122.306
432.49	121.691
432.70	120.992
432.91	120.185
433.12	119.309
433.33	118.390
433.54	117.506
433.75	116.570
433.96	115.626
434.17	114.586
434.38	113.601
434.59	112.645
434.80	111.710
435.01	110.898
435.22	110.140
435.43	109.432
435.64	108.769
435.85	108.186
436.06	107.684
436.27	107.299
436.48	107.016
436.69	106.787
436.90	106.687
437.11	106.701
437.33	106.816
437.54	107.038
437.75	107.399
437.96	107.764
438.17	108.229
438.38	108.722
438.59	109.363
438.80	110.021
439.01	110.807
439.22	111.661
439.43	112.402
439.64	113.204
439.85	114.035
440.06	114.847
440.27	115.703
440.48	116.491
440.69	117.253
440.90	117.973
441.11	118.705
441.32	119.345
441.53	119.916
441.74	120.401
441.95	120.851
442.16	121.183
442.37	121.413
442.58	121.585
442.79	121.683
443.00	121.695
443.21	121.613
443.42	121.351
443.62	120.950
443.83	120.631
444.04	120.177
444.25	119.649
444.46	119.036
444.67	118.327
444.88	117.601
445.09	116.791
445.30	115.937
445.51	115.010
445.72	114.053
445.93	113.148
446.14	112.196
446.35	111.214
446.56	110.297
446.77	109.405
446.98	108.506
447.19	107.630
447.40	106.834
447.61	106.050
447.82	105.357
448.03	104.763
448.24	104.199
448.45	103.730
448.66	103.346
448.87	103.041
449.08	102.860
449.29	102.742
449.49	102.726
449.70	102.814
449.91	102.973
450.12	103.244
450.33	103.548
450.54	103.959
450.75	104.460
450.96	104.991
451.17	105.601
451.38	106.243
451.59	106.955
451.80	107.658
452.01	108.424
452.22	109.218
452.43	109.980
452.64	110.734
452.84	111.506
453.05	112.234
453.26	112.979
453.47	113.649
453.68	114.307
453.89	114.918
454.10	115.418
454.31	115.908
454.52	116.294
454.73	116.640
454.94	116.879
455.15	117.018
455.36	117.069
455.56	117.053
455.77	116.953
455.98	116.785
456.19	116.540
456.40	116.229
456.61	115.859
456.82	115.373
457.03	114.841
457.24	114.214
457.45	113.560
457.65	112.787
457.86	112.007
458.07	111.187
458.28	110.273
458.49	109.411
458.70	108.472
458.91	107.552
459.12	106.621
459.33	105.665
459.54	104.771
459.74	103.890
459.95	103.023
460.16	102.238
460.37	101.497
460.58	100.813
460.79	100.160
461.00	99.540
461.21	99.019
461.41	98.562
461.62	98.183
461.83	97.905
462.04	97.722
462.25	97.564
462.46	97.522
462.67	97.591
462.88	97.734
463.08	97.975
463.29	98.251
463.50	98.608
463.71	99.060
463.92	99.545
464.13	100.069
464.34	100.655
464.54	101.300
464.75	101.977
464.96	102.668
465.17	103.385
465.38	104.095
465.59	104.859
465.80	105.598
466.00	106.312
466.21	107.011
466.42	107.669
466.63	108.360
466.84	109.000
467.05	109.579
467.26	110.113
467.46	110.532
467.67	110.949
467.88	111.317
468.09	111.591
468.30	111.824
468.51	111.993
468.71	112.064
468.92	112.067
469.13	111.989
469.34	111.858
469.55	111.626
469.76	111.356
469.96	110.988
470.17	110.559
470.38	110.091
470.59	109.537
470.80	108.928
471.00	108.306
471.21	107.597
471.42	106.880
471.63	106.118
471.84	105.349
472.05	104.528
472.25	103.692
472.46	102.851
472.67	101.966
472.88	101.141
473.09	100.297
473.29	99.452
473.50	98.666
473.71	97.882
473.92	97.135
474.13	96.433
474.33	95.792
474.54	95.196
474.75	94.659
474.96	94.177
475.17	93.762
475.37	93.370
475.58	93.075
475.79	92.855
476.00	92.707
476.21	92.643
476.41	92.645
476.62	92.726
476.83	92.867
477.04	93.117
477.24	93.384
477.45	93.735
477.66	94.135
477.87	94.564
478.08	95.071
478.28	95.596
478.49	96.178
478.70	96.803
478.91	97.432
479.11	98.078
479.32	98.766
479.53	99.435
479.74	100.149
479.94	100.827
480.15	101.474
480.36	102.106
480.57	102.722
480.78	103.337
480.98	103.871
481.19	104.380
481.40	104.835
481.61	105.282
481.81	105.661
482.02	105.981
482.23	106.281
482.44	106.478
482.64	106.651
482.85	106.744
483.06	106.751
483.27	106.735
483.47	106.665
483.68	106.511
483.89	106.302
484.10	106.016
484.30	105.684
484.51	105.279
484.72	104.854
484.92	104.336
485.13	103.799
485.34	103.225
485.55	102.598
485.75	101.947
485.96	101.231
486.17	100.504
486.38	99.769
486.58	98.996
486.79	98.231
487.00	97.444
487.20	96.655
487.41	95.894
487.62	95.132
487.83	94.371
488.03	93.631
488.24	92.921
488.45	92.229
488.65	91.568
488.86	90.958
489.07	90.378
489.28	89.858
489.48	89.371
489.69	88.975
489.90	88.605
490.10	88.306
490.31	88.067
490.52	87.869
490.73	87.741
490.93	87.676
491.14	87.668
491.35	87.726
491.55	87.836
491.76	87.999
491.97	88.210
492.17	88.469
492.38	88.787
492.59	89.155
492.79	89.577
493.00	90.037
493.21	90.533
493.41	91.052
493.62	91.603
493.83	92.180
494.04	92.735
494.24	93.330
494.45	93.927
494.66	94.512
494.86	95.128
495.07	95.709
495.28	96.302
495.48	96.861
495.69	97.403
495.90	97.932
496.10	98.433
496.31	98.887
496.52	99.306
496.72	99.720
496.93	100.081
497.14	100.384
497.34	100.627
497.55	100.853
497.76	101.017
497.96	101.127
498.17	101.180
498.37	101.196
498.58	101.134
498.79	101.019
498.99	100.880
499.20	100.663
499.41	100.401
499.61	100.068
499.82	99.705
500.03	99.281
500.23	98.841
500.44	98.333
500.65	97.803
500.85	97.245
501.06	96.620
501.26	95.985
501.47	95.323
501.68	94.660
501.88	93.950
502.09	93.245
502.30	92.522
502.50	91.794
502.71	91.074
502.91	90.362
503.12	89.652
503.33	88.947
503.53	88.275
503.74	87.607
503.95	86.961
504.15	86.348
504.36	85.761
504.56	85.199
504.77	84.691
504.98	84.203
505.18	83.777
505.39	83.385
505.59	83.038
505.80	82.748
506.01	82.505
506.21	82.317
506.42	82.177
506.62	82.085
506.83	82.042
507.04	82.061
507.24	82.121
507.45	82.244
507.65	82.411
507.86	82.605
508.07	82.859
508.27	83.159
508.48	83.487
508.68	83.873
508.89	84.281
509.10	84.712
509.30	85.175
509.51	85.650
509.71	86.147
509.92	86.659
510.12	87.177
510.33	87.707
510.54	88.234
510.74	88.775
510.95	89.302
511.15	89.828
511.36	90.351
511.56	90.861
511.77	91.341
511.98	91.812
512.18	92.269
512.39	92.694
512.59	93.092
512.80	93.457
513.00	93.784
513.21	94.071
513.42	94.332
513.62	94.551
513.83	94.733
514.03	94.865
514.24	94.953
514.44	94.988
514.65	94.993
514.85	94.956
515.06	94.877
515.26	94.743
515.47	94.576
515.68	94.353
515.88	94.093
516.09	93.790
516.29	93.446
516.50	93.065
516.70	92.642
516.91	92.186
517.11	91.704
517.32	91.195
517.52	90.657
517.73	90.111
517.93	89.529
518.14	88.931
518.34	88.328
518.55	87.711
518.76	87.093
518.96	86.451
519.17	85.803
519.37	85.149
519.58	84.522
519.78	83.884
519.99	83.248
520.19	82.629
520.40	82.046
520.60	81.470
520.81	80.912
521.01	80.373
521.22	79.879
521.42	79.412
521.63	78.972
521.83	78.567
522.04	78.186
522.24	77.864
522.45	77.578
522.65	77.335
522.86	77.139
523.06	76.978
523.27	76.870
523.47	76.803
523.68	76.777
523.88	76.788
524.09	76.845
524.29	76.957
524.50	77.103
524.70	77.281
524.91	77.497
525.11	77.764
525.32	78.072
525.52	78.396
525.72	78.770
525.93	79.162
526.13	79.586
526.34	80.018
526.54	80.490
526.75	80.956
526.95	81.443
527.16	81.928
527.36	82.438
527.57	82.942
527.77	83.447
527.98	83.966
528.18	84.481
528.39	84.982
528.59	85.479
528.79	85.961
529.00	86.439
529.20	86.892
529.41	87.347
529.61	87.771
529.82	88.163
530.02	88.520
530.23	88.865
530.43	89.159
530.64	89.442
530.84	89.672
531.04	89.870
531.25	90.057
531.45	90.212
531.66	90.321
531.86	90.392
532.07	90.419
532.27	90.407
532.47	90.364
532.68	90.298
532.88	90.196
533.09	90.052
533.29	89.853
533.50	89.628
533.70	89.334
533.90	89.032
534.11	88.714
534.31	88.359
534.52	87.965
534.72	87.574
534.93	87.152
535.13	86.691
535.33	86.230
535.54	85.718
535.74	85.203
535.95	84.658
536.15	84.131
536.35	83.587
536.56	83.037
536.76	82.464
536.97	81.903
537.17	81.327
537.37	80.760
537.58	80.219
537.78	79.681
537.99	79.157
538.19	78.627
538.39	78.108
538.60	77.613
538.80	77.156
539.01	76.695
539.21	76.263
539.41	75.871
539.62	75.497
539.82	75.157
540.03	74.843
540.23	74.580
540.43	74.332
540.64	74.139
540.84	73.967
541.04	73.845
541.25	73.766
541.45	73.717
541.66	73.706
541.86	73.727
542.06	73.790
542.27	73.890
542.47	74.042
542.67	74.208
542.88	74.416
543.08	74.655
543.28	74.935
543.49	75.236
543.69	75.570
543.90	75.938
544.10	76.316
544.30	76.739
544.51	77.166
544.71	77.633
544.91	78.092
545.12	78.578
545.32	79.078
545.52	79.559
545.73	80.074
545.93	80.584
546.13	81.078
546.34	81.568
546.54	82.059
546.74	82.538
546.95	83.034
547.15	83.515
547.35	83.963
547.56	84.425
547.76	84.877
547.96	85.299
548.17	85.714
548.37	86.118
548.57	86.467
548.78	86.799
548.98	87.101
549.18	87.369
549.39	87.609
549.59	87.822
549.79	88.030
550.00	88.190
550.20	88.348
550.40	88.454
550.61	88.540
550.81	88.587
551.01	88.603
551.22	88.587
551.42	88.533
551.62	88.453
551.82	88.318
552.03	88.170
552.23	87.987
552.43	87.767
552.64	87.523
552.84	87.247
553.04	86.945
553.25	86.615
553.45	86.254
553.65	85.880
553.85	85.501
554.06	85.090
554.26	84.653
554.46	84.179
554.67	83.713
554.87	83.221
555.07	82.738
555.27	82.232
555.48	81.717
555.68	81.210
555.88	80.691
556.09	80.179
556.29	79.642
556.49	79.130
556.69	78.602
556.90	78.086
557.10	77.601
557.30	77.137
557.50	76.659
557.71	76.225
557.91	75.798
558.11	75.368
558.31	74.970
558.52	74.601
558.72	74.261
558.92	73.943
559.13	73.656
559.33	73.389
559.53	73.145
559.73	72.946
559.94	72.765
560.14	72.614
560.34	72.493
560.54	72.409
560.75	72.363
560.95	72.344
561.15	72.369
561.35	72.410
561.55	72.472
561.76	72.584
561.96	72.705
562.16	72.876
562.36	73.086
562.57	73.310
562.77	73.562
562.97	73.843
563.17	74.143
563.38	74.460
563.58	74.810
563.78	75.183
563.98	75.570
564.18	75.966
564.39	76.391
564.59	76.826
564.79	77.282
564.99	77.732
565.20	78.190
565.40	78.639
565.60	79.096
565.80	79.575
566.00	80.040
566.21	80.513
566.41	80.959
566.61	81.410
566.81	81.862
567.01	82.301
567.22	82.738
567.42	83.158
567.62	83.555
567.82	83.937
568.02	84.306
568.23	84.654
568.43	84.987
568.63	85.306
568.83	85.585
569.03	85.835
569.24	86.073
569.44	86.296
569.64	86.497
569.84	86.681
570.04	86.812
570.24	86.929
570.45	87.023
570.65	87.095
570.85	87.133
571.05	87.130
571.25	87.102
571.45	87.035
571.66	86.967
571.86	86.873
572.06	86.734
572.26	86.580
572.46	86.403
572.66	86.210
572.87	85.972
573.07	85.730
573.27	85.459
573.47	85.168
573.67	84.848
573.87	84.503
574.08	84.132
574.28	83.768
574.48	83.379
574.68	82.964
574.88	82.545
575.08	82.095
575.28	81.649
575.49	81.201
575.69	80.747
575.89	80.263
576.09	79.797
576.29	79.313
576.49	78.824
576.69	78.334
576.90	77.853
577.10	77.381
577.30	76.911
577.50	76.457
577.70	75.996
577.90	75.551
578.10	75.136
578.30	74.727
578.51	74.332
578.71	73.960
578.91	73.604
579.11	73.255
579.31	72.936
579.51	72.634
579.71	72.361
579.91	72.097
580.12	71.874
580.32	71.674
580.52	71.511
580.72	71.358
580.92	71.234
581.12	71.121
581.32	71.052
581.52	71.021
581.72	71.000
581.92	71.014
582.13	71.065
582.33	71.119
582.53	71.213
582.73	71.322
582.93	71.462
583.13	71.634
583.33	71.842
583.53	72.065
583.73	72.316
583.93	72.588
584.13	72.890
584.34	73.216
584.54	73.530
584.74	73.859
584.94	74.232
585.14	74.610
585.34	75.007
585.54	75.380
585.74	75.775
585.94	76.193
586.14	76.631
586.34	77.053
586.54	77.501
586.74	77.947
586.94	78.405
587.15	78.866
587.35	79.314
587.55	79.752
587.75	80.196
587.95	80.619
588.15	81.034
588.35	81.437
588.55	81.838
588.75	82.243
588.95	82.637
589.15	83.007
589.35	83.370
589.55	83.709
589.75	84.069
589.95	84.386
590.15	84.684
590.35	84.951
590.55	85.213
590.75	85.445
590.95	85.653
591.15	85.840
591.35	85.996
591.56	86.130
591.76	86.244
591.96	86.332
592.16	86.410
592.36	86.459
592.56	86.492
592.76	86.489
592.96	86.476
593.16	86.416
593.36	86.342
593.56	86.253
593.76	86.153
593.96	86.004
594.16	85.854
594.36	85.679
594.56	85.481
594.76	85.261
594.96	85.029
595.16	84.761
595.36	84.484
595.56	84.176
595.76	83.848
595.96	83.496
596.16	83.152
596.36	82.782
596.56	82.411
596.76	82.006
596.96	81.598
597.16	81.185
597.36	80.774
597.56	80.349
597.76	79.903
597.96	79.453
598.16	79.009
598.36	78.562
598.56	78.104
598.76	77.656
598.96	77.217
599.16	76.775
599.36	76.364
599.56	75.948
599.76	75.535
599.96	75.140
600.15	74.752
600.35	74.379
600.55	74.019
600.75	73.656
600.95	73.325
601.15	72.993
601.35	72.672
601.55	72.376
601.75	72.108
601.95	71.856
602.15	71.631
602.35	71.406
602.55	71.211
602.75	71.046
602.95	70.889
603.15	70.743
603.35	70.637
603.55	70.540
603.75	70.462
603.95	70.417
604.15	70.398
604.35	70.412
604.54	70.434
604.74	70.500
604.94	70.577
605.14	70.671
605.34	70.796
605.54	70.954
605.74	71.133
605.94	71.323
606.14	71.540
606.34	71.770
606.54	72.034
606.74	72.315
606.94	72.608
607.14	72.929
607.33	73.271
607.53	73.613
607.73	73.965
607.93	74.322
608.13	74.698
608.33	75.084
608.53	75.460
608.73	75.866
608.93	76.252
609.13	76.654
609.33	77.069
609.52	77.488
609.72	77.898
609.92	78.301
610.12	78.714
610.32	79.123
610.52	79.543
610.72	79.939
610.92	80.334
611.12	80.724
611.31	81.106
611.51	81.480
611.71	81.846
611.91	82.216
612.11	82.585
612.31	82.937
612.51	83.266
612.71	83.601
612.91	83.897
613.10	84.195
613.30	84.505
613.50	84.781
613.70	85.032
613.90	85.259
614.10	85.471
614.30	85.647
614.50	85.816
614.69	85.945
614.89	86.074
615.09	86.176
615.29	86.267
615.49	86.333
615.69	86.378
615.89	86.407
616.08	86.413
616.28	86.394
616.48	86.355
616.68	86.289
616.88	86.205
617.08	86.099
617.27	85.989
617.47	85.838
617.67	85.669
617.87	85.482
618.07	85.291
618.27	85.082
618.47	84.871
618.66	84.632
618.86	84.385
619.06	84.109
619.26	83.830
619.46	83.532
619.66	83.209
619.85	82.876
620.05	82.530
620.25	82.158
620.45	81.790
620.65	81.407
620.84	81.044
621.04	80.659
621.24	80.295
621.44	79.890
621.64	79.467
621.84	79.066
622.03	78.657
622.23	78.251
622.43	77.844
622.63	77.442
622.83	77.038
623.02	76.640
623.22	76.253
623.42	75.847
623.62	75.460
623.82	75.096
624.01	74.723
624.21	74.363
624.41	74.018
624.61	73.686
624.81	73.375
625.00	73.051
625.20	72.746
625.40	72.445
625.60	72.173
625.79	71.927
625.99	71.699
626.19	71.477
626.39	71.273
626.59	71.084
626.78	70.924
626.98	70.779
627.18	70.644
627.38	70.538
627.57	70.476
627.77	70.415
627.97	70.369
628.17	70.360
628.37	70.360
628.56	70.399
628.76	70.441
628.96	70.500
629.16	70.581
629.35	70.708
629.55	70.840
629.75	70.991
629.95	71.165
630.14	71.343
630.34	71.555
630.54	71.778
630.74	72.012
630.93	72.262
631.13	72.522
631.33	72.796
631.53	73.063
631.72	73.344
631.92	73.651
632.12	73.977
632.31	74.301
632.51	74.658
632.71	75.010
632.91	75.364
633.10	75.731
633.30	76.122
633.50	76.482
633.70	76.872
633.89	77.258
634.09	77.651
634.29	78.045
634.48	78.434
634.68	78.838
634.88	79.240
635.08	79.643
635.27	80.055
635.47	80.458
635.67	80.872
635.86	81.278
636.06	81.667
636.26	82.035
636.46	82.404
636.65	82.755
636.85	83.118
637.05	83.468
637.24	83.790
637.44	84.107
637.64	84.421
637.83	84.728
638.03	85.027
638.23	85.283
638.43	85.544
638.62	85.779
638.82	85.984
639.02	86.188
639.21	86.365
639.41	86.518
639.61	86.677
639.80	86.815
640.00	86.932
640.20	87.057
640.39	87.171
640.59	87.260
640.79	87.333
640.98	87.373
641.18	87.403
641.38	87.431
641.57	87.420
641.77	87.390
641.97	87.327
642.16	87.257
642.36	87.183
642.56	87.084
642.75	86.991
642.95	86.868
643.15	86.731
643.34	86.592
643.54	86.436
643.74	86.242
643.93	86.042
644.13	85.805
644.33	85.545
644.52	85.281
644.72	85.015
644.91	84.733
645.11	84.427
645.31	84.123
645.50	83.816
645.70	83.506
645.90	83.190
646.09	82.854
646.29	82.507
646.48	82.153
646.68	81.785
646.88	81.411
647.07	81.042
647.27	80.662
647.47	80.272
647.66	79.890
647.86	79.502
648.05	79.125
648.25	78.757
648.45	78.382
648.64	77.998
648.84	77.628
649.04	77.246
649.23	76.875
649.43	76.510
649.62	76.138
649.82	75.765
650.02	75.411
650.21	75.068
650.41	74.753
650.60	74.442
650.80	74.160
651.00	73.858
651.19	73.584
651.39	73.317
651.58	73.060
651.78	72.825
651.97	72.616
652.17	72.404
652.37	72.203
652.56	72.039
652.76	71.883
652.95	71.738
653.15	71.635
653.35	71.535
653.54	71.447
653.74	71.366
653.93	71.315
654.13	71.278
654.32	71.247
654.52	71.215
654.72	71.219
654.91	71.231
655.11	71.271
655.30	71.333
655.50	71.414
655.69	71.509
655.89	71.606
656.08	71.714
656.28	71.850
656.48	72.007
656.67	72.169
656.87	72.349
657.06	72.531
657.26	72.718
657.45	72.937
657.65	73.175
657.84	73.437
658.04	73.692
658.23	73.971
658.43	74.272
658.62	74.586
658.82	74.895
659.02	75.213
659.21	75.558
659.41	75.892
659.60	76.235
659.80	76.588
659.99	76.967
660.19	77.340
660.38	77.722
660.58	78.090
660.77	78.477
660.97	78.849
661.16	79.234
661.36	79.608
661.55	79.995
661.75	80.375
661.94	80.742
662.14	81.126
662.33	81.510
662.53	81.880
662.72	82.251
662.92	82.612
663.11	82.960
663.31	83.315
663.50	83.667
663.70	84.020
663.89	84.362
664.09	84.683
664.28	85.013
664.48	85.316
664.67	85.637
664.87	85.920
665.06	86.213
665.26	86.484
665.45	86.751
665.65	87.002
665.84	87.254
666.04	87.490
666.23	87.688
666.43	87.863
666.62	88.033
666.82	88.189
667.01	88.334
667.21	88.473
667.40	88.579
667.59	88.689
667.79	88.764
667.98	88.810
668.18	88.846
668.37	88.861
668.57	88.893
668.76	88.888
668.96	88.867
669.15	88.833
669.35	88.806
669.54	88.746
669.73	88.674
669.93	88.584
670.12	88.490
670.32	88.406
670.51	88.293
670.71	88.169
670.90	88.036
671.10	87.894
671.29	87.724
671.48	87.540
671.68	87.340
671.87	87.137
672.07	86.921
672.26	86.730
672.46	86.499
672.65	86.248
672.84	85.987
673.04	85.731
673.23	85.461
673.43	85.168
673.62	84.889
673.82	84.599
674.01	84.270
674.20	83.951
674.40	83.612
674.59	83.281
674.79	82.956
674.98	82.614
675.17	82.266
675.37	81.930
675.56	81.588
675.76	81.238
675.95	80.871
676.14	80.529
676.34	80.149
676.53	79.796
676.73	79.433
676.92	79.067
677.11	78.710
677.31	78.347
677.50	78.004
677.70	77.650
677.89	77.292
678.08	76.971
678.28	76.648
678.47	76.337
678.66	76.037
678.86	75.739
679.05	75.445
679.25	75.170
679.44	74.905
679.63	74.663
679.83	74.420
680.02	74.202
680.21	73.989
680.41	73.786
680.60	73.577
680.79	73.391
680.99	73.220
681.18	73.043
681.38	72.896
681.57	72.771
681.76	72.665
681.96	72.574
682.15	72.487
682.34	72.401
682.54	72.332
682.73	72.288
682.92	72.241
683.12	72.231
683.31	72.229
683.50	72.238
683.70	72.259
683.89	72.282
684.08	72.335
684.28	72.395
684.47	72.472
684.66	72.576
684.86	72.688
685.05	72.821
685.24	72.980
685.44	73.135
685.63	73.296
685.82	73.476
686.02	73.658
686.21	73.880
686.40	74.109
686.60	74.358
686.79	74.609
686.98	74.872
687.18	75.144
687.37	75.417
687.56	75.691
687.75	75.981
687.95	76.287
688.14	76.586
688.33	76.909
688.53	77.233
688.72	77.575
688.91	77.914
689.11	78.250
689.30	78.615
689.49	78.988
689.68	79.355
689.88	79.712
690.07	80.076
690.26	80.423
690.46	80.787
690.65	81.130
690.84	81.485
691.03	81.852
691.23	82.209
691.42	82.566
691.61	82.930
691.80	83.275
692.00	83.624
692.19	83.958
692.38	84.291
692.58	84.630
692.77	84.949
692.96	85.262
693.15	85.577
693.35	85.870
693.54	86.180
693.73	86.481
693.92	86.763
694.12	87.053
694.31	87.317
694.50	87.596
694.69	87.844
694.89	88.085
695.08	88.304
695.27	88.538
695.46	88.749
695.66	88.962
695.85	89.168
696.04	89.362
696.23	89.571
696.43	89.753
696.62	89.901
696.81	90.044
697.00	90.192
697.19	90.323
697.39	90.425
697.58	90.508
697.77	90.573
697.96	90.656
698.16	90.709
698.35	90.779
698.54	90.802
698.73	90.850
698.92	90.852
699.12	90.853
699.31	90.830
699.50	90.806
699.69	90.771
699.89	90.715
700.08	90.653
700.27	90.563
700.46	90.475
700.65	90.375
700.85	90.288
701.04	90.165
701.23	90.024
701.42	89.881
701.61	89.726
701.81	89.557
702.00	89.369
702.19	89.180
702.38	88.962
702.57	88.756
702.76	88.515
702.96	88.289
703.15	88.047
703.34	87.785
703.53	87.515
703.72	87.217
703.92	86.920
704.11	86.618
704.30	86.301
704.49	85.988
704.68	85.681
704.87	85.333
705.07	85.001
705.26	84.673
705.45	84.367
705.64	84.030
705.83	83.721
706.02	83.392
706.21	83.074
706.41	82.742
706.60	82.392
706.79	82.066
706.98	81.744
707.17	81.405
707.36	81.081
707.56	80.777
707.75	80.468
707.94	80.163
708.13	79.864
708.32	79.583
708.51	79.285
708.70	79.011
708.89	78.730
709.09	78.450
709.28	78.185
709.47	77.884
709.66	77.604
709.85	77.331
710.04	77.064
710.23	76.782
710.42	76.549
710.62	76.310
710.81	76.053
711.00	75.807
711.19	75.592
711.38	75.377
711.57	75.149
711.76	74.945
711.95	74.768
712.15	74.598
712.34	74.435
712.53	74.281
712.72	74.129
712.91	74.018
713.10	73.909
713.29	73.806
713.48	73.717
713.67	73.663
713.86	73.617
714.05	73.574
714.25	73.545
714.44	73.502
714.63	73.489
714.82	73.515
715.01	73.544
715.20	73.598
715.39	73.642
715.58	73.711
715.77	73.798
715.96	73.885
716.15	73.970
716.34	74.050
716.54	74.158
716.73	74.279
716.92	74.393
717.11	74.533
717.30	74.686
717.49	74.857
717.68	75.035
717.87	75.186
718.06	75.393
718.25	75.615
718.44	75.847
718.63	76.088
718.82	76.324
719.01	76.563
719.20	76.810
719.39	77.078
719.58	77.348
719.77	77.610
719.96	77.864
720.16	78.137
720.35	78.436
720.54	78.727
720.73	79.027
720.92	79.331
721.11	79.652
721.30	79.964
721.49	80.281
721.68	80.604
721.87	80.957
722.06	81.277
722.25	81.597
722.44	81.924
722.63	82.242
722.82	82.555
723.01	82.863
723.20	83.161
723.39	83.474
723.58	83.816
723.77	84.152
723.96	84.493
724.15	84.845
724.34	85.177
724.53	85.507
724.72	85.807
724.91	86.137
725.10	86.462
725.29	86.766
725.48	87.096
725.67	87.373
725.86	87.636
726.05	87.917
726.24	88.185
726.43	88.447
726.62	88.708
726.81	88.995
727.00	89.261
727.19	89.540
727.38	89.795
727.57	90.014
727.76	90.233
727.95	90.444
728.14	90.627
728.33	90.815
728.52	90.995
728.71	91.173
728.90	91.336
729.09	91.465
729.28	91.585
729.47	91.690
729.65	91.812
729.84	91.935
730.03	92.043
730.22	92.139
730.41	92.229
730.60	92.313
730.79	92.343
730.98	92.394
731.17	92.441
731.36	92.455
731.55	92.455
731.74	92.456
731.93	92.445
732.12	92.427
732.31	92.411
732.50	92.400
732.69	92.386
732.88	92.326
733.06	92.260
733.25	92.204
733.44	92.141
733.63	92.046
733.82	91.946
734.01	91.809
734.20	91.678
734.39	91.526
734.58	91.386
734.77	91.254
734.96	91.087
735.15	90.895
735.33	90.706
735.52	90.530
735.71	90.334
735.90	90.122
736.09	89.893
736.28	89.639
736.47	89.384
736.66	89.116
736.85	88.858
737.04	88.575
737.23	88.304
737.41	88.004
737.60	87.746
737.79	87.444
737.98	87.167
738.17	86.878
738.36	86.613
738.55	86.329
738.74	86.052
738.92	85.761
739.11	85.483
739.30	85.181
739.49	84.867
739.68	84.572
739.87	84.298
740.06	84.029
740.25	83.737
740.43	83.456
740.62	83.160
740.81	82.856
741.00	82.585
741.19	82.282
741.38	81.984
741.57	81.677
741.75	81.403
741.94	81.106
742.13	80.814
742.32	80.500
742.51	80.202
742.70	79.906
742.89	79.632
743.07	79.345
743.26	79.075
743.45	78.785
743.64	78.525
743.83	78.242
744.02	77.941
744.20	77.685
744.39	77.425
744.58	77.187
744.77	76.967
744.96	76.762
745.15	76.586
745.33	76.413
745.52	76.238
745.71	76.067
745.90	75.911
746.09	75.774
746.28	75.649
746.46	75.499
746.65	75.352
746.84	75.231
747.03	75.110
747.22	75.012
747.40	74.943
747.59	74.855
747.78	74.788
747.97	74.764
748.16	74.730
748.34	74.681
748.53	74.656
748.72	74.642
748.91	74.611
749.10	74.587
749.28	74.587
749.47	74.609
749.66	74.619
749.85	74.627
750.04	74.648
750.22	74.672
750.41	74.731
750.60	74.808
750.79	74.857
750.97	74.931
751.16	75.021
751.35	75.106
751.54	75.191
751.73	75.304
751.91	75.406
752.10	75.553
752.29	75.681
752.48	75.840
752.66	76.000
752.85	76.168
753.04	76.340
753.23	76.535
753.41	76.705
753.60	76.917
753.79	77.140
753.98	77.349
754.16	77.572
754.35	77.795
754.54	78.014
754.73	78.272
754.91	78.529
755.10	78.780
755.29	79.052
755.48	79.316
755.66	79.584
755.85	79.860
756.04	80.112
756.22	80.406
756.41	80.666
756.60	80.940
756.79	81.235
756.97	81.532
757.16	81.788
757.35	82.081
757.54	82.372
757.72	82.658
757.91	82.963
758.10	83.261
758.28	83.552
758.47	83.841
758.66	84.159
758.85	84.456
759.03	84.763
759.22	85.063
759.41	85.371
759.59	85.676
759.78	85.979
759.97	86.261
760.15	86.532
760.34	86.844
760.53	87.121
760.71	87.379
760.90	87.667
761.09	87.948
761.28	88.225
761.46	88.483
761.65	88.749
761.84	89.013
762.02	89.276
762.21	89.560
762.40	89.805
762.58	90.018
762.77	90.236
762.96	90.457
763.14	90.693
763.33	90.904
763.52	91.082
763.70	91.242
763.89	91.431
764.08	91.625
764.26	91.763
764.45	91.935
764.64	92.112
764.82	92.237
765.01	92.370
765.20	92.475
765.38	92.596
765.57	92.681
765.75	92.767
765.94	92.825
766.13	92.893
766.31	92.977
766.50	93.037
766.69	93.130
766.87	93.211
767.06	93.251
767.25	93.307
767.43	93.380
767.62	93.454
767.80	93.501
767.99	93.513
768.18	93.520
768.36	93.516
768.55	93.502
768.74	93.483
768.92	93.464
769.11	93.467
769.29	93.434
769.48	93.425
769.67	93.364
769.85	93.335
770.04	93.221
770.22	93.126
770.41	93.007
770.60	92.860
770.78	92.695
770.97	92.545
771.15	92.395
771.34	92.208
771.53	92.046
771.71	91.871
771.90	91.719
772.08	91.607
772.27	91.443
772.46	91.248
772.64	91.057
772.83	90.860
773.01	90.612
773.20	90.381
773.39	90.158
773.57	89.930
773.76	89.693
773.94	89.510
774.13	89.268
774.31	89.010
774.50	88.791
774.68	88.541
774.87	88.292
775.06	87.994
775.24	87.733
775.43	87.438
775.61	87.147
775.80	86.861
775.98	86.542
776.17	86.231
776.36	85.938
776.54	85.645
776.73	85.338
776.91	85.056
777.10	84.768
777.28	84.444
777.47	84.155
777.65	83.851
777.84	83.534
778.02	83.253
778.21	82.986
778.39	82.672
778.58	82.396
778.77	82.116
778.95	81.868
779.14	81.603
779.32	81.358
779.51	81.114
779.69	80.841
779.88	80.597
780.06	80.355
780.25	80.099
780.43	79.843
780.62	79.619
780.80	79.381
780.99	79.139
781.17	78.902
781.36	78.661
781.54	78.433
781.73	78.176
781.91	77.954
782.10	77.743
782.28	77.536
782.47	77.325
782.65	77.098
782.84	76.884
783.02	76.696
783.21	76.515
783.39	76.332
783.58	76.163
783.76	75.968
783.95	75.807
784.13	75.685
784.32	75.558
784.50	75.417
784.69	75.320
784.87	75.216
785.05	75.131
785.24	75.049
785.42	74.982
785.61	74.922
785.79	74.867
785.98	74.822
786.16	74.757
786.35	74.731
786.53	74.708
786.72	74.679
786.90	74.656
787.09	74.618
787.27	74.612
787.45	74.629
787.64	74.644
787.82	74.645
788.01	74.653
788.19	74.686
788.38	74.714
788.56	74.695
788.75	74.746
788.93	74.807
789.11	74.839
789.30	74.871
789.48	74.935
789.67	75.006
789.85	75.065
790.04	75.184
790.22	75.277
790.40	75.393
790.59	75.495
790.77	75.610
790.96	75.761
791.14	75.901
791.32	76.026
791.51	76.168
791.69	76.337
791.88	76.511
792.06	76.679
792.25	76.838
792.43	77.053
792.61	77.233
792.80	77.395
792.98	77.613
793.17	77.812
793.35	77.987
793.53	78.182
793.72	78.418
793.90	78.628
794.08	78.840
794.27	79.053
794.45	79.301
794.64	79.524
794.82	79.743
795.00	79.936
795.19	80.172
795.37	80.402
795.55	80.586
795.74	80.814
795.92	81.053
796.11	81.319
796.29	81.571
796.47	81.809
796.66	82.040
796.84	82.308
797.02	82.574
797.21	82.864
797.39	83.130
797.58	83.384
797.76	83.624
797.94	83.893
798.13	84.163
798.31	84.441
798.49	84.692
798.68	84.944
798.86	85.245
799.04	85.485
799.23	85.751
799.41	86.029
799.59	86.275
799.78	86.485
799.96	86.717
800.14	86.959
800.33	87.204
800.51	87.475
800.69	87.669
800.88	87.908
801.06	88.152
801.24	88.340
801.43	88.541
801.61	88.728
801.79	88.902
801.98	89.076
802.16	89.264
802.34	89.471
802.52	89.664
802.71	89.803
802.89	89.990
803.07	90.153
803.26	90.303
803.44	90.430
803.62	90.586
803.81	90.717
803.99	90.807
804.17	90.897
804.35	90.982
804.54	91.065
804.72	91.171
804.90	91.249
805.09	91.374
805.27	91.486
805.45	91.603
805.63	91.682
805.82	91.764
806.00	91.771
806.18	91.816
806.37	91.874
806.55	91.892
806.73	91.922
806.91	91.942
807.10	91.985
807.28	92.013
807.46	92.035
807.64	92.037
807.83	92.050
808.01	92.059
808.19	92.009
808.37	91.974
808.56	91.906
808.74	91.857
808.92	91.800
809.10	91.698
809.29	91.637
809.47	91.571
809.65	91.445
809.83	91.391
810.02	91.279
810.20	91.180
810.38	91.094
810.56	90.972
810.75	90.886
810.93	90.777
811.11	90.657
811.29	90.537
811.47	90.415
811.66	90.263
811.84	90.122
812.02	90.054
812.20	89.946
812.39	89.834
812.57	89.703
812.75	89.572
812.93	89.473
813.11	89.321
813.30	89.188
813.48	89.082
813.66	88.921
813.84	88.777
814.02	88.602
814.21	88.455
814.39	88.260
814.57	88.065
814.75	87.866
814.93	87.670
815.12	87.454
815.30	87.240
815.48	87.036
815.66	86.809
815.84	86.553
816.03	86.309
816.21	86.025
816.39	85.774
816.57	85.467
816.75	85.157
816.93	84.863
817.12	84.553
817.30	84.249
817.48	83.946
817.66	83.677
817.84	83.411
818.02	83.156
818.21	82.877
818.39	82.622
818.57	82.346
818.75	82.122
818.93	81.865
819.11	81.599
819.30	81.348
819.48	81.117
819.66	80.896
819.84	80.692
820.02	80.471
820.20	80.241
820.38	80.016
820.57	79.803
820.75	79.614
820.93	79.409
821.11	79.205
821.29	79.023
821.47	78.804
821.65	78.587
821.83	78.359
822.02	78.170
822.20	77.948
822.38	77.775
822.56	77.520
822.74	77.295
822.92	77.049
823.10	76.834
823.28	76.591
823.46	76.351
823.65	76.110
823.83	75.901
824.01	75.683
824.19	75.471
824.37	75.257
824.55	75.017
824.73	74.825
824.91	74.616
825.09	74.415
825.27	74.224
825.46	74.011
825.64	73.799
825.82	73.626
826.00	73.427
826.18	73.249
826.36	73.101
826.54	72.971
826.72	72.889
826.90	72.785
827.08	72.699
827.26	72.613
827.44	72.505
827.63	72.410
827.81	72.337
827.99	72.293
828.17	72.231
828.35	72.181
828.53	72.120
828.71	72.106
828.89	72.068
829.07	72.033
829.25	72.005
829.43	72.017
829.61	71.992
829.79	71.985
829.97	71.983
830.15	71.952
830.33	71.953
830.51	71.931
830.69	71.929
830.87	71.887
831.06	71.899
831.24	71.917
831.42	71.931
831.60	71.921
831.78	71.949
831.96	71.997
832.14	72.060
832.32	72.124
832.50	72.162
832.68	72.203
832.86	72.239
833.04	72.330
833.22	72.374
833.40	72.463
833.58	72.531
833.76	72.595
833.94	72.715
834.12	72.821
834.30	72.939
834.48	73.034
834.66	73.190
834.84	73.280
835.02	73.422
835.20	73.571
835.38	73.734
835.56	73.884
835.74	74.044
835.92	74.207
836.10	74.356
836.28	74.507
836.46	74.685
836.64	74.860
836.82	74.996
837.00	75.166
837.18	75.335
837.36	75.544
837.54	75.721
837.72	75.909
837.90	76.103
838.08	76.292
838.26	76.491
838.43	76.663
838.61	76.875
838.79	77.069
838.97	77.264
839.15	77.465
839.33	77.662
839.51	77.814
839.69	77.989
839.87	78.187
840.05	78.412
840.23	78.608
840.41	78.811
840.59	78.984
840.77	79.199
840.95	79.376
841.13	79.538
841.31	79.714
841.49	79.865
841.67	80.004
841.84	80.188
842.02	80.325
842.20	80.529
842.38	80.663
842.56	80.810
842.74	80.966
842.92	81.079
843.10	81.221
843.28	81.418
843.46	81.557
843.64	81.654
843.82	81.792
843.99	81.918
844.17	82.093
844.35	82.333
844.53	82.498
844.71	82.699
844.89	82.838
845.07	83.035
845.25	83.240
845.43	83.431
845.61	83.593
845.78	83.816
845.96	83.983
846.14	84.195
846.32	84.400
846.50	84.560
846.68	84.793
846.86	84.970
847.04	85.130
847.22	85.246
847.39	85.449
847.57	85.583
847.75	85.715
847.93	85.787
848.11	85.887
848.29	86.037
848.47	86.110
848.65	86.258
848.82	86.321
849.00	86.397
849.18	86.454
849.36	86.496
849.54	86.561
849.72	86.564
849.89	86.620
850.07	86.687
850.25	86.702
850.43	86.684
850.61	86.688
850.79	86.655
850.97	86.733
851.14	86.746
851.32	86.742
851.50	86.768
851.68	86.827
851.86	86.884
852.04	86.864
852.21	86.910
852.39	86.924
852.57	86.991
852.75	87.007
852.93	87.026
853.10	87.032
853.28	86.994
853.46	87.006
853.64	86.936
853.82	86.859
854.00	86.895
854.17	86.849
854.35	86.775
854.53	86.747
854.71	86.669
854.89	86.568
855.06	86.536
855.24	86.497
855.42	86.417
855.60	86.279
855.78	86.179
855.95	86.057
856.13	85.960
856.31	85.777
856.49	85.636
856.66	85.530
856.84	85.370
857.02	85.310
857.20	85.233
857.38	85.084
857.55	84.952
857.73	84.725
857.91	84.624
858.09	84.468
858.26	84.326
858.44	84.186
858.62	84.057
858.80	83.887
858.97	83.713
859.15	83.528
859.33	83.325
859.51	83.176
859.68	82.996
859.86	82.812
860.04	82.650
860.22	82.448
860.39	82.246
860.57	82.036
860.75	81.774
860.93	81.545
861.10	81.422
861.28	81.247
861.46	81.051
861.64	80.850
861.81	80.702
861.99	80.495
862.17	80.276
862.35	80.081
862.52	79.918
862.70	79.707
862.88	79.544
863.05	79.340
863.23	79.111
863.41	78.918
863.59	78.701
863.76	78.536
863.94	78.343
864.12	78.157
864.29	77.992
864.47	77.763
864.65	77.560
864.83	77.294
865.00	77.060
865.18	76.881
865.36	76.692
865.53	76.479
865.71	76.324
865.89	76.115
866.06	75.891
866.24	75.636
866.42	75.429
866.59	75.189
866.77	75.021
866.95	74.815
867.12	74.568
867.30	74.383
867.48	74.136
867.65	73.932
867.83	73.703
868.01	73.517
868.18	73.313
868.36	73.113
868.54	72.939
868.71	72.778
868.89	72.609
869.07	72.409
869.24	72.230
869.42	72.022
869.60	71.861
869.77	71.731
869.95	71.572
870.13	71.406
870.30	71.283
870.48	71.082
870.66	70.926
870.83	70.805
871.01	70.601
871.18	70.465
871.36	70.330
871.54	70.175
871.71	70.035
871.89	69.931
872.07	69.744
872.24	69.606
872.42	69.493
872.59	69.366
872.77	69.230
872.95	69.122
873.12	68.970
873.30	68.832
873.48	68.724
873.65	68.612
873.83	68.509
874.00	68.376
874.18	68.290
874.36	68.214
874.53	68.120
874.71	68.044
874.88	67.970
875.06	67.925
875.24	67.913
875.41	67.856
875.59	67.810
875.76	67.832
875.94	67.783
876.11	67.663
876.29	67.570
876.47	67.526
876.64	67.459
876.82	67.406
876.99	67.363
877.17	67.313
877.35	67.283
877.52	67.237
877.70	67.190
877.87	67.170
878.05	67.155
878.22	67.161
878.40	67.192
878.57	67.176
878.75	67.127
878.93	67.075
879.10	67.076
879.28	67.083
879.45	67.083
879.63	67.063
879.80	67.062
879.98	67.103
880.15	67.124
880.33	67.161
880.50	67.208
880.68	67.306
880.86	67.358
881.03	67.428
881.21	67.507
881.38	67.597
881.56	67.766
881.73	67.815
881.91	67.869
882.08	67.920
882.26	68.039
882.43	68.155
882.61	68.321
882.78	68.433
882.96	68.562
883.13	68.674
883.31	68.812
883.48	69.013
883.66	69.171
883.83	69.330
884.01	69.457
884.18	69.666
884.36	69.809
884.53	69.939
884.71	70.082
884.88	70.193
885.06	70.345
885.23	70.401
885.41	70.552
885.58	70.668
885.76	70.850
885.93	70.934
886.11	71.115
886.28	71.228
886.46	71.351
886.63	71.473
886.81	71.590
886.98	71.778
887.15	71.873
887.33	72.037
887.50	72.211
887.68	72.355
887.85	72.448
888.03	72.586
888.20	72.747
888.38	72.894
888.55	73.061
888.73	73.141
888.90	73.279
889.08	73.422
889.25	73.548
889.42	73.672
889.60	73.875
889.77	73.946
889.95	74.076
890.12	74.168
890.30	74.265
890.47	74.356
890.64	74.498
890.82	74.654
890.99	74.771
891.17	74.877
891.34	75.005
891.52	75.128
891.69	75.258
891.86	75.391
892.04	75.517
892.21	75.677
892.39	75.921
892.56	76.097
892.73	76.192
892.91	76.344
893.08	76.555
893.26	76.651
893.43	76.830
893.60	76.938
893.78	77.104
893.95	77.283
894.13	77.533
894.30	77.687
894.47	77.894
894.65	78.032
894.82	78.201
895.00	78.347
895.17	78.528
895.34	78.709
895.52	78.882
895.69	79.004
895.86	79.144
896.04	79.188
896.21	79.348
896.39	79.547
896.56	79.732
896.73	79.746
896.91	79.810
897.08	79.907
897.25	80.091
897.43	80.164
897.60	80.256
897.77	80.268
897.95	80.266
898.12	80.268
898.30	80.374
898.47	80.390
898.64	80.454
898.82	80.481
898.99	80.476
899.16	80.482
899.34	80.489
899.51	80.408
899.68	80.399
899.86	80.361
900.03	80.298
900.20	80.250
900.38	80.281
900.55	80.372
900.72	80.330
900.90	80.263
901.07	80.372
901.24	80.361
901.41	80.391
901.59	80.418
901.76	80.429
901.93	80.406
902.11	80.356
902.28	80.361
902.45	80.465
902.63	80.498
902.80	80.471
902.97	80.480
903.15	80.593
903.32	80.676
903.49	80.677
903.66	80.727
903.84	80.761
904.01	80.754
904.18	80.735
904.36	80.774
904.53	80.761
904.70	80.708
904.87	80.702
905.05	80.640
905.22	80.675
905.39	80.651
905.56	80.575
905.74	80.547
905.91	80.460
906.08	80.336
906.26	80.258
906.43	80.165
906.60	80.075
906.77	79.928
906.95	79.818
907.12	79.692
907.29	79.550
907.46	79.524
907.64	79.422
907.81	79.308
907.98	79.129
908.15	79.019
908.33	78.895
908.50	78.762
908.67	78.657
908.84	78.525
909.01	78.360
909.19	78.289
909.36	78.174
909.53	78.048
909.70	77.826
909.88	77.725
910.05	77.571
910.22	77.497
910.39	77.376
910.57	77.280
910.74	77.207
910.91	77.148
911.08	76.934
911.25	76.803
911.43	76.682
911.60	76.554
911.77	76.419
911.94	76.190
912.11	76.031
912.29	75.841
912.46	75.587
912.63	75.394
912.80	75.163
912.97	74.982
913.15	74.840
913.32	74.718
913.49	74.493
913.66	74.404
913.83	74.181
914.00	73.969
914.18	73.764
914.35	73.557
914.52	73.290
914.69	73.081
914.86	72.879
915.03	72.676
915.21	72.549
915.38	72.337
915.55	72.260
915.72	72.091
915.89	71.956
916.06	71.878
916.24	71.799
916.41	71.635
916.58	71.501
916.75	71.297
916.92	71.111
917.09	70.919
917.26	70.661
917.44	70.456
917.61	70.327
917.78	70.101
917.95	69.941
918.12	69.750
918.29	69.653
918.46	69.446
918.64	69.280
918.81	69.134
918.98	68.989
919.15	68.804
919.32	68.652
919.49	68.413
919.66	68.193
919.83	68.005
920.00	67.836
920.18	67.689
920.35	67.635
920.52	67.514
920.69	67.459
920.86	67.425
921.03	67.313
921.20	67.169
921.37	67.054
921.54	66.805
921.71	66.698
921.89	66.516
922.06	66.450
922.23	66.318
922.40	66.169
922.57	65.965
922.74	65.850
922.91	65.762
923.08	65.686
923.25	65.591
923.42	65.474
923.59	65.423
923.76	65.216
923.93	65.011
924.11	64.837
924.28	64.674
924.45	64.538
924.62	64.498
924.79	64.389
924.96	64.233
925.13	64.180
925.30	64.056
925.47	63.894
925.64	63.795
925.81	63.726
925.98	63.659
926.15	63.636
926.32	63.470
926.49	63.351
926.66	63.263
926.83	63.155
927.00	63.118
927.17	62.986
927.34	63.019
927.51	62.958
927.69	62.989
927.86	62.949
928.03	62.826
928.20	62.772
928.37	62.672
928.54	62.689
928.71	62.654
928.88	62.680
929.05	62.705
929.22	62.692
929.39	62.635
929.56	62.550
929.73	62.475
929.90	62.534
930.07	62.519
930.24	62.459
930.41	62.466
930.58	62.500
930.75	62.548
930.92	62.473
931.09	62.473
931.26	62.427
931.43	62.401
931.60	62.408
931.77	62.351
931.94	62.424
932.11	62.446
932.27	62.480
932.44	62.486
932.61	62.524
932.78	62.472
932.95	62.553
933.12	62.509
933.29	62.577
933.46	62.563
933.63	62.492
933.80	62.520
933.97	62.518
934.14	62.477
934.31	62.419
934.48	62.470
934.65	62.478
934.82	62.535
934.99	62.562
935.16	62.619
935.33	62.674
935.50	62.782
935.67	62.853
935.84	62.881
936.00	62.880
936.17	62.919
936.34	63.024
936.51	63.014
936.68	63.081
936.85	63.090
937.02	63.194
937.19	63.260
937.36	63.417
937.53	63.417
937.70	63.522
937.87	63.616
938.03	63.634
938.20	63.710
938.37	63.777
938.54	63.846
938.71	63.900
938.88	64.020
939.05	63.930
939.22	63.891
939.39	63.978
939.56	64.175
939.72	64.235
939.89	64.294
940.06	64.375
940.23	64.457
940.40	64.567
940.57	64.716
940.74	64.876
940.91	64.926
941.08	65.108
941.24	65.168
941.41	65.347
941.58	65.574
941.75	65.721
941.92	65.880
942.09	65.992
942.26	66.091
942.42	66.165
942.59	66.430
942.76	66.785
942.93	66.936
943.10	66.952
943.27	67.127
943.44	67.241
943.60	67.418
943.77	67.437
943.94	67.646
944.11	67.683
944.28	67.765
944.45	67.889
944.61	67.998
944.78	68.048
944.95	68.091
945.12	68.278
945.29	68.383
945.46	68.344
945.62	68.406
945.79	68.632
945.96	68.925
946.13	69.060
946.30	69.059
946.46	69.235
946.63	69.343
946.80	69.480
946.97	69.699
947.14	69.790
947.31	70.299
947.47	70.535
947.64	70.710
947.81	70.894
947.98	71.108
948.15	71.220
948.31	71.439
948.48	71.578
948.65	71.613
948.82	71.765
948.98	71.940
949.15	72.264
949.32	72.291
949.49	72.267
949.66	72.332
949.82	72.391
949.99	72.514
950.16	72.616
950.33	72.564
950.49	72.627
950.66	72.584
950.83	72.452
951.00	72.259
951.16	72.064
951.33	72.071
951.50	71.992
951.67	72.040
951.83	72.118
952.00	72.123
952.17	72.033
952.34	72.055
952.50	72.235
952.67	72.189
952.84	72.250
953.01	72.208
953.17	72.224
953.34	72.360
953.51	72.304
953.68	72.241
953.84	72.234
954.01	72.162
954.18	72.122
954.34	72.177
954.51	72.296
954.68	72.466
954.85	72.515
955.01	72.660
955.18	72.919
955.35	72.655
955.51	72.653
955.68	72.795
955.85	72.942
956.02	72.819
956.18	72.844
956.35	72.772
956.52	72.832
956.68	72.852
956.85	72.735
957.02	72.786
957.18	72.852
957.35	72.865
957.52	72.938
957.69	73.034
957.85	73.074
958.02	72.965
958.19	72.864
958.35	72.857
958.52	72.642
958.69	72.327
958.85	72.535
959.02	72.615
959.19	72.353
959.35	72.262
959.52	72.303
959.69	72.326
959.85	72.385
960.02	72.386
960.19	72.270
960.35	72.181
960.52	72.088
960.68	72.072
960.85	72.154
961.02	71.960
961.18	71.970
961.35	71.739
961.52	71.788
961.68	71.814
961.85	71.728
962.02	71.813
962.18	71.841
962.35	71.562
962.51	71.447
962.68	71.484
962.85	71.383
963.01	71.112
963.18	70.978
963.35	70.625
963.51	70.457
963.68	70.461
963.84	70.239
964.01	70.274
964.18	70.099
964.34	69.877
964.51	69.712
964.67	69.504
964.84	69.420
965.01	69.202
965.17	68.940
965.34	68.938
965.50	68.671
965.67	68.637
965.84	68.644
966.00	68.777
966.17	68.886
966.33	68.725
966.50	68.610
966.66	68.601
966.83	68.700
967.00	68.647
967.16	68.486
967.33	68.466
967.49	68.244
967.66	68.467
967.82	68.268
967.99	68.412
968.16	68.443
968.32	68.397
968.49	68.199
968.65	68.385
968.82	68.258
968.98	68.334
969.15	67.988
969.31	67.759
969.48	67.458
969.64	67.133
969.81	67.133
969.98	67.096
970.14	66.756
970.31	66.691
970.47	66.354
970.64	66.128
970.80	66.186
970.97	65.695
971.13	65.331
971.30	65.312
971.46	65.127
971.63	64.897
971.79	65.010
971.96	65.020
972.12	64.703
972.29	64.264
972.45	64.133
972.62	64.186
972.78	64.222
972.95	63.791
973.11	63.565
973.28	63.438
973.44	63.494
973.61	63.656
973.77	63.395
973.94	63.456
974.10	63.618
974.27	63.563
974.43	63.893
974.60	63.830
974.76	63.785
974.93	63.779
975.09	63.636
975.26	63.308
975.42	63.259
975.59	63.085
975.75	63.488
975.92	63.341
976.08	62.806
976.24	62.698
976.41	62.564
976.57	62.632
976.74	62.468
976.90	62.077
977.07	61.586
977.23	61.667
977.40	61.517
977.56	60.857
977.73	60.534
977.89	60.227
978.05	59.878
978.22	59.659
978.38	59.289
978.55	59.024
978.71	58.869
978.88	58.898
979.04	58.916
979.20	58.674
979.37	58.585
979.53	58.625
979.70	58.690
979.86	58.958
980.03	58.855
980.19	58.729
980.35	58.789
980.52	58.639
980.68	58.665
980.85	58.615
981.01	58.751
981.17	58.682
981.34	58.554
981.50	58.531
981.67	58.576
981.83	58.528
981.99	58.508
982.16	58.333
982.32	57.410
982.49	57.370
982.65	57.118
982.81	57.279
982.98	57.272
983.14	57.176
983.30	56.807
983.47	56.756
983.63	56.584
983.80	56.362
983.96	56.230
984.12	56.656
984.29	56.782
984.45	57.033
984.61	56.790
984.78	57.078
984.94	57.367
985.10	57.791
985.27	57.583
985.43	58.021
985.59	58.302
985.76	59.003
985.92	59.084
986.08	59.529
986.25	58.922
986.41	59.483
986.57	58.925
986.74	59.227
986.90	59.207
987.06	59.091
987.23	59.131
987.39	58.819
987.55	57.810
987.72	57.548
987.88	56.727
988.04	57.135
988.21	57.477
988.37	57.228
988.53	56.519
988.70	56.999
988.86	56.407
989.02	56.152
989.19	55.717
989.35	55.802
989.51	55.008
989.67	55.148
989.84	54.669
990.00	54.625
990.16	54.899
990.33	55.089
990.49	55.550
990.65	55.720
990.82	56.261
990.98	56.235
991.14	56.170
991.30	57.182
991.47	56.617
991.63	56.388
991.79	57.134
991.95	57.331
992.12	57.375
992.28	57.685
992.44	57.811
992.61	58.135
992.77	58.222
992.93	58.885
993.09	58.945
993.26	59.240
993.42	59.980
993.58	59.529
993.74	59.248
993.91	58.860
994.07	58.588
994.23	58.851
994.39	59.028
994.55	59.356
994.72	58.849
994.88	59.106
995.04	58.787
995.20	58.480
995.37	58.244
995.53	58.278
995.69	58.076
995.85	57.696
996.02	57.645
996.18	57.953
996.34	57.613
996.50	57.868
996.66	58.730
996.83	58.289
996.99	57.515
997.15	58.179
997.31	58.121
997.47	58.472
997.64	58.439
997.80	58.884
997.96	59.470
998.12	59.616
998.28	60.445
998.45	61.020
998.61	60.964
998.77	60.869
998.93	61.006
999.09	62.300
999.25	62.546
999.42	63.730
999.58	63.364
999.74	63.069
999.90	62.670
1000.06	61.931
1000.22	62.246
1000.39	63.140
1000.55	62.792
1000.71	63.609
1000.87	63.411
1001.03	63.122
1001.19	63.057
1001.36	62.518
1001.52	62.138
1001.68	61.587
1001.84	61.880
1002.00	60.777
1002.16	60.922
1002.32	60.445
1002.49	58.486
1002.65	58.441
1002.81	57.737
1002.97	57.784
1003.13	57.778
1003.29	58.915
1003.45	58.469
1003.62	59.149
1003.78	59.078
1003.94	59.488
1004.10	58.439
1004.26	58.664
1004.42	58.555
1004.58	58.698
1004.74	59.044
1004.90	60.611
1005.07	60.761
1005.23	59.927
1005.39	61.210
1005.55	61.652
1005.71	61.482
1005.87	63.105
1006.03	63.896
1006.19	63.988
1006.35	63.471
1006.51	64.565
1006.67	64.389
1006.84	64.282
1007.00	63.741
1007.16	64.974
1007.32	62.984
1007.48	63.834
1007.64	65.059
1007.80	64.952
1007.96	63.999
1008.12	64.355
1008.28	62.571
1008.44	63.707
1008.60	64.124
1008.76	63.054
1008.92	62.000
1009.09	61.885
1009.25	61.440
1009.41	60.836
1009.57	61.422
1009.73	62.463
1009.89	63.066
1010.05	63.983
1010.21	65.549
1010.37	65.240
1010.53	66.442
1010.69	69.069
1010.85	69.090
1011.01	67.893
1011.17	67.215
1011.33	69.249
1011.49	69.439
1011.65	69.940
1011.81	69.160
1011.97	69.625
1012.13	72.386
1012.29	74.226
1012.45	75.349
1012.61	78.782
1012.77	76.663
1012.93	76.026
1013.09	74.678
1013.25	74.372
1013.41	74.552
1013.57	72.006
1013.73	71.485
1013.89	67.496
1014.05	68.941
1014.21	66.670
1014.37	65.004
1014.53	63.618
1014.69	63.246
1014.85	63.488
1015.01	65.714
1015.17	67.916
1015.33	68.547
1015.49	66.639
1015.65	68.900
1015.81	69.721
1015.97	66.690
1016.13	70.715
1016.29	70.330
1016.45	71.642
1016.61	72.430
1016.77	69.477
1016.93	70.523
1017.09	70.540
1017.25	71.922
1017.41	70.804
1017.56	72.770
1017.72	80.318
1017.88	82.675
1018.04	84.081
1018.20	82.189
1018.36	81.119
1018.52	79.238
1018.68	80.446
1018.84	81.985
1019.00	79.715
1019.16	81.111
1019.32	83.611
1019.48	83.500
1019.64	86.466
1019.79	83.484
1019.95	79.836
1020.11	85.566
1020.27	86.305
1020.43	92.021
1020.59	94.534
1020.75	91.587
1020.91	95.690
1021.07	87.417
1021.23	87.965
1021.39	82.203
1021.54	87.746
1021.70	85.943
1021.86	84.259
1022.02	81.930
1022.18	78.796
1022.34	81.744
1022.50	81.022
1022.66	79.541
1022.82	79.501
1022.97	79.231
1023.13	81.994
1023.29	87.366
1023.45	85.326
1023.61	85.735
1023.77	82.998
1023.93	83.035
1024.08	84.715
1024.24	82.371
1024.40	84.688
1024.56	92.386
1024.72	97.365
1024.88	86.115
1025.04	91.989
1025.19	89.556
1025.35	85.796
1025.51	90.773
1025.67	94.339
1025.83	89.432
1025.99	90.793
1026.14	88.527
1026.30	96.976
1026.46	100.121
1026.62	92.738
1026.78	85.116
1026.94	81.167
1027.09	79.530
1027.25	77.899
1027.41	78.249
1027.57	77.941
1027.73	76.181
1027.89	70.171
1028.04	69.898
1028.20	69.825
1028.36	69.467
1028.52	69.670
1028.68	70.624
1028.83	71.523
1028.99	67.852
1029.15	68.665
1029.31	68.143
1029.47	70.250
1029.62	68.201
1029.78	68.563
1029.94	70.197
1030.10	73.051
1030.25	76.920
1030.41	80.867
1030.57	82.391
1030.73	86.093
1030.89	87.850
1031.04	90.603
1031.20	97.574
1031.36	105.443
1031.52	111.476
1031.67	114.842
1031.83	121.950
1031.99	134.779
1032.15	119.320
1032.30	134.166
1032.46	155.868
1032.62	145.172
1032.78	129.005
1032.93	149.409
1033.09	125.656
1033.25	116.437
1033.41	117.846
1033.56	111.482
1033.72	43.824
1033.88	318.929
1034.04	59.557
1034.19	66.727
1034.35	81.273
1034.51	-35.525
1034.66	41.277
1034.82	2121.667
1034.98	2121.667
1035.14	2121.667
