345.22	50.604
345.43	50.604
345.65	50.604
345.86	42.675
346.08	145.701
346.29	2.222
346.51	38.498
346.72	41.162
346.94	-183.526
347.15	-73.208
347.37	191.591
347.58	218.960
347.80	244.882
348.01	207.841
348.23	139.359
348.44	127.750
348.66	115.784
348.87	116.795
349.09	109.909
349.30	98.240
349.52	91.374
349.73	94.134
349.95	93.180
350.16	95.073
350.38	92.233
350.59	86.098
350.81	84.715
351.02	82.217
351.24	81.023
351.45	79.787
351.67	81.774
351.88	80.542
352.10	77.307
352.31	76.364
352.53	79.314
352.74	81.022
352.96	82.427
353.17	81.751
353.39	83.023
353.60	85.084
353.82	86.394
354.03	86.865
354.25	81.585
354.46	76.617
354.67	73.822
354.89	71.649
355.10	75.427
355.32	74.638
355.53	76.311
355.75	78.077
355.96	79.603
356.18	79.197
356.39	78.986
356.61	82.883
356.82	82.266
357.04	78.821
357.25	79.010
357.46	78.185
357.68	77.858
357.89	76.062
358.11	74.782
358.32	77.709
358.54	76.207
358.75	77.947
358.97	80.083
359.18	82.775
359.40	82.351
359.61	82.655
359.82	83.674
360.04	83.378
360.25	81.784
360.47	78.103
360.68	77.572
360.90	77.983
361.11	75.993
361.32	76.105
361.54	79.863
361.75	79.506
361.97	80.831
362.18	81.650
362.40	83.193
362.61	84.559
362.83	84.287
363.04	84.921
363.25	86.663
363.47	87.916
363.68	85.582
363.90	89.254
364.11	89.661
364.32	90.412
364.54	89.233
364.75	86.181
364.97	89.827
365.18	88.523
365.40	86.630
365.61	86.449
365.82	87.403
366.04	85.992
366.25	85.209
366.47	83.469
366.68	82.017
366.89	82.804
367.11	80.075
367.32	80.484
367.54	78.125
367.75	77.606
367.96	76.605
368.18	77.755
368.39	76.708
368.61	76.802
368.82	77.895
369.03	80.125
369.25	83.923
369.46	84.810
369.68	85.486
369.89	86.153
370.10	86.762
370.32	86.791
370.53	86.493
370.75	83.185
370.96	85.141
371.17	85.788
371.39	83.045
371.60	83.956
371.81	84.482
372.03	86.520
372.24	87.062
372.46	90.247
372.67	90.842
372.88	89.463
373.10	89.177
373.31	87.556
373.52	87.456
373.74	85.729
373.95	84.505
374.17	86.059
374.38	88.634
374.59	88.969
374.81	87.584
375.02	85.919
375.23	89.018
375.45	87.030
375.66	84.911
375.87	86.432
376.09	86.640
376.30	85.292
376.52	87.159
376.73	84.454
376.94	82.523
377.16	83.392
377.37	87.313
377.58	87.350
377.80	88.822
378.01	89.835
378.22	91.482
378.44	92.326
378.65	93.768
378.86	93.721
379.08	94.279
379.29	94.761
379.50	97.633
379.72	98.022
379.93	101.234
380.14	104.528
380.36	105.461
380.57	106.986
380.78	107.422
381.00	108.190
381.21	109.880
381.42	110.881
381.64	111.394
381.85	111.015
382.06	111.170
382.28	111.107
382.49	110.627
382.70	111.104
382.92	111.362
383.13	110.675
383.34	111.122
383.56	112.067
383.77	113.202
383.98	112.799
384.20	113.819
384.41	113.909
384.62	114.139
384.83	114.694
385.05	115.041
385.26	115.964
385.47	116.735
385.69	117.603
385.90	118.442
386.11	119.119
386.33	120.060
386.54	120.910
386.75	121.579
386.97	122.701
387.18	123.448
387.39	124.329
387.60	124.764
387.82	125.231
388.03	125.616
388.24	126.165
388.46	126.598
388.67	126.723
388.88	126.684
389.09	126.560
389.31	126.311
389.52	126.091
389.73	125.538
389.95	125.059
390.16	124.551
390.37	124.101
390.58	123.638
390.80	122.913
391.01	122.328
391.22	121.766
391.44	120.862
391.65	120.112
391.86	119.405
392.07	119.085
392.29	118.587
392.50	118.052
392.71	117.527
392.92	117.228
393.14	116.821
393.35	116.621
393.56	116.592
393.78	116.611
393.99	116.849
394.20	117.203
394.41	117.524
394.63	117.826
394.84	118.374
395.05	119.070
395.26	119.708
395.48	120.427
395.69	121.089
395.90	122.045
396.11	122.922
396.33	123.741
396.54	124.612
396.75	125.341
396.96	126.101
397.18	126.766
397.39	127.414
397.60	128.092
397.81	128.634
398.03	129.000
398.24	129.320
398.45	129.427
398.66	129.483
398.87	129.471
399.09	129.339
399.30	128.968
399.51	128.415
399.72	127.930
399.94	127.335
400.15	126.657
400.36	125.817
400.57	124.947
400.79	124.073
401.00	123.067
401.21	122.157
401.42	121.206
401.63	120.257
401.85	119.362
402.06	118.575
402.27	117.794
402.48	117.138
402.69	116.554
402.91	116.015
403.12	115.511
403.33	115.249
403.54	115.134
403.76	114.986
403.97	115.040
404.18	115.225
404.39	115.512
404.60	115.933
404.82	116.464
405.03	117.105
405.24	117.752
405.45	118.495
405.66	119.314
405.88	120.147
406.09	121.082
406.30	121.903
406.51	122.655
406.72	123.466
406.94	124.233
407.15	124.948
407.36	125.678
407.57	126.354
407.78	126.864
407.99	127.232
408.21	127.593
408.42	127.835
408.63	128.003
408.84	127.975
409.05	127.884
409.27	127.588
409.48	127.123
409.69	126.619
409.90	126.087
410.11	125.443
410.32	124.754
410.54	123.895
410.75	122.977
410.96	122.025
411.17	121.036
411.38	120.038
411.59	119.044
411.81	117.989
412.02	116.960
412.23	115.966
412.44	115.065
412.65	114.291
412.86	113.597
413.08	112.888
413.29	112.269
413.50	111.821
413.71	111.497
413.92	111.266
414.13	111.136
414.34	111.103
414.56	111.101
414.77	111.251
414.98	111.496
415.19	111.975
415.40	112.550
415.61	113.180
415.82	113.853
416.04	114.626
416.25	115.385
416.46	116.221
416.67	117.138
416.88	118.003
417.09	118.852
417.30	119.639
417.52	120.486
417.73	121.229
417.94	121.901
418.15	122.543
418.36	123.199
418.57	123.666
418.78	124.039
418.99	124.413
419.21	124.655
419.42	124.813
419.63	124.824
419.84	124.705
420.05	124.483
420.26	124.122
420.47	123.603
420.68	123.119
420.89	122.518
421.11	121.757
421.32	121.033
421.53	120.196
421.74	119.341
421.95	118.453
422.16	117.575
422.37	116.688
422.58	115.708
422.79	114.726
423.01	113.844
423.22	112.968
423.43	112.166
423.64	111.409
423.85	110.748
424.06	110.177
424.27	109.671
424.48	109.257
424.69	109.023
424.90	108.874
425.11	108.806
425.33	108.856
425.54	108.993
425.75	109.192
425.96	109.497
426.17	109.924
426.38	110.433
426.59	111.017
426.80	111.662
427.01	112.413
427.22	113.247
427.43	114.169
427.64	115.050
427.85	115.903
428.07	116.811
428.28	117.668
428.49	118.531
428.70	119.385
428.91	120.193
429.12	120.901
429.33	121.616
429.54	122.255
429.75	122.798
429.96	123.335
430.17	123.771
430.38	124.107
430.59	124.274
430.80	124.339
431.01	124.317
431.22	124.228
431.44	124.006
431.65	123.702
431.86	123.258
432.07	122.773
432.28	122.216
432.49	121.557
432.70	120.826
432.91	119.991
433.12	119.092
433.33	118.161
433.54	117.266
433.75	116.324
433.96	115.387
434.17	114.364
434.38	113.404
434.59	112.473
434.80	111.567
435.01	110.806
435.22	110.083
435.43	109.439
435.64	108.833
435.85	108.317
436.06	107.866
436.27	107.538
436.48	107.319
436.69	107.150
436.90	107.112
437.11	107.189
437.33	107.364
437.54	107.647
437.75	108.063
437.96	108.476
438.17	108.976
438.38	109.510
438.59	110.183
438.80	110.867
439.01	111.664
439.22	112.528
439.43	113.253
439.64	114.056
439.85	114.869
440.06	115.660
440.27	116.486
440.48	117.248
440.69	117.975
440.90	118.654
441.11	119.346
441.32	119.936
441.53	120.453
441.74	120.881
441.95	121.272
442.16	121.546
442.37	121.717
442.58	121.831
442.79	121.866
443.00	121.811
443.21	121.672
443.42	121.365
443.62	120.912
443.83	120.548
444.04	120.048
444.25	119.481
444.46	118.831
444.67	118.092
444.88	117.335
445.09	116.507
445.30	115.640
445.51	114.699
445.72	113.743
445.93	112.838
446.14	111.900
446.35	110.929
446.56	110.039
446.77	109.181
446.98	108.318
447.19	107.486
447.40	106.734
447.61	105.997
447.82	105.351
448.03	104.815
448.24	104.307
448.45	103.896
448.66	103.572
448.87	103.330
449.08	103.207
449.29	103.152
449.49	103.191
449.70	103.325
449.91	103.537
450.12	103.858
450.33	104.210
450.54	104.661
450.75	105.199
450.96	105.751
451.17	106.378
451.38	107.040
451.59	107.751
451.80	108.463
452.01	109.221
452.22	110.006
452.43	110.745
452.64	111.481
452.84	112.224
453.05	112.917
453.26	113.622
453.47	114.245
453.68	114.855
453.89	115.413
454.10	115.868
454.31	116.307
454.52	116.635
454.73	116.922
454.94	117.106
455.15	117.190
455.36	117.181
455.56	117.110
455.77	116.953
455.98	116.736
456.19	116.442
456.40	116.087
456.61	115.669
456.82	115.150
457.03	114.581
457.24	113.924
457.45	113.244
457.65	112.452
457.86	111.661
458.07	110.834
458.28	109.914
458.49	109.048
458.70	108.112
458.91	107.204
459.12	106.290
459.33	105.355
459.54	104.481
459.74	103.636
459.95	102.801
460.16	102.056
460.37	101.355
460.58	100.718
460.79	100.113
461.00	99.542
461.21	99.071
461.41	98.665
461.62	98.342
461.83	98.116
462.04	97.983
462.25	97.879
462.46	97.882
462.67	97.999
462.88	98.185
463.08	98.466
463.29	98.783
463.50	99.172
463.71	99.653
463.92	100.164
464.13	100.708
464.34	101.310
464.54	101.962
464.75	102.649
464.96	103.336
465.17	104.047
465.38	104.746
465.59	105.495
465.80	106.216
466.00	106.906
466.21	107.575
466.42	108.205
466.63	108.857
466.84	109.463
467.05	110.001
467.26	110.488
467.46	110.863
467.67	111.225
467.88	111.541
468.09	111.753
468.30	111.935
468.51	112.051
468.71	112.067
468.92	112.020
469.13	111.889
469.34	111.706
469.55	111.424
469.76	111.113
469.96	110.698
470.17	110.229
470.38	109.724
470.59	109.140
470.80	108.501
471.00	107.856
471.21	107.126
471.42	106.388
471.63	105.617
471.84	104.839
472.05	104.023
472.25	103.193
472.46	102.372
472.67	101.505
472.88	100.698
473.09	99.882
473.29	99.064
473.50	98.309
473.71	97.561
473.92	96.856
474.13	96.191
474.33	95.596
474.54	95.049
474.75	94.557
474.96	94.121
475.17	93.756
475.37	93.413
475.58	93.167
475.79	93.002
476.00	92.899
476.21	92.880
476.41	92.921
476.62	93.045
476.83	93.220
477.04	93.509
477.24	93.810
477.45	94.185
477.66	94.611
477.87	95.063
478.08	95.588
478.28	96.126
478.49	96.719
478.70	97.345
478.91	97.969
479.11	98.611
479.32	99.292
479.53	99.949
479.74	100.644
479.94	101.304
480.15	101.920
480.36	102.526
480.57	103.114
480.78	103.693
480.98	104.188
481.19	104.660
481.40	105.071
481.61	105.475
481.81	105.810
482.02	106.087
482.23	106.337
482.44	106.485
482.64	106.609
482.85	106.658
483.06	106.619
483.27	106.559
483.47	106.446
483.68	106.253
483.89	105.999
484.10	105.676
484.30	105.310
484.51	104.875
484.72	104.417
484.92	103.871
485.13	103.313
485.34	102.720
485.55	102.077
485.75	101.412
485.96	100.687
486.17	99.955
486.38	99.218
486.58	98.449
486.79	97.694
487.00	96.919
487.20	96.140
487.41	95.394
487.62	94.656
487.83	93.921
488.03	93.207
488.24	92.531
488.45	91.873
488.65	91.243
488.86	90.672
489.07	90.131
489.28	89.651
489.48	89.205
489.69	88.849
489.90	88.521
490.10	88.267
490.31	88.071
490.52	87.914
490.73	87.828
490.93	87.803
491.14	87.832
491.35	87.929
491.55	88.077
491.76	88.277
491.97	88.520
492.17	88.802
492.38	89.145
492.59	89.532
492.79	89.973
493.00	90.449
493.21	90.955
493.41	91.483
493.62	92.035
493.83	92.615
494.04	93.168
494.24	93.757
494.45	94.341
494.66	94.912
494.86	95.511
495.07	96.072
495.28	96.642
495.48	97.173
495.69	97.685
495.90	98.180
496.10	98.647
496.31	99.066
496.52	99.447
496.72	99.822
496.93	100.144
497.14	100.406
497.34	100.607
497.55	100.786
497.76	100.910
497.96	100.978
498.17	100.991
498.37	100.966
498.58	100.861
498.79	100.710
498.99	100.534
499.20	100.284
499.41	99.986
499.61	99.621
499.82	99.232
500.03	98.784
500.23	98.318
500.44	97.790
500.65	97.242
500.85	96.670
501.06	96.037
501.26	95.394
501.47	94.727
501.68	94.059
501.88	93.356
502.09	92.655
502.30	91.939
502.50	91.222
502.71	90.513
502.91	89.820
503.12	89.129
503.33	88.446
503.53	87.799
503.74	87.161
503.95	86.548
504.15	85.965
504.36	85.412
504.56	84.889
504.77	84.420
504.98	83.972
505.18	83.582
505.39	83.230
505.59	82.923
505.80	82.670
506.01	82.472
506.21	82.322
506.42	82.222
506.62	82.170
506.83	82.164
507.04	82.217
507.24	82.309
507.45	82.459
507.65	82.653
507.86	82.872
508.07	83.148
508.27	83.466
508.48	83.811
508.68	84.214
508.89	84.632
509.10	85.071
509.30	85.535
509.51	86.014
509.71	86.508
509.92	87.018
510.12	87.531
510.33	88.047
510.54	88.562
510.74	89.085
510.95	89.595
511.15	90.099
511.36	90.602
511.56	91.089
511.77	91.543
511.98	91.986
512.18	92.415
512.39	92.812
512.59	93.173
512.80	93.506
513.00	93.796
513.21	94.046
513.42	94.273
513.62	94.456
513.83	94.605
514.03	94.700
514.24	94.750
514.44	94.751
514.65	94.724
514.85	94.651
515.06	94.539
515.26	94.375
515.47	94.178
515.68	93.922
515.88	93.636
516.09	93.307
516.29	92.943
516.50	92.536
516.70	92.093
516.91	91.622
517.11	91.125
517.32	90.603
517.52	90.055
517.73	89.500
517.93	88.914
518.14	88.311
518.34	87.708
518.55	87.097
518.76	86.483
518.96	85.847
519.17	85.213
519.37	84.572
519.58	83.960
519.78	83.340
519.99	82.728
520.19	82.133
520.40	81.576
520.60	81.028
520.81	80.501
521.01	79.993
521.22	79.530
521.42	79.094
521.63	78.688
521.83	78.317
522.04	77.971
522.24	77.686
522.45	77.437
522.65	77.232
522.86	77.068
523.06	76.942
523.27	76.868
523.47	76.831
523.68	76.839
523.88	76.876
524.09	76.964
524.29	77.102
524.50	77.273
524.70	77.473
524.91	77.709
525.11	77.992
525.32	78.315
525.52	78.656
525.72	79.043
525.93	79.447
526.13	79.882
526.34	80.319
526.54	80.790
526.75	81.253
526.95	81.736
527.16	82.219
527.36	82.720
527.57	83.217
527.77	83.710
527.98	84.215
528.18	84.714
528.39	85.194
528.59	85.674
528.79	86.130
529.00	86.586
529.20	87.014
529.41	87.444
529.61	87.842
529.82	88.203
530.02	88.529
530.23	88.840
530.43	89.102
530.64	89.354
530.84	89.553
531.04	89.718
531.25	89.874
531.45	89.997
531.66	90.077
531.86	90.115
532.07	90.112
532.27	90.069
532.47	89.999
532.68	89.907
532.88	89.776
533.09	89.609
533.29	89.387
533.50	89.141
533.70	88.826
533.90	88.503
534.11	88.166
534.31	87.794
534.52	87.386
534.72	86.983
534.93	86.549
535.13	86.080
535.33	85.613
535.54	85.097
535.74	84.579
535.95	84.034
536.15	83.509
536.35	82.969
536.56	82.424
536.76	81.857
536.97	81.308
537.17	80.744
537.37	80.190
537.58	79.662
537.78	79.138
537.99	78.633
538.19	78.124
538.39	77.629
538.60	77.161
538.80	76.727
539.01	76.290
539.21	75.887
539.41	75.523
539.62	75.176
539.82	74.868
540.03	74.581
540.23	74.346
540.43	74.127
540.64	73.965
540.84	73.825
541.04	73.733
541.25	73.681
541.45	73.662
541.66	73.676
541.86	73.726
542.06	73.818
542.27	73.943
542.47	74.119
542.67	74.308
542.88	74.536
543.08	74.794
543.28	75.091
543.49	75.404
543.69	75.748
543.90	76.128
544.10	76.513
544.30	76.944
544.51	77.374
544.71	77.844
544.91	78.302
545.12	78.785
545.32	79.283
545.52	79.759
545.73	80.266
545.93	80.768
546.13	81.249
546.34	81.725
546.54	82.203
546.74	82.665
546.95	83.146
547.15	83.607
547.35	84.037
547.56	84.476
547.76	84.909
547.96	85.308
548.17	85.699
548.37	86.077
548.57	86.401
548.78	86.708
548.98	86.983
549.18	87.224
549.39	87.437
549.59	87.621
549.79	87.799
550.00	87.931
550.20	88.062
550.40	88.140
550.61	88.198
550.81	88.214
551.01	88.206
551.22	88.161
551.42	88.082
551.62	87.974
551.82	87.821
552.03	87.652
552.23	87.451
552.43	87.211
552.64	86.949
552.84	86.662
553.04	86.345
553.25	86.005
553.45	85.635
553.65	85.250
553.85	84.865
554.06	84.450
554.26	84.007
554.46	83.532
554.67	83.067
554.87	82.579
555.07	82.100
555.27	81.598
555.48	81.089
555.68	80.590
555.88	80.084
556.09	79.584
556.29	79.062
556.49	78.561
556.69	78.050
556.90	77.552
557.10	77.083
557.30	76.638
557.50	76.181
557.71	75.770
557.91	75.369
558.11	74.966
558.31	74.595
558.52	74.252
558.72	73.938
558.92	73.647
559.13	73.388
559.33	73.150
559.53	72.934
559.73	72.765
559.94	72.614
560.14	72.489
560.34	72.391
560.54	72.330
560.75	72.312
560.95	72.318
561.15	72.369
561.35	72.434
561.55	72.521
561.76	72.654
561.96	72.795
562.16	72.984
562.36	73.210
562.57	73.450
562.77	73.719
562.97	74.016
563.17	74.327
563.38	74.653
563.58	75.010
563.78	75.390
563.98	75.778
564.18	76.177
564.39	76.605
564.59	77.038
564.79	77.494
564.99	77.940
565.20	78.393
565.40	78.833
565.60	79.280
565.80	79.750
566.00	80.199
566.21	80.659
566.41	81.090
566.61	81.524
566.81	81.959
567.01	82.376
567.22	82.788
567.42	83.189
567.62	83.562
567.82	83.922
568.02	84.268
568.23	84.592
568.43	84.902
568.63	85.196
568.83	85.453
569.03	85.677
569.24	85.889
569.44	86.086
569.64	86.261
569.84	86.423
570.04	86.527
570.24	86.621
570.45	86.688
570.65	86.736
570.85	86.749
571.05	86.721
571.25	86.670
571.45	86.582
571.66	86.489
571.86	86.375
572.06	86.213
572.26	86.037
572.46	85.846
572.66	85.636
572.87	85.381
573.07	85.123
573.27	84.839
573.47	84.538
573.67	84.206
573.87	83.852
574.08	83.473
574.28	83.102
574.48	82.708
574.68	82.292
574.88	81.870
575.08	81.418
575.28	80.972
575.49	80.527
575.69	80.079
575.89	79.602
576.09	79.145
576.29	78.675
576.49	78.201
576.69	77.723
576.90	77.253
577.10	76.796
577.30	76.340
577.50	75.903
577.70	75.460
577.90	75.036
578.10	74.641
578.30	74.252
578.51	73.879
578.71	73.530
578.91	73.197
579.11	72.874
579.31	72.582
579.51	72.307
579.71	72.059
579.91	71.824
580.12	71.627
580.32	71.450
580.52	71.311
580.72	71.184
580.92	71.085
581.12	70.999
581.32	70.952
581.52	70.949
581.72	70.950
581.92	70.986
582.13	71.058
582.33	71.132
582.53	71.247
582.73	71.377
582.93	71.538
583.13	71.728
583.33	71.949
583.53	72.186
583.73	72.450
583.93	72.733
584.13	73.041
584.34	73.379
584.54	73.701
584.74	74.035
584.94	74.412
585.14	74.794
585.34	75.193
585.54	75.569
585.74	75.959
585.94	76.376
586.14	76.808
586.34	77.225
586.54	77.666
586.74	78.106
586.94	78.552
587.15	79.000
587.35	79.433
587.55	79.859
587.75	80.288
587.95	80.698
588.15	81.096
588.35	81.479
588.55	81.862
588.75	82.249
588.95	82.621
589.15	82.970
589.35	83.310
589.55	83.627
589.75	83.966
589.95	84.260
590.15	84.536
590.35	84.779
590.55	85.019
590.75	85.227
590.95	85.409
591.15	85.573
591.35	85.701
591.56	85.814
591.76	85.903
591.96	85.968
592.16	86.022
592.36	86.052
592.56	86.065
592.76	86.040
592.96	86.003
593.16	85.928
593.36	85.835
593.56	85.729
593.76	85.612
593.96	85.445
594.16	85.279
594.36	85.088
594.56	84.878
594.76	84.644
594.96	84.402
595.16	84.122
595.36	83.832
595.56	83.516
595.76	83.180
595.96	82.825
596.16	82.474
596.36	82.100
596.56	81.725
596.76	81.320
596.96	80.911
597.16	80.498
597.36	80.091
597.56	79.667
597.76	79.229
597.96	78.788
598.16	78.353
598.36	77.913
598.56	77.467
598.76	77.030
598.96	76.606
599.16	76.177
599.36	75.782
599.56	75.384
599.76	74.991
599.96	74.614
600.15	74.245
600.35	73.893
600.55	73.553
600.75	73.209
600.95	72.902
601.15	72.595
601.35	72.300
601.55	72.025
601.75	71.783
601.95	71.552
602.15	71.348
602.35	71.146
602.55	70.978
602.75	70.836
602.95	70.701
603.15	70.578
603.35	70.495
603.55	70.423
603.75	70.366
603.95	70.340
604.15	70.342
604.35	70.376
604.54	70.418
604.74	70.504
604.94	70.600
605.14	70.708
605.34	70.850
605.54	71.020
605.74	71.213
605.94	71.416
606.14	71.645
606.34	71.886
606.54	72.158
606.74	72.449
606.94	72.747
607.14	73.074
607.33	73.424
607.53	73.768
607.73	74.120
607.93	74.480
608.13	74.855
608.33	75.237
608.53	75.611
608.73	76.009
608.93	76.384
609.13	76.779
609.33	77.186
609.52	77.593
609.72	77.992
609.92	78.385
610.12	78.786
610.32	79.181
610.52	79.585
610.72	79.969
610.92	80.347
611.12	80.724
611.31	81.092
611.51	81.446
611.71	81.794
611.91	82.146
612.11	82.496
612.31	82.833
612.51	83.146
612.71	83.461
612.91	83.740
613.10	84.022
613.30	84.312
613.50	84.567
613.70	84.800
613.90	85.007
614.10	85.196
614.30	85.353
614.50	85.505
614.69	85.615
614.89	85.723
615.09	85.806
615.29	85.874
615.49	85.917
615.69	85.942
615.89	85.952
616.08	85.940
616.28	85.900
616.48	85.840
616.68	85.757
616.88	85.656
617.08	85.535
617.27	85.410
617.47	85.245
617.67	85.061
617.87	84.860
618.07	84.657
618.27	84.439
618.47	84.215
618.66	83.961
618.86	83.707
619.06	83.421
619.26	83.136
619.46	82.835
619.66	82.512
619.85	82.175
620.05	81.828
620.25	81.456
620.45	81.088
620.65	80.705
620.84	80.345
621.04	79.966
621.24	79.606
621.44	79.204
621.64	78.789
621.84	78.396
622.03	77.997
622.23	77.600
622.43	77.204
622.63	76.813
622.83	76.422
623.02	76.033
623.22	75.661
623.42	75.268
623.62	74.897
623.82	74.546
624.01	74.191
624.21	73.843
624.41	73.521
624.61	73.208
624.81	72.917
625.00	72.612
625.20	72.328
625.40	72.048
625.60	71.798
625.79	71.575
625.99	71.370
626.19	71.170
626.39	70.993
626.59	70.826
626.78	70.691
626.98	70.568
627.18	70.458
627.38	70.374
627.57	70.335
627.77	70.295
627.97	70.269
628.17	70.280
628.37	70.304
628.56	70.359
628.76	70.420
628.96	70.495
629.16	70.592
629.35	70.732
629.55	70.881
629.75	71.050
629.95	71.236
630.14	71.427
630.34	71.650
630.54	71.884
630.74	72.125
630.93	72.382
631.13	72.651
631.33	72.932
631.53	73.206
631.72	73.491
631.92	73.803
632.12	74.135
632.31	74.463
632.51	74.821
632.71	75.173
632.91	75.528
633.10	75.894
633.30	76.281
633.50	76.638
633.70	77.022
633.89	77.397
634.09	77.786
634.29	78.168
634.48	78.550
634.68	78.942
634.88	79.334
635.08	79.725
635.27	80.125
635.47	80.516
635.67	80.915
635.86	81.306
636.06	81.682
636.26	82.031
636.46	82.386
636.65	82.724
636.85	83.072
637.05	83.406
637.24	83.711
637.44	84.007
637.64	84.303
637.83	84.591
638.03	84.874
638.23	85.110
638.43	85.352
638.62	85.566
638.82	85.750
639.02	85.937
639.21	86.095
639.41	86.227
639.61	86.366
639.80	86.484
640.00	86.582
640.20	86.686
640.39	86.784
640.59	86.847
640.79	86.900
640.98	86.915
641.18	86.928
641.38	86.937
641.57	86.911
641.77	86.868
641.97	86.792
642.16	86.707
642.36	86.619
642.56	86.510
642.75	86.403
642.95	86.266
643.15	86.117
643.34	85.966
643.54	85.798
643.74	85.594
643.93	85.382
644.13	85.137
644.33	84.867
644.52	84.597
644.72	84.330
644.91	84.042
645.11	83.736
645.31	83.427
645.50	83.117
645.70	82.807
645.90	82.488
646.09	82.151
646.29	81.800
646.48	81.446
646.68	81.078
646.88	80.709
647.07	80.346
647.27	79.971
647.47	79.590
647.66	79.215
647.86	78.840
648.05	78.471
648.25	78.110
648.45	77.747
648.64	77.373
648.84	77.016
649.04	76.647
649.23	76.285
649.43	75.938
649.62	75.583
649.82	75.225
650.02	74.887
650.21	74.561
650.41	74.265
650.60	73.973
650.80	73.709
651.00	73.427
651.19	73.173
651.39	72.926
651.58	72.685
651.78	72.473
651.97	72.286
652.17	72.099
652.37	71.921
652.56	71.776
652.76	71.640
652.95	71.514
653.15	71.432
653.35	71.351
653.54	71.278
653.74	71.217
653.93	71.185
654.13	71.168
654.32	71.156
654.52	71.144
654.72	71.166
654.91	71.198
655.11	71.255
655.30	71.335
655.50	71.427
655.69	71.540
655.89	71.648
656.08	71.768
656.28	71.913
656.48	72.083
656.67	72.258
656.87	72.450
657.06	72.640
657.26	72.838
657.45	73.068
657.65	73.314
657.84	73.582
658.04	73.847
658.23	74.131
658.43	74.435
658.62	74.751
658.82	75.063
659.02	75.384
659.21	75.728
659.41	76.059
659.60	76.402
659.80	76.753
659.99	77.129
660.19	77.497
660.38	77.876
660.58	78.237
660.77	78.616
660.97	78.979
661.16	79.356
661.36	79.720
661.55	80.097
661.75	80.468
661.94	80.827
662.14	81.201
662.33	81.574
662.53	81.933
662.72	82.292
662.92	82.641
663.11	82.971
663.31	83.311
663.50	83.652
663.70	83.993
663.89	84.321
664.09	84.627
664.28	84.944
664.48	85.233
664.67	85.540
664.87	85.805
665.06	86.081
665.26	86.335
665.45	86.585
665.65	86.815
665.84	87.048
666.04	87.260
666.23	87.434
666.43	87.588
666.62	87.737
666.82	87.869
667.01	87.996
667.21	88.119
667.40	88.206
667.59	88.298
667.79	88.353
667.98	88.381
668.18	88.400
668.37	88.396
668.57	88.408
668.76	88.389
668.96	88.350
669.15	88.300
669.35	88.256
669.54	88.176
669.73	88.094
669.93	87.991
670.12	87.887
670.32	87.791
670.51	87.664
670.71	87.530
670.90	87.389
671.10	87.232
671.29	87.051
671.48	86.856
671.68	86.646
671.87	86.436
672.07	86.213
672.26	86.014
672.46	85.778
672.65	85.524
672.84	85.260
673.04	85.004
673.23	84.732
673.43	84.439
673.62	84.162
673.82	83.870
674.01	83.544
674.20	83.226
674.40	82.890
674.59	82.564
674.79	82.240
674.98	81.902
675.17	81.562
675.37	81.231
675.56	80.898
675.76	80.556
675.95	80.197
676.14	79.863
676.34	79.492
676.53	79.147
676.73	78.791
676.92	78.435
677.11	78.085
677.31	77.734
677.50	77.405
677.70	77.065
677.89	76.721
678.08	76.413
678.28	76.104
678.47	75.810
678.66	75.527
678.86	75.247
679.05	74.970
679.25	74.712
679.44	74.465
679.63	74.241
679.83	74.013
680.02	73.812
680.21	73.614
680.41	73.429
680.60	73.241
680.79	73.075
680.99	72.923
681.18	72.769
681.38	72.647
681.57	72.541
681.76	72.456
681.96	72.386
682.15	72.316
682.34	72.250
682.54	72.195
682.73	72.164
682.92	72.134
683.12	72.138
683.31	72.153
683.50	72.178
683.70	72.214
683.89	72.251
684.08	72.316
684.28	72.393
684.47	72.485
684.66	72.603
684.86	72.731
685.05	72.877
685.24	73.042
685.44	73.205
685.63	73.374
685.82	73.563
686.02	73.752
686.21	73.983
686.40	74.216
686.60	74.475
686.79	74.739
686.98	75.009
687.18	75.289
687.37	75.569
687.56	75.845
687.75	76.140
687.95	76.448
688.14	76.750
688.33	77.073
688.53	77.399
688.72	77.742
688.91	78.080
689.11	78.410
689.30	78.779
689.49	79.147
689.68	79.513
689.88	79.867
690.07	80.227
690.26	80.567
690.46	80.926
690.65	81.263
690.84	81.606
691.03	81.963
691.23	82.307
691.42	82.654
691.61	83.010
691.80	83.342
692.00	83.680
692.19	84.004
692.38	84.326
692.58	84.651
692.77	84.957
692.96	85.250
693.15	85.556
693.35	85.831
693.54	86.126
693.73	86.412
693.92	86.674
694.12	86.949
694.31	87.198
694.50	87.463
694.69	87.695
694.89	87.918
695.08	88.121
695.27	88.340
695.46	88.532
695.66	88.726
695.85	88.914
696.04	89.093
696.23	89.283
696.43	89.446
696.62	89.575
696.81	89.696
697.00	89.824
697.19	89.936
697.39	90.021
697.58	90.090
697.77	90.138
697.96	90.203
698.16	90.240
698.35	90.294
698.54	90.301
698.73	90.334
698.92	90.321
699.12	90.309
699.31	90.274
699.50	90.236
699.69	90.188
699.89	90.121
700.08	90.049
700.27	89.948
700.46	89.850
700.65	89.742
700.85	89.644
701.04	89.515
701.23	89.364
701.42	89.212
701.61	89.051
701.81	88.875
702.00	88.683
702.19	88.486
702.38	88.256
702.57	88.044
702.76	87.797
702.96	87.568
703.15	87.318
703.34	87.051
703.53	86.780
703.72	86.482
703.92	86.182
704.11	85.878
704.30	85.562
704.49	85.248
704.68	84.943
704.87	84.598
705.07	84.266
705.26	83.943
705.45	83.644
705.64	83.306
705.83	83.000
706.02	82.677
706.21	82.369
706.41	82.050
706.60	81.708
706.79	81.395
706.98	81.084
707.17	80.755
707.36	80.440
707.56	80.144
707.75	79.846
707.94	79.555
708.13	79.269
708.32	79.001
708.51	78.716
708.70	78.451
708.89	78.184
709.09	77.921
709.28	77.671
709.47	77.380
709.66	77.117
709.85	76.857
710.04	76.603
710.23	76.334
710.42	76.114
710.62	75.892
710.81	75.647
711.00	75.419
711.19	75.222
711.38	75.024
711.57	74.818
711.76	74.632
711.95	74.470
712.15	74.315
712.34	74.166
712.53	74.030
712.72	73.897
712.91	73.806
713.10	73.710
713.29	73.623
713.48	73.550
713.67	73.510
713.86	73.483
714.05	73.456
714.25	73.444
714.44	73.416
714.63	73.419
714.82	73.462
715.01	73.503
715.20	73.574
715.39	73.633
715.58	73.711
715.77	73.809
715.96	73.908
716.15	74.007
716.34	74.105
716.54	74.224
716.73	74.356
716.92	74.479
717.11	74.627
717.30	74.791
717.49	74.973
717.68	75.160
717.87	75.319
718.06	75.532
718.25	75.760
718.44	75.995
718.63	76.237
718.82	76.473
719.01	76.716
719.20	76.962
719.39	77.230
719.58	77.499
719.77	77.761
719.96	78.013
720.16	78.286
720.35	78.581
720.54	78.869
720.73	79.164
720.92	79.468
721.11	79.792
721.30	80.100
721.49	80.410
721.68	80.729
721.87	81.075
722.06	81.393
722.25	81.709
722.44	82.031
722.63	82.344
722.82	82.653
723.01	82.950
723.20	83.242
723.39	83.547
723.58	83.878
723.77	84.207
723.96	84.542
724.15	84.883
724.34	85.203
724.53	85.524
724.72	85.816
724.91	86.138
725.10	86.452
725.29	86.743
725.48	87.062
725.67	87.326
725.86	87.578
726.05	87.848
726.24	88.104
726.43	88.348
726.62	88.594
726.81	88.865
727.00	89.115
727.19	89.376
727.38	89.617
727.57	89.824
727.76	90.026
727.95	90.218
728.14	90.383
728.33	90.556
728.52	90.716
728.71	90.874
728.90	91.018
729.09	91.127
729.28	91.229
729.47	91.317
729.65	91.416
729.84	91.521
730.03	91.607
730.22	91.686
730.41	91.766
730.60	91.833
730.79	91.852
730.98	91.890
731.17	91.921
731.36	91.920
731.55	91.906
731.74	91.891
731.93	91.868
732.12	91.836
732.31	91.803
732.50	91.782
732.69	91.757
732.88	91.687
733.06	91.613
733.25	91.550
733.44	91.481
733.63	91.381
733.82	91.270
734.01	91.131
734.20	90.994
734.39	90.829
734.58	90.681
734.77	90.540
734.96	90.367
735.15	90.175
735.33	89.980
735.52	89.799
735.71	89.600
735.90	89.386
736.09	89.159
736.28	88.910
736.47	88.652
736.66	88.384
736.85	88.126
737.04	87.840
737.23	87.563
737.41	87.265
737.60	87.007
737.79	86.706
737.98	86.428
738.17	86.140
738.36	85.882
738.55	85.600
738.74	85.324
738.92	85.036
739.11	84.756
739.30	84.463
739.49	84.154
739.68	83.868
739.87	83.604
740.06	83.336
740.25	83.044
740.43	82.771
740.62	82.480
740.81	82.178
741.00	81.914
741.19	81.623
741.38	81.328
741.57	81.030
741.75	80.763
741.94	80.475
742.13	80.187
742.32	79.885
742.51	79.597
742.70	79.319
742.89	79.059
743.07	78.787
743.26	78.524
743.45	78.250
743.64	77.997
743.83	77.724
744.02	77.436
744.20	77.198
744.39	76.952
744.58	76.729
744.77	76.527
744.96	76.339
745.15	76.174
745.33	76.024
745.52	75.866
745.71	75.709
745.90	75.565
746.09	75.444
746.28	75.328
746.46	75.196
746.65	75.063
746.84	74.953
747.03	74.845
747.22	74.762
747.40	74.708
747.59	74.636
747.78	74.583
747.97	74.575
748.16	74.557
748.34	74.518
748.53	74.507
748.72	74.506
748.91	74.487
749.10	74.476
749.28	74.486
749.47	74.518
749.66	74.543
749.85	74.564
750.04	74.599
750.22	74.636
750.41	74.704
750.60	74.790
750.79	74.850
750.97	74.930
751.16	75.035
751.35	75.128
751.54	75.224
751.73	75.348
751.91	75.458
752.10	75.612
752.29	75.749
752.48	75.912
752.66	76.079
752.85	76.254
753.04	76.434
753.23	76.633
753.41	76.808
753.60	77.025
753.79	77.257
753.98	77.470
754.16	77.697
754.35	77.924
754.54	78.146
754.73	78.408
754.91	78.671
755.10	78.922
755.29	79.197
755.48	79.457
755.66	79.724
755.85	80.000
756.04	80.249
756.22	80.542
756.41	80.799
756.60	81.069
756.79	81.359
756.97	81.653
757.16	81.905
757.35	82.195
757.54	82.482
757.72	82.761
757.91	83.054
758.10	83.348
758.28	83.630
758.47	83.914
758.66	84.220
758.85	84.508
759.03	84.802
759.22	85.092
759.41	85.392
759.59	85.683
759.78	85.974
759.97	86.241
760.15	86.501
760.34	86.799
760.53	87.064
760.71	87.312
760.90	87.590
761.09	87.858
761.28	88.124
761.46	88.372
761.65	88.622
761.84	88.883
762.02	89.135
762.21	89.404
762.40	89.626
762.58	89.824
762.77	90.030
762.96	90.241
763.14	90.462
763.33	90.658
763.52	90.827
763.70	90.975
763.89	91.156
764.08	91.339
764.26	91.463
764.45	91.623
764.64	91.782
764.82	91.890
765.01	92.010
765.20	92.101
765.38	92.206
765.57	92.281
765.75	92.350
765.94	92.396
766.13	92.454
766.31	92.530
766.50	92.581
766.69	92.661
766.87	92.725
767.06	92.752
767.25	92.792
767.43	92.849
767.62	92.912
767.80	92.940
767.99	92.943
768.18	92.942
768.36	92.926
768.55	92.903
768.74	92.876
768.92	92.847
769.11	92.840
769.29	92.791
769.48	92.768
769.67	92.703
769.85	92.660
770.04	92.540
770.22	92.433
770.41	92.305
770.60	92.151
770.78	91.977
770.97	91.822
771.15	91.670
771.34	91.474
771.53	91.303
771.71	91.123
771.90	90.964
772.08	90.844
772.27	90.676
772.46	90.471
772.64	90.277
772.83	90.076
773.01	89.821
773.20	89.589
773.39	89.362
773.57	89.125
773.76	88.882
773.94	88.694
774.13	88.460
774.31	88.207
774.50	87.986
774.68	87.737
774.87	87.488
775.06	87.195
775.24	86.940
775.43	86.644
775.61	86.358
775.80	86.074
775.98	85.757
776.17	85.450
776.36	85.166
776.54	84.878
776.73	84.580
776.91	84.307
777.10	84.029
777.28	83.718
777.47	83.438
777.65	83.143
777.84	82.837
778.02	82.563
778.21	82.295
778.39	81.998
778.58	81.731
778.77	81.460
778.95	81.217
779.14	80.971
779.32	80.738
779.51	80.504
779.69	80.243
779.88	80.013
780.06	79.784
780.25	79.542
780.43	79.296
780.62	79.080
780.80	78.851
780.99	78.620
781.17	78.396
781.36	78.164
781.54	77.953
781.73	77.702
781.91	77.487
782.10	77.290
782.28	77.090
782.47	76.892
782.65	76.678
782.84	76.480
783.02	76.295
783.21	76.124
783.39	75.955
783.58	75.798
783.76	75.617
783.95	75.464
784.13	75.352
784.32	75.241
784.50	75.110
784.69	75.022
784.87	74.932
785.05	74.857
785.24	74.790
785.42	74.736
785.61	74.692
785.79	74.647
785.98	74.613
786.16	74.567
786.35	74.556
786.53	74.550
786.72	74.532
786.90	74.523
787.09	74.501
787.27	74.510
787.45	74.539
787.64	74.561
787.82	74.581
788.01	74.596
788.19	74.635
788.38	74.679
788.56	74.668
788.75	74.725
788.93	74.796
789.11	74.837
789.30	74.871
789.48	74.946
789.67	75.028
789.85	75.096
790.04	75.221
790.22	75.322
790.40	75.438
790.59	75.543
790.77	75.660
790.96	75.814
791.14	75.956
791.32	76.087
791.51	76.241
791.69	76.406
791.88	76.583
792.06	76.757
792.25	76.920
792.43	77.143
792.61	77.325
792.80	77.486
792.98	77.707
793.17	77.915
793.35	78.091
793.53	78.288
793.72	78.530
793.90	78.735
794.08	78.939
794.27	79.154
794.45	79.403
794.64	79.628
794.82	79.848
795.00	80.042
795.19	80.277
795.37	80.498
795.55	80.681
795.74	80.910
795.92	81.145
796.11	81.405
796.29	81.653
796.47	81.892
796.66	82.123
796.84	82.384
797.02	82.644
797.21	82.922
797.39	83.180
797.58	83.422
797.76	83.660
797.94	83.926
798.13	84.187
798.31	84.460
798.49	84.701
798.68	84.939
798.86	85.226
799.04	85.455
799.23	85.712
799.41	85.983
799.59	86.217
799.78	86.410
799.96	86.629
800.14	86.856
800.33	87.086
800.51	87.341
800.69	87.524
800.88	87.748
801.06	87.981
801.24	88.157
801.43	88.350
801.61	88.522
801.79	88.688
801.98	88.851
802.16	89.026
802.34	89.227
802.52	89.413
802.71	89.545
802.89	89.728
803.07	89.879
803.26	90.015
803.44	90.136
803.62	90.284
803.81	90.410
803.99	90.491
804.17	90.569
804.35	90.646
804.54	90.719
804.72	90.818
804.90	90.885
805.09	91.003
805.27	91.103
805.45	91.204
805.63	91.268
805.82	91.337
806.00	91.332
806.18	91.357
806.37	91.398
806.55	91.405
806.73	91.422
806.91	91.434
807.10	91.463
807.28	91.475
807.46	91.487
807.64	91.477
807.83	91.477
808.01	91.477
808.19	91.414
808.37	91.365
808.56	91.288
808.74	91.231
808.92	91.161
809.10	91.047
809.29	90.985
809.47	90.914
809.65	90.786
809.83	90.729
810.02	90.620
810.20	90.510
810.38	90.417
810.56	90.286
810.75	90.193
810.93	90.086
811.11	89.964
811.29	89.838
811.47	89.704
811.66	89.554
811.84	89.404
812.02	89.326
812.20	89.211
812.39	89.097
812.57	88.958
812.75	88.826
812.93	88.727
813.11	88.572
813.30	88.435
813.48	88.329
813.66	88.165
813.84	88.018
814.02	87.843
814.21	87.698
814.39	87.499
814.57	87.304
814.75	87.097
814.93	86.896
815.12	86.682
815.30	86.475
815.48	86.271
815.66	86.054
815.84	85.802
816.03	85.560
816.21	85.282
816.39	85.037
816.57	84.732
816.75	84.428
816.93	84.138
817.12	83.828
817.30	83.523
817.48	83.221
817.66	82.953
817.84	82.697
818.02	82.441
818.21	82.171
818.39	81.921
818.57	81.651
818.75	81.439
818.93	81.184
819.11	80.922
819.30	80.672
819.48	80.447
819.66	80.235
819.84	80.037
820.02	79.816
820.20	79.592
820.38	79.376
820.57	79.163
820.75	78.982
820.93	78.786
821.11	78.588
821.29	78.411
821.47	78.198
821.65	77.984
821.83	77.765
822.02	77.581
822.20	77.367
822.38	77.210
822.56	76.963
822.74	76.751
822.92	76.512
823.10	76.315
823.28	76.080
823.46	75.854
823.65	75.623
823.83	75.425
824.01	75.221
824.19	75.018
824.37	74.818
824.55	74.588
824.73	74.410
824.91	74.218
825.09	74.029
825.27	73.852
825.46	73.649
825.64	73.448
825.82	73.291
826.00	73.109
826.18	72.942
826.36	72.802
826.54	72.676
826.72	72.607
826.90	72.504
827.08	72.425
827.26	72.346
827.44	72.254
827.63	72.168
827.81	72.104
827.99	72.070
828.17	72.015
828.35	71.976
828.53	71.924
828.71	71.913
828.89	71.882
829.07	71.861
829.25	71.848
829.43	71.866
829.61	71.847
829.79	71.839
829.97	71.843
830.15	71.818
830.33	71.830
830.51	71.815
830.69	71.825
830.87	71.787
831.06	71.806
831.24	71.826
831.42	71.850
831.60	71.854
831.78	71.888
831.96	71.941
832.14	72.010
832.32	72.074
832.50	72.117
832.68	72.167
832.86	72.212
833.04	72.311
833.22	72.364
833.40	72.456
833.58	72.534
833.76	72.603
833.94	72.728
834.12	72.838
834.30	72.965
834.48	73.064
834.66	73.226
834.84	73.316
835.02	73.467
835.20	73.612
835.38	73.770
835.56	73.926
835.74	74.089
835.92	74.252
836.10	74.401
836.28	74.555
836.46	74.737
836.64	74.911
836.82	75.045
837.00	75.214
837.18	75.382
837.36	75.580
837.54	75.756
837.72	75.940
837.90	76.135
838.08	76.321
838.26	76.517
838.43	76.695
838.61	76.904
838.79	77.093
838.97	77.288
839.15	77.483
839.33	77.672
839.51	77.818
839.69	77.988
839.87	78.181
840.05	78.405
840.23	78.589
840.41	78.780
840.59	78.947
840.77	79.153
840.95	79.326
841.13	79.490
841.31	79.654
841.49	79.804
841.67	79.934
841.84	80.101
842.02	80.228
842.20	80.416
842.38	80.548
842.56	80.689
842.74	80.839
842.92	80.945
843.10	81.082
843.28	81.273
843.46	81.408
843.64	81.507
843.82	81.632
843.99	81.752
844.17	81.920
844.35	82.146
844.53	82.310
844.71	82.506
844.89	82.634
845.07	82.819
845.25	83.007
845.43	83.190
845.61	83.345
845.78	83.561
845.96	83.721
846.14	83.916
846.32	84.103
846.50	84.255
846.68	84.485
846.86	84.652
847.04	84.800
847.22	84.907
847.39	85.085
847.57	85.208
847.75	85.336
847.93	85.401
848.11	85.497
848.29	85.632
848.47	85.691
848.65	85.824
848.82	85.881
849.00	85.958
849.18	86.006
849.36	86.042
849.54	86.093
849.72	86.087
849.89	86.136
850.07	86.200
850.25	86.204
850.43	86.165
850.61	86.159
850.79	86.124
850.97	86.187
851.14	86.204
851.32	86.186
851.50	86.199
851.68	86.252
851.86	86.299
852.04	86.269
852.21	86.292
852.39	86.304
852.57	86.361
852.75	86.363
852.93	86.364
853.10	86.358
853.28	86.317
853.46	86.309
853.64	86.249
853.82	86.162
854.00	86.190
854.17	86.140
854.35	86.064
854.53	86.026
854.71	85.943
854.89	85.833
855.06	85.806
855.24	85.754
855.42	85.659
855.60	85.513
855.78	85.413
855.95	85.301
856.13	85.204
856.31	85.024
856.49	84.885
856.66	84.787
856.84	84.631
857.02	84.570
857.20	84.512
857.38	84.349
857.55	84.224
857.73	84.002
857.91	83.906
858.09	83.746
858.26	83.604
858.44	83.464
858.62	83.331
858.80	83.150
858.97	82.980
859.15	82.808
859.33	82.605
859.51	82.452
859.68	82.272
859.86	82.077
860.04	81.904
860.22	81.700
860.39	81.490
860.57	81.281
860.75	81.008
860.93	80.773
861.10	80.651
861.28	80.471
861.46	80.258
861.64	80.052
861.81	79.906
861.99	79.693
862.17	79.472
862.35	79.275
862.52	79.120
862.70	78.921
862.88	78.751
863.05	78.546
863.23	78.326
863.41	78.138
863.59	77.924
863.76	77.771
863.94	77.577
864.12	77.390
864.29	77.230
864.47	77.012
864.65	76.815
864.83	76.548
865.00	76.313
865.18	76.159
865.36	75.976
865.53	75.760
865.71	75.613
865.89	75.424
866.06	75.213
866.24	74.969
866.42	74.760
866.59	74.533
866.77	74.375
866.95	74.170
867.12	73.923
867.30	73.754
867.48	73.509
867.65	73.309
867.83	73.105
868.01	72.924
868.18	72.726
868.36	72.527
868.54	72.372
868.71	72.219
868.89	72.059
869.07	71.870
869.24	71.708
869.42	71.504
869.60	71.342
869.77	71.227
869.95	71.075
870.13	70.919
870.30	70.798
870.48	70.621
870.66	70.475
870.83	70.360
871.01	70.169
871.18	70.049
871.36	69.923
871.54	69.772
871.71	69.643
871.89	69.550
872.07	69.382
872.24	69.249
872.42	69.153
872.59	69.025
872.77	68.900
872.95	68.796
873.12	68.668
873.30	68.538
873.48	68.434
873.65	68.330
873.83	68.228
874.00	68.097
874.18	68.003
874.36	67.935
874.53	67.860
874.71	67.789
874.88	67.720
875.06	67.680
875.24	67.674
875.41	67.620
875.59	67.587
875.76	67.603
875.94	67.559
876.11	67.449
876.29	67.359
876.47	67.320
876.64	67.263
876.82	67.210
876.99	67.175
877.17	67.132
877.35	67.100
877.52	67.067
877.70	67.036
877.87	67.023
878.05	67.014
878.22	67.015
878.40	67.048
878.57	67.037
878.75	67.003
878.93	66.954
879.10	66.961
879.28	66.962
879.45	66.973
879.63	66.961
879.80	66.954
879.98	67.012
880.15	67.034
880.33	67.073
880.50	67.114
880.68	67.209
880.86	67.257
881.03	67.334
881.21	67.419
881.38	67.500
881.56	67.670
881.73	67.719
881.91	67.785
882.08	67.845
882.26	67.962
882.43	68.083
882.61	68.260
882.78	68.370
882.96	68.514
883.13	68.634
883.31	68.772
883.48	68.981
883.66	69.124
883.83	69.276
884.01	69.394
884.18	69.619
884.36	69.773
884.53	69.904
884.71	70.053
884.88	70.158
885.06	70.313
885.23	70.371
885.41	70.511
885.58	70.626
885.76	70.785
885.93	70.867
886.11	71.046
886.28	71.143
886.46	71.268
886.63	71.388
886.81	71.494
886.98	71.681
887.15	71.777
887.33	71.946
887.50	72.142
887.68	72.302
887.85	72.386
888.03	72.519
888.20	72.679
888.38	72.825
888.55	73.001
888.73	73.089
888.90	73.230
889.08	73.379
889.25	73.499
889.42	73.632
889.60	73.824
889.77	73.890
889.95	74.026
890.12	74.116
890.30	74.201
890.47	74.296
890.64	74.423
890.82	74.567
890.99	74.680
891.17	74.776
891.34	74.882
891.52	74.993
891.69	75.110
891.86	75.229
892.04	75.336
892.21	75.482
892.39	75.711
892.56	75.878
892.73	75.964
892.91	76.113
893.08	76.320
893.26	76.413
893.43	76.576
893.60	76.674
893.78	76.843
893.95	77.009
894.13	77.240
894.30	77.387
894.47	77.581
894.65	77.709
894.82	77.856
895.00	77.991
895.17	78.168
895.34	78.344
895.52	78.516
895.69	78.641
895.86	78.774
896.04	78.813
896.21	78.969
896.39	79.172
896.56	79.339
896.73	79.341
896.91	79.403
897.08	79.503
897.25	79.681
897.43	79.735
897.60	79.822
897.77	79.827
897.95	79.817
898.12	79.812
898.30	79.920
898.47	79.938
898.64	80.008
898.82	80.020
898.99	80.000
899.16	80.002
899.34	79.987
899.51	79.906
899.68	79.890
899.86	79.841
900.03	79.758
900.20	79.708
900.38	79.738
900.55	79.818
900.72	79.765
900.90	79.685
901.07	79.787
901.24	79.762
901.41	79.785
901.59	79.798
901.76	79.791
901.93	79.745
902.11	79.689
902.28	79.690
902.45	79.786
902.63	79.831
902.80	79.789
902.97	79.802
903.15	79.908
903.32	79.978
903.49	79.975
903.66	80.031
903.84	80.060
904.01	80.051
904.18	80.028
904.36	80.054
904.53	80.036
904.70	79.976
904.87	79.970
905.05	79.898
905.22	79.931
905.39	79.911
905.56	79.843
905.74	79.805
905.91	79.715
906.08	79.590
906.26	79.493
906.43	79.411
906.60	79.317
906.77	79.159
906.95	79.057
907.12	78.932
907.29	78.763
907.46	78.728
907.64	78.626
907.81	78.523
907.98	78.348
908.15	78.258
908.33	78.124
908.50	77.994
908.67	77.909
908.84	77.788
909.01	77.640
909.19	77.561
909.36	77.435
909.53	77.297
909.70	77.086
909.88	76.987
910.05	76.825
910.22	76.751
910.39	76.631
910.57	76.532
910.74	76.446
910.91	76.404
911.08	76.201
911.25	76.055
911.43	75.932
911.60	75.816
911.77	75.662
911.94	75.466
912.11	75.316
912.29	75.105
912.46	74.861
912.63	74.662
912.80	74.441
912.97	74.270
913.15	74.140
913.32	74.007
913.49	73.789
913.66	73.716
913.83	73.495
914.00	73.283
914.18	73.077
914.35	72.883
914.52	72.611
914.69	72.397
914.86	72.200
915.03	71.985
915.21	71.850
915.38	71.642
915.55	71.545
915.72	71.375
915.89	71.251
916.06	71.167
916.24	71.087
916.41	70.920
916.58	70.792
916.75	70.583
916.92	70.409
917.09	70.218
917.26	69.941
917.44	69.736
917.61	69.615
917.78	69.414
917.95	69.260
918.12	69.081
918.29	68.992
918.46	68.799
918.64	68.645
918.81	68.511
918.98	68.373
919.15	68.200
919.32	68.043
919.49	67.818
919.66	67.615
919.83	67.422
920.00	67.253
920.18	67.114
920.35	67.077
920.52	66.968
920.69	66.909
920.86	66.892
921.03	66.796
921.20	66.651
921.37	66.523
921.54	66.281
921.71	66.189
921.89	66.007
922.06	65.953
922.23	65.836
922.40	65.684
922.57	65.488
922.74	65.391
922.91	65.316
923.08	65.248
923.25	65.155
923.42	65.043
923.59	65.017
923.76	64.804
923.93	64.590
924.11	64.415
924.28	64.275
924.45	64.147
924.62	64.115
924.79	64.021
924.96	63.865
925.13	63.834
925.30	63.711
925.47	63.563
925.64	63.449
925.81	63.384
925.98	63.328
926.15	63.300
926.32	63.130
926.49	63.027
926.66	62.930
926.83	62.819
927.00	62.782
927.17	62.637
927.34	62.688
927.51	62.648
927.69	62.687
927.86	62.663
928.03	62.549
928.20	62.489
928.37	62.397
928.54	62.443
928.71	62.398
928.88	62.426
929.05	62.450
929.22	62.453
929.39	62.405
929.56	62.328
929.73	62.294
929.90	62.352
930.07	62.323
930.24	62.294
930.41	62.311
930.58	62.367
930.75	62.434
930.92	62.364
931.09	62.362
931.26	62.327
931.43	62.278
931.60	62.297
931.77	62.252
931.94	62.315
932.11	62.325
932.27	62.354
932.44	62.360
932.61	62.392
932.78	62.349
932.95	62.421
933.12	62.373
933.29	62.393
933.46	62.386
933.63	62.345
933.80	62.371
933.97	62.368
934.14	62.333
934.31	62.273
934.48	62.338
934.65	62.349
934.82	62.411
934.99	62.453
935.16	62.480
935.33	62.547
935.50	62.669
935.67	62.736
935.84	62.778
936.00	62.803
936.17	62.860
936.34	62.980
936.51	62.973
936.68	63.028
936.85	63.071
937.02	63.178
937.19	63.243
937.36	63.386
937.53	63.399
937.70	63.499
937.87	63.605
938.03	63.613
938.20	63.678
938.37	63.731
938.54	63.794
938.71	63.869
938.88	63.987
939.05	63.912
939.22	63.872
939.39	63.937
939.56	64.106
939.72	64.173
939.89	64.216
940.06	64.267
940.23	64.378
940.40	64.464
940.57	64.607
940.74	64.756
940.91	64.802
941.08	65.002
941.24	65.061
941.41	65.228
941.58	65.468
941.75	65.627
941.92	65.790
942.09	65.930
942.26	66.033
942.42	66.076
942.59	66.315
942.76	66.684
942.93	66.842
943.10	66.853
943.27	67.004
943.44	67.127
943.60	67.331
943.77	67.334
943.94	67.551
944.11	67.577
944.28	67.646
944.45	67.774
944.61	67.838
944.78	67.874
944.95	67.904
945.12	68.081
945.29	68.176
945.46	68.146
945.62	68.178
945.79	68.387
945.96	68.690
946.13	68.833
946.30	68.821
946.46	68.988
946.63	69.106
946.80	69.243
946.97	69.422
947.14	69.493
947.31	69.996
947.47	70.227
947.64	70.410
947.81	70.605
947.98	70.799
948.15	70.915
948.31	71.158
948.48	71.304
948.65	71.299
948.82	71.427
948.98	71.578
949.15	71.881
949.32	71.921
949.49	71.883
949.66	71.933
949.82	71.991
949.99	72.119
950.16	72.229
950.33	72.191
950.49	72.280
950.66	72.261
950.83	72.092
951.00	71.909
951.16	71.693
951.33	71.712
951.50	71.629
951.67	71.688
951.83	71.728
952.00	71.730
952.17	71.652
952.34	71.694
952.50	71.849
952.67	71.779
952.84	71.830
953.01	71.785
953.17	71.815
953.34	71.939
953.51	71.852
953.68	71.794
953.84	71.775
954.01	71.724
954.18	71.684
954.34	71.760
954.51	71.846
954.68	72.018
954.85	72.004
955.01	72.158
955.18	72.410
955.35	72.160
955.51	72.143
955.68	72.266
955.85	72.411
956.02	72.286
956.18	72.339
956.35	72.271
956.52	72.309
956.68	72.320
956.85	72.156
957.02	72.212
957.18	72.232
957.35	72.229
957.52	72.287
957.69	72.364
957.85	72.415
958.02	72.292
958.19	72.197
958.35	72.204
958.52	71.969
958.69	71.633
958.85	71.809
959.02	71.893
959.19	71.656
959.35	71.529
959.52	71.588
959.69	71.567
959.85	71.622
960.02	71.665
960.19	71.558
960.35	71.543
960.52	71.458
960.68	71.458
960.85	71.567
961.02	71.325
961.18	71.340
961.35	71.099
961.52	71.156
961.68	71.153
961.85	71.089
962.02	71.132
962.18	71.136
962.35	70.892
962.51	70.737
962.68	70.808
962.85	70.678
963.01	70.409
963.18	70.336
963.35	69.927
963.51	69.728
963.68	69.726
963.84	69.484
964.01	69.512
964.18	69.357
964.34	69.097
964.51	68.954
964.67	68.736
964.84	68.706
965.01	68.500
965.17	68.239
965.34	68.251
965.50	67.979
965.67	67.976
965.84	68.002
966.00	68.123
966.17	68.171
966.33	68.050
966.50	67.950
966.66	67.875
966.83	68.007
967.00	67.922
967.16	67.715
967.33	67.686
967.49	67.472
967.66	67.682
967.82	67.526
967.99	67.648
968.16	67.661
968.32	67.606
968.49	67.383
968.65	67.581
968.82	67.386
968.98	67.495
969.15	67.144
969.31	66.856
969.48	66.553
969.64	66.262
969.81	66.277
969.98	66.217
970.14	65.856
970.31	65.784
970.47	65.534
970.64	65.257
970.80	65.289
970.97	64.797
971.13	64.393
971.30	64.289
971.46	64.107
971.63	63.867
971.79	63.872
971.96	63.894
972.12	63.614
972.29	63.246
972.45	63.078
972.62	63.141
972.78	63.179
972.95	62.821
973.11	62.590
973.28	62.425
973.44	62.475
973.61	62.750
973.77	62.557
973.94	62.580
974.10	62.744
974.27	62.710
974.43	63.019
974.60	63.005
974.76	63.026
974.93	62.975
975.09	62.867
975.26	62.607
975.42	62.613
975.59	62.404
975.75	62.767
975.92	62.711
976.08	62.220
976.24	62.095
976.41	61.976
976.57	62.105
976.74	62.038
976.90	61.594
977.07	61.117
977.23	61.096
977.40	60.961
977.56	60.385
977.73	60.023
977.89	59.736
978.05	59.319
978.22	59.151
978.38	58.853
978.55	58.551
978.71	58.321
978.88	58.285
979.04	58.274
979.20	57.998
979.37	57.874
979.53	57.867
979.70	57.965
979.86	58.245
980.03	58.030
980.19	57.910
980.35	58.030
980.52	57.806
980.68	57.802
980.85	57.704
981.01	57.898
981.17	57.900
981.34	57.769
981.50	57.790
981.67	57.800
981.83	57.639
981.99	57.694
982.16	57.518
982.32	56.676
982.49	56.694
982.65	56.548
982.81	56.631
982.98	56.689
983.14	56.562
983.30	56.097
983.47	56.015
983.63	55.794
983.80	55.560
983.96	55.478
984.12	55.884
984.29	56.077
984.45	56.268
984.61	55.996
984.78	56.269
984.94	56.520
985.10	56.905
985.27	56.812
985.43	57.188
985.59	57.604
985.76	58.205
985.92	58.420
986.08	58.813
986.25	58.443
986.41	58.881
986.57	58.305
986.74	58.667
986.90	58.604
987.06	58.528
987.23	58.564
987.39	58.301
987.55	57.405
987.72	57.129
987.88	56.271
988.04	56.664
988.21	57.008
988.37	56.841
988.53	56.112
988.70	56.652
988.86	56.176
989.02	55.797
989.19	55.379
989.35	55.330
989.51	54.591
989.67	54.545
989.84	54.085
990.00	54.316
990.16	54.650
990.33	54.847
990.49	55.300
990.65	55.493
990.82	55.910
990.98	56.014
991.14	55.923
991.30	56.863
991.47	56.256
991.63	56.111
991.79	56.914
991.95	57.326
992.12	57.210
992.28	57.427
992.44	57.638
992.61	57.865
992.77	58.011
992.93	58.587
993.09	58.757
993.26	59.049
993.42	59.585
993.58	59.146
993.74	58.913
993.91	58.301
994.07	58.134
994.23	58.413
994.39	58.401
994.55	58.686
994.72	58.310
994.88	58.531
995.04	58.152
995.20	57.796
995.37	57.354
995.53	57.434
995.69	57.149
995.85	56.687
996.02	56.753
996.18	56.994
996.34	56.740
996.50	56.897
996.66	57.756
996.83	57.237
996.99	56.494
997.15	57.120
997.31	57.193
997.47	57.420
997.64	57.311
997.80	57.791
997.96	58.228
998.12	58.355
998.28	59.323
998.45	59.907
998.61	59.738
998.77	59.539
998.93	59.618
999.09	60.970
999.25	61.282
999.42	62.404
999.58	61.993
999.74	61.754
999.90	61.469
1000.06	60.739
1000.22	61.084
1000.39	61.867
1000.55	61.630
1000.71	62.515
1000.87	62.392
1001.03	62.275
1001.19	62.212
1001.36	61.798
1001.52	61.461
1001.68	60.917
1001.84	61.337
1002.00	60.475
1002.16	60.751
1002.32	60.337
1002.49	58.670
1002.65	58.636
1002.81	58.025
1002.97	57.948
1003.13	57.885
1003.29	58.869
1003.45	58.537
1003.62	59.199
1003.78	58.776
1003.94	59.238
1004.10	58.289
1004.26	58.247
1004.42	57.970
1004.58	58.006
1004.74	58.389
1004.90	59.727
1005.07	59.465
1005.23	58.184
1005.39	59.569
1005.55	60.172
1005.71	59.898
1005.87	60.949
1006.03	61.882
1006.19	62.141
1006.35	61.817
1006.51	62.785
1006.67	62.518
1006.84	62.435
1007.00	62.003
1007.16	63.528
1007.32	61.771
1007.48	62.564
1007.64	64.323
1007.80	64.405
1007.96	63.259
1008.12	63.707
1008.28	62.307
1008.44	63.584
1008.60	64.333
1008.76	62.917
1008.92	61.818
1009.09	61.616
1009.25	61.246
1009.41	60.854
1009.57	61.430
1009.73	62.322
1009.89	62.978
1010.05	63.755
1010.21	65.782
1010.37	65.366
1010.53	66.363
1010.69	68.871
1010.85	68.439
1011.01	66.827
1011.17	65.876
1011.33	68.168
1011.49	68.666
1011.65	68.687
1011.81	68.288
1011.97	68.627
1012.13	71.142
1012.29	73.158
1012.45	74.558
1012.61	78.424
1012.77	75.401
1012.93	74.538
1013.09	73.559
1013.25	73.198
1013.41	73.957
1013.57	70.469
1013.73	70.025
1013.89	66.142
1014.05	67.909
1014.21	66.144
1014.37	64.285
1014.53	63.313
1014.69	63.118
1014.85	63.157
1015.01	65.779
1015.17	67.802
1015.33	68.477
1015.49	67.149
1015.65	68.491
1015.81	69.568
1015.97	65.966
1016.13	70.067
1016.29	69.671
1016.45	71.118
1016.61	71.982
1016.77	68.664
1016.93	70.107
1017.09	70.359
1017.25	71.897
1017.41	70.060
1017.56	72.237
1017.72	79.241
1017.88	81.323
1018.04	83.209
1018.20	81.218
1018.36	80.384
1018.52	78.384
1018.68	79.452
1018.84	80.151
1019.00	78.529
1019.16	79.475
1019.32	82.948
1019.48	83.396
1019.64	87.074
1019.79	83.510
1019.95	79.676
1020.11	85.156
1020.27	84.536
1020.43	89.835
1020.59	92.634
1020.75	90.353
1020.91	94.455
1021.07	87.199
1021.23	87.166
1021.39	81.529
1021.54	86.317
1021.70	84.163
1021.86	83.566
1022.02	81.256
1022.18	78.197
1022.34	81.029
1022.50	80.869
1022.66	78.100
1022.82	77.602
1022.97	76.498
1023.13	79.736
1023.29	85.769
1023.45	84.449
1023.61	86.233
1023.77	84.774
1023.93	85.310
1024.08	85.382
1024.24	82.820
1024.40	84.379
1024.56	93.239
1024.72	96.633
1024.88	87.151
1025.04	91.270
1025.19	86.434
1025.35	83.958
1025.51	90.306
1025.67	92.368
1025.83	87.377
1025.99	90.872
1026.14	88.933
1026.30	97.545
1026.46	99.851
1026.62	92.621
1026.78	85.655
1026.94	82.121
1027.09	78.588
1027.25	75.969
1027.41	77.517
1027.57	76.140
1027.73	75.185
1027.89	68.915
1028.04	68.250
1028.20	67.477
1028.36	68.890
1028.52	69.865
1028.68	70.354
1028.83	70.235
1028.99	67.755
1029.15	68.149
1029.31	67.223
1029.47	69.092
1029.62	67.117
1029.78	66.686
1029.94	67.979
1030.10	70.164
1030.25	72.712
1030.41	76.674
1030.57	78.693
1030.73	81.267
1030.89	81.847
1031.04	84.911
1031.20	90.375
1031.36	99.016
1031.52	106.412
1031.67	108.313
1031.83	115.633
1031.99	126.878
1032.15	112.607
1032.30	124.414
1032.46	143.303
1032.62	130.531
1032.78	115.223
1032.93	131.676
1033.09	115.021
1033.25	105.367
1033.41	104.847
1033.56	99.910
1033.72	19.608
1033.88	277.857
1034.04	58.776
1034.19	43.242
1034.35	71.779
1034.51	-27.880
1034.66	52.411
1034.82	1955.833
1034.98	1955.833
1035.14	1955.833
