345.22	40.934
345.43	40.934
345.65	40.934
345.86	39.108
346.08	147.803
346.29	0.519
346.51	37.763
346.72	15.707
346.94	-240.769
347.15	-85.968
347.37	186.454
347.58	222.231
347.80	253.031
348.01	215.304
348.23	144.010
348.44	133.767
348.66	120.116
348.87	121.792
349.09	113.574
349.30	100.477
349.52	93.080
349.73	95.762
349.95	95.321
350.16	97.042
350.38	93.094
350.59	86.902
350.81	86.424
351.02	85.134
351.24	83.742
351.45	82.806
351.67	84.880
351.88	83.699
352.10	79.929
352.31	79.084
352.53	82.996
352.74	84.875
352.96	85.689
353.17	85.380
353.39	86.273
353.60	88.640
353.82	90.143
354.03	90.419
354.25	85.165
354.46	80.031
354.67	77.222
354.89	75.658
355.10	79.630
355.32	77.913
355.53	79.210
355.75	80.891
355.96	82.127
356.18	81.535
356.39	81.253
356.61	85.321
356.82	85.078
357.04	81.011
357.25	80.692
357.46	80.152
357.68	78.996
357.89	77.412
358.11	75.652
358.32	78.412
358.54	76.773
358.75	78.525
358.97	80.697
359.18	83.608
359.40	83.407
359.61	83.462
359.82	84.864
360.04	84.461
360.25	82.701
360.47	78.505
360.68	77.973
360.90	78.224
361.11	76.024
361.32	75.793
361.54	79.318
361.75	79.434
361.97	80.810
362.18	82.309
362.40	84.024
362.61	85.383
362.83	85.369
363.04	86.615
363.25	88.254
363.47	89.437
363.68	86.878
363.90	90.489
364.11	90.675
364.32	90.988
364.54	89.406
364.75	86.854
364.97	91.185
365.18	90.424
365.40	88.511
365.61	88.647
365.82	89.253
366.04	88.268
366.25	87.561
366.47	85.673
366.68	84.214
366.89	84.901
367.11	82.515
367.32	82.857
367.54	80.073
367.75	79.780
367.96	78.701
368.18	80.013
368.39	79.145
368.61	79.736
368.82	80.580
369.03	82.455
369.25	86.151
369.46	86.732
369.68	87.100
369.89	87.829
370.10	88.177
370.32	88.609
370.53	87.795
370.75	84.443
370.96	86.434
371.17	87.093
371.39	84.786
371.60	85.267
371.81	86.003
372.03	88.022
372.24	88.315
372.46	91.665
372.67	92.224
372.88	90.879
373.10	90.207
373.31	88.833
373.52	89.140
373.74	87.499
373.95	86.132
374.17	87.450
374.38	89.769
374.59	90.349
374.81	88.466
375.02	87.113
375.23	89.907
375.45	87.725
375.66	85.417
375.87	86.526
376.09	87.148
376.30	85.725
376.52	87.486
376.73	84.624
376.94	82.774
377.16	83.982
377.37	87.723
377.58	88.052
377.80	89.477
378.01	90.264
378.22	91.658
378.44	92.418
378.65	93.880
378.86	94.082
379.08	94.422
379.29	95.199
379.50	97.934
379.72	98.240
379.93	101.328
380.14	104.583
380.36	105.353
380.57	106.554
380.78	106.797
381.00	107.593
381.21	109.394
381.42	110.394
381.64	110.805
381.85	110.490
382.06	110.620
382.28	110.582
382.49	110.301
382.70	110.838
382.92	111.172
383.13	110.573
383.34	110.980
383.56	111.940
383.77	113.134
383.98	112.794
384.20	113.741
384.41	113.849
384.62	114.031
384.83	114.584
385.05	115.015
385.26	115.961
385.47	116.791
385.69	117.680
385.90	118.526
386.11	119.219
386.33	120.150
386.54	120.952
386.75	121.622
386.97	122.762
387.18	123.557
387.39	124.431
387.60	124.867
387.82	125.362
388.03	125.715
388.24	126.195
388.46	126.611
388.67	126.770
388.88	126.718
389.09	126.608
389.31	126.374
389.52	126.151
389.73	125.598
389.95	125.111
390.16	124.578
390.37	124.101
390.58	123.600
390.80	122.851
391.01	122.283
391.22	121.719
391.44	120.776
391.65	119.992
391.86	119.255
392.07	118.911
392.29	118.404
392.50	117.869
392.71	117.347
392.92	117.047
393.14	116.645
393.35	116.454
393.56	116.432
393.78	116.464
393.99	116.698
394.20	117.059
394.41	117.358
394.63	117.669
394.84	118.228
395.05	118.933
395.26	119.576
395.48	120.279
395.69	120.938
395.90	121.910
396.11	122.798
396.33	123.629
396.54	124.522
396.75	125.258
396.96	126.037
397.18	126.696
397.39	127.342
397.60	128.004
397.81	128.550
398.03	128.911
398.24	129.204
398.45	129.320
398.66	129.358
398.87	129.353
399.09	129.213
399.30	128.842
399.51	128.283
399.72	127.790
399.94	127.193
400.15	126.513
400.36	125.658
400.57	124.768
400.79	123.871
401.00	122.847
401.21	121.911
401.42	120.961
401.63	120.025
401.85	119.114
402.06	118.319
402.27	117.531
402.48	116.873
402.69	116.289
402.91	115.731
403.12	115.238
403.33	114.957
403.54	114.842
403.76	114.676
403.97	114.722
404.18	114.901
404.39	115.199
404.60	115.616
404.82	116.152
405.03	116.804
405.24	117.472
405.45	118.225
405.66	119.056
405.88	119.884
406.09	120.821
406.30	121.663
406.51	122.430
406.72	123.260
406.94	124.038
407.15	124.756
407.36	125.497
407.57	126.174
407.78	126.707
407.99	127.078
408.21	127.455
408.42	127.707
408.63	127.884
408.84	127.852
409.05	127.760
409.27	127.468
409.48	127.002
409.69	126.478
409.90	125.927
410.11	125.275
410.32	124.567
410.54	123.697
410.75	122.765
410.96	121.795
411.17	120.785
411.38	119.773
411.59	118.770
411.81	117.706
412.02	116.662
412.23	115.658
412.44	114.754
412.65	113.964
412.86	113.257
413.08	112.550
413.29	111.918
413.50	111.466
413.71	111.141
413.92	110.900
414.13	110.786
414.34	110.758
414.56	110.762
414.77	110.925
414.98	111.176
415.19	111.664
415.40	112.259
415.61	112.907
415.82	113.586
416.04	114.361
416.25	115.132
416.46	115.981
416.67	116.906
416.88	117.772
417.09	118.647
417.30	119.459
417.52	120.313
417.73	121.082
417.94	121.776
418.15	122.426
418.36	123.094
418.57	123.562
418.78	123.946
418.99	124.321
419.21	124.563
419.42	124.725
419.63	124.732
419.84	124.610
420.05	124.375
420.26	124.012
420.47	123.499
420.68	123.010
420.89	122.403
421.11	121.637
421.32	120.908
421.53	120.054
421.74	119.182
421.95	118.280
422.16	117.383
422.37	116.469
422.58	115.471
422.79	114.479
423.01	113.585
423.22	112.692
423.43	111.885
423.64	111.122
423.85	110.457
424.06	109.883
424.27	109.367
424.48	108.948
424.69	108.712
424.90	108.556
425.11	108.481
425.33	108.536
425.54	108.673
425.75	108.889
425.96	109.205
426.17	109.638
426.38	110.157
426.59	110.753
426.80	111.417
427.01	112.176
427.22	113.024
427.43	113.958
427.64	114.855
427.85	115.717
428.07	116.640
428.28	117.505
428.49	118.380
428.70	119.239
428.91	120.065
429.12	120.784
429.33	121.509
429.54	122.163
429.75	122.714
429.96	123.258
430.17	123.692
430.38	124.031
430.59	124.201
430.80	124.264
431.01	124.243
431.22	124.148
431.44	123.938
431.65	123.624
431.86	123.176
432.07	122.690
432.28	122.138
432.49	121.476
432.70	120.740
432.91	119.902
433.12	119.004
433.33	118.063
433.54	117.160
433.75	116.215
433.96	115.265
434.17	114.230
434.38	113.258
434.59	112.316
434.80	111.397
435.01	110.623
435.22	109.896
435.43	109.235
435.64	108.624
435.85	108.093
436.06	107.649
436.27	107.318
436.48	107.092
436.69	106.913
436.90	106.874
437.11	106.953
437.33	107.123
437.54	107.404
437.75	107.818
437.96	108.238
438.17	108.742
438.38	109.280
438.59	109.964
438.80	110.662
439.01	111.468
439.22	112.343
439.43	113.090
439.64	113.904
439.85	114.733
440.06	115.540
440.27	116.387
440.48	117.152
440.69	117.896
440.90	118.586
441.11	119.285
441.32	119.890
441.53	120.416
441.74	120.857
441.95	121.256
442.16	121.540
442.37	121.710
442.58	121.827
442.79	121.871
443.00	121.816
443.21	121.674
443.42	121.362
443.62	120.899
443.83	120.528
444.04	120.027
444.25	119.459
444.46	118.800
444.67	118.052
444.88	117.286
445.09	116.446
445.30	115.568
445.51	114.624
445.72	113.651
445.93	112.734
446.14	111.777
446.35	110.799
446.56	109.898
446.77	109.029
446.98	108.156
447.19	107.312
447.40	106.553
447.61	105.807
447.82	105.158
448.03	104.623
448.24	104.108
448.45	103.687
448.66	103.356
448.87	103.110
449.08	102.980
449.29	102.928
449.49	102.968
449.70	103.109
449.91	103.324
450.12	103.647
450.33	103.998
450.54	104.457
450.75	104.999
450.96	105.557
451.17	106.190
451.38	106.858
451.59	107.581
451.80	108.300
452.01	109.070
452.22	109.867
452.43	110.620
452.64	111.368
452.84	112.123
453.05	112.830
453.26	113.550
453.47	114.188
453.68	114.810
453.89	115.384
454.10	115.848
454.31	116.297
454.52	116.640
454.73	116.940
454.94	117.130
455.15	117.218
455.36	117.217
455.56	117.155
455.77	117.002
455.98	116.788
456.19	116.498
456.40	116.145
456.61	115.724
456.82	115.198
457.03	114.618
457.24	113.958
457.45	113.271
457.65	112.469
457.86	111.664
458.07	110.821
458.28	109.886
458.49	109.009
458.70	108.059
458.91	107.134
459.12	106.205
459.33	105.260
459.54	104.376
459.74	103.517
459.95	102.671
460.16	101.913
460.37	101.202
460.58	100.551
460.79	99.929
461.00	99.354
461.21	98.879
461.41	98.476
461.62	98.153
461.83	97.927
462.04	97.793
462.25	97.691
462.46	97.702
462.67	97.822
462.88	98.013
463.08	98.302
463.29	98.622
463.50	99.019
463.71	99.511
463.92	100.033
464.13	100.586
464.34	101.204
464.54	101.876
464.75	102.573
464.96	103.277
465.17	104.005
465.38	104.711
465.59	105.470
465.80	106.197
466.00	106.897
466.21	107.579
466.42	108.225
466.63	108.892
466.84	109.506
467.05	110.055
467.26	110.554
467.46	110.938
467.67	111.318
467.88	111.646
468.09	111.868
468.30	112.056
468.51	112.175
468.71	112.192
468.92	112.143
469.13	112.013
469.34	111.832
469.55	111.554
469.76	111.245
469.96	110.834
470.17	110.366
470.38	109.856
470.59	109.268
470.80	108.625
471.00	107.970
471.21	107.237
471.42	106.497
471.63	105.712
471.84	104.921
472.05	104.092
472.25	103.248
472.46	102.412
472.67	101.532
472.88	100.714
473.09	99.884
473.29	99.058
473.50	98.296
473.71	97.536
473.92	96.819
474.13	96.148
474.33	95.541
474.54	94.985
474.75	94.488
474.96	94.044
475.17	93.670
475.37	93.324
475.58	93.074
475.79	92.896
476.00	92.794
476.21	92.777
476.41	92.821
476.62	92.945
476.83	93.124
477.04	93.419
477.24	93.729
477.45	94.114
477.66	94.548
477.87	95.009
478.08	95.546
478.28	96.095
478.49	96.699
478.70	97.341
478.91	97.979
479.11	98.630
479.32	99.323
479.53	99.995
479.74	100.704
479.94	101.376
480.15	102.014
480.36	102.631
480.57	103.231
480.78	103.825
480.98	104.336
481.19	104.818
481.40	105.238
481.61	105.651
481.81	105.996
482.02	106.280
482.23	106.537
482.44	106.695
482.64	106.827
482.85	106.877
483.06	106.841
483.27	106.784
483.47	106.673
483.68	106.479
483.89	106.228
484.10	105.903
484.30	105.535
484.51	105.093
484.72	104.636
484.92	104.084
485.13	103.516
485.34	102.917
485.55	102.268
485.75	101.596
485.96	100.860
486.17	100.118
486.38	99.366
486.58	98.586
486.79	97.815
487.00	97.022
487.20	96.234
487.41	95.474
487.62	94.724
487.83	93.977
488.03	93.251
488.24	92.561
488.45	91.892
488.65	91.254
488.86	90.671
489.07	90.124
489.28	89.637
489.48	89.185
489.69	88.823
489.90	88.492
490.10	88.235
490.31	88.037
490.52	87.878
490.73	87.793
490.93	87.767
491.14	87.800
491.35	87.901
491.55	88.050
491.76	88.254
491.97	88.502
492.17	88.794
492.38	89.147
492.59	89.544
492.79	89.992
493.00	90.477
493.21	90.991
493.41	91.527
493.62	92.090
493.83	92.680
494.04	93.245
494.24	93.843
494.45	94.441
494.66	95.026
494.86	95.640
495.07	96.214
495.28	96.798
495.48	97.343
495.69	97.868
495.90	98.372
496.10	98.852
496.31	99.282
496.52	99.673
496.72	100.057
496.93	100.387
497.14	100.660
497.34	100.868
497.55	101.060
497.76	101.192
497.96	101.265
498.17	101.282
498.37	101.263
498.58	101.163
498.79	101.011
498.99	100.835
499.20	100.580
499.41	100.282
499.61	99.916
499.82	99.522
500.03	99.067
500.23	98.602
500.44	98.067
500.65	97.513
500.85	96.932
501.06	96.288
501.26	95.634
501.47	94.959
501.68	94.282
501.88	93.562
502.09	92.847
502.30	92.122
502.50	91.394
502.71	90.675
502.91	89.970
503.12	89.269
503.33	88.573
503.53	87.917
503.74	87.267
503.95	86.640
504.15	86.048
504.36	85.484
504.56	84.948
504.77	84.468
504.98	84.010
505.18	83.614
505.39	83.255
505.59	82.941
505.80	82.682
506.01	82.478
506.21	82.329
506.42	82.228
506.62	82.173
506.83	82.165
507.04	82.216
507.24	82.310
507.45	82.464
507.65	82.663
507.86	82.888
508.07	83.168
508.27	83.494
508.48	83.847
508.68	84.258
508.89	84.684
509.10	85.132
509.30	85.612
509.51	86.101
509.71	86.608
509.92	87.130
510.12	87.657
510.33	88.187
510.54	88.712
510.74	89.249
510.95	89.768
511.15	90.285
511.36	90.798
511.56	91.294
511.77	91.758
511.98	92.213
512.18	92.649
512.39	93.058
512.59	93.433
512.80	93.771
513.00	94.071
513.21	94.332
513.42	94.567
513.62	94.753
513.83	94.906
514.03	95.005
514.24	95.057
514.44	95.058
514.65	95.034
514.85	94.964
515.06	94.851
515.26	94.690
515.47	94.493
515.68	94.238
515.88	93.947
516.09	93.616
516.29	93.244
516.50	92.836
516.70	92.384
516.91	91.903
517.11	91.398
517.32	90.868
517.52	90.311
517.73	89.746
517.93	89.149
518.14	88.539
518.34	87.926
518.55	87.304
518.76	86.680
518.96	86.031
519.17	85.382
519.37	84.730
519.58	84.106
519.78	83.472
519.99	82.849
520.19	82.243
520.40	81.678
520.60	81.119
520.81	80.580
521.01	80.060
521.22	79.593
521.42	79.149
521.63	78.736
521.83	78.360
522.04	78.007
522.24	77.718
522.45	77.463
522.65	77.252
522.86	77.086
523.06	76.959
523.27	76.883
523.47	76.849
523.68	76.856
523.88	76.895
524.09	76.984
524.29	77.125
524.50	77.302
524.70	77.506
524.91	77.748
525.11	78.040
525.32	78.372
525.52	78.717
525.72	79.112
525.93	79.523
526.13	79.964
526.34	80.413
526.54	80.895
526.75	81.370
526.95	81.866
527.16	82.359
527.36	82.870
527.57	83.377
527.77	83.882
527.98	84.400
528.18	84.910
528.39	85.404
528.59	85.893
528.79	86.361
529.00	86.827
529.20	87.265
529.41	87.704
529.61	88.110
529.82	88.482
530.02	88.815
530.23	89.137
530.43	89.410
530.64	89.665
530.84	89.866
531.04	90.037
531.25	90.196
531.45	90.321
531.66	90.404
531.86	90.444
532.07	90.442
532.27	90.398
532.47	90.324
532.68	90.231
532.88	90.101
533.09	89.929
533.29	89.704
533.50	89.456
533.70	89.136
533.90	88.812
534.11	88.468
534.31	88.093
534.52	87.678
534.72	87.267
534.93	86.828
535.13	86.354
535.33	85.879
535.54	85.355
535.74	84.828
535.95	84.274
536.15	83.742
536.35	83.191
536.56	82.641
536.76	82.070
536.97	81.510
537.17	80.937
537.37	80.376
537.58	79.839
537.78	79.305
537.99	78.793
538.19	78.273
538.39	77.769
538.60	77.290
538.80	76.850
539.01	76.407
539.21	75.996
539.41	75.628
539.62	75.276
539.82	74.964
540.03	74.675
540.23	74.436
540.43	74.213
540.64	74.048
540.84	73.905
541.04	73.811
541.25	73.759
541.45	73.738
541.66	73.751
541.86	73.804
542.06	73.896
542.27	74.021
542.47	74.200
542.67	74.394
542.88	74.629
543.08	74.893
543.28	75.198
543.49	75.521
543.69	75.873
543.90	76.261
544.10	76.650
544.30	77.089
544.51	77.530
544.71	78.011
544.91	78.479
545.12	78.972
545.32	79.480
545.52	79.967
545.73	80.485
545.93	81.001
546.13	81.490
546.34	81.978
546.54	82.465
546.74	82.941
546.95	83.430
547.15	83.901
547.35	84.340
547.56	84.787
547.76	85.225
547.96	85.634
548.17	86.033
548.37	86.422
548.57	86.751
548.78	87.064
548.98	87.347
549.18	87.594
549.39	87.812
549.59	87.999
549.79	88.183
550.00	88.318
550.20	88.449
550.40	88.531
550.61	88.591
550.81	88.614
551.01	88.603
551.22	88.561
551.42	88.482
551.62	88.373
551.82	88.217
552.03	88.045
552.23	87.838
552.43	87.594
552.64	87.327
552.84	87.035
553.04	86.710
553.25	86.362
553.45	85.985
553.65	85.594
553.85	85.199
554.06	84.775
554.26	84.324
554.46	83.843
554.67	83.367
554.87	82.868
555.07	82.378
555.27	81.867
555.48	81.348
555.68	80.839
555.88	80.320
556.09	79.808
556.29	79.276
556.49	78.766
556.69	78.244
556.90	77.738
557.10	77.260
557.30	76.808
557.50	76.342
557.71	75.920
557.91	75.509
558.11	75.096
558.31	74.718
558.52	74.368
558.72	74.047
558.92	73.749
559.13	73.485
559.33	73.242
559.53	73.022
559.73	72.844
559.94	72.688
560.14	72.562
560.34	72.463
560.54	72.403
560.75	72.384
560.95	72.390
561.15	72.439
561.35	72.505
561.55	72.590
561.76	72.726
561.96	72.871
562.16	73.064
562.36	73.298
562.57	73.542
562.77	73.814
562.97	74.117
563.17	74.433
563.38	74.764
563.58	75.128
563.78	75.515
563.98	75.914
564.18	76.323
564.39	76.758
564.59	77.201
564.79	77.666
564.99	78.121
565.20	78.584
565.40	79.037
565.60	79.493
565.80	79.975
566.00	80.434
566.21	80.903
566.41	81.345
566.61	81.788
566.81	82.233
567.01	82.660
567.22	83.084
567.42	83.495
567.62	83.877
567.82	84.247
568.02	84.601
568.23	84.934
568.43	85.248
568.63	85.551
568.83	85.814
569.03	86.047
569.24	86.264
569.44	86.465
569.64	86.644
569.84	86.808
570.04	86.916
570.24	87.015
570.45	87.085
570.65	87.135
570.85	87.148
571.05	87.122
571.25	87.071
571.45	86.983
571.66	86.889
571.86	86.775
572.06	86.611
572.26	86.434
572.46	86.236
572.66	86.022
572.87	85.763
573.07	85.499
573.27	85.208
573.47	84.902
573.67	84.567
573.87	84.207
574.08	83.822
574.28	83.444
574.48	83.040
574.68	82.615
574.88	82.186
575.08	81.728
575.28	81.276
575.49	80.824
575.69	80.365
575.89	79.879
576.09	79.413
576.29	78.932
576.49	78.447
576.69	77.962
576.90	77.486
577.10	77.022
577.30	76.560
577.50	76.112
577.70	75.662
577.90	75.227
578.10	74.825
578.30	74.430
578.51	74.048
578.71	73.694
578.91	73.352
579.11	73.019
579.31	72.718
579.51	72.433
579.71	72.179
579.91	71.936
580.12	71.734
580.32	71.555
580.52	71.415
580.72	71.283
580.92	71.179
581.12	71.088
581.32	71.039
581.52	71.034
581.72	71.037
581.92	71.073
582.13	71.146
582.33	71.220
582.53	71.336
582.73	71.465
582.93	71.626
583.13	71.819
583.33	72.047
583.53	72.289
583.73	72.560
583.93	72.849
584.13	73.165
584.34	73.508
584.54	73.836
584.74	74.176
584.94	74.560
585.14	74.953
585.34	75.360
585.54	75.744
585.74	76.141
585.94	76.564
586.14	77.005
586.34	77.430
586.54	77.878
586.74	78.325
586.94	78.783
587.15	79.245
587.35	79.689
587.55	80.125
587.75	80.563
587.95	80.978
588.15	81.384
588.35	81.779
588.55	82.170
588.75	82.562
588.95	82.943
589.15	83.301
589.35	83.649
589.55	83.977
589.75	84.323
589.95	84.626
590.15	84.907
590.35	85.157
590.55	85.401
590.75	85.618
590.95	85.806
591.15	85.976
591.35	86.111
591.56	86.229
591.76	86.323
591.96	86.393
592.16	86.453
592.36	86.483
592.56	86.498
592.76	86.476
592.96	86.444
593.16	86.367
593.36	86.274
593.56	86.166
593.76	86.044
593.96	85.876
594.16	85.708
594.36	85.516
594.56	85.303
594.76	85.067
594.96	84.819
595.16	84.537
595.36	84.242
595.56	83.920
595.76	83.575
595.96	83.209
596.16	82.851
596.36	82.469
596.56	82.088
596.76	81.675
596.96	81.258
597.16	80.836
597.36	80.421
597.56	79.987
597.76	79.539
597.96	79.088
598.16	78.641
598.36	78.192
598.56	77.736
598.76	77.290
598.96	76.856
599.16	76.418
599.36	76.011
599.56	75.603
599.76	75.198
599.96	74.812
600.15	74.437
600.35	74.075
600.55	73.728
600.75	73.378
600.95	73.059
601.15	72.746
601.35	72.441
601.55	72.161
601.75	71.913
601.95	71.676
602.15	71.468
602.35	71.259
602.55	71.086
602.75	70.938
602.95	70.799
603.15	70.672
603.35	70.585
603.55	70.509
603.75	70.450
603.95	70.427
604.15	70.428
604.35	70.460
604.54	70.502
604.74	70.587
604.94	70.684
605.14	70.796
605.34	70.936
605.54	71.112
605.74	71.310
605.94	71.515
606.14	71.751
606.34	71.997
606.54	72.277
606.74	72.571
606.94	72.876
607.14	73.209
607.33	73.564
607.53	73.918
607.73	74.278
607.93	74.646
608.13	75.025
608.33	75.420
608.53	75.805
608.73	76.214
608.93	76.603
609.13	77.009
609.33	77.427
609.52	77.846
609.72	78.258
609.92	78.661
610.12	79.073
610.32	79.476
610.52	79.891
610.72	80.283
610.92	80.670
611.12	81.055
611.31	81.432
611.51	81.795
611.71	82.151
611.91	82.512
612.11	82.872
612.31	83.216
612.51	83.534
612.71	83.853
612.91	84.139
613.10	84.426
613.30	84.721
613.50	84.980
613.70	85.217
613.90	85.425
614.10	85.618
614.30	85.779
614.50	85.932
614.69	86.045
614.89	86.157
615.09	86.248
615.29	86.318
615.49	86.364
615.69	86.389
615.89	86.400
616.08	86.388
616.28	86.347
616.48	86.289
616.68	86.204
616.88	86.103
617.08	85.980
617.27	85.851
617.47	85.681
617.67	85.496
617.87	85.292
618.07	85.085
618.27	84.862
618.47	84.634
618.66	84.380
618.86	84.121
619.06	83.832
619.26	83.540
619.46	83.232
619.66	82.900
619.85	82.559
620.05	82.205
620.25	81.825
620.45	81.451
620.65	81.059
620.84	80.691
621.04	80.303
621.24	79.932
621.44	79.524
621.64	79.102
621.84	78.701
622.03	78.293
622.23	77.887
622.43	77.482
622.63	77.081
622.83	76.681
623.02	76.285
623.22	75.904
623.42	75.504
623.62	75.126
623.82	74.767
624.01	74.403
624.21	74.050
624.41	73.719
624.61	73.400
624.81	73.102
625.00	72.792
625.20	72.501
625.40	72.215
625.60	71.956
625.79	71.724
625.99	71.509
626.19	71.304
626.39	71.119
626.59	70.947
626.78	70.806
626.98	70.677
627.18	70.561
627.38	70.472
627.57	70.429
627.77	70.386
627.97	70.359
628.17	70.369
628.37	70.387
628.56	70.442
628.76	70.502
628.96	70.580
629.16	70.676
629.35	70.818
629.55	70.968
629.75	71.140
629.95	71.328
630.14	71.525
630.34	71.752
630.54	71.991
630.74	72.239
630.93	72.501
631.13	72.774
631.33	73.059
631.53	73.338
631.72	73.627
631.92	73.946
632.12	74.283
632.31	74.616
632.51	74.983
632.71	75.343
632.91	75.703
633.10	76.076
633.30	76.470
633.50	76.834
633.70	77.229
633.89	77.612
634.09	78.010
634.29	78.401
634.48	78.788
634.68	79.188
634.88	79.589
635.08	79.990
635.27	80.400
635.47	80.800
635.67	81.209
635.86	81.610
636.06	81.991
636.26	82.348
636.46	82.706
636.65	83.049
636.85	83.404
637.05	83.744
637.24	84.055
637.44	84.361
637.64	84.662
637.83	84.954
638.03	85.242
638.23	85.487
638.43	85.735
638.62	85.960
638.82	86.151
639.02	86.340
639.21	86.501
639.41	86.636
639.61	86.781
639.80	86.902
640.00	87.004
640.20	87.117
640.39	87.220
640.59	87.291
640.79	87.349
640.98	87.369
641.18	87.382
641.38	87.395
641.57	87.366
641.77	87.323
641.97	87.245
642.16	87.159
642.36	87.069
642.56	86.956
642.75	86.847
642.95	86.709
643.15	86.558
643.34	86.406
643.54	86.237
643.74	86.031
643.93	85.817
644.13	85.568
644.33	85.291
644.52	85.016
644.72	84.742
644.91	84.450
645.11	84.135
645.31	83.820
645.50	83.502
645.70	83.185
645.90	82.863
646.09	82.524
646.29	82.170
646.48	81.810
646.68	81.437
646.88	81.062
647.07	80.690
647.27	80.309
647.47	79.918
647.66	79.537
647.86	79.150
648.05	78.774
648.25	78.404
648.45	78.035
648.64	77.654
648.84	77.287
649.04	76.908
649.23	76.541
649.43	76.186
649.62	75.823
649.82	75.461
650.02	75.112
650.21	74.779
650.41	74.470
650.60	74.171
650.80	73.901
651.00	73.609
651.19	73.349
651.39	73.095
651.58	72.850
651.78	72.625
651.97	72.430
652.17	72.235
652.37	72.050
652.56	71.899
652.76	71.759
652.95	71.632
653.15	71.545
653.35	71.463
653.54	71.386
653.74	71.322
653.93	71.285
654.13	71.266
654.32	71.250
654.52	71.234
654.72	71.251
654.91	71.280
655.11	71.336
655.30	71.413
655.50	71.507
655.69	71.621
655.89	71.735
656.08	71.859
656.28	72.011
656.48	72.182
656.67	72.357
656.87	72.549
657.06	72.743
657.26	72.945
657.45	73.176
657.65	73.429
657.84	73.702
658.04	73.972
658.23	74.263
658.43	74.571
658.62	74.894
658.82	75.214
659.02	75.543
659.21	75.892
659.41	76.229
659.60	76.578
659.80	76.933
659.99	77.316
660.19	77.690
660.38	78.073
660.58	78.445
660.77	78.833
660.97	79.205
661.16	79.586
661.36	79.958
661.55	80.345
661.75	80.721
661.94	81.086
662.14	81.466
662.33	81.842
662.53	82.211
662.72	82.578
662.92	82.934
663.11	83.274
663.31	83.623
663.50	83.971
663.70	84.318
663.89	84.654
664.09	84.966
664.28	85.287
664.48	85.583
664.67	85.894
664.87	86.166
665.06	86.448
665.26	86.711
665.45	86.969
665.65	87.205
665.84	87.446
666.04	87.666
666.23	87.849
666.43	88.013
666.62	88.168
666.82	88.309
667.01	88.440
667.21	88.562
667.40	88.652
667.59	88.747
667.79	88.807
667.98	88.839
668.18	88.863
668.37	88.864
668.57	88.877
668.76	88.857
668.96	88.817
669.15	88.770
669.35	88.729
669.54	88.653
669.73	88.572
669.93	88.467
670.12	88.360
670.32	88.264
670.51	88.137
670.71	88.000
670.90	87.858
671.10	87.700
671.29	87.519
671.48	87.322
671.68	87.109
671.87	86.895
672.07	86.666
672.26	86.461
672.46	86.218
672.65	85.959
672.84	85.691
673.04	85.430
673.23	85.151
673.43	84.849
673.62	84.563
673.82	84.263
674.01	83.930
674.20	83.607
674.40	83.264
674.59	82.929
674.79	82.600
674.98	82.253
675.17	81.906
675.37	81.571
675.56	81.233
675.76	80.885
675.95	80.519
676.14	80.177
676.34	79.801
676.53	79.452
676.73	79.092
676.92	78.732
677.11	78.377
677.31	78.022
677.50	77.687
677.70	77.339
677.89	76.992
678.08	76.678
678.28	76.358
678.47	76.057
678.66	75.766
678.86	75.478
679.05	75.194
679.25	74.930
679.44	74.673
679.63	74.441
679.83	74.207
680.02	73.998
680.21	73.796
680.41	73.606
680.60	73.412
680.79	73.241
680.99	73.083
681.18	72.921
681.38	72.787
681.57	72.675
681.76	72.584
681.96	72.507
682.15	72.434
682.34	72.365
682.54	72.309
682.73	72.275
682.92	72.246
683.12	72.248
683.31	72.259
683.50	72.282
683.70	72.319
683.89	72.357
684.08	72.424
684.28	72.503
684.47	72.596
684.66	72.715
684.86	72.841
685.05	72.988
685.24	73.158
685.44	73.327
685.63	73.502
685.82	73.695
686.02	73.887
686.21	74.121
686.40	74.361
686.60	74.622
686.79	74.891
686.98	75.163
687.18	75.448
687.37	75.730
687.56	76.013
687.75	76.307
687.95	76.621
688.14	76.926
688.33	77.249
688.53	77.577
688.72	77.925
688.91	78.272
689.11	78.610
689.30	78.980
689.49	79.354
689.68	79.722
689.88	80.079
690.07	80.445
690.26	80.791
690.46	81.155
690.65	81.498
690.84	81.846
691.03	82.208
691.23	82.558
691.42	82.915
691.61	83.280
691.80	83.622
692.00	83.966
692.19	84.298
692.38	84.629
692.58	84.963
692.77	85.274
692.96	85.574
693.15	85.884
693.35	86.169
693.54	86.470
693.73	86.766
693.92	87.038
694.12	87.319
694.31	87.574
694.50	87.844
694.69	88.084
694.89	88.315
695.08	88.527
695.27	88.751
695.46	88.949
695.66	89.145
695.85	89.342
696.04	89.527
696.23	89.725
696.43	89.895
696.62	90.030
696.81	90.162
697.00	90.294
697.19	90.412
697.39	90.504
697.58	90.579
697.77	90.629
697.96	90.698
698.16	90.737
698.35	90.796
698.54	90.809
698.73	90.843
698.92	90.833
699.12	90.822
699.31	90.788
699.50	90.750
699.69	90.703
699.89	90.636
700.08	90.560
700.27	90.457
700.46	90.358
700.65	90.245
700.85	90.142
701.04	90.010
701.23	89.856
701.42	89.698
701.61	89.530
701.81	89.349
702.00	89.156
702.19	88.956
702.38	88.722
702.57	88.503
702.76	88.251
702.96	88.016
703.15	87.763
703.34	87.493
703.53	87.218
703.72	86.913
703.92	86.609
704.11	86.301
704.30	85.981
704.49	85.662
704.68	85.352
704.87	85.001
705.07	84.664
705.26	84.333
705.45	84.029
705.64	83.689
705.83	83.379
706.02	83.049
706.21	82.733
706.41	82.405
706.60	82.058
706.79	81.736
706.98	81.419
707.17	81.085
707.36	80.763
707.56	80.460
707.75	80.155
707.94	79.855
708.13	79.563
708.32	79.286
708.51	78.992
708.70	78.722
708.89	78.448
709.09	78.176
709.28	77.920
709.47	77.625
709.66	77.350
709.85	77.083
710.04	76.821
710.23	76.548
710.42	76.321
710.62	76.094
710.81	75.845
711.00	75.612
711.19	75.407
711.38	75.203
711.57	74.990
711.76	74.798
711.95	74.631
712.15	74.470
712.34	74.317
712.53	74.179
712.72	74.041
712.91	73.944
713.10	73.846
713.29	73.757
713.48	73.683
713.67	73.640
713.86	73.611
714.05	73.579
714.25	73.565
714.44	73.538
714.63	73.536
714.82	73.577
715.01	73.613
715.20	73.682
715.39	73.737
715.58	73.819
715.77	73.918
715.96	74.016
716.15	74.116
716.34	74.211
716.54	74.330
716.73	74.465
716.92	74.588
717.11	74.737
717.30	74.900
717.49	75.078
717.68	75.272
717.87	75.432
718.06	75.648
718.25	75.880
718.44	76.119
718.63	76.369
718.82	76.609
719.01	76.859
719.20	77.110
719.39	77.385
719.58	77.660
719.77	77.927
719.96	78.188
720.16	78.465
720.35	78.768
720.54	79.063
720.73	79.366
720.92	79.678
721.11	80.005
721.30	80.321
721.49	80.640
721.68	80.962
721.87	81.314
722.06	81.642
722.25	81.962
722.44	82.290
722.63	82.605
722.82	82.921
723.01	83.226
723.20	83.523
723.39	83.835
723.58	84.174
723.77	84.511
723.96	84.849
724.15	85.196
724.34	85.525
724.53	85.853
724.72	86.152
724.91	86.476
725.10	86.792
725.29	87.090
725.48	87.415
725.67	87.688
725.86	87.949
726.05	88.219
726.24	88.480
726.43	88.734
726.62	88.988
726.81	89.264
727.00	89.521
727.19	89.789
727.38	90.037
727.57	90.248
727.76	90.455
727.95	90.657
728.14	90.828
728.33	91.005
728.52	91.173
728.71	91.336
728.90	91.487
729.09	91.606
729.28	91.715
729.47	91.811
729.65	91.920
729.84	92.028
730.03	92.125
730.22	92.208
730.41	92.289
730.60	92.365
730.79	92.388
730.98	92.429
731.17	92.468
731.36	92.470
731.55	92.459
731.74	92.447
731.93	92.426
732.12	92.397
732.31	92.372
732.50	92.345
732.69	92.322
732.88	92.255
733.06	92.180
733.25	92.113
733.44	92.043
733.63	91.938
733.82	91.830
734.01	91.688
734.20	91.550
734.39	91.388
734.58	91.236
734.77	91.094
734.96	90.916
735.15	90.719
735.33	90.522
735.52	90.335
735.71	90.129
735.90	89.908
736.09	89.676
736.28	89.420
736.47	89.160
736.66	88.887
736.85	88.625
737.04	88.333
737.23	88.056
737.41	87.749
737.60	87.486
737.79	87.181
737.98	86.898
738.17	86.606
738.36	86.340
738.55	86.054
738.74	85.773
738.92	85.482
739.11	85.197
739.30	84.897
739.49	84.582
739.68	84.289
739.87	84.017
740.06	83.746
740.25	83.448
740.43	83.174
740.62	82.879
740.81	82.572
741.00	82.306
741.19	82.007
741.38	81.710
741.57	81.405
741.75	81.131
741.94	80.836
742.13	80.546
742.32	80.234
742.51	79.939
742.70	79.652
742.89	79.381
743.07	79.099
743.26	78.832
743.45	78.546
743.64	78.294
743.83	78.018
744.02	77.721
744.20	77.475
744.39	77.219
744.58	76.988
744.77	76.776
744.96	76.581
745.15	76.415
745.33	76.256
745.52	76.093
745.71	75.931
745.90	75.786
746.09	75.663
746.28	75.547
746.46	75.410
746.65	75.274
746.84	75.165
747.03	75.056
747.22	74.967
747.40	74.913
747.59	74.837
747.78	74.778
747.97	74.764
748.16	74.742
748.34	74.700
748.53	74.688
748.72	74.683
748.91	74.661
749.10	74.644
749.28	74.652
749.47	74.683
749.66	74.707
749.85	74.725
750.04	74.755
750.22	74.790
750.41	74.862
750.60	74.947
750.79	75.003
750.97	75.083
751.16	75.186
751.35	75.279
751.54	75.373
751.73	75.502
751.91	75.615
752.10	75.771
752.29	75.909
752.48	76.072
752.66	76.241
752.85	76.417
753.04	76.600
753.23	76.807
753.41	76.987
753.60	77.209
753.79	77.437
753.98	77.653
754.16	77.882
754.35	78.107
754.54	78.332
754.73	78.598
754.91	78.869
755.10	79.122
755.29	79.403
755.48	79.669
755.66	79.940
755.85	80.222
756.04	80.476
756.22	80.775
756.41	81.041
756.60	81.316
756.79	81.617
756.97	81.916
757.16	82.167
757.35	82.462
757.54	82.750
757.72	83.036
757.91	83.335
758.10	83.635
758.28	83.927
758.47	84.217
758.66	84.530
758.85	84.823
759.03	85.130
759.22	85.423
759.41	85.733
759.59	86.033
759.78	86.330
759.97	86.605
760.15	86.873
760.34	87.176
760.53	87.449
760.71	87.703
760.90	87.982
761.09	88.259
761.28	88.529
761.46	88.784
761.65	89.046
761.84	89.313
762.02	89.570
762.21	89.846
762.40	90.078
762.58	90.287
762.77	90.498
762.96	90.713
763.14	90.942
763.33	91.142
763.52	91.314
763.70	91.469
763.89	91.654
764.08	91.841
764.26	91.972
764.45	92.139
764.64	92.303
764.82	92.424
765.01	92.548
765.20	92.645
765.38	92.758
765.57	92.833
765.75	92.906
765.94	92.953
766.13	93.007
766.31	93.085
766.50	93.135
766.69	93.216
766.87	93.287
767.06	93.318
767.25	93.361
767.43	93.422
767.62	93.488
767.80	93.520
767.99	93.525
768.18	93.525
768.36	93.510
768.55	93.488
768.74	93.462
768.92	93.433
769.11	93.428
769.29	93.379
769.48	93.356
769.67	93.285
769.85	93.245
770.04	93.128
770.22	93.024
770.41	92.899
770.60	92.749
770.78	92.574
770.97	92.421
771.15	92.269
771.34	92.074
771.53	91.902
771.71	91.720
771.90	91.560
772.08	91.441
772.27	91.266
772.46	91.063
772.64	90.863
772.83	90.659
773.01	90.400
773.20	90.167
773.39	89.938
773.57	89.704
773.76	89.464
773.94	89.272
774.13	89.027
774.31	88.765
774.50	88.540
774.68	88.287
774.87	88.030
775.06	87.728
775.24	87.465
775.43	87.166
775.61	86.878
775.80	86.592
775.98	86.272
776.17	85.962
776.36	85.668
776.54	85.377
776.73	85.074
776.91	84.793
777.10	84.509
777.28	84.187
777.47	83.897
777.65	83.594
777.84	83.277
778.02	82.996
778.21	82.728
778.39	82.415
778.58	82.136
778.77	81.860
778.95	81.612
779.14	81.351
779.32	81.106
779.51	80.863
779.69	80.595
779.88	80.350
780.06	80.117
780.25	79.872
780.43	79.621
780.62	79.396
780.80	79.165
780.99	78.922
781.17	78.695
781.36	78.461
781.54	78.244
781.73	77.998
781.91	77.782
782.10	77.579
782.28	77.378
782.47	77.180
782.65	76.961
782.84	76.759
783.02	76.577
783.21	76.404
783.39	76.227
783.58	76.068
783.76	75.885
783.95	75.728
784.13	75.614
784.32	75.494
784.50	75.362
784.69	75.275
784.87	75.186
785.05	75.112
785.24	75.041
785.42	74.986
785.61	74.934
785.79	74.886
785.98	74.849
786.16	74.800
786.35	74.784
786.53	74.773
786.72	74.752
786.90	74.740
787.09	74.718
787.27	74.725
787.45	74.745
787.64	74.766
787.82	74.782
788.01	74.798
788.19	74.839
788.38	74.882
788.56	74.868
788.75	74.924
788.93	74.991
789.11	75.030
789.30	75.064
789.48	75.136
789.67	75.216
789.85	75.284
790.04	75.410
790.22	75.508
790.40	75.627
790.59	75.737
790.77	75.858
790.96	76.012
791.14	76.160
791.32	76.294
791.51	76.454
791.69	76.623
791.88	76.797
792.06	76.973
792.25	77.139
792.43	77.359
792.61	77.545
792.80	77.711
792.98	77.937
793.17	78.146
793.35	78.326
793.53	78.527
793.72	78.774
793.90	78.985
794.08	79.199
794.27	79.413
794.45	79.663
794.64	79.886
794.82	80.115
795.00	80.305
795.19	80.545
795.37	80.775
795.55	80.963
795.74	81.198
795.92	81.434
796.11	81.702
796.29	81.957
796.47	82.194
796.66	82.428
796.84	82.695
797.02	82.965
797.21	83.252
797.39	83.517
797.58	83.763
797.76	84.002
797.94	84.274
798.13	84.541
798.31	84.817
798.49	85.068
798.68	85.313
798.86	85.612
799.04	85.849
799.23	86.109
799.41	86.388
799.59	86.631
799.78	86.839
799.96	87.065
800.14	87.304
800.33	87.553
800.51	87.815
800.69	88.005
800.88	88.238
801.06	88.481
801.24	88.664
801.43	88.858
801.61	89.042
801.79	89.211
801.98	89.383
802.16	89.571
802.34	89.777
802.52	89.964
802.71	90.099
802.89	90.281
803.07	90.434
803.26	90.576
803.44	90.698
803.62	90.846
803.81	90.974
803.99	91.060
804.17	91.141
804.35	91.225
804.54	91.299
804.72	91.393
804.90	91.465
805.09	91.592
805.27	91.696
805.45	91.805
805.63	91.877
805.82	91.954
806.00	91.949
806.18	91.981
806.37	92.026
806.55	92.037
806.73	92.064
806.91	92.077
807.10	92.111
807.28	92.130
807.46	92.134
807.64	92.124
807.83	92.125
808.01	92.124
808.19	92.062
808.37	92.018
808.56	91.947
808.74	91.885
808.92	91.812
809.10	91.704
809.29	91.635
809.47	91.556
809.65	91.424
809.83	91.368
810.02	91.255
810.20	91.149
810.38	91.055
810.56	90.922
810.75	90.826
810.93	90.713
811.11	90.583
811.29	90.462
811.47	90.329
811.66	90.170
811.84	90.020
812.02	89.947
812.20	89.830
812.39	89.710
812.57	89.571
812.75	89.436
812.93	89.330
813.11	89.171
813.30	89.037
813.48	88.927
813.66	88.759
813.84	88.602
814.02	88.420
814.21	88.271
814.39	88.071
814.57	87.876
814.75	87.671
814.93	87.472
815.12	87.258
815.30	87.044
815.48	86.836
815.66	86.609
815.84	86.348
816.03	86.099
816.21	85.817
816.39	85.571
816.57	85.262
816.75	84.951
816.93	84.661
817.12	84.345
817.30	84.031
817.48	83.726
817.66	83.458
817.84	83.195
818.02	82.939
818.21	82.660
818.39	82.401
818.57	82.124
818.75	81.901
818.93	81.640
819.11	81.378
819.30	81.128
819.48	80.900
819.66	80.684
819.84	80.481
820.02	80.259
820.20	80.023
820.38	79.799
820.57	79.585
820.75	79.397
820.93	79.199
821.11	78.999
821.29	78.819
821.47	78.598
821.65	78.387
821.83	78.161
822.02	77.977
822.20	77.762
822.38	77.595
822.56	77.345
822.74	77.122
822.92	76.875
823.10	76.670
823.28	76.427
823.46	76.198
823.65	75.965
823.83	75.763
824.01	75.556
824.19	75.351
824.37	75.144
824.55	74.907
824.73	74.717
824.91	74.515
825.09	74.317
825.27	74.138
825.46	73.931
825.64	73.726
825.82	73.562
826.00	73.370
826.18	73.203
826.36	73.060
826.54	72.933
826.72	72.862
826.90	72.760
827.08	72.680
827.26	72.595
827.44	72.497
827.63	72.408
827.81	72.341
827.99	72.304
828.17	72.251
828.35	72.212
828.53	72.166
828.71	72.158
828.89	72.128
829.07	72.105
829.25	72.085
829.43	72.105
829.61	72.087
829.79	72.081
829.97	72.081
830.15	72.059
830.33	72.071
830.51	72.055
830.69	72.067
830.87	72.031
831.06	72.052
831.24	72.075
831.42	72.100
831.60	72.099
831.78	72.130
831.96	72.185
832.14	72.257
832.32	72.323
832.50	72.367
832.68	72.413
832.86	72.461
833.04	72.557
833.22	72.611
833.40	72.698
833.58	72.779
833.76	72.849
833.94	72.978
834.12	73.096
834.30	73.224
834.48	73.322
834.66	73.484
834.84	73.580
835.02	73.727
835.20	73.876
835.38	74.046
835.56	74.204
835.74	74.365
835.92	74.531
836.10	74.684
836.28	74.849
836.46	75.038
836.64	75.217
836.82	75.363
837.00	75.535
837.18	75.713
837.36	75.913
837.54	76.093
837.72	76.278
837.90	76.467
838.08	76.660
838.26	76.860
838.43	77.047
838.61	77.255
838.79	77.455
838.97	77.652
839.15	77.849
839.33	78.047
839.51	78.202
839.69	78.367
839.87	78.564
840.05	78.785
840.23	78.977
840.41	79.175
840.59	79.338
840.77	79.548
840.95	79.725
841.13	79.890
841.31	80.068
841.49	80.226
841.67	80.366
841.84	80.540
842.02	80.664
842.20	80.859
842.38	80.996
842.56	81.142
842.74	81.300
842.92	81.409
843.10	81.553
843.28	81.748
843.46	81.893
843.64	81.992
843.82	82.130
843.99	82.260
844.17	82.439
844.35	82.678
844.53	82.840
844.71	83.045
844.89	83.192
845.07	83.384
845.25	83.577
845.43	83.765
845.61	83.924
845.78	84.146
845.96	84.312
846.14	84.513
846.32	84.706
846.50	84.863
846.68	85.096
846.86	85.261
847.04	85.416
847.22	85.521
847.39	85.712
847.57	85.824
847.75	85.945
847.93	86.002
848.11	86.095
848.29	86.236
848.47	86.297
848.65	86.431
848.82	86.488
849.00	86.569
849.18	86.620
849.36	86.667
849.54	86.736
849.72	86.730
849.89	86.784
850.07	86.848
850.25	86.859
850.43	86.833
850.61	86.832
850.79	86.801
850.97	86.871
851.14	86.889
851.32	86.882
851.50	86.904
851.68	86.959
851.86	87.016
852.04	86.982
852.21	87.015
852.39	87.025
852.57	87.086
852.75	87.089
852.93	87.089
853.10	87.079
853.28	87.031
853.46	87.031
853.64	86.971
853.82	86.884
854.00	86.908
854.17	86.851
854.35	86.779
854.53	86.739
854.71	86.664
854.89	86.547
855.06	86.512
855.24	86.465
855.42	86.385
855.60	86.239
855.78	86.148
855.95	86.030
856.13	85.928
856.31	85.746
856.49	85.595
856.66	85.494
856.84	85.332
857.02	85.266
857.20	85.191
857.38	85.027
857.55	84.898
857.73	84.667
857.91	84.567
858.09	84.405
858.26	84.257
858.44	84.110
858.62	83.983
858.80	83.801
858.97	83.620
859.15	83.435
859.33	83.221
859.51	83.069
859.68	82.888
859.86	82.693
860.04	82.517
860.22	82.323
860.39	82.112
860.57	81.900
860.75	81.628
860.93	81.394
861.10	81.266
861.28	81.087
861.46	80.879
861.64	80.676
861.81	80.531
861.99	80.320
862.17	80.102
862.35	79.902
862.52	79.740
862.70	79.538
862.88	79.367
863.05	79.165
863.23	78.929
863.41	78.735
863.59	78.507
863.76	78.335
863.94	78.137
864.12	77.951
864.29	77.783
864.47	77.560
864.65	77.365
864.83	77.092
865.00	76.849
865.18	76.683
865.36	76.487
865.53	76.265
865.71	76.110
865.89	75.905
866.06	75.689
866.24	75.445
866.42	75.229
866.59	74.991
866.77	74.827
866.95	74.628
867.12	74.377
867.30	74.211
867.48	73.973
867.65	73.775
867.83	73.554
868.01	73.370
868.18	73.170
868.36	72.967
868.54	72.810
868.71	72.649
868.89	72.484
869.07	72.288
869.24	72.115
869.42	71.913
869.60	71.752
869.77	71.629
869.95	71.470
870.13	71.316
870.30	71.192
870.48	70.996
870.66	70.838
870.83	70.723
871.01	70.526
871.18	70.405
871.36	70.262
871.54	70.115
871.71	69.982
871.89	69.878
872.07	69.699
872.24	69.563
872.42	69.465
872.59	69.343
872.77	69.212
872.95	69.110
873.12	68.961
873.30	68.825
873.48	68.714
873.65	68.606
873.83	68.497
874.00	68.363
874.18	68.281
874.36	68.217
874.53	68.127
874.71	68.050
874.88	67.972
875.06	67.940
875.24	67.925
875.41	67.868
875.59	67.834
875.76	67.852
875.94	67.810
876.11	67.697
876.29	67.603
876.47	67.570
876.64	67.510
876.82	67.462
876.99	67.426
877.17	67.384
877.35	67.368
877.52	67.337
877.70	67.302
877.87	67.295
878.05	67.282
878.22	67.292
878.40	67.333
878.57	67.325
878.75	67.282
878.93	67.244
879.10	67.241
879.28	67.262
879.45	67.264
879.63	67.239
879.80	67.231
879.98	67.283
880.15	67.305
880.33	67.354
880.50	67.408
880.68	67.505
880.86	67.559
881.03	67.619
881.21	67.703
881.38	67.786
881.56	67.949
881.73	68.011
881.91	68.075
882.08	68.142
882.26	68.265
882.43	68.387
882.61	68.552
882.78	68.677
882.96	68.805
883.13	68.928
883.31	69.073
883.48	69.282
883.66	69.437
883.83	69.604
884.01	69.715
884.18	69.924
884.36	70.077
884.53	70.204
884.71	70.361
884.88	70.468
885.06	70.631
885.23	70.693
885.41	70.838
885.58	70.944
885.76	71.107
885.93	71.189
886.11	71.358
886.28	71.465
886.46	71.598
886.63	71.725
886.81	71.840
886.98	72.017
887.15	72.115
887.33	72.284
887.50	72.468
887.68	72.633
887.85	72.732
888.03	72.866
888.20	73.035
888.38	73.180
888.55	73.365
888.73	73.449
888.90	73.586
889.08	73.716
889.25	73.847
889.42	73.974
889.60	74.165
889.77	74.249
889.95	74.394
890.12	74.475
890.30	74.562
890.47	74.660
890.64	74.814
890.82	74.968
890.99	75.076
891.17	75.169
891.34	75.289
891.52	75.411
891.69	75.539
891.86	75.659
892.04	75.780
892.21	75.923
892.39	76.166
892.56	76.350
892.73	76.464
892.91	76.626
893.08	76.831
893.26	76.932
893.43	77.110
893.60	77.207
893.78	77.389
893.95	77.560
894.13	77.809
894.30	77.961
894.47	78.162
894.65	78.300
894.82	78.465
895.00	78.603
895.17	78.775
895.34	78.955
895.52	79.140
895.69	79.263
895.86	79.405
896.04	79.450
896.21	79.599
896.39	79.798
896.56	79.971
896.73	79.983
896.91	80.048
897.08	80.139
897.25	80.315
897.43	80.377
897.60	80.482
897.77	80.492
897.95	80.468
898.12	80.470
898.30	80.572
898.47	80.588
898.64	80.646
898.82	80.666
898.99	80.657
899.16	80.660
899.34	80.655
899.51	80.580
899.68	80.562
899.86	80.506
900.03	80.437
900.20	80.376
900.38	80.408
900.55	80.487
900.72	80.436
900.90	80.370
901.07	80.461
901.24	80.430
901.41	80.451
901.59	80.489
901.76	80.496
901.93	80.458
902.11	80.406
902.28	80.414
902.45	80.512
902.63	80.550
902.80	80.507
902.97	80.510
903.15	80.607
903.32	80.684
903.49	80.695
903.66	80.735
903.84	80.775
904.01	80.769
904.18	80.757
904.36	80.785
904.53	80.768
904.70	80.701
904.87	80.699
905.05	80.618
905.22	80.647
905.39	80.629
905.56	80.568
905.74	80.536
905.91	80.443
906.08	80.317
906.26	80.230
906.43	80.146
906.60	80.054
906.77	79.896
906.95	79.783
907.12	79.656
907.29	79.493
907.46	79.453
907.64	79.354
907.81	79.240
907.98	79.065
908.15	78.963
908.33	78.850
908.50	78.709
908.67	78.621
908.84	78.486
909.01	78.329
909.19	78.251
909.36	78.131
909.53	78.002
909.70	77.792
909.88	77.671
910.05	77.508
910.22	77.426
910.39	77.304
910.57	77.211
910.74	77.125
910.91	77.088
911.08	76.884
911.25	76.735
911.43	76.611
911.60	76.500
911.77	76.350
911.94	76.122
912.11	75.962
912.29	75.746
912.46	75.498
912.63	75.286
912.80	75.047
912.97	74.858
913.15	74.710
913.32	74.574
913.49	74.363
913.66	74.281
913.83	74.063
914.00	73.845
914.18	73.624
914.35	73.422
914.52	73.126
914.69	72.903
914.86	72.690
915.03	72.485
915.21	72.333
915.38	72.119
915.55	72.036
915.72	71.865
915.89	71.737
916.06	71.652
916.24	71.564
916.41	71.408
916.58	71.292
916.75	71.084
916.92	70.912
917.09	70.711
917.26	70.443
917.44	70.233
917.61	70.111
917.78	69.907
917.95	69.751
918.12	69.573
918.29	69.478
918.46	69.291
918.64	69.129
918.81	68.988
918.98	68.849
919.15	68.672
919.32	68.522
919.49	68.290
919.66	68.084
919.83	67.893
920.00	67.725
920.18	67.575
920.35	67.538
920.52	67.413
920.69	67.360
920.86	67.332
921.03	67.229
921.20	67.096
921.37	66.971
921.54	66.720
921.71	66.611
921.89	66.441
922.06	66.380
922.23	66.240
922.40	66.107
922.57	65.900
922.74	65.785
922.91	65.705
923.08	65.643
923.25	65.537
923.42	65.436
923.59	65.395
923.76	65.175
923.93	64.973
924.11	64.807
924.28	64.662
924.45	64.527
924.62	64.506
924.79	64.393
924.96	64.241
925.13	64.199
925.30	64.089
925.47	63.922
925.64	63.816
925.81	63.765
925.98	63.666
926.15	63.638
926.32	63.477
926.49	63.346
926.66	63.257
926.83	63.147
927.00	63.103
927.17	62.955
927.34	63.011
927.51	62.951
927.69	62.967
927.86	62.916
928.03	62.799
928.20	62.739
928.37	62.651
928.54	62.671
928.71	62.641
928.88	62.661
929.05	62.693
929.22	62.678
929.39	62.600
929.56	62.548
929.73	62.510
929.90	62.569
930.07	62.574
930.24	62.525
930.41	62.536
930.58	62.574
930.75	62.652
930.92	62.576
931.09	62.570
931.26	62.540
931.43	62.499
931.60	62.500
931.77	62.432
931.94	62.494
932.11	62.525
932.27	62.548
932.44	62.576
932.61	62.609
932.78	62.573
932.95	62.671
933.12	62.617
933.29	62.641
933.46	62.629
933.63	62.568
933.80	62.597
933.97	62.620
934.14	62.600
934.31	62.534
934.48	62.590
934.65	62.615
934.82	62.682
934.99	62.749
935.16	62.804
935.33	62.887
935.50	63.022
935.67	63.095
935.84	63.124
936.00	63.135
936.17	63.183
936.34	63.297
936.51	63.293
936.68	63.378
936.85	63.411
937.02	63.520
937.19	63.596
937.36	63.746
937.53	63.736
937.70	63.829
937.87	63.921
938.03	63.936
938.20	63.998
938.37	64.070
938.54	64.121
938.71	64.202
938.88	64.311
939.05	64.212
939.22	64.174
939.39	64.263
939.56	64.458
939.72	64.529
939.89	64.584
940.06	64.649
940.23	64.746
940.40	64.856
940.57	64.996
940.74	65.156
940.91	65.197
941.08	65.401
941.24	65.472
941.41	65.644
941.58	65.873
941.75	66.011
941.92	66.174
942.09	66.300
942.26	66.376
942.42	66.440
942.59	66.659
942.76	67.034
942.93	67.208
943.10	67.203
943.27	67.390
943.44	67.530
943.60	67.731
943.77	67.734
943.94	67.955
944.11	68.003
944.28	68.082
944.45	68.230
944.61	68.320
944.78	68.356
944.95	68.409
945.12	68.597
945.29	68.711
945.46	68.655
945.62	68.706
945.79	68.940
945.96	69.253
946.13	69.419
946.30	69.390
946.46	69.533
946.63	69.647
946.80	69.763
946.97	69.951
947.14	70.030
947.31	70.552
947.47	70.773
947.64	70.957
947.81	71.115
947.98	71.289
948.15	71.406
948.31	71.641
948.48	71.786
948.65	71.798
948.82	71.962
948.98	72.142
949.15	72.455
949.32	72.502
949.49	72.458
949.66	72.531
949.82	72.614
949.99	72.728
950.16	72.843
950.33	72.804
950.49	72.861
950.66	72.806
950.83	72.629
951.00	72.448
951.16	72.232
951.33	72.271
951.50	72.196
951.67	72.243
951.83	72.270
952.00	72.290
952.17	72.247
952.34	72.250
952.50	72.403
952.67	72.330
952.84	72.395
953.01	72.362
953.17	72.409
953.34	72.519
953.51	72.476
953.68	72.414
953.84	72.377
954.01	72.321
954.18	72.300
954.34	72.378
954.51	72.487
954.68	72.667
954.85	72.693
955.01	72.852
955.18	73.118
955.35	72.904
955.51	72.866
955.68	72.952
955.85	73.122
956.02	72.997
956.18	73.068
956.35	73.012
956.52	73.024
956.68	72.995
956.85	72.860
957.02	72.904
957.18	72.950
957.35	72.992
957.52	73.098
957.69	73.188
957.85	73.194
958.02	73.069
958.19	72.980
958.35	72.918
958.52	72.673
958.69	72.338
958.85	72.524
959.02	72.621
959.19	72.383
959.35	72.280
959.52	72.353
959.69	72.344
959.85	72.378
960.02	72.419
960.19	72.305
960.35	72.251
960.52	72.133
960.68	72.097
960.85	72.150
961.02	71.884
961.18	71.900
961.35	71.698
961.52	71.763
961.68	71.771
961.85	71.725
962.02	71.789
962.18	71.815
962.35	71.542
962.51	71.380
962.68	71.413
962.85	71.284
963.01	71.005
963.18	70.908
963.35	70.481
963.51	70.342
963.68	70.381
963.84	70.131
964.01	70.173
964.18	69.980
964.34	69.756
964.51	69.569
964.67	69.339
964.84	69.273
965.01	69.034
965.17	68.734
965.34	68.742
965.50	68.483
965.67	68.398
965.84	68.425
966.00	68.561
966.17	68.683
966.33	68.546
966.50	68.426
966.66	68.342
966.83	68.470
967.00	68.358
967.16	68.172
967.33	68.174
967.49	67.984
967.66	68.228
967.82	68.065
967.99	68.289
968.16	68.295
968.32	68.221
968.49	67.990
968.65	68.206
968.82	68.105
968.98	68.186
969.15	67.868
969.31	67.605
969.48	67.307
969.64	66.970
969.81	66.957
969.98	66.917
970.14	66.575
970.31	66.545
970.47	66.269
970.64	66.016
970.80	66.067
970.97	65.592
971.13	65.263
971.30	65.210
971.46	64.933
971.63	64.734
971.79	64.829
971.96	64.936
972.12	64.628
972.29	64.192
972.45	64.098
972.62	64.120
972.78	64.191
972.95	63.769
973.11	63.512
973.28	63.373
973.44	63.384
973.61	63.612
973.77	63.383
973.94	63.406
974.10	63.576
974.27	63.532
974.43	63.855
974.60	63.806
974.76	63.709
974.93	63.727
975.09	63.562
975.26	63.236
975.42	63.182
975.59	63.011
975.75	63.356
975.92	63.251
976.08	62.798
976.24	62.656
976.41	62.601
976.57	62.692
976.74	62.608
976.90	62.266
977.07	61.754
977.23	61.758
977.40	61.561
977.56	60.900
977.73	60.562
977.89	60.272
978.05	59.834
978.22	59.694
978.38	59.384
978.55	59.147
978.71	59.020
978.88	58.952
979.04	58.966
979.20	58.713
979.37	58.538
979.53	58.548
979.70	58.663
979.86	58.884
980.03	58.770
980.19	58.634
980.35	58.670
980.52	58.504
980.68	58.528
980.85	58.518
981.01	58.695
981.17	58.633
981.34	58.463
981.50	58.507
981.67	58.596
981.83	58.502
981.99	58.579
982.16	58.304
982.32	57.444
982.49	57.390
982.65	57.266
982.81	57.451
982.98	57.607
983.14	57.474
983.30	57.085
983.47	56.949
983.63	56.627
983.80	56.453
983.96	56.290
984.12	56.693
984.29	56.834
984.45	57.042
984.61	56.840
984.78	57.129
984.94	57.430
985.10	57.775
985.27	57.634
985.43	57.908
985.59	58.322
985.76	58.946
985.92	59.073
986.08	59.378
986.25	58.873
986.41	59.283
986.57	58.647
986.74	58.893
986.90	58.907
987.06	58.959
987.23	58.932
987.39	58.763
987.55	57.758
987.72	57.471
987.88	56.728
988.04	57.108
988.21	57.457
988.37	57.048
988.53	56.416
988.70	56.781
988.86	56.336
989.02	55.991
989.19	55.602
989.35	55.645
989.51	54.964
989.67	55.004
989.84	54.411
990.00	54.588
990.16	54.880
990.33	55.065
990.49	55.439
990.65	55.638
990.82	56.107
990.98	56.237
991.14	56.149
991.30	57.039
991.47	56.302
991.63	56.160
991.79	57.188
991.95	57.468
992.12	57.651
992.28	57.968
992.44	58.154
992.61	58.451
992.77	58.474
992.93	59.038
993.09	59.188
993.26	59.438
993.42	60.017
993.58	59.648
993.74	59.309
993.91	58.900
994.07	58.496
994.23	58.653
994.39	58.690
994.55	58.999
994.72	58.428
994.88	58.785
995.04	58.280
995.20	57.733
995.37	57.301
995.53	57.168
995.69	56.846
995.85	56.353
996.02	56.349
996.18	56.799
996.34	56.490
996.50	56.586
996.66	57.484
996.83	57.033
996.99	56.356
997.15	56.943
997.31	56.937
997.47	57.520
997.64	57.486
997.80	58.064
997.96	58.575
998.12	58.917
998.28	59.865
998.45	60.609
998.61	60.509
998.77	60.597
998.93	60.711
999.09	62.012
999.25	62.555
999.42	63.741
999.58	63.289
999.74	62.897
999.90	62.601
1000.06	61.952
1000.22	62.110
1000.39	62.907
1000.55	62.905
1000.71	63.774
1000.87	63.555
1001.03	63.493
1001.19	63.440
1001.36	63.125
1001.52	62.685
1001.68	62.222
1001.84	62.579
1002.00	61.695
1002.16	61.581
1002.32	61.155
1002.49	59.239
1002.65	58.965
1002.81	58.519
1002.97	58.553
1003.13	58.722
1003.29	59.795
1003.45	59.481
1003.62	60.330
1003.78	60.158
1003.94	60.557
1004.10	59.627
1004.26	59.752
1004.42	59.603
1004.58	59.457
1004.74	59.865
1004.90	61.576
1005.07	61.340
1005.23	59.998
1005.39	61.441
1005.55	62.057
1005.71	61.828
1005.87	63.314
1006.03	64.178
1006.19	64.060
1006.35	63.620
1006.51	64.401
1006.67	64.285
1006.84	64.072
1007.00	63.197
1007.16	64.270
1007.32	62.677
1007.48	63.668
1007.64	64.952
1007.80	64.756
1007.96	63.675
1008.12	63.959
1008.28	62.232
1008.44	63.505
1008.60	64.610
1008.76	63.054
1008.92	62.105
1009.09	61.952
1009.25	61.596
1009.41	61.010
1009.57	61.803
1009.73	62.572
1009.89	63.681
1010.05	64.150
1010.21	66.023
1010.37	66.356
1010.53	67.641
1010.69	69.433
1010.85	68.955
1011.01	68.028
1011.17	67.289
1011.33	69.652
1011.49	69.931
1011.65	69.979
1011.81	69.183
1011.97	68.936
1012.13	71.816
1012.29	73.586
1012.45	75.302
1012.61	78.619
1012.77	76.694
1012.93	75.740
1013.09	74.851
1013.25	74.409
1013.41	75.052
1013.57	72.437
1013.73	71.569
1013.89	67.953
1014.05	70.112
1014.21	67.897
1014.37	65.816
1014.53	65.007
1014.69	64.747
1014.85	64.780
1015.01	67.842
1015.17	69.858
1015.33	71.553
1015.49	69.846
1015.65	71.891
1015.81	72.616
1015.97	69.733
1016.13	73.080
1016.29	72.583
1016.45	73.701
1016.61	74.137
1016.77	71.540
1016.93	72.916
1017.09	72.544
1017.25	73.433
1017.41	71.717
1017.56	73.861
1017.72	80.824
1017.88	83.070
1018.04	84.742
1018.20	82.731
1018.36	81.537
1018.52	79.789
1018.68	80.371
1018.84	82.132
1019.00	79.848
1019.16	81.045
1019.32	83.130
1019.48	83.791
1019.64	86.593
1019.79	83.969
1019.95	80.201
1020.11	85.576
1020.27	85.258
1020.43	91.077
1020.59	94.440
1020.75	91.788
1020.91	95.671
1021.07	87.750
1021.23	87.198
1021.39	82.628
1021.54	88.146
1021.70	85.870
1021.86	84.849
1022.02	82.435
1022.18	78.725
1022.34	81.292
1022.50	80.274
1022.66	78.803
1022.82	78.264
1022.97	77.613
1023.13	80.288
1023.29	85.798
1023.45	84.332
1023.61	85.472
1023.77	84.008
1023.93	85.029
1024.08	87.350
1024.24	85.161
1024.40	87.535
1024.56	95.222
1024.72	97.736
1024.88	87.395
1025.04	92.218
1025.19	90.170
1025.35	86.446
1025.51	92.030
1025.67	95.121
1025.83	90.930
1025.99	92.673
1026.14	91.628
1026.30	101.418
1026.46	104.471
1026.62	97.173
1026.78	88.519
1026.94	84.521
1027.09	81.937
1027.25	79.553
1027.41	79.567
1027.57	78.431
1027.73	77.536
1027.89	71.743
1028.04	71.195
1028.20	69.961
1028.36	71.050
1028.52	70.446
1028.68	71.663
1028.83	71.467
1028.99	68.188
1029.15	68.262
1029.31	67.222
1029.47	68.498
1029.62	67.506
1029.78	67.134
1029.94	69.025
1030.10	71.363
1030.25	73.874
1030.41	78.085
1030.57	79.539
1030.73	82.312
1030.89	83.306
1031.04	86.540
1031.20	94.210
1031.36	102.965
1031.52	111.433
1031.67	114.421
1031.83	121.081
1031.99	134.242
1032.15	120.860
1032.30	136.730
1032.46	161.856
1032.62	152.971
1032.78	135.932
1032.93	154.247
1033.09	135.072
1033.25	126.619
1033.41	132.781
1033.56	130.369
1033.72	48.725
1033.88	360.238
1034.04	76.371
1034.19	71.515
1034.35	82.376
1034.51	-34.819
1034.66	59.208
1034.82	1430.000
1034.98	1430.000
1035.14	1430.000
