345.22	38.599
345.43	38.599
345.65	38.599
345.86	37.475
346.08	138.958
346.29	1.425
346.51	40.556
346.72	4.798
346.94	-202.500
347.15	-72.473
347.37	182.845
347.58	218.929
347.80	248.466
348.01	213.818
348.23	142.684
348.44	131.369
348.66	118.130
348.87	118.892
349.09	111.402
349.30	99.066
349.52	93.260
349.73	96.565
349.95	95.802
350.16	97.682
350.38	94.115
350.59	87.358
350.81	86.144
351.02	84.559
351.24	83.441
351.45	82.391
351.67	84.716
351.88	83.426
352.10	79.487
352.31	78.790
352.53	82.612
352.74	84.481
352.96	85.514
353.17	85.368
353.39	86.578
353.60	88.187
353.82	89.716
354.03	89.611
354.25	84.139
354.46	79.135
354.67	75.920
354.89	74.054
355.10	77.975
355.32	76.607
355.53	78.077
355.75	79.887
355.96	81.463
356.18	80.766
356.39	80.878
356.61	85.477
356.82	84.926
357.04	80.388
357.25	80.890
357.46	80.625
357.68	79.602
357.89	78.090
358.11	76.523
358.32	79.278
358.54	77.251
358.75	78.846
358.97	80.555
359.18	83.595
359.40	83.007
359.61	83.437
359.82	84.757
360.04	84.387
360.25	82.283
360.47	78.396
360.68	77.934
360.90	78.570
361.11	76.282
361.32	76.716
361.54	80.928
361.75	79.922
361.97	81.180
362.18	82.571
362.40	83.895
362.61	85.460
362.83	85.613
363.04	86.955
363.25	88.777
363.47	90.298
363.68	88.251
363.90	92.261
364.11	92.596
364.32	92.800
364.54	90.967
364.75	88.259
364.97	92.108
365.18	90.964
365.40	88.313
365.61	88.178
365.82	88.520
366.04	86.918
366.25	86.705
366.47	84.807
366.68	82.936
366.89	84.052
367.11	81.663
367.32	81.724
367.54	79.028
367.75	78.258
367.96	77.265
368.18	78.517
368.39	77.425
368.61	77.387
368.82	78.432
369.03	80.906
369.25	84.972
369.46	85.592
369.68	86.132
369.89	87.416
370.10	87.943
370.32	88.226
370.53	87.794
370.75	84.280
370.96	86.459
371.17	87.040
371.39	84.942
371.60	85.387
371.81	86.086
372.03	88.043
372.24	88.717
372.46	91.646
372.67	92.165
372.88	90.977
373.10	90.751
373.31	89.435
373.52	89.519
373.74	87.378
373.95	86.329
374.17	87.952
374.38	89.903
374.59	90.480
374.81	88.964
375.02	87.318
375.23	90.389
375.45	88.336
375.66	86.531
375.87	87.522
376.09	88.152
376.30	86.774
376.52	88.620
376.73	86.218
376.94	84.310
377.16	85.043
377.37	88.966
377.58	88.713
377.80	89.918
378.01	90.830
378.22	92.354
378.44	93.266
378.65	94.590
378.86	94.683
379.08	95.093
379.29	95.699
379.50	98.627
379.72	98.840
379.93	101.694
380.14	104.783
380.36	105.778
380.57	107.064
380.78	107.371
381.00	108.176
381.21	109.877
381.42	111.005
381.64	111.420
381.85	110.933
382.06	111.193
382.28	111.198
382.49	110.740
382.70	111.245
382.92	111.473
383.13	110.732
383.34	111.106
383.56	111.930
383.77	113.037
383.98	112.701
384.20	113.679
384.41	113.717
384.62	113.888
384.83	114.339
385.05	114.730
385.26	115.616
385.47	116.394
385.69	117.229
385.90	118.026
386.11	118.729
386.33	119.639
386.54	120.467
386.75	121.147
386.97	122.306
387.18	123.069
387.39	123.958
387.60	124.422
387.82	124.916
388.03	125.348
388.24	125.898
388.46	126.327
388.67	126.479
388.88	126.507
389.09	126.451
389.31	126.241
389.52	126.023
389.73	125.488
389.95	125.040
390.16	124.506
390.37	124.076
390.58	123.574
390.80	122.842
391.01	122.266
391.22	121.686
391.44	120.760
391.65	119.986
391.86	119.229
392.07	118.877
392.29	118.352
392.50	117.800
392.71	117.248
392.92	116.911
393.14	116.471
393.35	116.248
393.56	116.175
393.78	116.166
393.99	116.378
394.20	116.709
394.41	116.980
394.63	117.300
394.84	117.834
395.05	118.535
395.26	119.176
395.48	119.889
395.69	120.544
395.90	121.491
396.11	122.370
396.33	123.226
396.54	124.120
396.75	124.855
396.96	125.629
397.18	126.312
397.39	126.991
397.60	127.686
397.81	128.254
398.03	128.655
398.24	128.985
398.45	129.132
398.66	129.209
398.87	129.235
399.09	129.120
399.30	128.774
399.51	128.233
399.72	127.772
399.94	127.172
400.15	126.505
400.36	125.677
400.57	124.806
400.79	123.911
401.00	122.903
401.21	121.990
401.42	121.027
401.63	120.071
401.85	119.151
402.06	118.337
402.27	117.529
402.48	116.852
402.69	116.241
402.91	115.659
403.12	115.135
403.33	114.826
403.54	114.680
403.76	114.480
403.97	114.501
404.18	114.646
404.39	114.918
404.60	115.325
404.82	115.834
405.03	116.459
405.24	117.109
405.45	117.834
405.66	118.646
405.88	119.480
406.09	120.408
406.30	121.249
406.51	122.019
406.72	122.852
406.94	123.632
407.15	124.374
407.36	125.136
407.57	125.838
407.78	126.390
407.99	126.788
408.21	127.190
408.42	127.478
408.63	127.675
408.84	127.676
409.05	127.610
409.27	127.347
409.48	126.919
409.69	126.416
409.90	125.903
410.11	125.273
410.32	124.585
410.54	123.732
410.75	122.819
410.96	121.874
411.17	120.879
411.38	119.878
411.59	118.872
411.81	117.801
412.02	116.751
412.23	115.738
412.44	114.812
412.65	114.009
412.86	113.280
413.08	112.553
413.29	111.901
413.50	111.423
413.71	111.069
413.92	110.802
414.13	110.653
414.34	110.592
414.56	110.572
414.77	110.709
414.98	110.943
415.19	111.399
415.40	111.955
415.61	112.569
415.82	113.214
416.04	113.977
416.25	114.734
416.46	115.576
416.67	116.498
416.88	117.369
417.09	118.249
417.30	119.060
417.52	119.922
417.73	120.699
417.94	121.409
418.15	122.079
418.36	122.767
418.57	123.262
418.78	123.674
418.99	124.076
419.21	124.346
419.42	124.540
419.63	124.588
419.84	124.503
420.05	124.303
420.26	123.978
420.47	123.487
420.68	123.026
420.89	122.438
421.11	121.694
421.32	120.988
421.53	120.147
421.74	119.293
421.95	118.401
422.16	117.512
422.37	116.604
422.58	115.608
422.79	114.611
423.01	113.709
423.22	112.810
423.43	111.983
423.64	111.205
423.85	110.505
424.06	109.897
424.27	109.359
424.48	108.923
424.69	108.657
424.90	108.480
425.11	108.379
425.33	108.401
425.54	108.510
425.75	108.687
425.96	108.977
426.17	109.379
426.38	109.868
426.59	110.442
426.80	111.081
427.01	111.827
427.22	112.652
427.43	113.586
427.64	114.469
427.85	115.333
428.07	116.249
428.28	117.124
428.49	118.009
428.70	118.877
428.91	119.704
429.12	120.439
429.33	121.179
429.54	121.851
429.75	122.426
429.96	122.996
430.17	123.461
430.38	123.827
430.59	124.030
430.80	124.130
431.01	124.141
431.22	124.082
431.44	123.890
431.65	123.612
431.86	123.188
432.07	122.722
432.28	122.182
432.49	121.543
432.70	120.829
432.91	120.004
433.12	119.116
433.33	118.194
433.54	117.304
433.75	116.360
433.96	115.418
434.17	114.385
434.38	113.406
434.59	112.454
434.80	111.520
435.01	110.729
435.22	109.976
435.43	109.296
435.64	108.660
435.85	108.106
436.06	107.626
436.27	107.268
436.48	107.016
436.69	106.814
436.90	106.746
437.11	106.789
437.33	106.933
437.54	107.190
437.75	107.575
437.96	107.968
438.17	108.451
438.38	108.965
438.59	109.630
438.80	110.311
439.01	111.109
439.22	111.982
439.43	112.721
439.64	113.533
439.85	114.359
440.06	115.164
440.27	116.021
440.48	116.802
440.69	117.555
440.90	118.263
441.11	118.984
441.32	119.603
441.53	120.156
441.74	120.616
441.95	121.039
442.16	121.344
442.37	121.541
442.58	121.684
442.79	121.755
443.00	121.725
443.21	121.610
443.42	121.326
443.62	120.884
443.83	120.543
444.04	120.071
444.25	119.525
444.46	118.882
444.67	118.149
444.88	117.402
445.09	116.573
445.30	115.703
445.51	114.762
445.72	113.798
445.93	112.883
446.14	111.934
446.35	110.951
446.56	110.045
446.77	109.171
446.98	108.288
447.19	107.433
447.40	106.664
447.61	105.902
447.82	105.231
448.03	104.674
448.24	104.127
448.45	103.681
448.66	103.333
448.87	103.066
449.08	102.917
449.29	102.840
449.49	102.854
449.70	102.974
449.91	103.162
450.12	103.466
450.33	103.798
450.54	104.236
450.75	104.761
450.96	105.305
451.17	105.924
451.38	106.577
451.59	107.287
451.80	107.994
452.01	108.758
452.22	109.554
452.43	110.310
452.64	111.069
452.84	111.837
453.05	112.553
453.26	113.287
453.47	113.931
453.68	114.561
453.89	115.146
454.10	115.627
454.31	116.096
454.52	116.454
454.73	116.779
454.94	116.984
455.15	117.101
455.36	117.125
455.56	117.089
455.77	116.961
455.98	116.771
456.19	116.507
456.40	116.175
456.61	115.775
456.82	115.268
457.03	114.709
457.24	114.058
457.45	113.381
457.65	112.589
457.86	111.800
458.07	110.969
458.28	110.052
458.49	109.182
458.70	108.237
458.91	107.319
459.12	106.384
459.33	105.438
459.54	104.544
459.74	103.677
459.95	102.819
460.16	102.049
460.37	101.322
460.58	100.654
460.79	100.017
461.00	99.416
461.21	98.921
461.41	98.490
461.62	98.140
461.83	97.891
462.04	97.740
462.25	97.611
462.46	97.594
462.67	97.684
462.88	97.850
463.08	98.120
463.29	98.420
463.50	98.795
463.71	99.269
463.92	99.776
464.13	100.312
464.34	100.918
464.54	101.575
464.75	102.265
464.96	102.965
465.17	103.688
465.38	104.401
465.59	105.160
465.80	105.895
466.00	106.603
466.21	107.292
466.42	107.941
466.63	108.621
466.84	109.248
467.05	109.815
467.26	110.328
467.46	110.726
467.67	111.124
467.88	111.477
468.09	111.723
468.30	111.933
468.51	112.075
468.71	112.117
468.92	112.093
469.13	111.988
469.34	111.825
469.55	111.569
469.76	111.276
469.96	110.883
470.17	110.432
470.38	109.942
470.59	109.371
470.80	108.741
471.00	108.100
471.21	107.380
471.42	106.651
471.63	105.882
471.84	105.101
472.05	104.274
472.25	103.430
472.46	102.592
472.67	101.709
472.88	100.886
473.09	100.048
473.29	99.213
473.50	98.436
473.71	97.666
473.92	96.938
474.13	96.251
474.33	95.629
474.54	95.055
474.75	94.543
474.96	94.081
475.17	93.689
475.37	93.320
475.58	93.051
475.79	92.853
476.00	92.728
476.21	92.688
476.41	92.713
476.62	92.818
476.83	92.979
477.04	93.253
477.24	93.547
477.45	93.916
477.66	94.334
477.87	94.782
478.08	95.307
478.28	95.841
478.49	96.438
478.70	97.074
478.91	97.708
479.11	98.355
479.32	99.046
479.53	99.717
479.74	100.429
479.94	101.103
480.15	101.742
480.36	102.369
480.57	102.979
480.78	103.582
480.98	104.104
481.19	104.597
481.40	105.034
481.61	105.460
481.81	105.819
482.02	106.120
482.23	106.400
482.44	106.575
482.64	106.728
482.85	106.798
483.06	106.783
483.27	106.742
483.47	106.653
483.68	106.477
483.89	106.245
484.10	105.935
484.30	105.586
484.51	105.167
484.72	104.722
484.92	104.186
485.13	103.631
485.34	103.041
485.55	102.404
485.75	101.741
485.96	101.020
486.17	100.288
486.38	99.546
486.58	98.766
486.79	98.000
487.00	97.210
487.20	96.419
487.41	95.659
487.62	94.904
487.83	94.148
488.03	93.415
488.24	92.717
488.45	92.041
488.65	91.390
488.86	90.791
489.07	90.225
489.28	89.723
489.48	89.253
489.69	88.875
489.90	88.527
490.10	88.249
490.31	88.029
490.52	87.847
490.73	87.743
490.93	87.696
491.14	87.710
491.35	87.790
491.55	87.921
491.76	88.105
491.97	88.339
492.17	88.618
492.38	88.953
492.59	89.334
492.79	89.771
493.00	90.245
493.21	90.755
493.41	91.285
493.62	91.843
493.83	92.427
494.04	92.989
494.24	93.587
494.45	94.188
494.66	94.773
494.86	95.390
495.07	95.968
495.28	96.559
495.48	97.107
495.69	97.642
495.90	98.161
496.10	98.650
496.31	99.092
496.52	99.494
496.72	99.892
496.93	100.237
497.14	100.525
497.34	100.749
497.55	100.954
497.76	101.103
497.96	101.193
498.17	101.229
498.37	101.224
498.58	101.140
498.79	101.006
498.99	100.845
499.20	100.612
499.41	100.328
499.61	99.975
499.82	99.595
500.03	99.156
500.23	98.698
500.44	98.177
500.65	97.631
500.85	97.062
501.06	96.431
501.26	95.785
501.47	95.115
501.68	94.444
501.88	93.729
502.09	93.017
502.30	92.293
502.50	91.566
502.71	90.849
502.91	90.139
503.12	89.432
503.33	88.734
503.53	88.067
503.74	87.410
503.95	86.776
504.15	86.174
504.36	85.599
504.56	85.055
504.77	84.564
504.98	84.093
505.18	83.683
505.39	83.307
505.59	82.981
505.80	82.708
506.01	82.487
506.21	82.322
506.42	82.202
506.62	82.131
506.83	82.106
507.04	82.143
507.24	82.223
507.45	82.360
507.65	82.542
507.86	82.757
508.07	83.026
508.27	83.340
508.48	83.685
508.68	84.084
508.89	84.501
509.10	84.941
509.30	85.410
509.51	85.891
509.71	86.391
509.92	86.907
510.12	87.430
510.33	87.958
510.54	88.484
510.74	89.022
510.95	89.544
511.15	90.065
511.36	90.584
511.56	91.086
511.77	91.559
511.98	92.019
512.18	92.464
512.39	92.879
512.59	93.263
512.80	93.613
513.00	93.924
513.21	94.197
513.42	94.443
513.62	94.647
513.83	94.814
514.03	94.931
514.24	95.000
514.44	95.018
514.65	95.009
514.85	94.954
515.06	94.857
515.26	94.709
515.47	94.526
515.68	94.283
515.88	94.005
516.09	93.684
516.29	93.329
516.50	92.930
516.70	92.494
516.91	92.024
517.11	91.528
517.32	91.008
517.52	90.458
517.73	89.902
517.93	89.312
518.14	88.707
518.34	88.096
518.55	87.477
518.76	86.853
518.96	86.205
519.17	85.556
519.37	84.904
519.58	84.278
519.78	83.643
519.99	83.014
520.19	82.404
520.40	81.829
520.60	81.262
520.81	80.716
521.01	80.187
521.22	79.707
521.42	79.250
521.63	78.822
521.83	78.431
522.04	78.065
522.24	77.759
522.45	77.491
522.65	77.267
522.86	77.085
523.06	76.943
523.27	76.855
523.47	76.807
523.68	76.798
523.88	76.823
524.09	76.896
524.29	77.024
524.50	77.184
524.70	77.379
524.91	77.609
525.11	77.890
525.32	78.211
525.52	78.548
525.72	78.937
525.93	79.342
526.13	79.780
526.34	80.221
526.54	80.699
526.75	81.170
526.95	81.661
527.16	82.151
527.36	82.661
527.57	83.168
527.77	83.669
527.98	84.187
528.18	84.699
528.39	85.194
528.59	85.688
528.79	86.163
529.00	86.634
529.20	87.078
529.41	87.525
529.61	87.938
529.82	88.314
530.02	88.657
530.23	88.986
530.43	89.270
530.64	89.539
530.84	89.754
531.04	89.937
531.25	90.107
531.45	90.249
531.66	90.345
531.86	90.399
532.07	90.412
532.27	90.385
532.47	90.325
532.68	90.248
532.88	90.128
533.09	89.972
533.29	89.758
533.50	89.520
533.70	89.212
533.90	88.899
534.11	88.569
534.31	88.205
534.52	87.802
534.72	87.400
534.93	86.969
535.13	86.500
535.33	86.031
535.54	85.514
535.74	84.991
535.95	84.440
536.15	83.910
536.35	83.363
536.56	82.812
536.76	82.240
536.97	81.678
537.17	81.106
537.37	80.541
537.58	80.002
537.78	79.467
537.99	78.951
538.19	78.425
538.39	77.914
538.60	77.428
538.80	76.977
539.01	76.524
539.21	76.104
539.41	75.724
539.62	75.360
539.82	75.036
540.03	74.735
540.23	74.485
540.43	74.251
540.64	74.072
540.84	73.914
541.04	73.806
541.25	73.741
541.45	73.709
541.66	73.710
541.86	73.748
542.06	73.829
542.27	73.942
542.47	74.111
542.67	74.292
542.88	74.516
543.08	74.767
543.28	75.059
543.49	75.369
543.69	75.714
543.90	76.093
544.10	76.476
544.30	76.910
544.51	77.345
544.71	77.820
544.91	78.284
545.12	78.776
545.32	79.283
545.52	79.767
545.73	80.282
545.93	80.796
546.13	81.289
546.34	81.778
546.54	82.268
546.74	82.741
546.95	83.233
547.15	83.708
547.35	84.153
547.56	84.609
547.76	85.056
547.96	85.469
548.17	85.876
548.37	86.272
548.57	86.607
548.78	86.930
548.98	87.219
549.18	87.478
549.39	87.707
549.59	87.906
549.79	88.100
550.00	88.246
550.20	88.389
550.40	88.477
550.61	88.547
550.81	88.580
551.01	88.584
551.22	88.555
551.42	88.485
551.62	88.388
551.82	88.241
552.03	88.080
552.23	87.886
552.43	87.652
552.64	87.398
552.84	87.116
553.04	86.800
553.25	86.463
553.45	86.090
553.65	85.706
553.85	85.317
554.06	84.900
554.26	84.458
554.46	83.982
554.67	83.514
554.87	83.021
555.07	82.536
555.27	82.028
555.48	81.511
555.68	81.006
555.88	80.490
556.09	79.980
556.29	79.448
556.49	78.935
556.69	78.410
556.90	77.897
557.10	77.415
557.30	76.957
557.50	76.486
557.71	76.059
557.91	75.641
558.11	75.222
558.31	74.834
558.52	74.472
558.72	74.141
558.92	73.836
559.13	73.559
559.33	73.302
559.53	73.069
559.73	72.883
559.94	72.715
560.14	72.574
560.34	72.462
560.54	72.390
560.75	72.359
560.95	72.354
561.15	72.391
561.35	72.445
561.55	72.522
561.76	72.647
561.96	72.780
562.16	72.964
562.36	73.185
562.57	73.422
562.77	73.686
562.97	73.978
563.17	74.286
563.38	74.613
563.58	74.968
563.78	75.347
563.98	75.739
564.18	76.140
564.39	76.570
564.59	77.011
564.79	77.472
564.99	77.924
565.20	78.385
565.40	78.836
565.60	79.292
565.80	79.772
566.00	80.233
566.21	80.704
566.41	81.147
566.61	81.593
566.81	82.040
567.01	82.473
567.22	82.901
567.42	83.314
567.62	83.702
567.82	84.080
568.02	84.440
568.23	84.780
568.43	85.106
568.63	85.417
568.83	85.688
569.03	85.928
569.24	86.156
569.44	86.367
569.64	86.556
569.84	86.730
570.04	86.848
570.24	86.956
570.45	87.038
570.65	87.097
570.85	87.123
571.05	87.109
571.25	87.070
571.45	86.993
571.66	86.909
571.86	86.805
572.06	86.651
572.26	86.486
572.46	86.300
572.66	86.093
572.87	85.846
573.07	85.591
573.27	85.311
573.47	85.010
573.67	84.682
573.87	84.330
574.08	83.950
574.28	83.579
574.48	83.184
574.68	82.766
574.88	82.341
575.08	81.886
575.28	81.433
575.49	80.982
575.69	80.527
575.89	80.043
576.09	79.577
576.29	79.097
576.49	78.613
576.69	78.126
576.90	77.647
577.10	77.179
577.30	76.715
577.50	76.265
577.70	75.812
577.90	75.372
578.10	74.967
578.30	74.566
578.51	74.175
578.71	73.810
578.91	73.461
579.11	73.123
579.31	72.815
579.51	72.526
579.71	72.260
579.91	72.008
580.12	71.797
580.32	71.608
580.52	71.456
580.72	71.313
580.92	71.200
581.12	71.100
581.32	71.039
581.52	71.019
581.72	71.010
581.92	71.032
582.13	71.096
582.33	71.159
582.53	71.262
582.73	71.382
582.93	71.535
583.13	71.718
583.33	71.934
583.53	72.167
583.73	72.428
583.93	72.709
584.13	73.016
584.34	73.351
584.54	73.671
584.74	74.007
584.94	74.387
585.14	74.772
585.34	75.176
585.54	75.556
585.74	75.953
585.94	76.375
586.14	76.813
586.34	77.236
586.54	77.685
586.74	78.135
586.94	78.595
587.15	79.055
587.35	79.502
587.55	79.940
587.75	80.379
587.95	80.797
588.15	81.208
588.35	81.609
588.55	82.003
588.75	82.403
588.95	82.789
589.15	83.151
589.35	83.505
589.55	83.836
589.75	84.189
589.95	84.496
590.15	84.786
590.35	85.045
590.55	85.299
590.75	85.520
590.95	85.717
591.15	85.895
591.35	86.036
591.56	86.160
591.76	86.262
591.96	86.340
592.16	86.409
592.36	86.447
592.56	86.470
592.76	86.454
592.96	86.429
593.16	86.362
593.36	86.276
593.56	86.179
593.76	86.069
593.96	85.909
594.16	85.750
594.36	85.566
594.56	85.360
594.76	85.128
594.96	84.890
595.16	84.613
595.36	84.325
595.56	84.013
595.76	83.677
595.96	83.320
596.16	82.969
596.36	82.593
596.56	82.215
596.76	81.808
596.96	81.399
597.16	80.982
597.36	80.571
597.56	80.143
597.76	79.696
597.96	79.247
598.16	78.803
598.36	78.355
598.56	77.898
598.76	77.452
598.96	77.016
599.16	76.573
599.36	76.165
599.56	75.756
599.76	75.346
599.96	74.955
600.15	74.575
600.35	74.207
600.55	73.853
600.75	73.498
600.95	73.170
601.15	72.848
601.35	72.534
601.55	72.242
601.75	71.984
601.95	71.740
602.15	71.523
602.35	71.306
602.55	71.123
602.75	70.968
602.95	70.822
603.15	70.688
603.35	70.594
603.55	70.509
603.75	70.439
603.95	70.407
604.15	70.396
604.35	70.417
604.54	70.450
604.74	70.528
604.94	70.615
605.14	70.721
605.34	70.853
605.54	71.021
605.74	71.212
605.94	71.409
606.14	71.636
606.34	71.875
606.54	72.145
606.74	72.433
606.94	72.731
607.14	73.057
607.33	73.407
607.53	73.755
607.73	74.111
607.93	74.476
608.13	74.853
608.33	75.247
608.53	75.630
608.73	76.036
608.93	76.421
609.13	76.827
609.33	77.243
609.52	77.664
609.72	78.075
609.92	78.479
610.12	78.891
610.32	79.297
610.52	79.712
610.72	80.108
610.92	80.499
611.12	80.885
611.31	81.266
611.51	81.635
611.71	81.996
611.91	82.361
612.11	82.723
612.31	83.072
612.51	83.396
612.71	83.720
612.91	84.011
613.10	84.304
613.30	84.606
613.50	84.875
613.70	85.117
613.90	85.334
614.10	85.533
614.30	85.701
614.50	85.864
614.69	85.984
614.89	86.102
615.09	86.196
615.29	86.276
615.49	86.332
615.69	86.364
615.89	86.384
616.08	86.379
616.28	86.349
616.48	86.299
616.68	86.222
616.88	86.131
617.08	86.019
617.27	85.900
617.47	85.738
617.67	85.559
617.87	85.365
618.07	85.165
618.27	84.952
618.47	84.734
618.66	84.485
618.86	84.234
619.06	83.950
619.26	83.666
619.46	83.364
619.66	83.036
619.85	82.696
620.05	82.346
620.25	81.970
620.45	81.600
620.65	81.213
620.84	80.847
621.04	80.460
621.24	80.090
621.44	79.684
621.64	79.263
621.84	78.863
622.03	78.453
622.23	78.048
622.43	77.640
622.63	77.237
622.83	76.834
623.02	76.435
623.22	76.050
623.42	75.645
623.62	75.264
623.82	74.901
624.01	74.535
624.21	74.176
624.41	73.839
624.61	73.513
624.81	73.208
625.00	72.892
625.20	72.593
625.40	72.299
625.60	72.031
625.79	71.792
625.99	71.573
626.19	71.359
626.39	71.165
626.59	70.985
626.78	70.833
626.98	70.699
627.18	70.577
627.38	70.483
627.57	70.433
627.77	70.379
627.97	70.344
628.17	70.343
628.37	70.353
628.56	70.399
628.76	70.452
628.96	70.519
629.16	70.607
629.35	70.742
629.55	70.884
629.75	71.050
629.95	71.232
630.14	71.418
630.34	71.637
630.54	71.866
630.74	72.107
630.93	72.364
631.13	72.628
631.33	72.906
631.53	73.179
631.72	73.465
631.92	73.778
632.12	74.109
632.31	74.439
632.51	74.804
632.71	75.162
632.91	75.518
633.10	75.890
633.30	76.284
633.50	76.646
633.70	77.039
633.89	77.418
634.09	77.812
634.29	78.203
634.48	78.590
634.68	78.993
634.88	79.393
635.08	79.793
635.27	80.204
635.47	80.606
635.67	81.015
635.86	81.418
636.06	81.807
636.26	82.169
636.46	82.537
636.65	82.883
636.85	83.240
637.05	83.587
637.24	83.902
637.44	84.213
637.64	84.520
637.83	84.819
638.03	85.114
638.23	85.366
638.43	85.621
638.62	85.851
638.82	86.052
639.02	86.248
639.21	86.420
639.41	86.564
639.61	86.719
639.80	86.849
640.00	86.958
640.20	87.072
640.39	87.180
640.59	87.254
640.79	87.318
640.98	87.347
641.18	87.366
641.38	87.383
641.57	87.367
641.77	87.333
641.97	87.263
642.16	87.183
642.36	87.101
642.56	86.997
642.75	86.896
642.95	86.763
643.15	86.619
643.34	86.475
643.54	86.310
643.74	86.108
643.93	85.900
644.13	85.656
644.33	85.387
644.52	85.120
644.72	84.851
644.91	84.565
645.11	84.254
645.31	83.948
645.50	83.637
645.70	83.318
645.90	82.996
646.09	82.657
646.29	82.308
646.48	81.950
646.68	81.575
646.88	81.202
647.07	80.830
647.27	80.449
647.47	80.055
647.66	79.676
647.86	79.288
648.05	78.908
648.25	78.538
648.45	78.166
648.64	77.782
648.84	77.416
649.04	77.036
649.23	76.667
649.43	76.306
649.62	75.943
649.82	75.579
650.02	75.227
650.21	74.891
650.41	74.580
650.60	74.275
650.80	74.001
651.00	73.702
651.19	73.437
651.39	73.178
651.58	72.928
651.78	72.698
651.97	72.497
652.17	72.299
652.37	72.109
652.56	71.953
652.76	71.806
652.95	71.669
653.15	71.575
653.35	71.483
653.54	71.400
653.74	71.324
653.93	71.278
654.13	71.252
654.32	71.228
654.52	71.203
654.72	71.213
654.91	71.234
655.11	71.287
655.30	71.355
655.50	71.443
655.69	71.549
655.89	71.655
656.08	71.772
656.28	71.915
656.48	72.078
656.67	72.247
656.87	72.433
657.06	72.620
657.26	72.816
657.45	73.041
657.65	73.285
657.84	73.553
658.04	73.818
658.23	74.102
658.43	74.403
658.62	74.723
658.82	75.040
659.02	75.365
659.21	75.710
659.41	76.046
659.60	76.392
659.80	76.746
659.99	77.129
660.19	77.501
660.38	77.883
660.58	78.253
660.77	78.641
660.97	79.014
661.16	79.395
661.36	79.766
661.55	80.154
661.75	80.534
661.94	80.902
662.14	81.284
662.33	81.668
662.53	82.043
662.72	82.413
662.92	82.771
663.11	83.115
663.31	83.466
663.50	83.819
663.70	84.171
663.89	84.510
664.09	84.827
664.28	85.154
664.48	85.454
664.67	85.772
664.87	86.048
665.06	86.337
665.26	86.605
665.45	86.869
665.65	87.112
665.84	87.355
666.04	87.581
666.23	87.768
666.43	87.935
666.62	88.096
666.82	88.241
667.01	88.377
667.21	88.507
667.40	88.605
667.59	88.708
667.79	88.775
667.98	88.813
668.18	88.840
668.37	88.848
668.57	88.871
668.76	88.860
668.96	88.827
669.15	88.785
669.35	88.751
669.54	88.684
669.73	88.607
669.93	88.512
670.12	88.416
670.32	88.327
670.51	88.205
670.71	88.070
670.90	87.930
671.10	87.781
671.29	87.603
671.48	87.412
671.68	87.203
671.87	86.993
672.07	86.768
672.26	86.571
672.46	86.334
672.65	86.079
672.84	85.813
673.04	85.554
673.23	85.279
673.43	84.984
673.62	84.699
673.82	84.402
674.01	84.068
674.20	83.741
674.40	83.400
674.59	83.067
674.79	82.743
674.98	82.399
675.17	82.056
675.37	81.721
675.56	81.382
675.76	81.032
675.95	80.666
676.14	80.324
676.34	79.946
676.53	79.594
676.73	79.230
676.92	78.864
677.11	78.505
677.31	78.145
677.50	77.802
677.70	77.451
677.89	77.097
678.08	76.781
678.28	76.462
678.47	76.158
678.66	75.862
678.86	75.570
679.05	75.283
679.25	75.012
679.44	74.753
679.63	74.515
679.83	74.275
680.02	74.061
680.21	73.852
680.41	73.656
680.60	73.457
680.79	73.279
680.99	73.118
681.18	72.956
681.38	72.816
681.57	72.703
681.76	72.606
681.96	72.525
682.15	72.444
682.34	72.366
682.54	72.304
682.73	72.266
682.92	72.226
683.12	72.223
683.31	72.227
683.50	72.241
683.70	72.270
683.89	72.300
684.08	72.360
684.28	72.433
684.47	72.519
684.66	72.631
684.86	72.753
685.05	72.891
685.24	73.053
685.44	73.214
685.63	73.381
685.82	73.567
686.02	73.753
686.21	73.983
686.40	74.215
686.60	74.470
686.79	74.728
686.98	74.997
687.18	75.277
687.37	75.556
687.56	75.837
687.75	76.133
687.95	76.444
688.14	76.748
688.33	77.075
688.53	77.401
688.72	77.746
688.91	78.089
689.11	78.430
689.30	78.802
689.49	79.177
689.68	79.544
689.88	79.902
690.07	80.267
690.26	80.616
690.46	80.984
690.65	81.329
690.84	81.682
691.03	82.047
691.23	82.399
691.42	82.756
691.61	83.118
691.80	83.458
692.00	83.805
692.19	84.136
692.38	84.462
692.58	84.797
692.77	85.110
692.96	85.415
693.15	85.727
693.35	86.013
693.54	86.317
693.73	86.615
693.92	86.892
694.12	87.178
694.31	87.437
694.50	87.712
694.69	87.954
694.89	88.189
695.08	88.403
695.27	88.634
695.46	88.837
695.66	89.042
695.85	89.243
696.04	89.431
696.23	89.635
696.43	89.810
696.62	89.951
696.81	90.088
697.00	90.226
697.19	90.348
697.39	90.445
697.58	90.523
697.77	90.584
697.96	90.661
698.16	90.705
698.35	90.770
698.54	90.783
698.73	90.825
698.92	90.822
699.12	90.816
699.31	90.784
699.50	90.752
699.69	90.710
699.89	90.648
700.08	90.582
700.27	90.486
700.46	90.394
700.65	90.287
700.85	90.192
701.04	90.066
701.23	89.917
701.42	89.766
701.61	89.606
701.81	89.429
702.00	89.237
702.19	89.044
702.38	88.813
702.57	88.603
702.76	88.355
702.96	88.121
703.15	87.873
703.34	87.607
703.53	87.334
703.72	87.036
703.92	86.735
704.11	86.428
704.30	86.109
704.49	85.792
704.68	85.480
704.87	85.130
705.07	84.794
705.26	84.464
705.45	84.160
705.64	83.815
705.83	83.506
706.02	83.174
706.21	82.856
706.41	82.529
706.60	82.181
706.79	81.858
706.98	81.543
707.17	81.208
707.36	80.883
707.56	80.580
707.75	80.274
707.94	79.972
708.13	79.675
708.32	79.393
708.51	79.100
708.70	78.832
708.89	78.558
709.09	78.285
709.28	78.026
709.47	77.727
709.66	77.453
709.85	77.179
710.04	76.917
710.23	76.640
710.42	76.412
710.62	76.179
710.81	75.925
711.00	75.683
711.19	75.474
711.38	75.265
711.57	75.045
711.76	74.846
711.95	74.674
712.15	74.510
712.34	74.353
712.53	74.202
712.72	74.055
712.91	73.951
713.10	73.846
713.29	73.751
713.48	73.669
713.67	73.621
713.86	73.588
714.05	73.552
714.25	73.532
714.44	73.495
714.63	73.489
714.82	73.522
715.01	73.556
715.20	73.617
715.39	73.669
715.58	73.743
715.77	73.836
715.96	73.931
716.15	74.023
716.34	74.113
716.54	74.230
716.73	74.362
716.92	74.483
717.11	74.626
717.30	74.785
717.49	74.959
717.68	75.145
717.87	75.298
718.06	75.506
718.25	75.733
718.44	75.971
718.63	76.213
718.82	76.453
719.01	76.700
719.20	76.947
719.39	77.218
719.58	77.488
719.77	77.754
719.96	78.011
720.16	78.288
720.35	78.588
720.54	78.879
720.73	79.174
720.92	79.480
721.11	79.809
721.30	80.121
721.49	80.439
721.68	80.764
721.87	81.118
722.06	81.444
722.25	81.766
722.44	82.093
722.63	82.411
722.82	82.723
723.01	83.029
723.20	83.327
723.39	83.641
723.58	83.983
723.77	84.321
723.96	84.661
724.15	85.013
724.34	85.343
724.53	85.670
724.72	85.975
724.91	86.302
725.10	86.622
725.29	86.926
725.48	87.255
725.67	87.529
725.86	87.792
726.05	88.070
726.24	88.334
726.43	88.586
726.62	88.844
726.81	89.130
727.00	89.391
727.19	89.664
727.38	89.915
727.57	90.133
727.76	90.345
727.95	90.552
728.14	90.726
728.33	90.903
728.52	91.076
728.71	91.244
728.90	91.396
729.09	91.520
729.28	91.633
729.47	91.731
729.65	91.842
729.84	91.952
730.03	92.048
730.22	92.136
730.41	92.224
730.60	92.303
730.79	92.327
730.98	92.372
731.17	92.416
731.36	92.423
731.55	92.417
731.74	92.406
731.93	92.389
732.12	92.367
732.31	92.348
732.50	92.331
732.69	92.315
732.88	92.256
733.06	92.185
733.25	92.124
733.44	92.058
733.63	91.961
733.82	91.860
734.01	91.725
734.20	91.594
734.39	91.437
734.58	91.291
734.77	91.154
734.96	90.980
735.15	90.788
735.33	90.595
735.52	90.415
735.71	90.216
735.90	90.001
736.09	89.770
736.28	89.516
736.47	89.258
736.66	88.986
736.85	88.724
737.04	88.434
737.23	88.160
737.41	87.857
737.60	87.593
737.79	87.289
737.98	87.009
738.17	86.720
738.36	86.454
738.55	86.168
738.74	85.889
738.92	85.601
739.11	85.315
739.30	85.014
739.49	84.700
739.68	84.405
739.87	84.132
740.06	83.861
740.25	83.566
740.43	83.289
740.62	82.997
740.81	82.693
741.00	82.425
741.19	82.124
741.38	81.826
741.57	81.519
741.75	81.246
741.94	80.950
742.13	80.653
742.32	80.339
742.51	80.040
742.70	79.748
742.89	79.473
743.07	79.190
743.26	78.920
743.45	78.631
743.64	78.375
743.83	78.096
744.02	77.798
744.20	77.550
744.39	77.294
744.58	77.058
744.77	76.840
744.96	76.640
745.15	76.467
745.33	76.302
745.52	76.138
745.71	75.971
745.90	75.817
746.09	75.687
746.28	75.566
746.46	75.423
746.65	75.281
746.84	75.165
747.03	75.051
747.22	74.961
747.40	74.900
747.59	74.820
747.78	74.755
747.97	74.736
748.16	74.706
748.34	74.655
748.53	74.636
748.72	74.628
748.91	74.600
749.10	74.582
749.28	74.589
749.47	74.615
749.66	74.634
749.85	74.648
750.04	74.676
750.22	74.706
750.41	74.772
750.60	74.852
750.79	74.907
750.97	74.985
751.16	75.082
751.35	75.172
751.54	75.264
751.73	75.389
751.91	75.501
752.10	75.654
752.29	75.795
752.48	75.955
752.66	76.121
752.85	76.294
753.04	76.472
753.23	76.670
753.41	76.842
753.60	77.059
753.79	77.287
753.98	77.497
754.16	77.727
754.35	77.953
754.54	78.179
754.73	78.442
754.91	78.702
755.10	78.953
755.29	79.228
755.48	79.488
755.66	79.754
755.85	80.029
756.04	80.281
756.22	80.580
756.41	80.844
756.60	81.114
756.79	81.405
756.97	81.703
757.16	81.956
757.35	82.253
757.54	82.541
757.72	82.827
757.91	83.132
758.10	83.427
758.28	83.714
758.47	84.000
758.66	84.315
758.85	84.610
759.03	84.915
759.22	85.209
759.41	85.515
759.59	85.819
759.78	86.118
759.97	86.395
760.15	86.660
760.34	86.968
760.53	87.252
760.71	87.512
760.90	87.796
761.09	88.073
761.28	88.344
761.46	88.604
761.65	88.866
761.84	89.133
762.02	89.399
762.21	89.682
762.40	89.920
762.58	90.130
762.77	90.345
762.96	90.565
763.14	90.800
763.33	91.008
763.52	91.181
763.70	91.338
763.89	91.526
764.08	91.718
764.26	91.851
764.45	92.013
764.64	92.189
764.82	92.313
765.01	92.441
765.20	92.544
765.38	92.658
765.57	92.740
765.75	92.819
765.94	92.867
766.13	92.930
766.31	93.016
766.50	93.071
766.69	93.160
766.87	93.238
767.06	93.272
767.25	93.325
767.43	93.394
767.62	93.461
767.80	93.500
767.99	93.510
768.18	93.510
768.36	93.502
768.55	93.479
768.74	93.455
768.92	93.432
769.11	93.432
769.29	93.385
769.48	93.370
769.67	93.305
769.85	93.271
770.04	93.154
770.22	93.054
770.41	92.928
770.60	92.776
770.78	92.603
770.97	92.454
771.15	92.300
771.34	92.106
771.53	91.941
771.71	91.762
771.90	91.605
772.08	91.491
772.27	91.328
772.46	91.128
772.64	90.931
772.83	90.730
773.01	90.477
773.20	90.248
773.39	90.018
773.57	89.783
773.76	89.541
773.94	89.353
774.13	89.109
774.31	88.857
774.50	88.638
774.68	88.386
774.87	88.132
775.06	87.832
775.24	87.566
775.43	87.272
775.61	86.982
775.80	86.695
775.98	86.375
776.17	86.060
776.36	85.767
776.54	85.475
776.73	85.170
776.91	84.887
777.10	84.599
777.28	84.280
777.47	83.993
777.65	83.691
777.84	83.377
778.02	83.098
778.21	82.826
778.39	82.517
778.58	82.237
778.77	81.957
778.95	81.710
779.14	81.461
779.32	81.211
779.51	80.969
779.69	80.700
779.88	80.456
780.06	80.216
780.25	79.967
780.43	79.714
780.62	79.488
780.80	79.255
780.99	79.016
781.17	78.786
781.36	78.546
781.54	78.326
781.73	78.070
781.91	77.847
782.10	77.638
782.28	77.426
782.47	77.226
782.65	77.005
782.84	76.796
783.02	76.601
783.21	76.427
783.39	76.245
783.58	76.078
783.76	75.889
783.95	75.732
784.13	75.612
784.32	75.492
784.50	75.362
784.69	75.269
784.87	75.175
785.05	75.093
785.24	75.019
785.42	74.955
785.61	74.902
785.79	74.853
785.98	74.816
786.16	74.767
786.35	74.747
786.53	74.732
786.72	74.709
786.90	74.693
787.09	74.660
787.27	74.664
787.45	74.685
787.64	74.704
787.82	74.716
788.01	74.729
788.19	74.764
788.38	74.800
788.56	74.780
788.75	74.831
788.93	74.895
789.11	74.932
789.30	74.964
789.48	75.035
789.67	75.108
789.85	75.174
790.04	75.288
790.22	75.386
790.40	75.500
790.59	75.606
790.77	75.727
790.96	75.878
791.14	76.020
791.32	76.148
791.51	76.296
791.69	76.465
791.88	76.639
792.06	76.810
792.25	76.972
792.43	77.197
792.61	77.378
792.80	77.543
792.98	77.762
793.17	77.969
793.35	78.144
793.53	78.340
793.72	78.575
793.90	78.786
794.08	78.996
794.27	79.213
794.45	79.460
794.64	79.684
794.82	79.912
795.00	80.110
795.19	80.347
795.37	80.579
795.55	80.762
795.74	80.991
795.92	81.233
796.11	81.495
796.29	81.743
796.47	81.985
796.66	82.222
796.84	82.493
797.02	82.760
797.21	83.048
797.39	83.315
797.58	83.568
797.76	83.813
797.94	84.088
798.13	84.357
798.31	84.637
798.49	84.885
798.68	85.129
798.86	85.423
799.04	85.662
799.23	85.922
799.41	86.201
799.59	86.447
799.78	86.656
799.96	86.890
800.14	87.130
800.33	87.377
800.51	87.639
800.69	87.827
800.88	88.066
801.06	88.305
801.24	88.495
801.43	88.697
801.61	88.884
801.79	89.055
801.98	89.229
802.16	89.422
802.34	89.630
802.52	89.820
802.71	89.964
802.89	90.155
803.07	90.319
803.26	90.467
803.44	90.593
803.62	90.742
803.81	90.872
803.99	90.958
804.17	91.044
804.35	91.131
804.54	91.215
804.72	91.310
804.90	91.390
805.09	91.516
805.27	91.624
805.45	91.729
805.63	91.801
805.82	91.875
806.00	91.875
806.18	91.912
806.37	91.964
806.55	91.976
806.73	92.002
806.91	92.018
807.10	92.052
807.28	92.074
807.46	92.093
807.64	92.088
807.83	92.098
808.01	92.095
808.19	92.030
808.37	91.986
808.56	91.918
808.74	91.860
808.92	91.787
809.10	91.678
809.29	91.618
809.47	91.547
809.65	91.416
809.83	91.357
810.02	91.247
810.20	91.139
810.38	91.044
810.56	90.917
810.75	90.825
810.93	90.714
811.11	90.593
811.29	90.468
811.47	90.338
811.66	90.179
811.84	90.040
812.02	89.971
812.20	89.859
812.39	89.739
812.57	89.602
812.75	89.476
812.93	89.377
813.11	89.216
813.30	89.084
813.48	88.978
813.66	88.813
813.84	88.661
814.02	88.486
814.21	88.338
814.39	88.138
814.57	87.944
814.75	87.735
814.93	87.537
815.12	87.317
815.30	87.105
815.48	86.901
815.66	86.670
815.84	86.417
816.03	86.165
816.21	85.885
816.39	85.639
816.57	85.328
816.75	85.019
816.93	84.729
817.12	84.414
817.30	84.102
817.48	83.798
817.66	83.531
817.84	83.266
818.02	83.012
818.21	82.732
818.39	82.474
818.57	82.200
818.75	81.974
818.93	81.716
819.11	81.445
819.30	81.201
819.48	80.973
819.66	80.748
819.84	80.551
820.02	80.329
820.20	80.093
820.38	79.867
820.57	79.652
820.75	79.462
820.93	79.261
821.11	79.059
821.29	78.877
821.47	78.656
821.65	78.441
821.83	78.212
822.02	78.025
822.20	77.807
822.38	77.642
822.56	77.386
822.74	77.163
822.92	76.919
823.10	76.707
823.28	76.460
823.46	76.227
823.65	75.985
823.83	75.781
824.01	75.572
824.19	75.365
824.37	75.153
824.55	74.916
824.73	74.728
824.91	74.530
825.09	74.334
825.27	74.147
825.46	73.942
825.64	73.735
825.82	73.569
826.00	73.377
826.18	73.204
826.36	73.060
826.54	72.933
826.72	72.860
826.90	72.752
827.08	72.671
827.26	72.589
827.44	72.490
827.63	72.399
827.81	72.325
827.99	72.291
828.17	72.232
828.35	72.190
828.53	72.135
828.71	72.122
828.89	72.083
829.07	72.057
829.25	72.036
829.43	72.047
829.61	72.025
829.79	72.018
829.97	72.020
830.15	71.993
830.33	71.998
830.51	71.978
830.69	71.983
830.87	71.943
831.06	71.955
831.24	71.976
831.42	71.994
831.60	71.992
831.78	72.018
831.96	72.066
832.14	72.129
832.32	72.188
832.50	72.229
832.68	72.276
832.86	72.313
833.04	72.405
833.22	72.453
833.40	72.542
833.58	72.612
833.76	72.678
833.94	72.803
834.12	72.921
834.30	73.046
834.48	73.149
834.66	73.316
834.84	73.411
835.02	73.560
835.20	73.709
835.38	73.872
835.56	74.025
835.74	74.193
835.92	74.365
836.10	74.514
836.28	74.673
836.46	74.855
836.64	75.031
836.82	75.172
837.00	75.352
837.18	75.528
837.36	75.731
837.54	75.908
837.72	76.097
837.90	76.287
838.08	76.480
838.26	76.673
838.43	76.853
838.61	77.068
838.79	77.261
838.97	77.462
839.15	77.668
839.33	77.866
839.51	78.016
839.69	78.188
839.87	78.392
840.05	78.618
840.23	78.819
840.41	79.019
840.59	79.189
840.77	79.398
840.95	79.571
841.13	79.740
841.31	79.919
841.49	80.073
841.67	80.207
841.84	80.385
842.02	80.520
842.20	80.718
842.38	80.852
842.56	81.004
842.74	81.160
842.92	81.272
843.10	81.418
843.28	81.612
843.46	81.752
843.64	81.852
843.82	81.987
843.99	82.106
844.17	82.273
844.35	82.512
844.53	82.671
844.71	82.875
844.89	83.013
845.07	83.206
845.25	83.404
845.43	83.599
845.61	83.755
845.78	83.978
845.96	84.143
846.14	84.342
846.32	84.536
846.50	84.694
846.68	84.923
846.86	85.094
847.04	85.254
847.22	85.369
847.39	85.554
847.57	85.674
847.75	85.805
847.93	85.879
848.11	85.978
848.29	86.130
848.47	86.194
848.65	86.334
848.82	86.389
849.00	86.466
849.18	86.515
849.36	86.556
849.54	86.617
849.72	86.612
849.89	86.671
850.07	86.734
850.25	86.747
850.43	86.714
850.61	86.719
850.79	86.682
850.97	86.752
851.14	86.774
851.32	86.769
851.50	86.796
851.68	86.860
851.86	86.919
852.04	86.889
852.21	86.934
852.39	86.949
852.57	87.020
852.75	87.035
852.93	87.052
853.10	87.052
853.28	87.014
853.46	87.021
853.64	86.952
853.82	86.874
854.00	86.899
854.17	86.857
854.35	86.779
854.53	86.743
854.71	86.657
854.89	86.550
855.06	86.514
855.24	86.464
855.42	86.381
855.60	86.234
855.78	86.144
855.95	86.019
856.13	85.915
856.31	85.724
856.49	85.577
856.66	85.474
856.84	85.317
857.02	85.253
857.20	85.182
857.38	85.033
857.55	84.896
857.73	84.673
857.91	84.573
858.09	84.412
858.26	84.271
858.44	84.142
858.62	84.010
858.80	83.839
858.97	83.671
859.15	83.491
859.33	83.281
859.51	83.121
859.68	82.940
859.86	82.754
860.04	82.590
860.22	82.389
860.39	82.181
860.57	81.972
860.75	81.694
860.93	81.457
861.10	81.322
861.28	81.143
861.46	80.932
861.64	80.729
861.81	80.580
861.99	80.368
862.17	80.142
862.35	79.942
862.52	79.769
862.70	79.559
862.88	79.384
863.05	79.175
863.23	78.953
863.41	78.762
863.59	78.537
863.76	78.369
863.94	78.173
864.12	77.981
864.29	77.816
864.47	77.604
864.65	77.407
864.83	77.147
865.00	76.910
865.18	76.743
865.36	76.544
865.53	76.331
865.71	76.180
865.89	75.974
866.06	75.756
866.24	75.514
866.42	75.303
866.59	75.056
866.77	74.897
866.95	74.688
867.12	74.433
867.30	74.266
867.48	74.020
867.65	73.818
867.83	73.602
868.01	73.415
868.18	73.213
868.36	73.008
868.54	72.844
868.71	72.693
868.89	72.528
869.07	72.337
869.24	72.163
869.42	71.955
869.60	71.793
869.77	71.671
869.95	71.517
870.13	71.355
870.30	71.245
870.48	71.045
870.66	70.899
870.83	70.792
871.01	70.583
871.18	70.458
871.36	70.315
871.54	70.156
871.71	70.022
871.89	69.915
872.07	69.739
872.24	69.600
872.42	69.490
872.59	69.368
872.77	69.240
872.95	69.134
873.12	68.992
873.30	68.855
873.48	68.741
873.65	68.633
873.83	68.529
874.00	68.392
874.18	68.309
874.36	68.231
874.53	68.134
874.71	68.067
874.88	67.999
875.06	67.958
875.24	67.947
875.41	67.882
875.59	67.842
875.76	67.861
875.94	67.809
876.11	67.701
876.29	67.599
876.47	67.555
876.64	67.491
876.82	67.439
876.99	67.401
877.17	67.356
877.35	67.322
877.52	67.283
877.70	67.232
877.87	67.218
878.05	67.211
878.22	67.216
878.40	67.245
878.57	67.218
878.75	67.179
878.93	67.137
879.10	67.144
879.28	67.154
879.45	67.158
879.63	67.140
879.80	67.137
879.98	67.184
880.15	67.202
880.33	67.246
880.50	67.286
880.68	67.382
880.86	67.432
881.03	67.505
881.21	67.593
881.38	67.689
881.56	67.847
881.73	67.892
881.91	67.948
882.08	67.999
882.26	68.128
882.43	68.249
882.61	68.407
882.78	68.524
882.96	68.653
883.13	68.755
883.31	68.898
883.48	69.091
883.66	69.253
883.83	69.409
884.01	69.519
884.18	69.738
884.36	69.892
884.53	70.031
884.71	70.174
884.88	70.279
885.06	70.440
885.23	70.506
885.41	70.655
885.58	70.778
885.76	70.955
885.93	71.040
886.11	71.215
886.28	71.325
886.46	71.446
886.63	71.577
886.81	71.697
886.98	71.879
887.15	71.981
887.33	72.144
887.50	72.342
887.68	72.500
887.85	72.591
888.03	72.724
888.20	72.875
888.38	73.021
888.55	73.198
888.73	73.270
888.90	73.422
889.08	73.555
889.25	73.679
889.42	73.805
889.60	73.999
889.77	74.077
889.95	74.218
890.12	74.308
890.30	74.398
890.47	74.491
890.64	74.631
890.82	74.786
890.99	74.896
891.17	74.997
891.34	75.118
891.52	75.242
891.69	75.368
891.86	75.507
892.04	75.625
892.21	75.781
892.39	76.026
892.56	76.179
892.73	76.286
892.91	76.440
893.08	76.647
893.26	76.741
893.43	76.916
893.60	77.021
893.78	77.201
893.95	77.373
894.13	77.628
894.30	77.784
894.47	77.982
894.65	78.126
894.82	78.291
895.00	78.445
895.17	78.609
895.34	78.798
895.52	78.965
895.69	79.096
895.86	79.226
896.04	79.277
896.21	79.440
896.39	79.640
896.56	79.814
896.73	79.829
896.91	79.893
897.08	79.984
897.25	80.169
897.43	80.234
897.60	80.328
897.77	80.336
897.95	80.323
898.12	80.326
898.30	80.442
898.47	80.461
898.64	80.516
898.82	80.553
898.99	80.535
899.16	80.546
899.34	80.537
899.51	80.468
899.68	80.447
899.86	80.402
900.03	80.333
900.20	80.296
900.38	80.331
900.55	80.420
900.72	80.376
900.90	80.305
901.07	80.397
901.24	80.380
901.41	80.404
901.59	80.433
901.76	80.443
901.93	80.395
902.11	80.332
902.28	80.335
902.45	80.431
902.63	80.474
902.80	80.446
902.97	80.458
903.15	80.561
903.32	80.650
903.49	80.664
903.66	80.719
903.84	80.747
904.01	80.738
904.18	80.719
904.36	80.755
904.53	80.740
904.70	80.679
904.87	80.677
905.05	80.613
905.22	80.636
905.39	80.609
905.56	80.537
905.74	80.505
905.91	80.418
906.08	80.303
906.26	80.205
906.43	80.118
906.60	80.029
906.77	79.879
906.95	79.756
907.12	79.634
907.29	79.469
907.46	79.429
907.64	79.331
907.81	79.228
907.98	79.053
908.15	78.959
908.33	78.844
908.50	78.710
908.67	78.615
908.84	78.498
909.01	78.339
909.19	78.275
909.36	78.160
909.53	78.029
909.70	77.801
909.88	77.697
910.05	77.535
910.22	77.451
910.39	77.330
910.57	77.236
910.74	77.155
910.91	77.107
911.08	76.889
911.25	76.742
911.43	76.619
911.60	76.491
911.77	76.329
911.94	76.101
912.11	75.952
912.29	75.734
912.46	75.476
912.63	75.280
912.80	75.040
912.97	74.846
913.15	74.712
913.32	74.582
913.49	74.367
913.66	74.271
913.83	74.053
914.00	73.835
914.18	73.631
914.35	73.429
914.52	73.165
914.69	72.963
914.86	72.755
915.03	72.546
915.21	72.405
915.38	72.199
915.55	72.121
915.72	71.940
915.89	71.815
916.06	71.742
916.24	71.645
916.41	71.494
916.58	71.378
916.75	71.168
916.92	70.998
917.09	70.812
917.26	70.549
917.44	70.336
917.61	70.207
917.78	69.998
917.95	69.831
918.12	69.646
918.29	69.550
918.46	69.355
918.64	69.193
918.81	69.046
918.98	68.902
919.15	68.719
919.32	68.554
919.49	68.325
919.66	68.113
919.83	67.921
920.00	67.727
920.18	67.570
920.35	67.518
920.52	67.386
920.69	67.324
920.86	67.303
921.03	67.201
921.20	67.059
921.37	66.941
921.54	66.684
921.71	66.583
921.89	66.401
922.06	66.335
922.23	66.202
922.40	66.078
922.57	65.880
922.74	65.764
922.91	65.688
923.08	65.620
923.25	65.515
923.42	65.411
923.59	65.386
923.76	65.171
923.93	64.967
924.11	64.798
924.28	64.645
924.45	64.502
924.62	64.478
924.79	64.374
924.96	64.210
925.13	64.175
925.30	64.042
925.47	63.895
925.64	63.791
925.81	63.720
925.98	63.650
926.15	63.630
926.32	63.467
926.49	63.347
926.66	63.248
926.83	63.145
927.00	63.109
927.17	62.970
927.34	63.014
927.51	62.963
927.69	62.996
927.86	62.948
928.03	62.837
928.20	62.780
928.37	62.680
928.54	62.698
928.71	62.655
928.88	62.666
929.05	62.686
929.22	62.667
929.39	62.606
929.56	62.516
929.73	62.455
929.90	62.505
930.07	62.496
930.24	62.464
930.41	62.476
930.58	62.506
930.75	62.561
930.92	62.499
931.09	62.486
931.26	62.442
931.43	62.405
931.60	62.415
931.77	62.352
931.94	62.419
932.11	62.449
932.27	62.475
932.44	62.506
932.61	62.537
932.78	62.507
932.95	62.600
933.12	62.553
933.29	62.588
933.46	62.572
933.63	62.512
933.80	62.540
933.97	62.549
934.14	62.522
934.31	62.476
934.48	62.544
934.65	62.572
934.82	62.629
934.99	62.676
935.16	62.717
935.33	62.783
935.50	62.910
935.67	62.994
935.84	63.033
936.00	63.031
936.17	63.090
936.34	63.213
936.51	63.205
936.68	63.279
936.85	63.319
937.02	63.436
937.19	63.496
937.36	63.617
937.53	63.627
937.70	63.720
937.87	63.800
938.03	63.799
938.20	63.865
938.37	63.942
938.54	64.015
938.71	64.079
938.88	64.201
939.05	64.124
939.22	64.076
939.39	64.164
939.56	64.343
939.72	64.387
939.89	64.418
940.06	64.481
940.23	64.574
940.40	64.665
940.57	64.805
940.74	64.971
940.91	65.020
941.08	65.204
941.24	65.291
941.41	65.466
941.58	65.703
941.75	65.833
941.92	66.001
942.09	66.121
942.26	66.219
942.42	66.271
942.59	66.496
942.76	66.854
942.93	67.007
943.10	67.023
943.27	67.187
943.44	67.339
943.60	67.540
943.77	67.532
943.94	67.742
944.11	67.776
944.28	67.834
944.45	67.995
944.61	68.085
944.78	68.117
944.95	68.168
945.12	68.344
945.29	68.463
945.46	68.419
945.62	68.468
945.79	68.680
945.96	68.973
946.13	69.124
946.30	69.113
946.46	69.280
946.63	69.404
946.80	69.552
946.97	69.725
947.14	69.782
947.31	70.325
947.47	70.554
947.64	70.746
947.81	70.947
947.98	71.144
948.15	71.227
948.31	71.491
948.48	71.651
948.65	71.653
948.82	71.799
948.98	71.952
949.15	72.263
949.32	72.316
949.49	72.327
949.66	72.391
949.82	72.459
949.99	72.582
950.16	72.698
950.33	72.668
950.49	72.733
950.66	72.713
950.83	72.530
951.00	72.356
951.16	72.164
951.33	72.190
951.50	72.078
951.67	72.173
951.83	72.155
952.00	72.156
952.17	72.115
952.34	72.135
952.50	72.312
952.67	72.239
952.84	72.295
953.01	72.216
953.17	72.251
953.34	72.348
953.51	72.293
953.68	72.215
953.84	72.178
954.01	72.151
954.18	72.113
954.34	72.166
954.51	72.280
954.68	72.445
954.85	72.461
955.01	72.619
955.18	72.861
955.35	72.650
955.51	72.617
955.68	72.733
955.85	72.892
956.02	72.759
956.18	72.815
956.35	72.770
956.52	72.832
956.68	72.823
956.85	72.706
957.02	72.734
957.18	72.789
957.35	72.816
957.52	72.888
957.69	73.010
957.85	73.029
958.02	72.892
958.19	72.786
958.35	72.784
958.52	72.593
958.69	72.296
958.85	72.490
959.02	72.614
959.19	72.392
959.35	72.277
959.52	72.351
959.69	72.354
959.85	72.420
960.02	72.424
960.19	72.327
960.35	72.278
960.52	72.191
960.68	72.179
960.85	72.269
961.02	72.045
961.18	72.030
961.35	71.872
961.52	71.919
961.68	71.952
961.85	71.832
962.02	71.901
962.18	71.871
962.35	71.633
962.51	71.439
962.68	71.484
962.85	71.385
963.01	71.083
963.18	71.011
963.35	70.578
963.51	70.401
963.68	70.421
963.84	70.150
964.01	70.166
964.18	70.013
964.34	69.770
964.51	69.597
964.67	69.388
964.84	69.311
965.01	69.096
965.17	68.850
965.34	68.884
965.50	68.565
965.67	68.566
965.84	68.584
966.00	68.708
966.17	68.781
966.33	68.659
966.50	68.582
966.66	68.479
966.83	68.585
967.00	68.543
967.16	68.356
967.33	68.345
967.49	68.192
967.66	68.430
967.82	68.234
967.99	68.443
968.16	68.430
968.32	68.364
968.49	68.189
968.65	68.351
968.82	68.216
968.98	68.335
969.15	67.985
969.31	67.676
969.48	67.419
969.64	67.103
969.81	67.061
969.98	66.986
970.14	66.642
970.31	66.616
970.47	66.324
970.64	66.084
970.80	66.175
970.97	65.685
971.13	65.267
971.30	65.231
971.46	64.970
971.63	64.769
971.79	64.823
971.96	64.835
972.12	64.551
972.29	64.135
972.45	63.991
972.62	64.023
972.78	64.129
972.95	63.694
973.11	63.423
973.28	63.315
973.44	63.352
973.61	63.628
973.77	63.383
973.94	63.374
974.10	63.494
974.27	63.462
974.43	63.742
974.60	63.721
974.76	63.692
974.93	63.666
975.09	63.498
975.26	63.195
975.42	63.151
975.59	62.985
975.75	63.366
975.92	63.298
976.08	62.786
976.24	62.584
976.41	62.483
976.57	62.664
976.74	62.523
976.90	62.144
977.07	61.621
977.23	61.587
977.40	61.501
977.56	60.863
977.73	60.516
977.89	60.208
978.05	59.845
978.22	59.661
978.38	59.310
978.55	59.053
978.71	58.948
978.88	58.953
979.04	58.914
979.20	58.679
979.37	58.545
979.53	58.607
979.70	58.704
979.86	58.962
980.03	58.773
980.19	58.644
980.35	58.749
980.52	58.540
980.68	58.641
980.85	58.546
981.01	58.736
981.17	58.675
981.34	58.588
981.50	58.506
981.67	58.527
981.83	58.523
981.99	58.594
982.16	58.329
982.32	57.527
982.49	57.516
982.65	57.385
982.81	57.459
982.98	57.437
983.14	57.330
983.30	56.932
983.47	56.813
983.63	56.656
983.80	56.402
983.96	56.300
984.12	56.658
984.29	56.800
984.45	57.049
984.61	56.828
984.78	57.115
984.94	57.404
985.10	57.842
985.27	57.659
985.43	58.119
985.59	58.499
985.76	59.040
985.92	59.187
986.08	59.488
986.25	59.111
986.41	59.710
986.57	59.196
986.74	59.472
986.90	59.397
987.06	59.284
987.23	59.247
987.39	59.025
987.55	57.992
987.72	57.767
987.88	56.959
988.04	57.351
988.21	57.648
988.37	57.387
988.53	56.657
988.70	56.981
988.86	56.203
989.02	55.811
989.19	55.416
989.35	55.419
989.51	54.701
989.67	54.577
989.84	54.071
990.00	54.173
990.16	54.421
990.33	54.663
990.49	55.080
990.65	55.270
990.82	55.635
990.98	55.820
991.14	55.754
991.30	56.644
991.47	56.077
991.63	55.999
991.79	56.842
991.95	57.044
992.12	57.186
992.28	57.632
992.44	57.871
992.61	58.273
992.77	58.379
992.93	59.058
993.09	59.208
993.26	59.402
993.42	60.022
993.58	59.600
993.74	59.319
993.91	58.827
994.07	58.588
994.23	58.989
994.39	59.169
994.55	59.423
994.72	58.872
994.88	58.904
995.04	58.438
995.20	58.184
995.37	57.837
995.53	57.805
995.69	57.659
995.85	57.275
996.02	57.161
996.18	57.540
996.34	57.014
996.50	57.188
996.66	58.250
996.83	57.585
996.99	56.989
997.15	57.627
997.31	57.850
997.47	58.381
997.64	58.323
997.80	58.805
997.96	59.305
998.12	59.720
998.28	60.667
998.45	61.135
998.61	60.895
998.77	61.001
998.93	61.199
999.09	62.345
999.25	62.675
999.42	63.891
999.58	63.404
999.74	63.290
999.90	63.250
1000.06	62.209
1000.22	62.738
1000.39	63.589
1000.55	63.287
1000.71	63.880
1000.87	63.432
1001.03	62.978
1001.19	62.841
1001.36	62.354
1001.52	61.870
1001.68	61.705
1001.84	62.231
1002.00	61.189
1002.16	61.231
1002.32	60.635
1002.49	58.968
1002.65	58.964
1002.81	58.085
1002.97	58.208
1003.13	58.134
1003.29	59.053
1003.45	58.783
1003.62	59.611
1003.78	59.452
1003.94	59.837
1004.10	59.032
1004.26	59.266
1004.42	59.335
1004.58	59.352
1004.74	59.840
1004.90	61.486
1005.07	61.091
1005.23	60.095
1005.39	61.748
1005.55	62.623
1005.71	62.476
1005.87	63.752
1006.03	64.682
1006.19	65.026
1006.35	64.271
1006.51	65.406
1006.67	65.139
1006.84	65.113
1007.00	64.451
1007.16	65.439
1007.32	63.997
1007.48	65.005
1007.64	66.714
1007.80	66.541
1007.96	65.411
1008.12	65.515
1008.28	63.758
1008.44	65.009
1008.60	65.206
1008.76	63.710
1008.92	62.356
1009.09	62.104
1009.25	61.697
1009.41	60.702
1009.57	61.100
1009.73	62.208
1009.89	62.656
1010.05	63.422
1010.21	65.130
1010.37	65.054
1010.53	66.525
1010.69	68.453
1010.85	67.654
1011.01	66.302
1011.17	65.508
1011.33	67.471
1011.49	68.072
1011.65	68.316
1011.81	67.676
1011.97	68.634
1012.13	71.394
1012.29	73.631
1012.45	75.785
1012.61	79.521
1012.77	77.556
1012.93	77.362
1013.09	76.217
1013.25	76.399
1013.41	77.242
1013.57	74.776
1013.73	73.853
1013.89	69.410
1014.05	71.708
1014.21	70.085
1014.37	68.143
1014.53	67.261
1014.69	67.549
1014.85	68.159
1015.01	70.550
1015.17	73.125
1015.33	74.149
1015.49	72.610
1015.65	73.997
1015.81	73.928
1015.97	70.588
1016.13	74.476
1016.29	73.575
1016.45	74.836
1016.61	75.284
1016.77	72.289
1016.93	73.024
1017.09	72.865
1017.25	75.016
1017.41	73.409
1017.56	75.162
1017.72	82.751
1017.88	84.436
1018.04	86.167
1018.20	83.939
1018.36	83.248
1018.52	80.641
1018.68	81.593
1018.84	83.188
1019.00	80.830
1019.16	83.044
1019.32	85.642
1019.48	86.178
1019.64	89.230
1019.79	86.325
1019.95	82.567
1020.11	87.605
1020.27	87.909
1020.43	93.678
1020.59	96.065
1020.75	93.230
1020.91	97.946
1021.07	89.143
1021.23	89.719
1021.39	84.172
1021.54	89.101
1021.70	87.010
1021.86	85.774
1022.02	83.117
1022.18	79.248
1022.34	82.164
1022.50	80.407
1022.66	78.050
1022.82	77.206
1022.97	77.247
1023.13	80.206
1023.29	85.611
1023.45	85.100
1023.61	86.899
1023.77	85.403
1023.93	85.476
1024.08	87.140
1024.24	84.512
1024.40	88.485
1024.56	97.726
1024.72	102.330
1024.88	91.115
1025.04	96.546
1025.19	94.351
1025.35	91.819
1025.51	97.362
1025.67	100.743
1025.83	97.422
1025.99	99.412
1026.14	98.060
1026.30	109.113
1026.46	112.379
1026.62	103.869
1026.78	92.554
1026.94	88.213
1027.09	84.996
1027.25	83.428
1027.41	84.059
1027.57	82.461
1027.73	79.219
1027.89	72.253
1028.04	70.701
1028.20	69.333
1028.36	70.123
1028.52	69.586
1028.68	69.257
1028.83	69.420
1028.99	65.351
1029.15	64.469
1029.31	64.770
1029.47	66.190
1029.62	63.435
1029.78	63.063
1029.94	64.354
1030.10	67.178
1030.25	68.925
1030.41	73.810
1030.57	74.977
1030.73	77.588
1030.89	78.194
1031.04	82.363
1031.20	89.190
1031.36	98.159
1031.52	106.718
1031.67	108.615
1031.83	115.434
1031.99	131.095
1032.15	115.950
1032.30	132.087
1032.46	156.274
1032.62	143.249
1032.78	126.246
1032.93	146.840
1033.09	128.356
1033.25	120.555
1033.41	126.165
1033.56	123.949
1033.72	20.735
1033.88	357.024
1034.04	55.675
1034.19	66.000
1034.35	75.788
1034.51	-34.982
1034.66	65.047
1034.82	1359.167
1034.98	1359.167
1035.14	1359.167
