345.22	51.940
345.43	51.940
345.65	51.940
345.86	47.550
346.08	133.807
346.29	-4.348
346.51	46.667
346.72	-2.096
346.94	-237.756
347.15	-76.039
347.37	196.186
347.58	222.789
347.80	246.033
348.01	208.716
348.23	142.137
348.44	133.345
348.66	119.213
348.87	119.188
349.09	111.403
349.30	99.149
349.52	92.724
349.73	94.951
349.95	94.304
350.16	96.116
350.38	92.778
350.59	86.842
350.81	85.507
351.02	83.602
351.24	82.256
351.45	80.976
351.67	83.157
351.88	82.021
352.10	78.421
352.31	77.797
352.53	81.202
352.74	82.905
352.96	83.396
353.17	83.077
353.39	84.366
353.60	85.997
353.82	87.091
354.03	87.411
354.25	82.825
354.46	77.896
354.67	75.025
354.89	73.448
355.10	77.073
355.32	75.848
355.53	77.643
355.75	79.730
355.96	81.115
356.18	80.138
356.39	80.122
356.61	84.187
356.82	83.803
357.04	79.906
357.25	79.664
357.46	79.572
357.68	78.754
357.89	77.257
358.11	75.665
358.32	78.386
358.54	76.504
358.75	78.129
358.97	80.151
359.18	83.416
359.40	82.413
359.61	83.166
359.82	84.505
360.04	84.130
360.25	82.074
360.47	78.117
360.68	77.852
360.90	78.323
361.11	76.649
361.32	76.739
361.54	80.008
361.75	79.858
361.97	80.920
362.18	82.058
362.40	83.098
362.61	84.654
362.83	84.651
363.04	85.868
363.25	87.645
363.47	89.252
363.68	86.368
363.90	90.641
364.11	90.275
364.32	90.832
364.54	89.457
364.75	86.472
364.97	90.226
365.18	88.911
365.40	87.226
365.61	86.872
365.82	87.596
366.04	86.984
366.25	86.606
366.47	84.638
366.68	82.861
366.89	83.824
367.11	81.695
367.32	81.976
367.54	79.106
367.75	78.282
367.96	76.653
368.18	78.185
368.39	76.895
368.61	77.246
368.82	78.438
369.03	80.637
369.25	84.569
369.46	85.583
369.68	86.370
369.89	87.120
370.10	87.813
370.32	87.983
370.53	87.573
370.75	83.961
370.96	85.987
371.17	86.891
371.39	84.620
371.60	84.880
371.81	85.412
372.03	87.460
372.24	88.344
372.46	91.673
372.67	92.123
372.88	91.111
373.10	89.859
373.31	88.441
373.52	88.118
373.74	86.747
373.95	85.505
374.17	86.668
374.38	88.590
374.59	89.026
374.81	87.369
375.02	85.646
375.23	88.480
375.45	86.270
375.66	84.213
375.87	85.641
376.09	86.075
376.30	84.839
376.52	86.571
376.73	84.105
376.94	82.382
377.16	83.235
377.37	86.820
377.58	87.507
377.80	88.746
378.01	89.763
378.22	90.834
378.44	91.549
378.65	93.370
378.86	93.478
379.08	93.971
379.29	94.417
379.50	97.207
379.72	97.587
379.93	100.853
380.14	104.016
380.36	105.000
380.57	106.412
380.78	106.841
381.00	107.570
381.21	109.099
381.42	110.198
381.64	110.611
381.85	110.309
382.06	110.496
382.28	110.346
382.49	110.028
382.70	110.594
382.92	110.902
383.13	110.097
383.34	110.498
383.56	111.345
383.77	112.479
383.98	112.153
384.20	113.161
384.41	113.251
384.62	113.449
384.83	113.889
385.05	114.297
385.26	115.205
385.47	116.077
385.69	117.012
385.90	117.776
386.11	118.427
386.33	119.359
386.54	120.182
386.75	120.888
386.97	122.014
387.18	122.823
387.39	123.679
387.60	124.199
387.82	124.716
388.03	125.129
388.24	125.711
388.46	126.161
388.67	126.354
388.88	126.371
389.09	126.310
389.31	126.149
389.52	125.935
389.73	125.405
389.95	124.936
390.16	124.406
390.37	124.007
390.58	123.581
390.80	122.819
391.01	122.284
391.22	121.744
391.44	120.823
391.65	120.008
391.86	119.245
392.07	118.854
392.29	118.320
392.50	117.748
392.71	117.161
392.92	116.811
393.14	116.333
393.35	116.093
393.56	115.999
393.78	115.960
393.99	116.151
394.20	116.468
394.41	116.705
394.63	116.966
394.84	117.466
395.05	118.117
395.26	118.751
395.48	119.427
395.69	120.060
395.90	120.997
396.11	121.900
396.33	122.751
396.54	123.659
396.75	124.438
396.96	125.238
397.18	125.951
397.39	126.642
397.60	127.366
397.81	127.944
398.03	128.375
398.24	128.739
398.45	128.920
398.66	129.022
398.87	129.096
399.09	129.033
399.30	128.733
399.51	128.234
399.72	127.809
399.94	127.253
400.15	126.619
400.36	125.807
400.57	124.941
400.79	124.080
401.00	123.067
401.21	122.135
401.42	121.178
401.63	120.210
401.85	119.279
402.06	118.466
402.27	117.644
402.48	116.941
402.69	116.302
402.91	115.693
403.12	115.134
403.33	114.788
403.54	114.605
403.76	114.372
403.97	114.368
404.18	114.465
404.39	114.697
404.60	115.067
404.82	115.550
405.03	116.152
405.24	116.767
405.45	117.489
405.66	118.283
405.88	119.102
406.09	120.046
406.30	120.881
406.51	121.642
406.72	122.482
406.94	123.281
407.15	124.032
407.36	124.814
407.57	125.542
407.78	126.114
407.99	126.544
408.21	126.962
408.42	127.268
408.63	127.516
408.84	127.560
409.05	127.534
409.27	127.312
409.48	126.915
409.69	126.452
409.90	125.969
410.11	125.373
410.32	124.713
410.54	123.879
410.75	122.991
410.96	122.055
411.17	121.062
411.38	120.061
411.59	119.067
411.81	117.993
412.02	116.935
412.23	115.924
412.44	114.983
412.65	114.163
412.86	113.414
413.08	112.653
413.29	111.963
413.50	111.444
413.71	111.050
413.92	110.745
414.13	110.557
414.34	110.457
414.56	110.395
414.77	110.499
414.98	110.698
415.19	111.120
415.40	111.661
415.61	112.263
415.82	112.898
416.04	113.642
416.25	114.384
416.46	115.210
416.67	116.114
416.88	116.976
417.09	117.860
417.30	118.674
417.52	119.547
417.73	120.335
417.94	121.062
418.15	121.755
418.36	122.465
418.57	122.996
418.78	123.436
418.99	123.868
419.21	124.163
419.42	124.383
419.63	124.461
419.84	124.404
420.05	124.236
420.26	123.936
420.47	123.478
420.68	123.051
420.89	122.498
421.11	121.783
421.32	121.104
421.53	120.282
421.74	119.444
421.95	118.568
422.16	117.687
422.37	116.787
422.58	115.795
422.79	114.805
423.01	113.892
423.22	112.981
423.43	112.147
423.64	111.348
423.85	110.634
424.06	110.012
424.27	109.442
424.48	108.968
424.69	108.668
424.90	108.453
425.11	108.310
425.33	108.296
425.54	108.374
425.75	108.516
425.96	108.771
426.17	109.148
426.38	109.608
426.59	110.155
426.80	110.771
427.01	111.495
427.22	112.303
427.43	113.217
427.64	114.097
427.85	114.949
428.07	115.866
428.28	116.737
428.49	117.622
428.70	118.505
428.91	119.356
429.12	120.114
429.33	120.875
429.54	121.575
429.75	122.177
429.96	122.768
430.17	123.261
430.38	123.656
430.59	123.889
430.80	124.015
431.01	124.059
431.22	124.035
431.44	123.873
431.65	123.624
431.86	123.229
432.07	122.799
432.28	122.287
432.49	121.679
432.70	120.981
432.91	120.182
433.12	119.303
433.33	118.388
433.54	117.500
433.75	116.562
433.96	115.615
434.17	114.578
434.38	113.596
434.59	112.644
434.80	111.707
435.01	110.900
435.22	110.136
435.43	109.438
435.64	108.771
435.85	108.194
436.06	107.692
436.27	107.308
436.48	107.012
436.69	106.777
436.90	106.668
437.11	106.686
437.33	106.793
437.54	107.019
437.75	107.375
437.96	107.737
438.17	108.195
438.38	108.687
438.59	109.330
438.80	109.994
439.01	110.772
439.22	111.624
439.43	112.353
439.64	113.168
439.85	113.992
440.06	114.802
440.27	115.657
440.48	116.444
440.69	117.206
440.90	117.932
441.11	118.669
441.32	119.310
441.53	119.882
441.74	120.363
441.95	120.815
442.16	121.151
442.37	121.383
442.58	121.563
442.79	121.665
443.00	121.670
443.21	121.588
443.42	121.327
443.62	120.927
443.83	120.612
444.04	120.154
444.25	119.629
444.46	119.016
444.67	118.306
444.88	117.578
445.09	116.769
445.30	115.914
445.51	114.987
445.72	114.036
445.93	113.125
446.14	112.181
446.35	111.198
446.56	110.283
446.77	109.399
446.98	108.501
447.19	107.626
447.40	106.833
447.61	106.049
447.82	105.361
448.03	104.774
448.24	104.209
448.45	103.735
448.66	103.350
448.87	103.049
449.08	102.866
449.29	102.752
449.49	102.738
449.70	102.820
449.91	102.976
450.12	103.244
450.33	103.549
450.54	103.955
450.75	104.451
450.96	104.977
451.17	105.583
451.38	106.223
451.59	106.929
451.80	107.628
452.01	108.388
452.22	109.184
452.43	109.941
452.64	110.697
452.84	111.468
453.05	112.196
453.26	112.940
453.47	113.604
453.68	114.253
453.89	114.861
454.10	115.369
454.31	115.862
454.52	116.250
454.73	116.601
454.94	116.841
455.15	116.984
455.36	117.037
455.56	117.021
455.77	116.916
455.98	116.749
456.19	116.511
456.40	116.211
456.61	115.836
456.82	115.350
457.03	114.813
457.24	114.190
457.45	113.539
457.65	112.768
457.86	111.997
458.07	111.180
458.28	110.268
458.49	109.405
458.70	108.468
458.91	107.549
459.12	106.614
459.33	105.661
459.54	104.764
459.74	103.881
459.95	103.013
460.16	102.229
460.37	101.487
460.58	100.803
460.79	100.140
461.00	99.516
461.21	98.995
461.41	98.542
461.62	98.167
461.83	97.889
462.04	97.703
462.25	97.543
462.46	97.502
462.67	97.567
462.88	97.706
463.08	97.945
463.29	98.218
463.50	98.575
463.71	99.028
463.92	99.516
464.13	100.041
464.34	100.629
464.54	101.271
464.75	101.950
464.96	102.637
465.17	103.359
465.38	104.067
465.59	104.827
465.80	105.565
466.00	106.276
466.21	106.971
466.42	107.634
466.63	108.328
466.84	108.971
467.05	109.552
467.26	110.086
467.46	110.508
467.67	110.924
467.88	111.296
468.09	111.563
468.30	111.795
468.51	111.966
468.71	112.032
468.92	112.042
469.13	111.966
469.34	111.836
469.55	111.602
469.76	111.340
469.96	110.971
470.17	110.542
470.38	110.072
470.59	109.517
470.80	108.908
471.00	108.281
471.21	107.573
471.42	106.857
471.63	106.095
471.84	105.322
472.05	104.509
472.25	103.673
472.46	102.836
472.67	101.959
472.88	101.134
473.09	100.293
473.29	99.447
473.50	98.659
473.71	97.872
473.92	97.130
474.13	96.425
474.33	95.788
474.54	95.196
474.75	94.661
474.96	94.179
475.17	93.763
475.37	93.372
475.58	93.078
475.79	92.858
476.00	92.707
476.21	92.643
476.41	92.640
476.62	92.719
476.83	92.859
477.04	93.103
477.24	93.372
477.45	93.721
477.66	94.121
477.87	94.549
478.08	95.060
478.28	95.585
478.49	96.168
478.70	96.792
478.91	97.420
479.11	98.066
479.32	98.754
479.53	99.424
479.74	100.136
479.94	100.814
480.15	101.460
480.36	102.095
480.57	102.714
480.78	103.328
480.98	103.863
481.19	104.370
481.40	104.825
481.61	105.272
481.81	105.650
482.02	105.974
482.23	106.272
482.44	106.469
482.64	106.640
482.85	106.737
483.06	106.746
483.27	106.728
483.47	106.656
483.68	106.504
483.89	106.296
484.10	106.007
484.30	105.680
484.51	105.275
484.72	104.850
484.92	104.329
485.13	103.793
485.34	103.221
485.55	102.596
485.75	101.947
485.96	101.233
486.17	100.506
486.38	99.767
486.58	98.994
486.79	98.226
487.00	97.436
487.20	96.644
487.41	95.879
487.62	95.117
487.83	94.360
488.03	93.619
488.24	92.910
488.45	92.220
488.65	91.554
488.86	90.945
489.07	90.366
489.28	89.851
489.48	89.362
489.69	88.961
489.90	88.592
490.10	88.290
490.31	88.052
490.52	87.852
490.73	87.726
490.93	87.660
491.14	87.654
491.35	87.716
491.55	87.823
491.76	87.992
491.97	88.205
492.17	88.461
492.38	88.781
492.59	89.146
492.79	89.569
493.00	90.028
493.21	90.523
493.41	91.040
493.62	91.585
493.83	92.162
494.04	92.721
494.24	93.315
494.45	93.914
494.66	94.495
494.86	95.112
495.07	95.690
495.28	96.286
495.48	96.844
495.69	97.387
495.90	97.918
496.10	98.416
496.31	98.869
496.52	99.288
496.72	99.701
496.93	100.064
497.14	100.369
497.34	100.613
497.55	100.839
497.76	101.005
497.96	101.116
498.17	101.175
498.37	101.188
498.58	101.126
498.79	101.012
498.99	100.873
499.20	100.659
499.41	100.400
499.61	100.067
499.82	99.704
500.03	99.279
500.23	98.838
500.44	98.332
500.65	97.803
500.85	97.244
501.06	96.621
501.26	95.986
501.47	95.327
501.68	94.662
501.88	93.952
502.09	93.245
502.30	92.525
502.50	91.797
502.71	91.079
502.91	90.367
503.12	89.657
503.33	88.955
503.53	88.284
503.74	87.617
503.95	86.969
504.15	86.358
504.36	85.773
504.56	85.211
504.77	84.704
504.98	84.216
505.18	83.787
505.39	83.395
505.59	83.047
505.80	82.752
506.01	82.510
506.21	82.322
506.42	82.183
506.62	82.089
506.83	82.045
507.04	82.063
507.24	82.123
507.45	82.244
507.65	82.410
507.86	82.605
508.07	82.856
508.27	83.155
508.48	83.481
508.68	83.866
508.89	84.273
509.10	84.701
509.30	85.165
509.51	85.641
509.71	86.138
509.92	86.652
510.12	87.172
510.33	87.702
510.54	88.229
510.74	88.768
510.95	89.294
511.15	89.820
511.36	90.342
511.56	90.851
511.77	91.332
511.98	91.800
512.18	92.254
512.39	92.680
512.59	93.080
512.80	93.445
513.00	93.773
513.21	94.059
513.42	94.324
513.62	94.543
513.83	94.725
514.03	94.857
514.24	94.941
514.44	94.978
514.65	94.983
514.85	94.948
515.06	94.869
515.26	94.738
515.47	94.573
515.68	94.351
515.88	94.091
516.09	93.787
516.29	93.450
516.50	93.067
516.70	92.645
516.91	92.187
517.11	91.707
517.32	91.200
517.52	90.661
517.73	90.109
517.93	89.527
518.14	88.932
518.34	88.327
518.55	87.713
518.76	87.093
518.96	86.450
519.17	85.800
519.37	85.146
519.58	84.518
519.78	83.878
519.99	83.243
520.19	82.626
520.40	82.043
520.60	81.464
520.81	80.910
521.01	80.369
521.22	79.879
521.42	79.410
521.63	78.968
521.83	78.565
522.04	78.187
522.24	77.865
522.45	77.579
522.65	77.339
522.86	77.141
523.06	76.982
523.27	76.872
523.47	76.804
523.68	76.778
523.88	76.785
524.09	76.844
524.29	76.954
524.50	77.100
524.70	77.277
524.91	77.492
525.11	77.758
525.32	78.067
525.52	78.392
525.72	78.766
525.93	79.158
526.13	79.584
526.34	80.016
526.54	80.486
526.75	80.949
526.95	81.436
527.16	81.923
527.36	82.427
527.57	82.936
527.77	83.442
527.98	83.964
528.18	84.480
528.39	84.977
528.59	85.477
528.79	85.958
529.00	86.438
529.20	86.891
529.41	87.344
529.61	87.768
529.82	88.157
530.02	88.513
530.23	88.855
530.43	89.151
530.64	89.431
530.84	89.663
531.04	89.862
531.25	90.046
531.45	90.202
531.66	90.314
531.86	90.384
532.07	90.412
532.27	90.400
532.47	90.357
532.68	90.295
532.88	90.192
533.09	90.048
533.29	89.849
533.50	89.627
533.70	89.335
533.90	89.032
534.11	88.713
534.31	88.360
534.52	87.966
534.72	87.574
534.93	87.154
535.13	86.691
535.33	86.232
535.54	85.722
535.74	85.205
535.95	84.662
536.15	84.134
536.35	83.589
536.56	83.039
536.76	82.467
536.97	81.904
537.17	81.326
537.37	80.759
537.58	80.215
537.78	79.673
537.99	79.151
538.19	78.621
538.39	78.103
538.60	77.608
538.80	77.151
539.01	76.691
539.21	76.261
539.41	75.870
539.62	75.494
539.82	75.156
540.03	74.842
540.23	74.577
540.43	74.329
540.64	74.134
540.84	73.962
541.04	73.841
541.25	73.761
541.45	73.715
541.66	73.698
541.86	73.725
542.06	73.788
542.27	73.887
542.47	74.041
542.67	74.207
542.88	74.417
543.08	74.653
543.28	74.932
543.49	75.232
543.69	75.567
543.90	75.937
544.10	76.311
544.30	76.736
544.51	77.161
544.71	77.630
544.91	78.089
545.12	78.574
545.32	79.073
545.52	79.554
545.73	80.067
545.93	80.584
546.13	81.075
546.34	81.565
546.54	82.056
546.74	82.532
546.95	83.029
547.15	83.507
547.35	83.959
547.56	84.421
547.76	84.873
547.96	85.294
548.17	85.708
548.37	86.114
548.57	86.462
548.78	86.795
548.98	87.097
549.18	87.368
549.39	87.609
549.59	87.822
549.79	88.029
550.00	88.190
550.20	88.348
550.40	88.453
550.61	88.541
550.81	88.587
551.01	88.605
551.22	88.590
551.42	88.535
551.62	88.454
551.82	88.321
552.03	88.174
552.23	87.992
552.43	87.774
552.64	87.528
552.84	87.256
553.04	86.953
553.25	86.626
553.45	86.266
553.65	85.891
553.85	85.513
554.06	85.104
554.26	84.667
554.46	84.195
554.67	83.731
554.87	83.241
555.07	82.761
555.27	82.255
555.48	81.738
555.68	81.231
555.88	80.711
556.09	80.199
556.29	79.663
556.49	79.146
556.69	78.617
556.90	78.103
557.10	77.617
557.30	77.150
557.50	76.670
557.71	76.232
557.91	75.806
558.11	75.376
558.31	74.981
558.52	74.608
558.72	74.267
558.92	73.948
559.13	73.659
559.33	73.391
559.53	73.149
559.73	72.949
559.94	72.769
560.14	72.618
560.34	72.494
560.54	72.408
560.75	72.365
560.95	72.345
561.15	72.369
561.35	72.407
561.55	72.472
561.76	72.583
561.96	72.707
562.16	72.878
562.36	73.087
562.57	73.308
562.77	73.564
562.97	73.845
563.17	74.142
563.38	74.459
563.58	74.808
563.78	75.178
563.98	75.563
564.18	75.959
564.39	76.385
564.59	76.819
564.79	77.278
564.99	77.727
565.20	78.185
565.40	78.633
565.60	79.090
565.80	79.570
566.00	80.033
566.21	80.506
566.41	80.953
566.61	81.404
566.81	81.859
567.01	82.296
567.22	82.730
567.42	83.152
567.62	83.549
567.82	83.930
568.02	84.301
568.23	84.651
568.43	84.983
568.63	85.302
568.83	85.585
569.03	85.833
569.24	86.070
569.44	86.295
569.64	86.497
569.84	86.681
570.04	86.814
570.24	86.934
570.45	87.025
570.65	87.099
570.85	87.134
571.05	87.130
571.25	87.102
571.45	87.038
571.66	86.964
571.86	86.868
572.06	86.728
572.26	86.572
572.46	86.393
572.66	86.198
572.87	85.959
573.07	85.716
573.27	85.445
573.47	85.156
573.67	84.836
573.87	84.490
574.08	84.120
574.28	83.755
574.48	83.365
574.68	82.953
574.88	82.530
575.08	82.081
575.28	81.636
575.49	81.188
575.69	80.733
575.89	80.252
576.09	79.790
576.29	79.308
576.49	78.824
576.69	78.336
576.90	77.856
577.10	77.385
577.30	76.916
577.50	76.461
577.70	76.000
577.90	75.554
578.10	75.141
578.30	74.732
578.51	74.335
578.71	73.962
578.91	73.605
579.11	73.258
579.31	72.938
579.51	72.635
579.71	72.359
579.91	72.098
580.12	71.875
580.32	71.672
580.52	71.510
580.72	71.356
580.92	71.230
581.12	71.118
581.32	71.046
581.52	71.016
581.72	70.995
581.92	71.007
582.13	71.061
582.33	71.114
582.53	71.208
582.73	71.317
582.93	71.457
583.13	71.628
583.33	71.833
583.53	72.057
583.73	72.305
583.93	72.581
584.13	72.878
584.34	73.207
584.54	73.520
584.74	73.849
584.94	74.221
585.14	74.601
585.34	74.998
585.54	75.372
585.74	75.765
585.94	76.185
586.14	76.622
586.34	77.043
586.54	77.490
586.74	77.936
586.94	78.394
587.15	78.856
587.35	79.304
587.55	79.743
587.75	80.187
587.95	80.612
588.15	81.028
588.35	81.431
588.55	81.832
588.75	82.240
588.95	82.631
589.15	83.003
589.35	83.365
589.55	83.705
589.75	84.067
589.95	84.385
590.15	84.682
590.35	84.949
590.55	85.210
590.75	85.440
590.95	85.648
591.15	85.835
591.35	85.990
591.56	86.123
591.76	86.239
591.96	86.327
592.16	86.406
592.36	86.453
592.56	86.490
592.76	86.485
592.96	86.469
593.16	86.415
593.36	86.341
593.56	86.252
593.76	86.153
593.96	86.004
594.16	85.853
594.36	85.679
594.56	85.484
594.76	85.266
594.96	85.038
595.16	84.772
595.36	84.494
595.56	84.190
595.76	83.861
595.96	83.511
596.16	83.164
596.36	82.793
596.56	82.423
596.76	82.019
596.96	81.613
597.16	81.198
597.36	80.789
597.56	80.361
597.76	79.916
597.96	79.467
598.16	79.023
598.36	78.575
598.56	78.116
598.76	77.667
598.96	77.228
599.16	76.783
599.36	76.369
599.56	75.955
599.76	75.540
599.96	75.147
600.15	74.761
600.35	74.391
600.55	74.032
600.75	73.667
600.95	73.335
601.15	73.004
601.35	72.684
601.55	72.386
601.75	72.120
601.95	71.868
602.15	71.642
602.35	71.415
602.55	71.223
602.75	71.056
602.95	70.900
603.15	70.753
603.35	70.647
603.55	70.552
603.75	70.472
603.95	70.428
604.15	70.407
604.35	70.416
604.54	70.437
604.74	70.502
604.94	70.580
605.14	70.669
605.34	70.792
605.54	70.950
605.74	71.128
605.94	71.315
606.14	71.534
606.34	71.763
606.54	72.025
606.74	72.306
606.94	72.599
607.14	72.918
607.33	73.262
607.53	73.605
607.73	73.957
607.93	74.315
608.13	74.688
608.33	75.078
608.53	75.456
608.73	75.860
608.93	76.247
609.13	76.649
609.33	77.067
609.52	77.486
609.72	77.900
609.92	78.307
610.12	78.721
610.32	79.127
610.52	79.547
610.72	79.946
610.92	80.340
611.12	80.731
611.31	81.114
611.51	81.486
611.71	81.851
611.91	82.218
612.11	82.589
612.31	82.943
612.51	83.271
612.71	83.606
612.91	83.905
613.10	84.208
613.30	84.517
613.50	84.792
613.70	85.045
613.90	85.271
614.10	85.478
614.30	85.655
614.50	85.826
614.69	85.956
614.89	86.084
615.09	86.189
615.29	86.277
615.49	86.343
615.69	86.386
615.89	86.416
616.08	86.424
616.28	86.402
616.48	86.363
616.68	86.294
616.88	86.210
617.08	86.104
617.27	85.990
617.47	85.840
617.67	85.672
617.87	85.486
618.07	85.295
618.27	85.090
618.47	84.879
618.66	84.637
618.86	84.391
619.06	84.117
619.26	83.838
619.46	83.543
619.66	83.222
619.85	82.890
620.05	82.545
620.25	82.176
620.45	81.811
620.65	81.429
620.84	81.069
621.04	80.684
621.24	80.317
621.44	79.912
621.64	79.491
621.84	79.091
622.03	78.680
622.23	78.272
622.43	77.862
622.63	77.457
622.83	77.055
623.02	76.654
623.22	76.267
623.42	75.860
623.62	75.472
623.82	75.105
624.01	74.734
624.21	74.368
624.41	74.024
624.61	73.690
624.81	73.378
625.00	73.055
625.20	72.752
625.40	72.452
625.60	72.179
625.79	71.933
625.99	71.703
626.19	71.482
626.39	71.278
626.59	71.089
626.78	70.930
626.98	70.783
627.18	70.649
627.38	70.542
627.57	70.479
627.77	70.418
627.97	70.374
628.17	70.365
628.37	70.369
628.56	70.404
628.76	70.446
628.96	70.504
629.16	70.584
629.35	70.708
629.55	70.839
629.75	70.993
629.95	71.167
630.14	71.346
630.34	71.557
630.54	71.781
630.74	72.017
630.93	72.267
631.13	72.530
631.33	72.803
631.53	73.070
631.72	73.352
631.92	73.660
632.12	73.986
632.31	74.309
632.51	74.666
632.71	75.018
632.91	75.373
633.10	75.740
633.30	76.129
633.50	76.490
633.70	76.881
633.89	77.262
634.09	77.656
634.29	78.051
634.48	78.439
634.68	78.840
634.88	79.241
635.08	79.643
635.27	80.055
635.47	80.458
635.67	80.870
635.86	81.274
636.06	81.664
636.26	82.030
636.46	82.401
636.65	82.753
636.85	83.115
637.05	83.465
637.24	83.787
637.44	84.105
637.64	84.415
637.83	84.722
638.03	85.023
638.23	85.280
638.43	85.540
638.62	85.777
638.82	85.983
639.02	86.190
639.21	86.366
639.41	86.518
639.61	86.678
639.80	86.814
640.00	86.935
640.20	87.058
640.39	87.176
640.59	87.259
640.79	87.335
640.98	87.374
641.18	87.403
641.38	87.430
641.57	87.419
641.77	87.393
641.97	87.332
642.16	87.262
642.36	87.187
642.56	87.091
642.75	86.994
642.95	86.870
643.15	86.732
643.34	86.595
643.54	86.439
643.74	86.248
643.93	86.048
644.13	85.810
644.33	85.549
644.52	85.286
644.72	85.025
644.91	84.742
645.11	84.437
645.31	84.133
645.50	83.826
645.70	83.516
645.90	83.201
646.09	82.862
646.29	82.515
646.48	82.160
646.68	81.788
646.88	81.417
647.07	81.048
647.27	80.668
647.47	80.277
647.66	79.898
647.86	79.508
648.05	79.130
648.25	78.760
648.45	78.387
648.64	78.002
648.84	77.629
649.04	77.247
649.23	76.872
649.43	76.508
649.62	76.139
649.82	75.768
650.02	75.412
650.21	75.071
650.41	74.754
650.60	74.442
650.80	74.162
651.00	73.860
651.19	73.589
651.39	73.322
651.58	73.064
651.78	72.825
651.97	72.620
652.17	72.410
652.37	72.209
652.56	72.043
652.76	71.887
652.95	71.743
653.15	71.640
653.35	71.540
653.54	71.452
653.74	71.370
653.93	71.318
654.13	71.279
654.32	71.250
654.52	71.219
654.72	71.220
654.91	71.232
655.11	71.272
655.30	71.332
655.50	71.409
655.69	71.507
655.89	71.604
656.08	71.711
656.28	71.847
656.48	72.006
656.67	72.168
656.87	72.352
657.06	72.532
657.26	72.723
657.45	72.942
657.65	73.181
657.84	73.445
658.04	73.703
658.23	73.984
658.43	74.280
658.62	74.594
658.82	74.906
659.02	75.226
659.21	75.568
659.41	75.901
659.60	76.243
659.80	76.596
659.99	76.977
660.19	77.351
660.38	77.732
660.58	78.100
660.77	78.486
660.97	78.855
661.16	79.237
661.36	79.609
661.55	79.996
661.75	80.375
661.94	80.742
662.14	81.124
662.33	81.507
662.53	81.880
662.72	82.252
662.92	82.613
663.11	82.960
663.31	83.315
663.50	83.670
663.70	84.025
663.89	84.369
664.09	84.687
664.28	85.014
664.48	85.322
664.67	85.642
664.87	85.928
665.06	86.222
665.26	86.495
665.45	86.763
665.65	87.012
665.84	87.266
666.04	87.500
666.23	87.694
666.43	87.869
666.62	88.039
666.82	88.192
667.01	88.338
667.21	88.478
667.40	88.586
667.59	88.696
667.79	88.771
667.98	88.817
668.18	88.855
668.37	88.870
668.57	88.900
668.76	88.896
668.96	88.872
669.15	88.837
669.35	88.810
669.54	88.749
669.73	88.683
669.93	88.591
670.12	88.500
670.32	88.418
670.51	88.305
670.71	88.182
670.90	88.050
671.10	87.906
671.29	87.737
671.48	87.551
671.68	87.350
671.87	87.148
672.07	86.932
672.26	86.738
672.46	86.508
672.65	86.255
672.84	85.993
673.04	85.737
673.23	85.466
673.43	85.174
673.62	84.895
673.82	84.600
674.01	84.271
674.20	83.952
674.40	83.613
674.59	83.283
674.79	82.953
674.98	82.612
675.17	82.269
675.37	81.934
675.56	81.594
675.76	81.245
675.95	80.879
676.14	80.534
676.34	80.156
676.53	79.802
676.73	79.440
676.92	79.076
677.11	78.715
677.31	78.355
677.50	78.012
677.70	77.659
677.89	77.305
678.08	76.983
678.28	76.658
678.47	76.349
678.66	76.050
678.86	75.757
679.05	75.464
679.25	75.186
679.44	74.918
679.63	74.678
679.83	74.432
680.02	74.214
680.21	74.001
680.41	73.796
680.60	73.587
680.79	73.402
680.99	73.231
681.18	73.059
681.38	72.910
681.57	72.785
681.76	72.680
681.96	72.589
682.15	72.501
682.34	72.416
682.54	72.347
682.73	72.301
682.92	72.253
683.12	72.241
683.31	72.237
683.50	72.247
683.70	72.265
683.89	72.289
684.08	72.339
684.28	72.404
684.47	72.483
684.66	72.587
684.86	72.703
685.05	72.837
685.24	72.992
685.44	73.145
685.63	73.306
685.82	73.485
686.02	73.664
686.21	73.888
686.40	74.116
686.60	74.365
686.79	74.619
686.98	74.882
687.18	75.153
687.37	75.431
687.56	75.703
687.75	75.995
687.95	76.297
688.14	76.596
688.33	76.915
688.53	77.237
688.72	77.581
688.91	77.920
689.11	78.253
689.30	78.621
689.49	78.996
689.68	79.361
689.88	79.721
690.07	80.087
690.26	80.434
690.46	80.799
690.65	81.144
690.84	81.499
691.03	81.863
691.23	82.218
691.42	82.575
691.61	82.941
691.80	83.284
692.00	83.635
692.19	83.972
692.38	84.306
692.58	84.646
692.77	84.965
692.96	85.276
693.15	85.592
693.35	85.884
693.54	86.191
693.73	86.498
693.92	86.778
694.12	87.066
694.31	87.329
694.50	87.609
694.69	87.853
694.89	88.093
695.08	88.312
695.27	88.550
695.46	88.756
695.66	88.966
695.85	89.176
696.04	89.374
696.23	89.581
696.43	89.762
696.62	89.911
696.81	90.052
697.00	90.197
697.19	90.330
697.39	90.434
697.58	90.520
697.77	90.581
697.96	90.664
698.16	90.714
698.35	90.786
698.54	90.810
698.73	90.860
698.92	90.860
699.12	90.863
699.31	90.838
699.50	90.815
699.69	90.781
699.89	90.722
700.08	90.660
700.27	90.570
700.46	90.481
700.65	90.380
700.85	90.289
701.04	90.168
701.23	90.026
701.42	89.881
701.61	89.724
701.81	89.552
702.00	89.364
702.19	89.181
702.38	88.960
702.57	88.751
702.76	88.507
702.96	88.284
703.15	88.042
703.34	87.781
703.53	87.513
703.72	87.216
703.92	86.918
704.11	86.615
704.30	86.301
704.49	85.989
704.68	85.683
704.87	85.338
705.07	85.004
705.26	84.677
705.45	84.373
705.64	84.036
705.83	83.727
706.02	83.398
706.21	83.078
706.41	82.747
706.60	82.398
706.79	82.075
706.98	81.751
707.17	81.412
707.36	81.084
707.56	80.779
707.75	80.470
707.94	80.167
708.13	79.868
708.32	79.585
708.51	79.290
708.70	79.014
708.89	78.734
709.09	78.455
709.28	78.190
709.47	77.888
709.66	77.609
709.85	77.336
710.04	77.067
710.23	76.786
710.42	76.554
710.62	76.316
710.81	76.059
711.00	75.817
711.19	75.602
711.38	75.390
711.57	75.163
711.76	74.958
711.95	74.784
712.15	74.612
712.34	74.447
712.53	74.291
712.72	74.142
712.91	74.032
713.10	73.920
713.29	73.817
713.48	73.728
713.67	73.670
713.86	73.625
714.05	73.579
714.25	73.552
714.44	73.508
714.63	73.493
714.82	73.519
715.01	73.544
715.20	73.599
715.39	73.643
715.58	73.713
715.77	73.798
715.96	73.882
716.15	73.968
716.34	74.051
716.54	74.159
716.73	74.280
716.92	74.392
717.11	74.530
717.30	74.682
717.49	74.850
717.68	75.030
717.87	75.183
718.06	75.391
718.25	75.612
718.44	75.844
718.63	76.087
718.82	76.318
719.01	76.560
719.20	76.805
719.39	77.070
719.58	77.339
719.77	77.600
719.96	77.854
720.16	78.128
720.35	78.424
720.54	78.714
720.73	79.008
720.92	79.315
721.11	79.642
721.30	79.955
721.49	80.269
721.68	80.592
721.87	80.942
722.06	81.265
722.25	81.585
722.44	81.911
722.63	82.225
722.82	82.541
723.01	82.849
723.20	83.148
723.39	83.463
723.58	83.800
723.77	84.140
723.96	84.481
724.15	84.828
724.34	85.160
724.53	85.491
724.72	85.796
724.91	86.126
725.10	86.449
725.29	86.753
725.48	87.086
725.67	87.360
725.86	87.625
726.05	87.904
726.24	88.171
726.43	88.430
726.62	88.693
726.81	88.983
727.00	89.246
727.19	89.522
727.38	89.778
727.57	90.003
727.76	90.224
727.95	90.437
728.14	90.624
728.33	90.810
728.52	90.988
728.71	91.163
728.90	91.321
729.09	91.449
729.28	91.571
729.47	91.679
729.65	91.800
729.84	91.923
730.03	92.034
730.22	92.128
730.41	92.223
730.60	92.309
730.79	92.342
730.98	92.396
731.17	92.448
731.36	92.461
731.55	92.458
731.74	92.454
731.93	92.441
732.12	92.421
732.31	92.405
732.50	92.397
732.69	92.385
732.88	92.329
733.06	92.267
733.25	92.208
733.44	92.145
733.63	92.053
733.82	91.954
734.01	91.821
734.20	91.694
734.39	91.540
734.58	91.394
734.77	91.260
734.96	91.093
735.15	90.900
735.33	90.713
735.52	90.537
735.71	90.341
735.90	90.130
736.09	89.906
736.28	89.659
736.47	89.402
736.66	89.135
736.85	88.877
737.04	88.589
737.23	88.316
737.41	88.018
737.60	87.760
737.79	87.453
737.98	87.171
738.17	86.882
738.36	86.617
738.55	86.337
738.74	86.058
738.92	85.767
739.11	85.486
739.30	85.182
739.49	84.871
739.68	84.577
739.87	84.306
740.06	84.033
740.25	83.736
740.43	83.457
740.62	83.162
740.81	82.858
741.00	82.595
741.19	82.294
741.38	81.993
741.57	81.686
741.75	81.414
741.94	81.118
742.13	80.822
742.32	80.509
742.51	80.209
742.70	79.919
742.89	79.646
743.07	79.358
743.26	79.089
743.45	78.796
743.64	78.534
743.83	78.251
744.02	77.948
744.20	77.695
744.39	77.434
744.58	77.191
744.77	76.973
744.96	76.767
745.15	76.591
745.33	76.421
745.52	76.249
745.71	76.076
745.90	75.919
746.09	75.785
746.28	75.659
746.46	75.512
746.65	75.361
746.84	75.238
747.03	75.121
747.22	75.025
747.40	74.956
747.59	74.871
747.78	74.802
747.97	74.780
748.16	74.743
748.34	74.690
748.53	74.669
748.72	74.653
748.91	74.619
749.10	74.591
749.28	74.593
749.47	74.615
749.66	74.627
749.85	74.634
750.04	74.657
750.22	74.680
750.41	74.738
750.60	74.814
750.79	74.863
750.97	74.930
751.16	75.020
751.35	75.102
751.54	75.186
751.73	75.304
751.91	75.405
752.10	75.552
752.29	75.685
752.48	75.839
752.66	75.996
752.85	76.164
753.04	76.337
753.23	76.528
753.41	76.698
753.60	76.911
753.79	77.136
753.98	77.341
754.16	77.565
754.35	77.783
754.54	78.000
754.73	78.256
754.91	78.515
755.10	78.764
755.29	79.040
755.48	79.300
755.66	79.566
755.85	79.846
756.04	80.099
756.22	80.391
756.41	80.652
756.60	80.926
756.79	81.220
756.97	81.519
757.16	81.773
757.35	82.066
757.54	82.356
757.72	82.642
757.91	82.946
758.10	83.247
758.28	83.541
758.47	83.834
758.66	84.150
758.85	84.447
759.03	84.755
759.22	85.057
759.41	85.367
759.59	85.668
759.78	85.966
759.97	86.247
760.15	86.519
760.34	86.829
760.53	87.107
760.71	87.365
760.90	87.651
761.09	87.933
761.28	88.207
761.46	88.466
761.65	88.732
761.84	89.002
762.02	89.262
762.21	89.546
762.40	89.788
762.58	90.003
762.77	90.226
762.96	90.449
763.14	90.684
763.33	90.899
763.52	91.081
763.70	91.245
763.89	91.436
764.08	91.629
764.26	91.766
764.45	91.939
764.64	92.117
764.82	92.242
765.01	92.380
765.20	92.487
765.38	92.606
765.57	92.693
765.75	92.777
765.94	92.838
766.13	92.909
766.31	92.998
766.50	93.055
766.69	93.142
766.87	93.223
767.06	93.260
767.25	93.310
767.43	93.382
767.62	93.455
767.80	93.500
767.99	93.515
768.18	93.528
768.36	93.526
768.55	93.514
768.74	93.501
768.92	93.480
769.11	93.485
769.29	93.451
769.48	93.439
769.67	93.381
769.85	93.349
770.04	93.237
770.22	93.136
770.41	93.019
770.60	92.876
770.78	92.709
770.97	92.564
771.15	92.421
771.34	92.232
771.53	92.070
771.71	91.892
771.90	91.741
772.08	91.625
772.27	91.459
772.46	91.259
772.64	91.064
772.83	90.864
773.01	90.615
773.20	90.387
773.39	90.161
773.57	89.926
773.76	89.688
773.94	89.497
774.13	89.261
774.31	89.010
774.50	88.788
774.68	88.535
774.87	88.280
775.06	87.982
775.24	87.720
775.43	87.424
775.61	87.140
775.80	86.855
775.98	86.537
776.17	86.228
776.36	85.938
776.54	85.646
776.73	85.339
776.91	85.062
777.10	84.770
777.28	84.447
777.47	84.163
777.65	83.858
777.84	83.543
778.02	83.261
778.21	82.989
778.39	82.683
778.58	82.405
778.77	82.129
778.95	81.876
779.14	81.616
779.32	81.365
779.51	81.117
779.69	80.842
779.88	80.593
780.06	80.348
780.25	80.095
780.43	79.837
780.62	79.611
780.80	79.369
780.99	79.132
781.17	78.900
781.36	78.655
781.54	78.434
781.73	78.181
781.91	77.954
782.10	77.743
782.28	77.531
782.47	77.320
782.65	77.089
782.84	76.875
783.02	76.684
783.21	76.504
783.39	76.324
783.58	76.154
783.76	75.965
783.95	75.806
784.13	75.682
784.32	75.561
784.50	75.420
784.69	75.320
784.87	75.214
785.05	75.131
785.24	75.051
785.42	74.982
785.61	74.920
785.79	74.865
785.98	74.818
786.16	74.756
786.35	74.733
786.53	74.709
786.72	74.683
786.90	74.660
787.09	74.626
787.27	74.621
787.45	74.640
787.64	74.648
787.82	74.654
788.01	74.660
788.19	74.690
788.38	74.725
788.56	74.705
788.75	74.756
788.93	74.814
789.11	74.847
789.30	74.876
789.48	74.940
789.67	75.013
789.85	75.077
790.04	75.194
790.22	75.287
790.40	75.402
790.59	75.503
790.77	75.618
790.96	75.766
791.14	75.902
791.32	76.026
791.51	76.176
791.69	76.339
791.88	76.507
792.06	76.671
792.25	76.827
792.43	77.046
792.61	77.227
792.80	77.391
792.98	77.610
793.17	77.807
793.35	77.980
793.53	78.173
793.72	78.410
793.90	78.617
794.08	78.821
794.27	79.038
794.45	79.282
794.64	79.509
794.82	79.728
795.00	79.925
795.19	80.159
795.37	80.388
795.55	80.575
795.74	80.805
795.92	81.047
796.11	81.314
796.29	81.562
796.47	81.795
796.66	82.020
796.84	82.285
797.02	82.555
797.21	82.842
797.39	83.108
797.58	83.358
797.76	83.598
797.94	83.875
798.13	84.144
798.31	84.428
798.49	84.678
798.68	84.932
798.86	85.228
799.04	85.473
799.23	85.741
799.41	86.020
799.59	86.265
799.78	86.471
799.96	86.707
800.14	86.948
800.33	87.198
800.51	87.469
800.69	87.663
800.88	87.900
801.06	88.146
801.24	88.335
801.43	88.533
801.61	88.728
801.79	88.907
801.98	89.077
802.16	89.269
802.34	89.472
802.52	89.663
802.71	89.800
802.89	89.989
803.07	90.147
803.26	90.298
803.44	90.431
803.62	90.591
803.81	90.718
803.99	90.816
804.17	90.905
804.35	90.993
804.54	91.077
804.72	91.186
804.90	91.269
805.09	91.403
805.27	91.516
805.45	91.628
805.63	91.703
805.82	91.791
806.00	91.794
806.18	91.838
806.37	91.897
806.55	91.921
806.73	91.952
806.91	91.976
807.10	92.015
807.28	92.038
807.46	92.059
807.64	92.061
807.83	92.069
808.01	92.078
808.19	92.023
808.37	91.980
808.56	91.912
808.74	91.861
808.92	91.790
809.10	91.687
809.29	91.632
809.47	91.563
809.65	91.437
809.83	91.387
810.02	91.279
810.20	91.175
810.38	91.086
810.56	90.960
810.75	90.873
810.93	90.766
811.11	90.651
811.29	90.531
811.47	90.407
811.66	90.250
811.84	90.109
812.02	90.043
812.20	89.939
812.39	89.827
812.57	89.692
812.75	89.565
812.93	89.471
813.11	89.310
813.30	89.184
813.48	89.078
813.66	88.912
813.84	88.767
814.02	88.595
814.21	88.449
814.39	88.252
814.57	88.062
814.75	87.861
814.93	87.663
815.12	87.448
815.30	87.234
815.48	87.033
815.66	86.811
815.84	86.552
816.03	86.302
816.21	86.018
816.39	85.773
816.57	85.468
816.75	85.155
816.93	84.866
817.12	84.551
817.30	84.239
817.48	83.939
817.66	83.672
817.84	83.406
818.02	83.154
818.21	82.879
818.39	82.617
818.57	82.340
818.75	82.117
818.93	81.858
819.11	81.589
819.30	81.337
819.48	81.103
819.66	80.885
819.84	80.686
820.02	80.463
820.20	80.228
820.38	79.999
820.57	79.784
820.75	79.593
820.93	79.385
821.11	79.186
821.29	79.003
821.47	78.780
821.65	78.560
821.83	78.328
822.02	78.134
822.20	77.918
822.38	77.751
822.56	77.496
822.74	77.269
822.92	77.025
823.10	76.815
823.28	76.570
823.46	76.339
823.65	76.096
823.83	75.890
824.01	75.675
824.19	75.468
824.37	75.254
824.55	75.019
824.73	74.824
824.91	74.614
825.09	74.408
825.27	74.219
825.46	74.009
825.64	73.800
825.82	73.628
826.00	73.425
826.18	73.246
826.36	73.094
826.54	72.965
826.72	72.884
826.90	72.774
827.08	72.689
827.26	72.594
827.44	72.491
827.63	72.390
827.81	72.315
827.99	72.273
828.17	72.207
828.35	72.160
828.53	72.107
828.71	72.094
828.89	72.052
829.07	72.026
829.25	71.993
829.43	72.007
829.61	71.987
829.79	71.977
829.97	71.969
830.15	71.939
830.33	71.938
830.51	71.915
830.69	71.913
830.87	71.867
831.06	71.881
831.24	71.900
831.42	71.921
831.60	71.913
831.78	71.932
831.96	71.987
832.14	72.045
832.32	72.103
832.50	72.136
832.68	72.177
832.86	72.209
833.04	72.305
833.22	72.348
833.40	72.435
833.58	72.503
833.76	72.567
833.94	72.690
834.12	72.800
834.30	72.923
834.48	73.025
834.66	73.191
834.84	73.282
835.02	73.423
835.20	73.571
835.38	73.737
835.56	73.895
835.74	74.057
835.92	74.218
836.10	74.366
836.28	74.526
836.46	74.713
836.64	74.887
836.82	75.022
837.00	75.188
837.18	75.359
837.36	75.565
837.54	75.751
837.72	75.939
837.90	76.126
838.08	76.318
838.26	76.507
838.43	76.674
838.61	76.882
838.79	77.074
838.97	77.267
839.15	77.461
839.33	77.657
839.51	77.804
839.69	77.974
839.87	78.171
840.05	78.396
840.23	78.586
840.41	78.786
840.59	78.954
840.77	79.163
840.95	79.334
841.13	79.501
841.31	79.678
841.49	79.829
841.67	79.970
841.84	80.145
842.02	80.279
842.20	80.483
842.38	80.624
842.56	80.774
842.74	80.933
842.92	81.046
843.10	81.188
843.28	81.380
843.46	81.526
843.64	81.631
843.82	81.772
843.99	81.905
844.17	82.084
844.35	82.326
844.53	82.498
844.71	82.703
844.89	82.843
845.07	83.028
845.25	83.229
845.43	83.424
845.61	83.589
845.78	83.815
845.96	83.987
846.14	84.192
846.32	84.383
846.50	84.541
846.68	84.776
846.86	84.953
847.04	85.118
847.22	85.235
847.39	85.431
847.57	85.548
847.75	85.673
847.93	85.745
848.11	85.842
848.29	85.991
848.47	86.063
848.65	86.208
848.82	86.273
849.00	86.357
849.18	86.413
849.36	86.459
849.54	86.527
849.72	86.529
849.89	86.592
850.07	86.664
850.25	86.681
850.43	86.660
850.61	86.663
850.79	86.631
850.97	86.704
851.14	86.729
851.32	86.733
851.50	86.764
851.68	86.825
851.86	86.894
852.04	86.870
852.21	86.912
852.39	86.933
852.57	87.007
852.75	87.019
852.93	87.031
853.10	87.030
853.28	86.990
853.46	86.994
853.64	86.933
853.82	86.860
854.00	86.898
854.17	86.852
854.35	86.783
854.53	86.753
854.71	86.675
854.89	86.565
855.06	86.531
855.24	86.482
855.42	86.399
855.60	86.258
855.78	86.165
855.95	86.046
856.13	85.942
856.31	85.758
856.49	85.616
856.66	85.516
856.84	85.356
857.02	85.292
857.20	85.220
857.38	85.063
857.55	84.930
857.73	84.703
857.91	84.604
858.09	84.451
858.26	84.311
858.44	84.174
858.62	84.053
858.80	83.879
858.97	83.715
859.15	83.539
859.33	83.323
859.51	83.167
859.68	82.991
859.86	82.808
860.04	82.637
860.22	82.440
860.39	82.246
860.57	82.048
860.75	81.781
860.93	81.551
861.10	81.425
861.28	81.255
861.46	81.055
861.64	80.860
861.81	80.705
861.99	80.495
862.17	80.278
862.35	80.077
862.52	79.921
862.70	79.714
862.88	79.547
863.05	79.352
863.23	79.129
863.41	78.933
863.59	78.713
863.76	78.549
863.94	78.355
864.12	78.160
864.29	77.987
864.47	77.768
864.65	77.568
864.83	77.291
865.00	77.050
865.18	76.875
865.36	76.675
865.53	76.465
865.71	76.305
865.89	76.099
866.06	75.873
866.24	75.615
866.42	75.404
866.59	75.159
866.77	74.995
866.95	74.786
867.12	74.536
867.30	74.355
867.48	74.110
867.65	73.910
867.83	73.688
868.01	73.506
868.18	73.303
868.36	73.106
868.54	72.951
868.71	72.791
868.89	72.622
869.07	72.428
869.24	72.249
869.42	72.042
869.60	71.877
869.77	71.751
869.95	71.596
870.13	71.434
870.30	71.302
870.48	71.098
870.66	70.944
870.83	70.818
871.01	70.619
871.18	70.492
871.36	70.340
871.54	70.184
871.71	70.039
871.89	69.933
872.07	69.747
872.24	69.597
872.42	69.487
872.59	69.362
872.77	69.228
872.95	69.118
873.12	68.972
873.30	68.827
873.48	68.714
873.65	68.591
873.83	68.483
874.00	68.350
874.18	68.259
874.36	68.180
874.53	68.104
874.71	68.021
874.88	67.939
875.06	67.896
875.24	67.886
875.41	67.832
875.59	67.784
875.76	67.800
875.94	67.753
876.11	67.645
876.29	67.545
876.47	67.503
876.64	67.437
876.82	67.387
876.99	67.356
877.17	67.312
877.35	67.289
877.52	67.243
877.70	67.208
877.87	67.193
878.05	67.182
878.22	67.178
878.40	67.209
878.57	67.190
878.75	67.153
878.93	67.092
879.10	67.077
879.28	67.085
879.45	67.085
879.63	67.066
879.80	67.059
879.98	67.102
880.15	67.115
880.33	67.160
880.50	67.198
880.68	67.293
880.86	67.344
881.03	67.413
881.21	67.492
881.38	67.568
881.56	67.730
881.73	67.784
881.91	67.838
882.08	67.896
882.26	68.019
882.43	68.131
882.61	68.302
882.78	68.425
882.96	68.565
883.13	68.676
883.31	68.821
883.48	69.010
883.66	69.171
883.83	69.333
884.01	69.448
884.18	69.666
884.36	69.808
884.53	69.927
884.71	70.069
884.88	70.174
885.06	70.333
885.23	70.395
885.41	70.542
885.58	70.659
885.76	70.838
885.93	70.926
886.11	71.111
886.28	71.216
886.46	71.342
886.63	71.467
886.81	71.578
886.98	71.751
887.15	71.844
887.33	72.001
887.50	72.170
887.68	72.320
887.85	72.410
888.03	72.544
888.20	72.706
888.38	72.851
888.55	73.027
888.73	73.105
888.90	73.240
889.08	73.374
889.25	73.495
889.42	73.617
889.60	73.803
889.77	73.876
889.95	74.022
890.12	74.115
890.30	74.199
890.47	74.293
890.64	74.440
890.82	74.591
890.99	74.704
891.17	74.821
891.34	74.951
891.52	75.072
891.69	75.198
891.86	75.334
892.04	75.463
892.21	75.625
892.39	75.872
892.56	76.050
892.73	76.153
892.91	76.318
893.08	76.526
893.26	76.631
893.43	76.799
893.60	76.902
893.78	77.075
893.95	77.251
894.13	77.498
894.30	77.649
894.47	77.860
894.65	77.997
894.82	78.157
895.00	78.304
895.17	78.487
895.34	78.669
895.52	78.847
895.69	78.963
895.86	79.109
896.04	79.159
896.21	79.312
896.39	79.525
896.56	79.694
896.73	79.712
896.91	79.775
897.08	79.887
897.25	80.071
897.43	80.139
897.60	80.242
897.77	80.261
897.95	80.261
898.12	80.264
898.30	80.383
898.47	80.402
898.64	80.466
898.82	80.495
898.99	80.487
899.16	80.506
899.34	80.518
899.51	80.433
899.68	80.430
899.86	80.390
900.03	80.324
900.20	80.285
900.38	80.309
900.55	80.395
900.72	80.355
900.90	80.284
901.07	80.382
901.24	80.363
901.41	80.393
901.59	80.424
901.76	80.434
901.93	80.393
902.11	80.336
902.28	80.332
902.45	80.431
902.63	80.474
902.80	80.435
902.97	80.425
903.15	80.521
903.32	80.590
903.49	80.595
903.66	80.642
903.84	80.680
904.01	80.677
904.18	80.665
904.36	80.677
904.53	80.663
904.70	80.618
904.87	80.618
905.05	80.547
905.22	80.571
905.39	80.552
905.56	80.485
905.74	80.458
905.91	80.387
906.08	80.271
906.26	80.179
906.43	80.097
906.60	80.020
906.77	79.887
906.95	79.777
907.12	79.660
907.29	79.506
907.46	79.466
907.64	79.372
907.81	79.274
907.98	79.115
908.15	79.019
908.33	78.889
908.50	78.748
908.67	78.654
908.84	78.532
909.01	78.382
909.19	78.311
909.36	78.204
909.53	78.065
909.70	77.837
909.88	77.746
910.05	77.585
910.22	77.508
910.39	77.391
910.57	77.297
910.74	77.209
910.91	77.161
911.08	76.957
911.25	76.819
911.43	76.694
911.60	76.561
911.77	76.412
911.94	76.199
912.11	76.050
912.29	75.848
912.46	75.606
912.63	75.409
912.80	75.189
912.97	75.004
913.15	74.875
913.32	74.750
913.49	74.532
913.66	74.452
913.83	74.224
914.00	73.995
914.18	73.790
914.35	73.599
914.52	73.319
914.69	73.091
914.86	72.885
915.03	72.683
915.21	72.560
915.38	72.351
915.55	72.264
915.72	72.088
915.89	71.958
916.06	71.872
916.24	71.786
916.41	71.621
916.58	71.490
916.75	71.276
916.92	71.098
917.09	70.888
917.26	70.614
917.44	70.416
917.61	70.294
917.78	70.069
917.95	69.902
918.12	69.716
918.29	69.634
918.46	69.441
918.64	69.268
918.81	69.114
918.98	68.976
919.15	68.779
919.32	68.623
919.49	68.399
919.66	68.184
919.83	67.983
920.00	67.802
920.18	67.647
920.35	67.601
920.52	67.491
920.69	67.446
920.86	67.417
921.03	67.307
921.20	67.163
921.37	67.064
921.54	66.822
921.71	66.718
921.89	66.543
922.06	66.469
922.23	66.351
922.40	66.208
922.57	65.998
922.74	65.892
922.91	65.798
923.08	65.722
923.25	65.618
923.42	65.499
923.59	65.457
923.76	65.240
923.93	65.021
924.11	64.831
924.28	64.686
924.45	64.547
924.62	64.512
924.79	64.408
924.96	64.237
925.13	64.194
925.30	64.067
925.47	63.898
925.64	63.793
925.81	63.696
925.98	63.624
926.15	63.583
926.32	63.412
926.49	63.307
926.66	63.212
926.83	63.112
927.00	63.063
927.17	62.921
927.34	62.983
927.51	62.941
927.69	62.987
927.86	62.915
928.03	62.790
928.20	62.738
928.37	62.651
928.54	62.664
928.71	62.629
928.88	62.637
929.05	62.662
929.22	62.649
929.39	62.603
929.56	62.521
929.73	62.484
929.90	62.544
930.07	62.523
930.24	62.479
930.41	62.469
930.58	62.515
930.75	62.577
930.92	62.498
931.09	62.490
931.26	62.441
931.43	62.419
931.60	62.422
931.77	62.357
931.94	62.412
932.11	62.438
932.27	62.443
932.44	62.473
932.61	62.501
932.78	62.447
932.95	62.529
933.12	62.492
933.29	62.518
933.46	62.503
933.63	62.446
933.80	62.460
933.97	62.455
934.14	62.418
934.31	62.361
934.48	62.402
934.65	62.392
934.82	62.451
934.99	62.493
935.16	62.538
935.33	62.625
935.50	62.733
935.67	62.806
935.84	62.832
936.00	62.835
936.17	62.885
936.34	63.011
936.51	62.994
936.68	63.039
936.85	63.065
937.02	63.184
937.19	63.241
937.36	63.376
937.53	63.401
937.70	63.493
937.87	63.571
938.03	63.557
938.20	63.628
938.37	63.684
938.54	63.744
938.71	63.823
938.88	63.934
939.05	63.854
939.22	63.817
939.39	63.908
939.56	64.086
939.72	64.131
939.89	64.181
940.06	64.238
940.23	64.338
940.40	64.450
940.57	64.586
940.74	64.744
940.91	64.801
941.08	64.991
941.24	65.095
941.41	65.268
941.58	65.528
941.75	65.687
941.92	65.837
942.09	65.965
942.26	66.055
942.42	66.088
942.59	66.333
942.76	66.682
942.93	66.848
943.10	66.874
943.27	67.050
943.44	67.183
943.60	67.391
943.77	67.385
943.94	67.595
944.11	67.640
944.28	67.715
944.45	67.859
944.61	67.954
944.78	67.959
944.95	68.007
945.12	68.203
945.29	68.311
945.46	68.306
945.62	68.342
945.79	68.554
945.96	68.866
946.13	69.032
946.30	69.050
946.46	69.223
946.63	69.342
946.80	69.474
946.97	69.650
947.14	69.728
947.31	70.263
947.47	70.485
947.64	70.672
947.81	70.857
947.98	71.044
948.15	71.154
948.31	71.412
948.48	71.573
948.65	71.575
948.82	71.723
948.98	71.883
949.15	72.213
949.32	72.269
949.49	72.272
949.66	72.336
949.82	72.387
949.99	72.505
950.16	72.626
950.33	72.617
950.49	72.691
950.66	72.658
950.83	72.514
951.00	72.367
951.16	72.159
951.33	72.195
951.50	72.113
951.67	72.172
951.83	72.215
952.00	72.226
952.17	72.163
952.34	72.155
952.50	72.315
952.67	72.244
952.84	72.290
953.01	72.225
953.17	72.237
953.34	72.367
953.51	72.279
953.68	72.210
953.84	72.177
954.01	72.118
954.18	72.076
954.34	72.123
954.51	72.201
954.68	72.343
954.85	72.352
955.01	72.499
955.18	72.757
955.35	72.507
955.51	72.488
955.68	72.658
955.85	72.858
956.02	72.708
956.18	72.785
956.35	72.761
956.52	72.834
956.68	72.838
956.85	72.735
957.02	72.830
957.18	72.859
957.35	72.876
957.52	72.969
957.69	73.083
957.85	73.132
958.02	72.993
958.19	72.920
958.35	72.936
958.52	72.722
958.69	72.388
958.85	72.599
959.02	72.687
959.19	72.408
959.35	72.260
959.52	72.349
959.69	72.353
959.85	72.385
960.02	72.373
960.19	72.285
960.35	72.221
960.52	72.124
960.68	72.141
960.85	72.234
961.02	72.044
961.18	72.043
961.35	71.854
961.52	71.907
961.68	71.951
961.85	71.856
962.02	71.925
962.18	71.929
962.35	71.683
962.51	71.518
962.68	71.557
962.85	71.455
963.01	71.180
963.18	71.056
963.35	70.656
963.51	70.507
963.68	70.455
963.84	70.181
964.01	70.221
964.18	70.037
964.34	69.795
964.51	69.608
964.67	69.393
964.84	69.318
965.01	69.106
965.17	68.804
965.34	68.820
965.50	68.571
965.67	68.531
965.84	68.569
966.00	68.748
966.17	68.848
966.33	68.738
966.50	68.624
966.66	68.548
966.83	68.720
967.00	68.640
967.16	68.462
967.33	68.433
967.49	68.185
967.66	68.405
967.82	68.243
967.99	68.388
968.16	68.433
968.32	68.327
968.49	68.171
968.65	68.393
968.82	68.234
968.98	68.272
969.15	67.970
969.31	67.651
969.48	67.312
969.64	67.004
969.81	66.988
969.98	66.900
970.14	66.537
970.31	66.424
970.47	66.136
970.64	65.948
970.80	65.983
970.97	65.556
971.13	65.197
971.30	65.111
971.46	64.865
971.63	64.620
971.79	64.691
971.96	64.719
972.12	64.405
972.29	63.978
972.45	63.844
972.62	63.878
972.78	63.942
972.95	63.540
973.11	63.275
973.28	63.166
973.44	63.251
973.61	63.495
973.77	63.251
973.94	63.222
974.10	63.338
974.27	63.319
974.43	63.563
974.60	63.498
974.76	63.484
974.93	63.495
975.09	63.366
975.26	63.102
975.42	63.048
975.59	62.869
975.75	63.231
975.92	63.146
976.08	62.679
976.24	62.532
976.41	62.398
976.57	62.525
976.74	62.345
976.90	61.963
977.07	61.508
977.23	61.505
977.40	61.377
977.56	60.782
977.73	60.416
977.89	60.152
978.05	59.768
978.22	59.558
978.38	59.311
978.55	59.089
978.71	58.929
978.88	58.879
979.04	58.820
979.20	58.602
979.37	58.537
979.53	58.495
979.70	58.539
979.86	58.811
980.03	58.639
980.19	58.562
980.35	58.608
980.52	58.480
980.68	58.550
980.85	58.537
981.01	58.628
981.17	58.580
981.34	58.479
981.50	58.454
981.67	58.450
981.83	58.219
981.99	58.191
982.16	57.905
982.32	57.102
982.49	57.141
982.65	56.891
982.81	56.993
982.98	57.069
983.14	57.032
983.30	56.647
983.47	56.547
983.63	56.297
983.80	56.079
983.96	55.864
984.12	56.219
984.29	56.303
984.45	56.655
984.61	56.545
984.78	56.827
984.94	57.142
985.10	57.592
985.27	57.469
985.43	57.887
985.59	58.228
985.76	58.769
985.92	58.952
986.08	59.395
986.25	58.895
986.41	59.426
986.57	58.828
986.74	59.162
986.90	59.191
987.06	59.091
987.23	59.144
987.39	58.924
987.55	57.960
987.72	57.753
987.88	56.884
988.04	57.134
988.21	57.360
988.37	57.041
988.53	56.441
988.70	56.879
988.86	56.307
989.02	56.095
989.19	55.716
989.35	55.640
989.51	54.924
989.67	54.928
989.84	54.325
990.00	54.459
990.16	54.706
990.33	54.825
990.49	55.335
990.65	55.509
990.82	55.899
990.98	56.083
991.14	55.990
991.30	56.955
991.47	56.375
991.63	56.220
991.79	57.101
991.95	57.348
992.12	57.464
992.28	57.700
992.44	57.941
992.61	58.138
992.77	58.178
992.93	58.656
993.09	58.907
993.26	59.220
993.42	59.826
993.58	59.419
993.74	59.189
993.91	58.689
994.07	58.362
994.23	58.690
994.39	58.701
994.55	58.933
994.72	58.264
994.88	58.484
995.04	58.080
995.20	57.671
995.37	57.240
995.53	57.199
995.69	56.951
995.85	56.405
996.02	56.525
996.18	56.823
996.34	56.627
996.50	56.626
996.66	57.570
996.83	56.918
996.99	56.128
997.15	56.678
997.31	56.637
997.47	57.050
997.64	56.819
997.80	57.234
997.96	57.799
998.12	58.246
998.28	59.109
998.45	59.635
998.61	59.444
998.77	59.298
998.93	59.409
999.09	60.704
999.25	61.021
999.42	62.178
999.58	61.949
999.74	61.755
999.90	61.547
1000.06	60.609
1000.22	61.016
1000.39	61.850
1000.55	61.623
1000.71	62.460
1000.87	62.289
1001.03	62.063
1001.19	61.962
1001.36	61.319
1001.52	60.778
1001.68	60.313
1001.84	60.819
1002.00	60.007
1002.16	60.027
1002.32	59.572
1002.49	57.785
1002.65	57.611
1002.81	56.751
1002.97	56.408
1003.13	56.320
1003.29	57.264
1003.45	56.986
1003.62	57.692
1003.78	57.697
1003.94	57.974
1004.10	56.952
1004.26	57.171
1004.42	57.111
1004.58	57.138
1004.74	57.777
1004.90	59.372
1005.07	59.268
1005.23	58.227
1005.39	59.574
1005.55	60.412
1005.71	59.888
1005.87	61.228
1006.03	62.125
1006.19	62.631
1006.35	62.653
1006.51	63.503
1006.67	63.204
1006.84	63.160
1007.00	62.722
1007.16	63.948
1007.32	62.436
1007.48	63.766
1007.64	65.342
1007.80	65.394
1007.96	64.593
1008.12	64.628
1008.28	62.953
1008.44	64.345
1008.60	64.940
1008.76	63.363
1008.92	62.373
1009.09	62.550
1009.25	61.915
1009.41	61.379
1009.57	61.931
1009.73	62.692
1009.89	63.450
1010.05	64.278
1010.21	66.030
1010.37	65.923
1010.53	67.126
1010.69	69.279
1010.85	68.565
1011.01	67.049
1011.17	65.882
1011.33	67.716
1011.49	68.411
1011.65	68.702
1011.81	67.786
1011.97	68.086
1012.13	70.918
1012.29	72.787
1012.45	74.086
1012.61	77.842
1012.77	75.263
1012.93	74.417
1013.09	73.339
1013.25	73.704
1013.41	74.472
1013.57	71.827
1013.73	70.583
1013.89	66.290
1014.05	68.074
1014.21	66.278
1014.37	64.611
1014.53	64.427
1014.69	64.257
1014.85	64.230
1015.01	66.403
1015.17	68.913
1015.33	69.702
1015.49	68.148
1015.65	69.446
1015.81	70.527
1015.97	67.005
1016.13	71.197
1016.29	70.812
1016.45	71.683
1016.61	71.965
1016.77	68.757
1016.93	69.905
1017.09	70.006
1017.25	71.399
1017.41	70.257
1017.56	72.514
1017.72	79.291
1017.88	80.370
1018.04	82.048
1018.20	79.687
1018.36	79.033
1018.52	76.255
1018.68	77.434
1018.84	78.510
1019.00	76.543
1019.16	77.584
1019.32	80.868
1019.48	82.015
1019.64	84.905
1019.79	82.909
1019.95	79.252
1020.11	84.806
1020.27	84.350
1020.43	90.225
1020.59	93.408
1020.75	90.712
1020.91	94.066
1021.07	86.777
1021.23	87.183
1021.39	82.284
1021.54	88.204
1021.70	86.536
1021.86	87.188
1022.02	84.831
1022.18	82.339
1022.34	86.423
1022.50	85.382
1022.66	83.756
1022.82	82.680
1022.97	82.196
1023.13	84.272
1023.29	90.324
1023.45	88.894
1023.61	91.104
1023.77	89.013
1023.93	89.096
1024.08	89.664
1024.24	87.926
1024.40	90.774
1024.56	99.483
1024.72	104.240
1024.88	92.447
1025.04	96.880
1025.19	92.233
1025.35	90.116
1025.51	93.739
1025.67	94.515
1025.83	89.786
1025.99	91.575
1026.14	89.337
1026.30	97.778
1026.46	100.734
1026.62	92.052
1026.78	84.810
1026.94	81.265
1027.09	78.892
1027.25	76.933
1027.41	77.353
1027.57	76.985
1027.73	76.692
1027.89	71.262
1028.04	69.458
1028.20	68.814
1028.36	69.192
1028.52	68.527
1028.68	67.882
1028.83	68.925
1028.99	65.901
1029.15	66.635
1029.31	66.139
1029.47	67.764
1029.62	66.924
1029.78	66.589
1029.94	68.049
1030.10	69.941
1030.25	72.142
1030.41	77.199
1030.57	78.341
1030.73	82.493
1030.89	82.161
1031.04	83.577
1031.20	88.575
1031.36	97.592
1031.52	105.075
1031.67	108.160
1031.83	113.969
1031.99	125.295
1032.15	109.954
1032.30	124.179
1032.46	142.287
1032.62	131.693
1032.78	118.448
1032.93	132.289
1033.09	115.266
1033.25	109.889
1033.41	115.151
1033.56	111.903
1033.72	0.343
1033.88	367.500
1034.04	59.325
1034.19	58.242
1034.35	80.495
1034.51	-32.301
1034.66	51.513
1034.82	1094.167
1034.98	1094.167
1035.14	1094.167
