345.22	51.176
345.43	51.176
345.65	51.176
345.86	44.500
346.08	139.242
346.29	3.382
346.51	51.592
346.72	28.131
346.94	-234.744
347.15	-78.100
347.37	203.656
347.58	232.848
347.80	255.985
348.01	215.747
348.23	145.011
348.44	134.267
348.66	120.682
348.87	121.116
349.09	114.196
349.30	100.158
349.52	93.616
349.73	96.222
349.95	95.233
350.16	96.629
350.38	92.464
350.59	85.860
350.81	84.291
351.02	82.624
351.24	81.564
351.45	80.291
351.67	82.597
351.88	81.654
352.10	77.931
352.31	77.141
352.53	80.296
352.74	81.622
352.96	82.732
353.17	82.347
353.39	83.205
353.60	84.750
353.82	86.448
354.03	86.002
354.25	81.693
354.46	77.094
354.67	74.093
354.89	72.499
355.10	76.670
355.32	75.290
355.53	76.392
355.75	78.102
355.96	79.160
356.18	78.739
356.39	78.679
356.61	82.599
356.82	82.387
357.04	78.721
357.25	78.905
357.46	78.462
357.68	77.845
357.89	76.711
358.11	75.103
358.32	78.154
358.54	76.375
358.75	77.940
358.97	80.123
359.18	83.188
359.40	82.674
359.61	83.063
359.82	84.657
360.04	84.415
360.25	82.857
360.47	79.400
360.68	78.693
360.90	79.123
361.11	77.222
361.32	77.061
361.54	80.731
361.75	80.460
361.97	81.520
362.18	82.580
362.40	83.800
362.61	85.161
362.83	84.808
363.04	86.341
363.25	87.919
363.47	88.901
363.68	86.289
363.90	90.274
364.11	90.057
364.32	90.032
364.54	88.727
364.75	85.328
364.97	88.581
365.18	87.415
365.40	85.294
365.61	85.295
365.82	86.384
366.04	85.452
366.25	85.463
366.47	83.423
366.68	81.809
366.89	82.615
367.11	80.181
367.32	80.634
367.54	78.009
367.75	77.653
367.96	76.452
368.18	77.493
368.39	76.091
368.61	76.407
368.82	77.918
369.03	80.160
369.25	84.294
369.46	85.172
369.68	86.200
369.89	87.039
370.10	87.616
370.32	87.957
370.53	87.772
370.75	84.086
370.96	86.340
371.17	87.054
371.39	84.701
371.60	85.488
371.81	86.113
372.03	88.209
372.24	88.539
372.46	92.206
372.67	93.471
372.88	92.431
373.10	91.747
373.31	90.031
373.52	89.900
373.74	88.154
373.95	86.736
374.17	87.582
374.38	89.867
374.59	90.035
374.81	88.151
375.02	86.197
375.23	88.947
375.45	86.810
375.66	84.999
375.87	86.222
376.09	86.558
376.30	85.221
376.52	86.876
376.73	84.278
376.94	82.120
377.16	82.842
377.37	86.757
377.58	86.740
377.80	88.149
378.01	89.096
378.22	90.803
378.44	91.870
378.65	93.679
378.86	93.758
379.08	94.381
379.29	94.840
379.50	97.676
379.72	98.052
379.93	101.155
380.14	104.153
380.36	104.837
380.57	106.248
380.78	106.593
381.00	107.470
381.21	109.231
381.42	110.356
381.64	110.634
381.85	110.340
382.06	110.761
382.28	110.694
382.49	110.314
382.70	110.770
382.92	111.032
383.13	110.283
383.34	110.724
383.56	111.543
383.77	112.744
383.98	112.308
384.20	113.257
384.41	113.288
384.62	113.459
384.83	113.995
385.05	114.361
385.26	115.211
385.47	115.981
385.69	116.858
385.90	117.692
386.11	118.411
386.33	119.340
386.54	120.146
386.75	120.816
386.97	121.971
387.18	122.724
387.39	123.636
387.60	124.121
387.82	124.627
388.03	125.079
388.24	125.650
388.46	126.113
388.67	126.290
388.88	126.348
389.09	126.299
389.31	126.110
389.52	125.930
389.73	125.471
389.95	125.049
390.16	124.547
390.37	124.121
390.58	123.638
390.80	122.890
391.01	122.339
391.22	121.791
391.44	120.863
391.65	120.097
391.86	119.327
392.07	118.969
392.29	118.440
392.50	117.881
392.71	117.298
392.92	116.970
393.14	116.517
393.35	116.279
393.56	116.197
393.78	116.170
393.99	116.353
394.20	116.626
394.41	116.877
394.63	117.141
394.84	117.651
395.05	118.323
395.26	118.943
395.48	119.607
395.69	120.250
395.90	121.178
396.11	122.054
396.33	122.898
396.54	123.789
396.75	124.544
396.96	125.337
397.18	126.032
397.39	126.703
397.60	127.415
397.81	127.990
398.03	128.407
398.24	128.776
398.45	128.959
398.66	129.084
398.87	129.128
399.09	129.041
399.30	128.723
399.51	128.231
399.72	127.800
399.94	127.252
400.15	126.603
400.36	125.804
400.57	124.936
400.79	124.062
401.00	123.052
401.21	122.124
401.42	121.154
401.63	120.189
401.85	119.269
402.06	118.448
402.27	117.624
402.48	116.924
402.69	116.278
402.91	115.662
403.12	115.100
403.33	114.770
403.54	114.597
403.76	114.375
403.97	114.365
404.18	114.482
404.39	114.718
404.60	115.091
404.82	115.577
405.03	116.195
405.24	116.822
405.45	117.545
405.66	118.347
405.88	119.175
406.09	120.110
406.30	120.957
406.51	121.723
406.72	122.569
406.94	123.366
407.15	124.116
407.36	124.901
407.57	125.622
407.78	126.189
407.99	126.620
408.21	127.039
408.42	127.353
408.63	127.583
408.84	127.614
409.05	127.582
409.27	127.347
409.48	126.941
409.69	126.472
409.90	125.982
410.11	125.373
410.32	124.701
410.54	123.877
410.75	122.977
410.96	122.039
411.17	121.044
411.38	120.045
411.59	119.044
411.81	117.965
412.02	116.904
412.23	115.884
412.44	114.935
412.65	114.120
412.86	113.364
413.08	112.605
413.29	111.919
413.50	111.410
413.71	111.017
413.92	110.721
414.13	110.533
414.34	110.436
414.56	110.386
414.77	110.503
414.98	110.703
415.19	111.137
415.40	111.680
415.61	112.279
415.82	112.915
416.04	113.664
416.25	114.413
416.46	115.243
416.67	116.166
416.88	117.046
417.09	117.927
417.30	118.747
417.52	119.630
417.73	120.422
417.94	121.156
418.15	121.849
418.36	122.561
418.57	123.095
418.78	123.546
418.99	123.980
419.21	124.271
419.42	124.489
419.63	124.558
419.84	124.509
420.05	124.338
420.26	124.038
420.47	123.579
420.68	123.135
420.89	122.581
421.11	121.850
421.32	121.159
421.53	120.331
421.74	119.484
421.95	118.596
422.16	117.716
422.37	116.807
422.58	115.818
422.79	114.816
423.01	113.904
423.22	112.984
423.43	112.145
423.64	111.346
423.85	110.629
424.06	110.001
424.27	109.426
424.48	108.955
424.69	108.661
424.90	108.454
425.11	108.325
425.33	108.312
425.54	108.398
425.75	108.547
425.96	108.806
426.17	109.181
426.38	109.649
426.59	110.199
426.80	110.817
427.01	111.542
427.22	112.352
427.43	113.260
427.64	114.137
427.85	114.993
428.07	115.912
428.28	116.786
428.49	117.675
428.70	118.554
428.91	119.403
429.12	120.157
429.33	120.911
429.54	121.608
429.75	122.213
429.96	122.802
430.17	123.286
430.38	123.677
430.59	123.915
430.80	124.043
431.01	124.086
431.22	124.051
431.44	123.888
431.65	123.641
431.86	123.251
432.07	122.822
432.28	122.305
432.49	121.689
432.70	120.992
432.91	120.188
433.12	119.313
433.33	118.394
433.54	117.502
433.75	116.560
433.96	115.612
434.17	114.570
434.38	113.588
434.59	112.632
434.80	111.697
435.01	110.886
435.22	110.119
435.43	109.415
435.64	108.761
435.85	108.183
436.06	107.674
436.27	107.290
436.48	107.003
436.69	106.775
436.90	106.672
437.11	106.693
437.33	106.808
437.54	107.035
437.75	107.398
437.96	107.770
438.17	108.229
438.38	108.725
438.59	109.375
438.80	110.037
439.01	110.819
439.22	111.674
439.43	112.403
439.64	113.210
439.85	114.041
440.06	114.847
440.27	115.701
440.48	116.494
440.69	117.256
440.90	117.976
441.11	118.708
441.32	119.349
441.53	119.920
441.74	120.395
441.95	120.843
442.16	121.179
442.37	121.403
442.58	121.579
442.79	121.675
443.00	121.672
443.21	121.585
443.42	121.330
443.62	120.917
443.83	120.600
444.04	120.147
444.25	119.616
444.46	119.003
444.67	118.294
444.88	117.560
445.09	116.746
445.30	115.890
445.51	114.968
445.72	114.010
445.93	113.094
446.14	112.150
446.35	111.166
446.56	110.246
446.77	109.364
446.98	108.468
447.19	107.600
447.40	106.812
447.61	106.035
447.82	105.342
448.03	104.766
448.24	104.205
448.45	103.738
448.66	103.361
448.87	103.059
449.08	102.876
449.29	102.769
449.49	102.757
449.70	102.847
449.91	103.005
450.12	103.288
450.33	103.602
450.54	104.022
450.75	104.527
450.96	105.060
451.17	105.662
451.38	106.308
451.59	107.013
451.80	107.714
452.01	108.472
452.22	109.263
452.43	110.018
452.64	110.775
452.84	111.541
453.05	112.262
453.26	113.007
453.47	113.673
453.68	114.323
453.89	114.926
454.10	115.428
454.31	115.909
454.52	116.287
454.73	116.633
454.94	116.863
455.15	116.998
455.36	117.047
455.56	117.034
455.77	116.925
455.98	116.756
456.19	116.513
456.40	116.209
456.61	115.834
456.82	115.348
457.03	114.807
457.24	114.177
457.45	113.522
457.65	112.746
457.86	111.970
458.07	111.151
458.28	110.238
458.49	109.375
458.70	108.441
458.91	107.520
459.12	106.583
459.33	105.627
459.54	104.732
459.74	103.852
459.95	102.986
460.16	102.210
460.37	101.470
460.58	100.785
460.79	100.131
461.00	99.513
461.21	99.001
461.41	98.559
461.62	98.190
461.83	97.919
462.04	97.738
462.25	97.587
462.46	97.548
462.67	97.617
462.88	97.760
463.08	98.003
463.29	98.284
463.50	98.643
463.71	99.097
463.92	99.586
464.13	100.110
464.34	100.698
464.54	101.345
464.75	102.023
464.96	102.717
465.17	103.435
465.38	104.142
465.59	104.900
465.80	105.634
466.00	106.340
466.21	107.036
466.42	107.701
466.63	108.389
466.84	109.029
467.05	109.609
467.26	110.140
467.46	110.554
467.67	110.966
467.88	111.336
468.09	111.604
468.30	111.829
468.51	111.997
468.71	112.061
468.92	112.059
469.13	111.982
469.34	111.844
469.55	111.605
469.76	111.339
469.96	110.964
470.17	110.530
470.38	110.063
470.59	109.501
470.80	108.884
471.00	108.260
471.21	107.551
471.42	106.830
471.63	106.068
471.84	105.299
472.05	104.480
472.25	103.642
472.46	102.807
472.67	101.931
472.88	101.108
473.09	100.267
473.29	99.427
473.50	98.639
473.71	97.857
473.92	97.114
474.13	96.412
474.33	95.771
474.54	95.177
474.75	94.644
474.96	94.162
475.17	93.752
475.37	93.362
475.58	93.068
475.79	92.853
476.00	92.708
476.21	92.648
476.41	92.651
476.62	92.735
476.83	92.874
477.04	93.122
477.24	93.391
477.45	93.742
477.66	94.142
477.87	94.576
478.08	95.088
478.28	95.617
478.49	96.203
478.70	96.834
478.91	97.461
479.11	98.105
479.32	98.796
479.53	99.465
479.74	100.176
479.94	100.855
480.15	101.504
480.36	102.136
480.57	102.752
480.78	103.366
480.98	103.900
481.19	104.404
481.40	104.859
481.61	105.302
481.81	105.681
482.02	105.998
482.23	106.291
482.44	106.483
482.64	106.650
482.85	106.739
483.06	106.741
483.27	106.725
483.47	106.656
483.68	106.505
483.89	106.295
484.10	106.004
484.30	105.670
484.51	105.260
484.72	104.834
484.92	104.312
485.13	103.770
485.34	103.195
485.55	102.569
485.75	101.915
485.96	101.199
486.17	100.470
486.38	99.733
486.58	98.959
486.79	98.196
487.00	97.410
487.20	96.619
487.41	95.857
487.62	95.095
487.83	94.337
488.03	93.594
488.24	92.883
488.45	92.195
488.65	91.535
488.86	90.927
489.07	90.346
489.28	89.829
489.48	89.345
489.69	88.950
489.90	88.583
490.10	88.285
490.31	88.048
490.52	87.850
490.73	87.725
490.93	87.663
491.14	87.657
491.35	87.720
491.55	87.834
491.76	88.001
491.97	88.216
492.17	88.474
492.38	88.797
492.59	89.167
492.79	89.591
493.00	90.056
493.21	90.554
493.41	91.073
493.62	91.623
493.83	92.200
494.04	92.756
494.24	93.350
494.45	93.953
494.66	94.537
494.86	95.158
495.07	95.739
495.28	96.333
495.48	96.892
495.69	97.433
495.90	97.957
496.10	98.455
496.31	98.910
496.52	99.325
496.72	99.735
496.93	100.092
497.14	100.393
497.34	100.631
497.55	100.852
497.76	101.016
497.96	101.125
498.17	101.180
498.37	101.192
498.58	101.127
498.79	101.010
498.99	100.866
499.20	100.644
499.41	100.380
499.61	100.046
499.82	99.681
500.03	99.255
500.23	98.812
500.44	98.306
500.65	97.772
500.85	97.217
501.06	96.592
501.26	95.956
501.47	95.293
501.68	94.627
501.88	93.917
502.09	93.211
502.30	92.486
502.50	91.759
502.71	91.039
502.91	90.328
503.12	89.619
503.33	88.917
503.53	88.249
503.74	87.582
503.95	86.935
504.15	86.322
504.36	85.736
504.56	85.178
504.77	84.674
504.98	84.189
505.18	83.760
505.39	83.372
505.59	83.028
505.80	82.735
506.01	82.496
506.21	82.312
506.42	82.177
506.62	82.088
506.83	82.046
507.04	82.065
507.24	82.129
507.45	82.249
507.65	82.418
507.86	82.614
508.07	82.869
508.27	83.170
508.48	83.502
508.68	83.890
508.89	84.297
509.10	84.726
509.30	85.188
509.51	85.665
509.71	86.162
509.92	86.676
510.12	87.200
510.33	87.730
510.54	88.256
510.74	88.793
510.95	89.321
511.15	89.845
511.36	90.368
511.56	90.875
511.77	91.356
511.98	91.821
512.18	92.277
512.39	92.701
512.59	93.097
512.80	93.457
513.00	93.783
513.21	94.068
513.42	94.328
513.62	94.544
513.83	94.728
514.03	94.857
514.24	94.939
514.44	94.973
514.65	94.976
514.85	94.937
515.06	94.855
515.26	94.720
515.47	94.554
515.68	94.331
515.88	94.069
516.09	93.762
516.29	93.422
516.50	93.036
516.70	92.610
516.91	92.152
517.11	91.668
517.32	91.157
517.52	90.616
517.73	90.067
517.93	89.485
518.14	88.884
518.34	88.280
518.55	87.662
518.76	87.042
518.96	86.400
519.17	85.753
519.37	85.101
519.58	84.475
519.78	83.835
519.99	83.200
520.19	82.582
520.40	82.005
520.60	81.430
520.81	80.875
521.01	80.338
521.22	79.848
521.42	79.381
521.63	78.941
521.83	78.538
522.04	78.162
522.24	77.844
522.45	77.561
522.65	77.319
522.86	77.125
523.06	76.967
523.27	76.860
523.47	76.793
523.68	76.770
523.88	76.779
524.09	76.838
524.29	76.950
524.50	77.097
524.70	77.276
524.91	77.493
525.11	77.763
525.32	78.072
525.52	78.398
525.72	78.774
525.93	79.169
526.13	79.598
526.34	80.032
526.54	80.502
526.75	80.968
526.95	81.459
527.16	81.947
527.36	82.456
527.57	82.962
527.77	83.468
527.98	83.986
528.18	84.502
528.39	85.001
528.59	85.501
528.79	85.981
529.00	86.458
529.20	86.910
529.41	87.366
529.61	87.789
529.82	88.176
530.02	88.531
530.23	88.871
530.43	89.165
530.64	89.445
530.84	89.672
531.04	89.866
531.25	90.051
531.45	90.203
531.66	90.312
531.86	90.380
532.07	90.405
532.27	90.391
532.47	90.343
532.68	90.275
532.88	90.169
533.09	90.024
533.29	89.826
533.50	89.598
533.70	89.300
533.90	88.995
534.11	88.677
534.31	88.323
534.52	87.929
534.72	87.537
534.93	87.114
535.13	86.653
535.33	86.192
535.54	85.679
535.74	85.164
535.95	84.616
536.15	84.089
536.35	83.542
536.56	82.993
536.76	82.420
536.97	81.861
537.17	81.285
537.37	80.719
537.58	80.174
537.78	79.634
537.99	79.110
538.19	78.582
538.39	78.064
538.60	77.570
538.80	77.112
539.01	76.650
539.21	76.220
539.41	75.833
539.62	75.459
539.82	75.124
540.03	74.808
540.23	74.545
540.43	74.297
540.64	74.108
540.84	73.939
541.04	73.820
541.25	73.743
541.45	73.699
541.66	73.687
541.86	73.713
542.06	73.781
542.27	73.885
542.47	74.041
542.67	74.210
542.88	74.420
543.08	74.662
543.28	74.943
543.49	75.244
543.69	75.576
543.90	75.946
544.10	76.321
544.30	76.749
544.51	77.178
544.71	77.648
544.91	78.105
545.12	78.591
545.32	79.092
545.52	79.573
545.73	80.088
545.93	80.600
546.13	81.094
546.34	81.582
546.54	82.073
546.74	82.549
546.95	83.045
547.15	83.526
547.35	83.976
547.56	84.435
547.76	84.889
547.96	85.311
548.17	85.725
548.37	86.127
548.57	86.471
548.78	86.801
548.98	87.103
549.18	87.371
549.39	87.610
549.59	87.820
549.79	88.025
550.00	88.183
550.20	88.339
550.40	88.442
550.61	88.527
550.81	88.570
551.01	88.586
551.22	88.564
551.42	88.506
551.62	88.420
551.82	88.286
552.03	88.134
552.23	87.952
552.43	87.729
552.64	87.484
552.84	87.213
553.04	86.911
553.25	86.582
553.45	86.221
553.65	85.844
553.85	85.463
554.06	85.053
554.26	84.616
554.46	84.143
554.67	83.675
554.87	83.185
555.07	82.702
555.27	82.195
555.48	81.681
555.68	81.176
555.88	80.658
556.09	80.147
556.29	79.613
556.49	79.098
556.69	78.574
556.90	78.058
557.10	77.571
557.30	77.106
557.50	76.627
557.71	76.193
557.91	75.769
558.11	75.344
558.31	74.950
558.52	74.580
558.72	74.241
558.92	73.927
559.13	73.643
559.33	73.380
559.53	73.139
559.73	72.943
559.94	72.764
560.14	72.614
560.34	72.492
560.54	72.408
560.75	72.363
560.95	72.344
561.15	72.370
561.35	72.412
561.55	72.478
561.76	72.590
561.96	72.713
562.16	72.884
562.36	73.093
562.57	73.318
562.77	73.572
562.97	73.853
563.17	74.149
563.38	74.466
563.58	74.817
563.78	75.191
563.98	75.573
564.18	75.970
564.39	76.399
564.59	76.831
564.79	77.292
564.99	77.744
565.20	78.203
565.40	78.653
565.60	79.109
565.80	79.589
566.00	80.052
566.21	80.525
566.41	80.972
566.61	81.425
566.81	81.876
567.01	82.315
567.22	82.750
567.42	83.173
567.62	83.568
567.82	83.948
568.02	84.314
568.23	84.662
568.43	84.992
568.63	85.310
568.83	85.592
569.03	85.839
569.24	86.072
569.44	86.294
569.64	86.492
569.84	86.677
570.04	86.805
570.24	86.924
570.45	87.015
570.65	87.084
570.85	87.118
571.05	87.113
571.25	87.084
571.45	87.016
571.66	86.942
571.86	86.846
572.06	86.704
572.26	86.546
572.46	86.369
572.66	86.174
572.87	85.934
573.07	85.690
573.27	85.417
573.47	85.127
573.67	84.806
573.87	84.461
574.08	84.089
574.28	83.723
574.48	83.332
574.68	82.919
574.88	82.497
575.08	82.047
575.28	81.599
575.49	81.149
575.69	80.696
575.89	80.213
576.09	79.749
576.29	79.268
576.49	78.786
576.69	78.297
576.90	77.817
577.10	77.346
577.30	76.878
577.50	76.425
577.70	75.966
577.90	75.522
578.10	75.108
578.30	74.701
578.51	74.306
578.71	73.934
578.91	73.578
579.11	73.233
579.31	72.914
579.51	72.613
579.71	72.339
579.91	72.077
580.12	71.855
580.32	71.654
580.52	71.492
580.72	71.340
580.92	71.217
581.12	71.105
581.32	71.035
581.52	71.004
581.72	70.985
581.92	70.997
582.13	71.050
582.33	71.103
582.53	71.196
582.73	71.308
582.93	71.450
583.13	71.623
583.33	71.830
583.53	72.054
583.73	72.308
583.93	72.583
584.13	72.886
584.34	73.217
584.54	73.534
584.74	73.864
584.94	74.234
585.14	74.615
585.34	75.014
585.54	75.388
585.74	75.782
585.94	76.200
586.14	76.637
586.34	77.059
586.54	77.509
586.74	77.959
586.94	78.416
587.15	78.877
587.35	79.325
587.55	79.764
587.75	80.206
587.95	80.629
588.15	81.043
588.35	81.440
588.55	81.839
588.75	82.243
588.95	82.633
589.15	83.003
589.35	83.361
589.55	83.702
589.75	84.062
589.95	84.380
590.15	84.677
590.35	84.944
590.55	85.206
590.75	85.435
590.95	85.640
591.15	85.825
591.35	85.977
591.56	86.111
591.76	86.224
591.96	86.310
592.16	86.386
592.36	86.435
592.56	86.470
592.76	86.465
592.96	86.449
593.16	86.391
593.36	86.315
593.56	86.226
593.76	86.123
593.96	85.972
594.16	85.821
594.36	85.646
594.56	85.447
594.76	85.226
594.96	84.995
595.16	84.726
595.36	84.449
595.56	84.142
595.76	83.811
595.96	83.461
596.16	83.117
596.36	82.745
596.56	82.373
596.76	81.968
596.96	81.561
597.16	81.146
597.36	80.738
597.56	80.312
597.76	79.870
597.96	79.423
598.16	78.982
598.36	78.532
598.56	78.073
598.76	77.625
598.96	77.186
599.16	76.742
599.36	76.331
599.56	75.916
599.76	75.504
599.96	75.108
600.15	74.724
600.35	74.352
600.55	73.993
600.75	73.630
600.95	73.299
601.15	72.969
601.35	72.648
601.55	72.348
601.75	72.083
601.95	71.828
602.15	71.602
602.35	71.375
602.55	71.184
602.75	71.020
602.95	70.866
603.15	70.723
603.35	70.618
603.55	70.523
603.75	70.443
603.95	70.400
604.15	70.381
604.35	70.391
604.54	70.413
604.74	70.480
604.94	70.561
605.14	70.654
605.34	70.779
605.54	70.939
605.74	71.122
605.94	71.310
606.14	71.529
606.34	71.760
606.54	72.023
606.74	72.305
606.94	72.597
607.14	72.916
607.33	73.260
607.53	73.603
607.73	73.956
607.93	74.316
608.13	74.689
608.33	75.078
608.53	75.458
608.73	75.862
608.93	76.245
609.13	76.648
609.33	77.066
609.52	77.486
609.72	77.896
609.92	78.299
610.12	78.711
610.32	79.120
610.52	79.540
610.72	79.939
610.92	80.333
611.12	80.726
611.31	81.109
611.51	81.483
611.71	81.846
611.91	82.214
612.11	82.583
612.31	82.940
612.51	83.268
612.71	83.598
612.91	83.897
613.10	84.199
613.30	84.505
613.50	84.778
613.70	85.026
613.90	85.252
614.10	85.461
614.30	85.639
614.50	85.807
614.69	85.936
614.89	86.061
615.09	86.162
615.29	86.249
615.49	86.314
615.69	86.354
615.89	86.385
616.08	86.390
616.28	86.367
616.48	86.324
616.68	86.258
616.88	86.175
617.08	86.069
617.27	85.956
617.47	85.806
617.67	85.635
617.87	85.449
618.07	85.256
618.27	85.049
618.47	84.836
618.66	84.595
618.86	84.349
619.06	84.074
619.26	83.795
619.46	83.498
619.66	83.176
619.85	82.841
620.05	82.495
620.25	82.126
620.45	81.759
620.65	81.373
620.84	81.011
621.04	80.628
621.24	80.262
621.44	79.855
621.64	79.436
621.84	79.036
622.03	78.629
622.23	78.221
622.43	77.812
622.63	77.407
622.83	77.004
623.02	76.603
623.22	76.215
623.42	75.809
623.62	75.425
623.82	75.058
624.01	74.687
624.21	74.322
624.41	73.979
624.61	73.648
624.81	73.339
625.00	73.015
625.20	72.712
625.40	72.411
625.60	72.139
625.79	71.892
625.99	71.666
626.19	71.442
626.39	71.242
626.59	71.056
626.78	70.899
626.98	70.755
627.18	70.623
627.38	70.518
627.57	70.456
627.77	70.395
627.97	70.351
628.17	70.343
628.37	70.347
628.56	70.384
628.76	70.425
628.96	70.486
629.16	70.569
629.35	70.693
629.55	70.827
629.75	70.980
629.95	71.153
630.14	71.333
630.34	71.547
630.54	71.770
630.74	72.005
630.93	72.255
631.13	72.516
631.33	72.788
631.53	73.055
631.72	73.336
631.92	73.646
632.12	73.974
632.31	74.297
632.51	74.658
632.71	75.012
632.91	75.368
633.10	75.736
633.30	76.127
633.50	76.489
633.70	76.878
633.89	77.262
634.09	77.656
634.29	78.048
634.48	78.434
634.68	78.838
634.88	79.238
635.08	79.640
635.27	80.050
635.47	80.456
635.67	80.870
635.86	81.275
636.06	81.662
636.26	82.026
636.46	82.395
636.65	82.745
636.85	83.106
637.05	83.458
637.24	83.778
637.44	84.093
637.64	84.404
637.83	84.712
638.03	85.009
638.23	85.266
638.43	85.525
638.62	85.761
638.82	85.965
639.02	86.169
639.21	86.345
639.41	86.498
639.61	86.657
639.80	86.794
640.00	86.910
640.20	87.033
640.39	87.150
640.59	87.234
640.79	87.305
640.98	87.342
641.18	87.370
641.38	87.397
641.57	87.387
641.77	87.360
641.97	87.297
642.16	87.230
642.36	87.157
642.56	87.060
642.75	86.965
642.95	86.841
643.15	86.705
643.34	86.565
643.54	86.407
643.74	86.211
643.93	86.009
644.13	85.772
644.33	85.510
644.52	85.245
644.72	84.982
644.91	84.699
645.11	84.394
645.31	84.089
645.50	83.778
645.70	83.466
645.90	83.150
646.09	82.814
646.29	82.462
646.48	82.108
646.68	81.736
646.88	81.366
647.07	80.994
647.27	80.614
647.47	80.224
647.66	79.843
647.86	79.455
648.05	79.076
648.25	78.707
648.45	78.334
648.64	77.952
648.84	77.584
649.04	77.203
649.23	76.830
649.43	76.469
649.62	76.100
649.82	75.731
650.02	75.374
650.21	75.032
650.41	74.717
650.60	74.404
650.80	74.125
651.00	73.820
651.19	73.548
651.39	73.282
651.58	73.026
651.78	72.788
651.97	72.582
652.17	72.374
652.37	72.176
652.56	72.013
652.76	71.857
652.95	71.715
653.15	71.614
653.35	71.515
653.54	71.422
653.74	71.343
653.93	71.292
654.13	71.257
654.32	71.226
654.52	71.195
654.72	71.200
654.91	71.212
655.11	71.259
655.30	71.322
655.50	71.403
655.69	71.501
655.89	71.599
656.08	71.708
656.28	71.844
656.48	72.002
656.67	72.163
656.87	72.344
657.06	72.524
657.26	72.712
657.45	72.931
657.65	73.172
657.84	73.432
658.04	73.688
658.23	73.972
658.43	74.271
658.62	74.585
658.82	74.898
659.02	75.220
659.21	75.561
659.41	75.895
659.60	76.238
659.80	76.591
659.99	76.973
660.19	77.345
660.38	77.726
660.58	78.095
660.77	78.483
660.97	78.857
661.16	79.240
661.36	79.612
661.55	80.001
661.75	80.382
661.94	80.753
662.14	81.138
662.33	81.520
662.53	81.892
662.72	82.265
662.92	82.623
663.11	82.970
663.31	83.325
663.50	83.680
663.70	84.033
663.89	84.376
664.09	84.695
664.28	85.025
664.48	85.329
664.67	85.650
664.87	85.930
665.06	86.221
665.26	86.494
665.45	86.761
665.65	87.007
665.84	87.257
666.04	87.489
666.23	87.684
666.43	87.856
666.62	88.025
666.82	88.177
667.01	88.322
667.21	88.459
667.40	88.564
667.59	88.672
667.79	88.747
667.98	88.790
668.18	88.826
668.37	88.841
668.57	88.872
668.76	88.867
668.96	88.843
669.15	88.806
669.35	88.778
669.54	88.717
669.73	88.651
669.93	88.560
670.12	88.468
670.32	88.384
670.51	88.270
670.71	88.144
670.90	88.011
671.10	87.866
671.29	87.694
671.48	87.507
671.68	87.304
671.87	87.098
672.07	86.883
672.26	86.689
672.46	86.458
672.65	86.208
672.84	85.947
673.04	85.694
673.23	85.425
673.43	85.130
673.62	84.849
673.82	84.552
674.01	84.222
674.20	83.902
674.40	83.560
674.59	83.230
674.79	82.904
674.98	82.564
675.17	82.218
675.37	81.882
675.56	81.540
675.76	81.192
675.95	80.826
676.14	80.482
676.34	80.103
676.53	79.749
676.73	79.387
676.92	79.018
677.11	78.657
677.31	78.294
677.50	77.953
677.70	77.598
677.89	77.245
678.08	76.927
678.28	76.605
678.47	76.299
678.66	75.998
678.86	75.702
679.05	75.411
679.25	75.137
679.44	74.872
679.63	74.634
679.83	74.388
680.02	74.169
680.21	73.954
680.41	73.752
680.60	73.545
680.79	73.357
680.99	73.188
681.18	73.017
681.38	72.874
681.57	72.750
681.76	72.647
681.96	72.557
682.15	72.469
682.34	72.384
682.54	72.312
682.73	72.265
682.92	72.217
683.12	72.205
683.31	72.202
683.50	72.213
683.70	72.235
683.89	72.260
684.08	72.312
684.28	72.379
684.47	72.458
684.66	72.564
684.86	72.681
685.05	72.816
685.24	72.972
685.44	73.125
685.63	73.288
685.82	73.470
686.02	73.652
686.21	73.873
686.40	74.102
686.60	74.354
686.79	74.608
686.98	74.873
687.18	75.150
687.37	75.426
687.56	75.703
687.75	75.994
687.95	76.300
688.14	76.604
688.33	76.925
688.53	77.251
688.72	77.594
688.91	77.933
689.11	78.268
689.30	78.636
689.49	79.011
689.68	79.377
689.88	79.733
690.07	80.098
690.26	80.446
690.46	80.810
690.65	81.156
690.84	81.509
691.03	81.875
691.23	82.227
691.42	82.585
691.61	82.949
691.80	83.292
692.00	83.643
692.19	83.976
692.38	84.307
692.58	84.643
692.77	84.962
692.96	85.271
693.15	85.587
693.35	85.878
693.54	86.185
693.73	86.491
693.92	86.771
694.12	87.060
694.31	87.327
694.50	87.608
694.69	87.854
694.89	88.092
695.08	88.312
695.27	88.546
695.46	88.750
695.66	88.959
695.85	89.168
696.04	89.363
696.23	89.570
696.43	89.752
696.62	89.898
696.81	90.036
697.00	90.178
697.19	90.308
697.39	90.410
697.58	90.496
697.77	90.556
697.96	90.639
698.16	90.687
698.35	90.757
698.54	90.778
698.73	90.825
698.92	90.827
699.12	90.829
699.31	90.807
699.50	90.785
699.69	90.748
699.89	90.690
700.08	90.625
700.27	90.535
700.46	90.449
700.65	90.350
700.85	90.261
701.04	90.142
701.23	89.999
701.42	89.855
701.61	89.700
701.81	89.528
702.00	89.338
702.19	89.153
702.38	88.931
702.57	88.723
702.76	88.481
702.96	88.254
703.15	88.010
703.34	87.750
703.53	87.480
703.72	87.182
703.92	86.882
704.11	86.579
704.30	86.262
704.49	85.946
704.68	85.637
704.87	85.291
705.07	84.959
705.26	84.633
705.45	84.325
705.64	83.983
705.83	83.676
706.02	83.349
706.21	83.030
706.41	82.699
706.60	82.352
706.79	82.028
706.98	81.711
707.17	81.370
707.36	81.043
707.56	80.737
707.75	80.431
707.94	80.128
708.13	79.832
708.32	79.551
708.51	79.255
708.70	78.983
708.89	78.705
709.09	78.428
709.28	78.163
709.47	77.864
709.66	77.588
709.85	77.314
710.04	77.046
710.23	76.766
710.42	76.531
710.62	76.292
710.81	76.033
711.00	75.787
711.19	75.575
711.38	75.359
711.57	75.136
711.76	74.932
711.95	74.761
712.15	74.589
712.34	74.422
712.53	74.265
712.72	74.112
712.91	74.000
713.10	73.886
713.29	73.786
713.48	73.697
713.67	73.639
713.86	73.594
714.05	73.552
714.25	73.524
714.44	73.482
714.63	73.470
714.82	73.498
715.01	73.525
715.20	73.581
715.39	73.628
715.58	73.695
715.77	73.783
715.96	73.869
716.15	73.958
716.34	74.046
716.54	74.159
716.73	74.284
716.92	74.400
717.11	74.541
717.30	74.694
717.49	74.864
717.68	75.044
717.87	75.197
718.06	75.405
718.25	75.626
718.44	75.859
718.63	76.098
718.82	76.333
719.01	76.577
719.20	76.821
719.39	77.089
719.58	77.359
719.77	77.619
719.96	77.872
720.16	78.143
720.35	78.439
720.54	78.727
720.73	79.022
720.92	79.327
721.11	79.651
721.30	79.964
721.49	80.279
721.68	80.602
721.87	80.952
722.06	81.275
722.25	81.597
722.44	81.923
722.63	82.243
722.82	82.557
723.01	82.862
723.20	83.162
723.39	83.473
723.58	83.817
723.77	84.156
723.96	84.497
724.15	84.847
724.34	85.179
724.53	85.511
724.72	85.816
724.91	86.148
725.10	86.472
725.29	86.777
725.48	87.109
725.67	87.387
725.86	87.655
726.05	87.936
726.24	88.202
726.43	88.459
726.62	88.713
726.81	88.997
727.00	89.263
727.19	89.539
727.38	89.797
727.57	90.020
727.76	90.237
727.95	90.449
728.14	90.629
728.33	90.812
728.52	90.989
728.71	91.158
728.90	91.317
729.09	91.443
729.28	91.562
729.47	91.663
729.65	91.780
729.84	91.896
730.03	91.997
730.22	92.091
730.41	92.188
730.60	92.275
730.79	92.311
730.98	92.363
731.17	92.408
731.36	92.422
731.55	92.417
731.74	92.412
731.93	92.399
732.12	92.381
732.31	92.370
732.50	92.359
732.69	92.351
732.88	92.292
733.06	92.226
733.25	92.168
733.44	92.108
733.63	92.015
733.82	91.918
734.01	91.788
734.20	91.660
734.39	91.506
734.58	91.361
734.77	91.228
734.96	91.057
735.15	90.870
735.33	90.677
735.52	90.502
735.71	90.306
735.90	90.096
736.09	89.867
736.28	89.615
736.47	89.357
736.66	89.091
736.85	88.831
737.04	88.547
737.23	88.276
737.41	87.976
737.60	87.719
737.79	87.416
737.98	87.139
738.17	86.853
738.36	86.588
738.55	86.306
738.74	86.022
738.92	85.735
739.11	85.453
739.30	85.152
739.49	84.841
739.68	84.546
739.87	84.272
740.06	84.005
740.25	83.707
740.43	83.430
740.62	83.133
740.81	82.832
741.00	82.563
741.19	82.262
741.38	81.964
741.57	81.655
741.75	81.380
741.94	81.080
742.13	80.782
742.32	80.465
742.51	80.164
742.70	79.876
742.89	79.601
743.07	79.316
743.26	79.046
743.45	78.752
743.64	78.493
743.83	78.210
744.02	77.904
744.20	77.652
744.39	77.394
744.58	77.154
744.77	76.933
744.96	76.728
745.15	76.548
745.33	76.378
745.52	76.207
745.71	76.036
745.90	75.880
746.09	75.746
746.28	75.619
746.46	75.476
746.65	75.327
746.84	75.202
747.03	75.081
747.22	74.981
747.40	74.916
747.59	74.829
747.78	74.759
747.97	74.740
748.16	74.706
748.34	74.652
748.53	74.629
748.72	74.618
748.91	74.589
749.10	74.565
749.28	74.564
749.47	74.586
749.66	74.597
749.85	74.606
750.04	74.624
750.22	74.652
750.41	74.709
750.60	74.785
750.79	74.836
750.97	74.907
751.16	75.003
751.35	75.088
751.54	75.174
751.73	75.297
751.91	75.399
752.10	75.547
752.29	75.679
752.48	75.836
752.66	75.994
752.85	76.162
753.04	76.339
753.23	76.534
753.41	76.707
753.60	76.923
753.79	77.144
753.98	77.355
754.16	77.580
754.35	77.802
754.54	78.022
754.73	78.282
754.91	78.544
755.10	78.793
755.29	79.064
755.48	79.322
755.66	79.585
755.85	79.863
756.04	80.115
756.22	80.408
756.41	80.671
756.60	80.947
756.79	81.238
756.97	81.532
757.16	81.785
757.35	82.076
757.54	82.367
757.72	82.659
757.91	82.959
758.10	83.257
758.28	83.550
758.47	83.841
758.66	84.157
758.85	84.451
759.03	84.754
759.22	85.054
759.41	85.367
759.59	85.669
759.78	85.967
759.97	86.247
760.15	86.522
760.34	86.829
760.53	87.104
760.71	87.367
760.90	87.656
761.09	87.939
761.28	88.215
761.46	88.474
761.65	88.735
761.84	89.009
762.02	89.269
762.21	89.550
762.40	89.792
762.58	90.004
762.77	90.223
762.96	90.449
763.14	90.683
763.33	90.896
763.52	91.077
763.70	91.238
763.89	91.428
764.08	91.619
764.26	91.755
764.45	91.927
764.64	92.101
764.82	92.224
765.01	92.355
765.20	92.458
765.38	92.578
765.57	92.667
765.75	92.746
765.94	92.807
766.13	92.879
766.31	92.964
766.50	93.026
766.69	93.123
766.87	93.204
767.06	93.244
767.25	93.296
767.43	93.366
767.62	93.440
767.80	93.482
767.99	93.494
768.18	93.506
768.36	93.502
768.55	93.488
768.74	93.471
768.92	93.454
769.11	93.457
769.29	93.422
769.48	93.405
769.67	93.348
769.85	93.313
770.04	93.200
770.22	93.100
770.41	92.978
770.60	92.831
770.78	92.660
770.97	92.506
771.15	92.357
771.34	92.167
771.53	92.003
771.71	91.827
771.90	91.676
772.08	91.559
772.27	91.392
772.46	91.197
772.64	91.006
772.83	90.807
773.01	90.559
773.20	90.329
773.39	90.108
773.57	89.878
773.76	89.640
773.94	89.448
774.13	89.207
774.31	88.955
774.50	88.735
774.68	88.488
774.87	88.242
775.06	87.944
775.24	87.686
775.43	87.390
775.61	87.102
775.80	86.814
775.98	86.497
776.17	86.186
776.36	85.891
776.54	85.596
776.73	85.290
776.91	85.008
777.10	84.718
777.28	84.394
777.47	84.104
777.65	83.803
777.84	83.489
778.02	83.210
778.21	82.936
778.39	82.623
778.58	82.341
778.77	82.063
778.95	81.814
779.14	81.552
779.32	81.305
779.51	81.065
779.69	80.795
779.88	80.548
780.06	80.307
780.25	80.056
780.43	79.803
780.62	79.574
780.80	79.337
780.99	79.098
781.17	78.861
781.36	78.619
781.54	78.400
781.73	78.145
781.91	77.922
782.10	77.713
782.28	77.503
782.47	77.296
782.65	77.070
782.84	76.858
783.02	76.667
783.21	76.487
783.39	76.304
783.58	76.133
783.76	75.943
783.95	75.780
784.13	75.661
784.32	75.536
784.50	75.400
784.69	75.303
784.87	75.202
785.05	75.124
785.24	75.044
785.42	74.972
785.61	74.912
785.79	74.856
785.98	74.813
786.16	74.754
786.35	74.732
786.53	74.712
786.72	74.684
786.90	74.663
787.09	74.629
787.27	74.626
787.45	74.644
787.64	74.654
787.82	74.663
788.01	74.669
788.19	74.698
788.38	74.728
788.56	74.704
788.75	74.752
788.93	74.809
789.11	74.842
789.30	74.868
789.48	74.935
789.67	75.009
789.85	75.067
790.04	75.185
790.22	75.279
790.40	75.393
790.59	75.494
790.77	75.611
790.96	75.758
791.14	75.894
791.32	76.020
791.51	76.170
791.69	76.333
791.88	76.498
792.06	76.666
792.25	76.828
792.43	77.052
792.61	77.233
792.80	77.395
792.98	77.614
793.17	77.820
793.35	77.993
793.53	78.186
793.72	78.424
793.90	78.631
794.08	78.835
794.27	79.048
794.45	79.297
794.64	79.514
794.82	79.739
795.00	79.935
795.19	80.170
795.37	80.398
795.55	80.585
795.74	80.821
795.92	81.058
796.11	81.325
796.29	81.576
796.47	81.819
796.66	82.053
796.84	82.315
797.02	82.586
797.21	82.875
797.39	83.145
797.58	83.401
797.76	83.643
797.94	83.915
798.13	84.181
798.31	84.462
798.49	84.715
798.68	84.962
798.86	85.259
799.04	85.499
799.23	85.762
799.41	86.040
799.59	86.281
799.78	86.488
799.96	86.720
800.14	86.956
800.33	87.196
800.51	87.464
800.69	87.665
800.88	87.897
801.06	88.140
801.24	88.318
801.43	88.515
801.61	88.705
801.79	88.884
801.98	89.064
802.16	89.252
802.34	89.462
802.52	89.658
802.71	89.798
802.89	89.986
803.07	90.152
803.26	90.299
803.44	90.428
803.62	90.588
803.81	90.719
803.99	90.811
804.17	90.904
804.35	90.984
804.54	91.067
804.72	91.172
804.90	91.254
805.09	91.387
805.27	91.500
805.45	91.612
805.63	91.684
805.82	91.763
806.00	91.767
806.18	91.809
806.37	91.861
806.55	91.881
806.73	91.915
806.91	91.931
807.10	91.973
807.28	92.000
807.46	92.024
807.64	92.024
807.83	92.035
808.01	92.041
808.19	91.990
808.37	91.950
808.56	91.889
808.74	91.836
808.92	91.774
809.10	91.672
809.29	91.613
809.47	91.547
809.65	91.421
809.83	91.372
810.02	91.267
810.20	91.170
810.38	91.082
810.56	90.960
810.75	90.874
810.93	90.764
811.11	90.645
811.29	90.522
811.47	90.397
811.66	90.246
811.84	90.098
812.02	90.037
812.20	89.927
812.39	89.806
812.57	89.676
812.75	89.545
812.93	89.449
813.11	89.293
813.30	89.165
813.48	89.061
813.66	88.897
813.84	88.744
814.02	88.565
814.21	88.422
814.39	88.222
814.57	88.028
814.75	87.826
814.93	87.632
815.12	87.415
815.30	87.203
815.48	87.001
815.66	86.781
815.84	86.522
816.03	86.275
816.21	85.998
816.39	85.754
816.57	85.453
816.75	85.140
816.93	84.847
817.12	84.534
817.30	84.226
817.48	83.922
817.66	83.658
817.84	83.396
818.02	83.138
818.21	82.859
818.39	82.601
818.57	82.328
818.75	82.102
818.93	81.845
819.11	81.578
819.30	81.322
819.48	81.094
819.66	80.869
819.84	80.673
820.02	80.450
820.20	80.210
820.38	79.984
820.57	79.769
820.75	79.584
820.93	79.376
821.11	79.171
821.29	78.988
821.47	78.764
821.65	78.543
821.83	78.315
822.02	78.125
822.20	77.912
822.38	77.742
822.56	77.486
822.74	77.256
822.92	77.008
823.10	76.801
823.28	76.557
823.46	76.324
823.65	76.073
823.83	75.864
824.01	75.654
824.19	75.436
824.37	75.220
824.55	74.977
824.73	74.790
824.91	74.583
825.09	74.380
825.27	74.188
825.46	73.977
825.64	73.768
825.82	73.596
826.00	73.398
826.18	73.219
826.36	73.070
826.54	72.943
826.72	72.862
826.90	72.751
827.08	72.659
827.26	72.569
827.44	72.469
827.63	72.380
827.81	72.302
827.99	72.260
828.17	72.201
828.35	72.151
828.53	72.091
828.71	72.080
828.89	72.044
829.07	72.018
829.25	71.989
829.43	71.993
829.61	71.966
829.79	71.953
829.97	71.951
830.15	71.925
830.33	71.925
830.51	71.906
830.69	71.904
830.87	71.859
831.06	71.871
831.24	71.889
831.42	71.902
831.60	71.896
831.78	71.919
831.96	71.966
832.14	72.030
832.32	72.092
832.50	72.128
832.68	72.168
832.86	72.203
833.04	72.300
833.22	72.349
833.40	72.443
833.58	72.514
833.76	72.579
833.94	72.696
834.12	72.810
834.30	72.930
834.48	73.032
834.66	73.194
834.84	73.285
835.02	73.423
835.20	73.567
835.38	73.729
835.56	73.893
835.74	74.060
835.92	74.221
836.10	74.367
836.28	74.520
836.46	74.699
836.64	74.878
836.82	75.014
837.00	75.185
837.18	75.352
837.36	75.554
837.54	75.735
837.72	75.925
837.90	76.119
838.08	76.309
838.26	76.500
838.43	76.678
838.61	76.890
838.79	77.094
838.97	77.289
839.15	77.494
839.33	77.676
839.51	77.826
839.69	78.003
839.87	78.202
840.05	78.429
840.23	78.627
840.41	78.834
840.59	79.002
840.77	79.220
840.95	79.397
841.13	79.567
841.31	79.744
841.49	79.900
841.67	80.034
841.84	80.212
842.02	80.349
842.20	80.554
842.38	80.686
842.56	80.829
842.74	80.988
842.92	81.101
843.10	81.250
843.28	81.441
843.46	81.584
843.64	81.688
843.82	81.826
843.99	81.949
844.17	82.111
844.35	82.349
844.53	82.513
844.71	82.721
844.89	82.855
845.07	83.049
845.25	83.241
845.43	83.436
845.61	83.603
845.78	83.823
845.96	83.985
846.14	84.191
846.32	84.388
846.50	84.548
846.68	84.785
846.86	84.958
847.04	85.125
847.22	85.236
847.39	85.429
847.57	85.551
847.75	85.689
847.93	85.763
848.11	85.862
848.29	86.006
848.47	86.074
848.65	86.221
848.82	86.280
849.00	86.362
849.18	86.413
849.36	86.457
849.54	86.520
849.72	86.523
849.89	86.585
850.07	86.653
850.25	86.669
850.43	86.644
850.61	86.653
850.79	86.617
850.97	86.698
851.14	86.721
851.32	86.722
851.50	86.741
851.68	86.808
851.86	86.871
852.04	86.851
852.21	86.886
852.39	86.906
852.57	86.978
852.75	86.994
852.93	87.012
853.10	87.009
853.28	86.973
853.46	86.987
853.64	86.928
853.82	86.849
854.00	86.876
854.17	86.825
854.35	86.753
854.53	86.729
854.71	86.645
854.89	86.537
855.06	86.508
855.24	86.462
855.42	86.378
855.60	86.238
855.78	86.145
855.95	86.034
856.13	85.931
856.31	85.743
856.49	85.604
856.66	85.506
856.84	85.357
857.02	85.295
857.20	85.215
857.38	85.062
857.55	84.937
857.73	84.714
857.91	84.622
858.09	84.462
858.26	84.318
858.44	84.184
858.62	84.061
858.80	83.879
858.97	83.710
859.15	83.525
859.33	83.314
859.51	83.155
859.68	82.972
859.86	82.784
860.04	82.620
860.22	82.419
860.39	82.215
860.57	82.004
860.75	81.735
860.93	81.512
861.10	81.376
861.28	81.201
861.46	81.002
861.64	80.794
861.81	80.649
861.99	80.441
862.17	80.213
862.35	80.003
862.52	79.844
862.70	79.634
862.88	79.466
863.05	79.266
863.23	79.047
863.41	78.857
863.59	78.638
863.76	78.475
863.94	78.278
864.12	78.086
864.29	77.918
864.47	77.700
864.65	77.497
864.83	77.237
865.00	76.997
865.18	76.819
865.36	76.627
865.53	76.407
865.71	76.251
865.89	76.051
866.06	75.835
866.24	75.586
866.42	75.382
866.59	75.148
866.77	74.989
866.95	74.783
867.12	74.529
867.30	74.352
867.48	74.113
867.65	73.914
867.83	73.692
868.01	73.507
868.18	73.308
868.36	73.104
868.54	72.938
868.71	72.780
868.89	72.613
869.07	72.418
869.24	72.243
869.42	72.033
869.60	71.870
869.77	71.748
869.95	71.583
870.13	71.416
870.30	71.291
870.48	71.084
870.66	70.929
870.83	70.812
871.01	70.618
871.18	70.474
871.36	70.332
871.54	70.176
871.71	70.036
871.89	69.930
872.07	69.751
872.24	69.614
872.42	69.507
872.59	69.389
872.77	69.248
872.95	69.142
873.12	68.993
873.30	68.855
873.48	68.736
873.65	68.632
873.83	68.527
874.00	68.400
874.18	68.315
874.36	68.236
874.53	68.142
874.71	68.051
874.88	67.977
875.06	67.922
875.24	67.903
875.41	67.849
875.59	67.796
875.76	67.813
875.94	67.756
876.11	67.634
876.29	67.521
876.47	67.484
876.64	67.408
876.82	67.357
876.99	67.310
877.17	67.267
877.35	67.231
877.52	67.184
877.70	67.136
877.87	67.115
878.05	67.107
878.22	67.109
878.40	67.146
878.57	67.135
878.75	67.094
878.93	67.046
879.10	67.042
879.28	67.044
879.45	67.043
879.63	67.021
879.80	67.017
879.98	67.073
880.15	67.102
880.33	67.157
880.50	67.205
880.68	67.307
880.86	67.356
881.03	67.428
881.21	67.520
881.38	67.597
881.56	67.752
881.73	67.803
881.91	67.865
882.08	67.925
882.26	68.048
882.43	68.170
882.61	68.338
882.78	68.443
882.96	68.579
883.13	68.683
883.31	68.830
883.48	69.028
883.66	69.175
883.83	69.318
884.01	69.431
884.18	69.637
884.36	69.780
884.53	69.917
884.71	70.063
884.88	70.159
885.06	70.312
885.23	70.384
885.41	70.525
885.58	70.640
885.76	70.801
885.93	70.879
886.11	71.050
886.28	71.147
886.46	71.278
886.63	71.408
886.81	71.531
886.98	71.708
887.15	71.808
887.33	71.981
887.50	72.164
887.68	72.329
887.85	72.424
888.03	72.557
888.20	72.712
888.38	72.866
888.55	73.046
888.73	73.133
888.90	73.272
889.08	73.412
889.25	73.537
889.42	73.677
889.60	73.870
889.77	73.947
889.95	74.106
890.12	74.195
890.30	74.288
890.47	74.380
890.64	74.514
890.82	74.663
890.99	74.774
891.17	74.883
891.34	74.997
891.52	75.122
891.69	75.252
891.86	75.376
892.04	75.497
892.21	75.651
892.39	75.898
892.56	76.070
892.73	76.168
892.91	76.330
893.08	76.531
893.26	76.632
893.43	76.819
893.60	76.917
893.78	77.096
893.95	77.270
894.13	77.517
894.30	77.684
894.47	77.890
894.65	78.027
894.82	78.190
895.00	78.339
895.17	78.516
895.34	78.701
895.52	78.884
895.69	79.004
895.86	79.148
896.04	79.188
896.21	79.349
896.39	79.556
896.56	79.729
896.73	79.744
896.91	79.809
897.08	79.904
897.25	80.089
897.43	80.144
897.60	80.251
897.77	80.272
897.95	80.266
898.12	80.278
898.30	80.397
898.47	80.414
898.64	80.473
898.82	80.495
898.99	80.477
899.16	80.478
899.34	80.475
899.51	80.401
899.68	80.400
899.86	80.356
900.03	80.292
900.20	80.242
900.38	80.276
900.55	80.367
900.72	80.311
900.90	80.242
901.07	80.354
901.24	80.325
901.41	80.347
901.59	80.369
901.76	80.372
901.93	80.337
902.11	80.281
902.28	80.291
902.45	80.391
902.63	80.442
902.80	80.426
902.97	80.440
903.15	80.545
903.32	80.625
903.49	80.623
903.66	80.675
903.84	80.712
904.01	80.705
904.18	80.686
904.36	80.734
904.53	80.715
904.70	80.657
904.87	80.656
905.05	80.582
905.22	80.610
905.39	80.578
905.56	80.504
905.74	80.471
905.91	80.383
906.08	80.267
906.26	80.172
906.43	80.082
906.60	79.980
906.77	79.825
906.95	79.713
907.12	79.602
907.29	79.442
907.46	79.417
907.64	79.322
907.81	79.208
907.98	79.029
908.15	78.929
908.33	78.812
908.50	78.686
908.67	78.601
908.84	78.473
909.01	78.329
909.19	78.251
909.36	78.140
909.53	78.016
909.70	77.801
909.88	77.702
910.05	77.538
910.22	77.471
910.39	77.355
910.57	77.256
910.74	77.169
910.91	77.123
911.08	76.909
911.25	76.767
911.43	76.651
911.60	76.535
911.77	76.400
911.94	76.177
912.11	76.015
912.29	75.803
912.46	75.561
912.63	75.362
912.80	75.141
912.97	74.956
913.15	74.815
913.32	74.674
913.49	74.460
913.66	74.383
913.83	74.169
914.00	73.953
914.18	73.747
914.35	73.544
914.52	73.269
914.69	73.048
914.86	72.849
915.03	72.631
915.21	72.489
915.38	72.255
915.55	72.162
915.72	71.998
915.89	71.877
916.06	71.794
916.24	71.714
916.41	71.553
916.58	71.430
916.75	71.222
916.92	71.047
917.09	70.852
917.26	70.574
917.44	70.361
917.61	70.240
917.78	70.029
917.95	69.869
918.12	69.683
918.29	69.594
918.46	69.394
918.64	69.245
918.81	69.092
918.98	68.967
919.15	68.786
919.32	68.628
919.49	68.394
919.66	68.183
919.83	67.972
920.00	67.786
920.18	67.636
920.35	67.578
920.52	67.458
920.69	67.393
920.86	67.374
921.03	67.268
921.20	67.115
921.37	67.001
921.54	66.759
921.71	66.638
921.89	66.461
922.06	66.399
922.23	66.267
922.40	66.134
922.57	65.924
922.74	65.818
922.91	65.722
923.08	65.648
923.25	65.537
923.42	65.436
923.59	65.392
923.76	65.163
923.93	64.959
924.11	64.782
924.28	64.630
924.45	64.491
924.62	64.450
924.79	64.352
924.96	64.171
925.13	64.120
925.30	64.003
925.47	63.834
925.64	63.716
925.81	63.642
925.98	63.572
926.15	63.540
926.32	63.366
926.49	63.254
926.66	63.161
926.83	63.064
927.00	63.020
927.17	62.884
927.34	62.942
927.51	62.902
927.69	62.932
927.86	62.893
928.03	62.764
928.20	62.704
928.37	62.597
928.54	62.632
928.71	62.592
928.88	62.621
929.05	62.643
929.22	62.627
929.39	62.562
929.56	62.479
929.73	62.426
929.90	62.484
930.07	62.475
930.24	62.426
930.41	62.423
930.58	62.468
930.75	62.536
930.92	62.479
931.09	62.446
931.26	62.412
931.43	62.376
931.60	62.384
931.77	62.336
931.94	62.401
932.11	62.416
932.27	62.446
932.44	62.458
932.61	62.478
932.78	62.426
932.95	62.520
933.12	62.470
933.29	62.525
933.46	62.521
933.63	62.446
933.80	62.466
933.97	62.474
934.14	62.440
934.31	62.372
934.48	62.412
934.65	62.440
934.82	62.492
934.99	62.540
935.16	62.594
935.33	62.668
935.50	62.780
935.67	62.863
935.84	62.887
936.00	62.877
936.17	62.960
936.34	63.090
936.51	63.076
936.68	63.153
936.85	63.170
937.02	63.272
937.19	63.332
937.36	63.470
937.53	63.463
937.70	63.537
937.87	63.641
938.03	63.635
938.20	63.696
938.37	63.767
938.54	63.817
938.71	63.882
938.88	63.991
939.05	63.934
939.22	63.875
939.39	63.960
939.56	64.161
939.72	64.194
939.89	64.232
940.06	64.291
940.23	64.363
940.40	64.456
940.57	64.602
940.74	64.772
940.91	64.822
941.08	65.028
941.24	65.105
941.41	65.276
941.58	65.518
941.75	65.658
941.92	65.809
942.09	65.933
942.26	66.025
942.42	66.083
942.59	66.282
942.76	66.638
942.93	66.812
943.10	66.829
943.27	67.017
943.44	67.157
943.60	67.346
943.77	67.361
943.94	67.584
944.11	67.595
944.28	67.681
944.45	67.821
944.61	67.915
944.78	67.964
944.95	68.008
945.12	68.196
945.29	68.311
945.46	68.272
945.62	68.317
945.79	68.527
945.96	68.825
946.13	69.005
946.30	69.005
946.46	69.170
946.63	69.296
946.80	69.404
946.97	69.582
947.14	69.666
947.31	70.181
947.47	70.407
947.64	70.596
947.81	70.771
947.98	70.974
948.15	71.077
948.31	71.315
948.48	71.464
948.65	71.477
948.82	71.614
948.98	71.790
949.15	72.119
949.32	72.154
949.49	72.154
949.66	72.222
949.82	72.300
949.99	72.413
950.16	72.532
950.33	72.511
950.49	72.593
950.66	72.554
950.83	72.406
951.00	72.241
951.16	72.069
951.33	72.087
951.50	72.020
951.67	72.072
951.83	72.105
952.00	72.098
952.17	72.034
952.34	72.064
952.50	72.232
952.67	72.170
952.84	72.239
953.01	72.182
953.17	72.191
953.34	72.297
953.51	72.209
953.68	72.119
953.84	72.086
954.01	72.031
954.18	71.991
954.34	72.061
954.51	72.150
954.68	72.304
954.85	72.338
955.01	72.482
955.18	72.770
955.35	72.543
955.51	72.526
955.68	72.648
955.85	72.830
956.02	72.702
956.18	72.765
956.35	72.716
956.52	72.772
956.68	72.778
956.85	72.652
957.02	72.737
957.18	72.778
957.35	72.833
957.52	72.910
957.69	73.050
957.85	73.084
958.02	72.959
958.19	72.842
958.35	72.818
958.52	72.597
958.69	72.223
958.85	72.422
959.02	72.517
959.19	72.256
959.35	72.115
959.52	72.183
959.69	72.179
959.85	72.209
960.02	72.217
960.19	72.139
960.35	72.095
960.52	71.969
960.68	71.953
960.85	72.030
961.02	71.799
961.18	71.816
961.35	71.593
961.52	71.633
961.68	71.662
961.85	71.589
962.02	71.595
962.18	71.651
962.35	71.414
962.51	71.284
962.68	71.356
962.85	71.266
963.01	70.983
963.18	70.896
963.35	70.495
963.51	70.326
963.68	70.305
963.84	70.081
964.01	70.118
964.18	69.949
964.34	69.712
964.51	69.582
964.67	69.338
964.84	69.277
965.01	69.076
965.17	68.824
965.34	68.804
965.50	68.627
965.67	68.574
965.84	68.570
966.00	68.692
966.17	68.740
966.33	68.624
966.50	68.508
966.66	68.420
966.83	68.570
967.00	68.479
967.16	68.277
967.33	68.216
967.49	68.029
967.66	68.278
967.82	68.112
967.99	68.314
968.16	68.309
968.32	68.243
968.49	68.007
968.65	68.183
968.82	68.023
968.98	68.090
969.15	67.757
969.31	67.458
969.48	67.144
969.64	66.863
969.81	66.864
969.98	66.838
970.14	66.463
970.31	66.415
970.47	66.153
970.64	65.943
970.80	65.988
970.97	65.503
971.13	65.099
971.30	64.997
971.46	64.732
971.63	64.532
971.79	64.555
971.96	64.643
972.12	64.364
972.29	63.998
972.45	63.797
972.62	63.861
972.78	63.920
972.95	63.606
973.11	63.351
973.28	63.162
973.44	63.173
973.61	63.427
973.77	63.207
973.94	63.208
974.10	63.367
974.27	63.349
974.43	63.649
974.60	63.654
974.76	63.624
974.93	63.589
975.09	63.423
975.26	63.183
975.42	63.148
975.59	62.982
975.75	63.349
975.92	63.297
976.08	62.758
976.24	62.660
976.41	62.426
976.57	62.515
976.74	62.396
976.90	61.972
977.07	61.498
977.23	61.472
977.40	61.324
977.56	60.720
977.73	60.381
977.89	60.050
978.05	59.629
978.22	59.411
978.38	59.107
978.55	58.907
978.71	58.769
978.88	58.751
979.04	58.750
979.20	58.499
979.37	58.400
979.53	58.470
979.70	58.532
979.86	58.791
980.03	58.632
980.19	58.508
980.35	58.648
980.52	58.478
980.68	58.549
980.85	58.496
981.01	58.600
981.17	58.572
981.34	58.452
981.50	58.462
981.67	58.573
981.83	58.485
981.99	58.343
982.16	58.097
982.32	57.199
982.49	57.103
982.65	56.927
982.81	57.076
982.98	57.024
983.14	56.905
983.30	56.601
983.47	56.550
983.63	56.363
983.80	56.144
983.96	55.983
984.12	56.374
984.29	56.506
984.45	56.748
984.61	56.508
984.78	56.701
984.94	56.954
985.10	57.376
985.27	57.203
985.43	57.814
985.59	58.210
985.76	58.836
985.92	59.043
986.08	59.435
986.25	58.845
986.41	59.457
986.57	58.874
986.74	59.147
986.90	59.111
987.06	59.083
987.23	58.992
987.39	58.804
987.55	57.726
987.72	57.490
987.88	56.673
988.04	57.057
988.21	57.494
988.37	57.210
988.53	56.413
988.70	56.845
988.86	56.119
989.02	55.711
989.19	55.336
989.35	55.323
989.51	54.567
989.67	54.717
989.84	54.091
990.00	54.307
990.16	54.603
990.33	54.690
990.49	54.972
990.65	55.258
990.82	55.650
990.98	55.799
991.14	55.702
991.30	56.718
991.47	56.189
991.63	56.101
991.79	57.015
991.95	57.282
992.12	57.212
992.28	57.546
992.44	57.763
992.61	57.978
992.77	58.061
992.93	58.766
993.09	58.855
993.26	59.192
993.42	59.875
993.58	59.328
993.74	59.174
993.91	58.756
994.07	58.466
994.23	58.693
994.39	58.820
994.55	58.972
994.72	58.403
994.88	58.455
995.04	57.938
995.20	57.436
995.37	57.082
995.53	57.013
995.69	56.773
995.85	56.278
996.02	56.286
996.18	56.698
996.34	56.170
996.50	56.284
996.66	57.345
996.83	56.593
996.99	55.881
997.15	56.615
997.31	56.749
997.47	57.106
997.64	57.089
997.80	57.382
997.96	58.061
998.12	58.337
998.28	59.271
998.45	59.833
998.61	59.832
998.77	59.745
998.93	60.073
999.09	61.394
999.25	61.678
999.42	62.958
999.58	62.455
999.74	62.266
999.90	61.976
1000.06	60.876
1000.22	61.329
1000.39	62.318
1000.55	62.014
1000.71	62.664
1000.87	62.407
1001.03	62.136
1001.19	62.305
1001.36	61.831
1001.52	61.275
1001.68	61.063
1001.84	61.516
1002.00	60.416
1002.16	60.612
1002.32	59.941
1002.49	58.117
1002.65	57.993
1002.81	57.315
1002.97	57.211
1003.13	57.141
1003.29	58.157
1003.45	57.927
1003.62	58.498
1003.78	58.217
1003.94	58.374
1004.10	57.390
1004.26	57.647
1004.42	57.469
1004.58	57.250
1004.74	57.694
1004.90	59.342
1005.07	58.967
1005.23	57.961
1005.39	59.223
1005.55	59.791
1005.71	59.461
1005.87	60.877
1006.03	61.911
1006.19	61.897
1006.35	61.422
1006.51	62.426
1006.67	62.173
1006.84	62.204
1007.00	61.769
1007.16	63.152
1007.32	61.629
1007.48	62.571
1007.64	63.916
1007.80	63.699
1007.96	62.693
1008.12	63.008
1008.28	61.463
1008.44	62.685
1008.60	63.423
1008.76	62.163
1008.92	61.254
1009.09	61.570
1009.25	61.106
1009.41	60.364
1009.57	61.064
1009.73	62.217
1009.89	63.062
1010.05	63.559
1010.21	65.328
1010.37	65.029
1010.53	66.109
1010.69	68.201
1010.85	67.794
1011.01	66.175
1011.17	65.555
1011.33	67.862
1011.49	68.264
1011.65	68.341
1011.81	67.557
1011.97	67.825
1012.13	70.399
1012.29	72.453
1012.45	73.582
1012.61	76.999
1012.77	75.164
1012.93	74.299
1013.09	73.132
1013.25	73.237
1013.41	74.128
1013.57	70.907
1013.73	70.701
1013.89	66.621
1014.05	69.067
1014.21	67.706
1014.37	66.483
1014.53	65.591
1014.69	65.571
1014.85	66.024
1015.01	68.216
1015.17	70.835
1015.33	71.641
1015.49	70.426
1015.65	71.611
1015.81	72.550
1015.97	69.256
1016.13	73.258
1016.29	72.640
1016.45	73.770
1016.61	73.879
1016.77	70.666
1016.93	72.328
1017.09	71.768
1017.25	73.605
1017.41	71.882
1017.56	73.694
1017.72	80.772
1017.88	82.436
1018.04	83.589
1018.20	80.867
1018.36	80.162
1018.52	77.358
1018.68	78.677
1018.84	80.425
1019.00	78.758
1019.16	80.652
1019.32	83.506
1019.48	83.295
1019.64	86.816
1019.79	84.343
1019.95	80.832
1020.11	87.051
1020.27	86.764
1020.43	93.081
1020.59	95.225
1020.75	91.945
1020.91	96.128
1021.07	87.703
1021.23	87.630
1021.39	83.357
1021.54	88.839
1021.70	87.078
1021.86	86.261
1022.02	83.768
1022.18	80.019
1022.34	82.991
1022.50	81.126
1022.66	78.508
1022.82	78.339
1022.97	78.245
1023.13	80.950
1023.29	86.838
1023.45	85.634
1023.61	87.092
1023.77	85.083
1023.93	85.663
1024.08	87.135
1024.24	84.203
1024.40	87.443
1024.56	96.730
1024.72	99.907
1024.88	88.564
1025.04	92.047
1025.19	89.382
1025.35	86.598
1025.51	91.533
1025.67	94.080
1025.83	89.311
1025.99	92.010
1026.14	90.313
1026.30	98.544
1026.46	100.866
1026.62	93.383
1026.78	83.984
1026.94	81.334
1027.09	78.623
1027.25	75.477
1027.41	76.094
1027.57	75.436
1027.73	74.102
1027.89	68.487
1028.04	67.934
1028.20	67.280
1028.36	68.617
1028.52	68.191
1028.68	67.933
1028.83	68.558
1028.99	65.146
1029.15	65.576
1029.31	64.551
1029.47	65.965
1029.62	63.674
1029.78	63.098
1029.94	64.569
1030.10	67.068
1030.25	69.094
1030.41	73.551
1030.57	76.520
1030.73	79.813
1030.89	80.326
1031.04	83.554
1031.20	88.284
1031.36	96.350
1031.52	103.866
1031.67	107.810
1031.83	115.082
1031.99	128.496
1032.15	112.879
1032.30	124.744
1032.46	144.010
1032.62	137.332
1032.78	122.376
1032.93	140.425
1033.09	123.251
1033.25	113.118
1033.41	116.034
1033.56	110.008
1033.72	2.059
1033.88	220.476
1034.04	48.713
1034.19	86.333
1034.35	77.736
1034.51	-24.583
1034.66	57.754
1034.82	1770.000
1034.98	1770.000
1035.14	1770.000
