345.22	38.011
345.43	38.011
345.65	38.011
345.86	51.658
346.08	122.595
346.29	24.324
346.51	20.751
346.72	54.217
346.94	-153.333
347.15	-58.943
347.37	92.777
347.58	120.229
347.80	149.429
348.01	135.616
348.23	102.553
348.44	96.378
348.66	91.520
348.87	93.913
349.09	89.406
349.30	80.846
349.52	76.038
349.73	79.681
349.95	80.813
350.16	83.106
350.38	80.302
350.59	74.287
350.81	73.200
351.02	72.166
351.24	71.905
351.45	70.910
351.67	72.758
351.88	72.516
352.10	69.260
352.31	67.968
352.53	70.510
352.74	71.391
352.96	72.154
353.17	71.250
353.39	72.119
353.60	74.693
353.82	75.029
354.03	75.385
354.25	71.290
354.46	66.417
354.67	63.384
354.89	61.625
355.10	66.070
355.32	65.225
355.53	66.492
355.75	68.642
355.96	69.952
356.18	70.062
356.39	69.635
356.61	73.254
356.82	72.866
357.04	69.599
357.25	69.591
357.46	69.027
357.68	69.038
357.89	67.342
358.11	65.365
358.32	68.655
358.54	66.378
358.75	67.542
358.97	69.369
359.18	72.327
359.40	72.081
359.61	71.743
359.82	73.042
360.04	73.085
360.25	70.736
360.47	67.129
360.68	66.622
360.90	67.111
361.11	65.332
361.32	65.575
361.54	68.527
361.75	68.662
361.97	69.598
362.18	69.959
362.40	71.852
362.61	73.448
362.83	72.711
363.04	73.836
363.25	75.120
363.47	76.329
363.68	74.260
363.90	77.769
364.11	78.179
364.32	78.392
364.54	76.539
364.75	73.947
364.97	77.317
365.18	75.729
365.40	73.927
365.61	73.406
365.82	74.031
366.04	73.266
366.25	72.696
366.47	71.036
366.68	70.110
366.89	70.068
367.11	68.060
367.32	68.417
367.54	66.442
367.75	66.179
367.96	65.567
368.18	66.368
368.39	65.597
368.61	65.970
368.82	67.209
369.03	70.054
369.25	73.213
369.46	74.344
369.68	75.437
369.89	76.882
370.10	77.638
370.32	78.049
370.53	77.555
370.75	74.175
370.96	76.432
371.17	76.933
371.39	75.285
371.60	75.597
371.81	76.185
372.03	78.161
372.24	79.149
372.46	82.017
372.67	82.790
372.88	81.264
373.10	80.406
373.31	79.181
373.52	78.461
373.74	76.995
373.95	75.919
374.17	76.846
374.38	78.299
374.59	79.115
374.81	77.335
375.02	76.188
375.23	79.176
375.45	76.796
375.66	74.999
375.87	76.072
376.09	76.456
376.30	75.535
376.52	77.058
376.73	74.196
376.94	72.583
377.16	73.724
377.37	77.744
377.58	78.303
377.80	79.658
378.01	81.097
378.22	82.915
378.44	83.797
378.65	85.859
378.86	86.150
379.08	86.851
379.29	87.802
379.50	90.901
379.72	91.558
379.93	95.028
380.14	98.110
380.36	99.380
380.57	101.148
380.78	101.857
381.00	103.014
381.21	105.022
381.42	106.418
381.64	107.054
381.85	107.001
382.06	107.463
382.28	107.698
382.49	107.445
382.70	108.113
382.92	108.629
383.13	108.156
383.34	108.763
383.56	109.903
383.77	111.199
383.98	110.895
384.20	112.009
384.41	112.293
384.62	112.731
384.83	113.363
385.05	113.810
385.26	114.802
385.47	115.680
385.69	116.649
385.90	117.520
386.11	118.284
386.33	119.231
386.54	120.097
386.75	120.809
386.97	121.990
387.18	122.806
387.39	123.693
387.60	124.149
387.82	124.661
388.03	125.038
388.24	125.583
388.46	126.024
388.67	126.171
388.88	126.126
389.09	126.002
389.31	125.780
389.52	125.533
389.73	124.988
389.95	124.531
390.16	123.987
390.37	123.544
390.58	123.075
390.80	122.341
391.01	121.794
391.22	121.235
391.44	120.349
391.65	119.618
391.86	118.913
392.07	118.626
392.29	118.159
392.50	117.673
392.71	117.167
392.92	116.901
393.14	116.520
393.35	116.378
393.56	116.379
393.78	116.442
393.99	116.736
394.20	117.131
394.41	117.464
394.63	117.799
394.84	118.379
395.05	119.093
395.26	119.789
395.48	120.517
395.69	121.181
395.90	122.138
396.11	123.008
396.33	123.838
396.54	124.695
396.75	125.403
396.96	126.147
397.18	126.801
397.39	127.416
397.60	128.071
397.81	128.576
398.03	128.918
398.24	129.177
398.45	129.266
398.66	129.269
398.87	129.214
399.09	129.056
399.30	128.652
399.51	128.074
399.72	127.552
399.94	126.928
400.15	126.244
400.36	125.404
400.57	124.525
400.79	123.641
401.00	122.642
401.21	121.740
401.42	120.803
401.63	119.884
401.85	119.008
402.06	118.241
402.27	117.493
402.48	116.882
402.69	116.350
402.91	115.832
403.12	115.385
403.33	115.166
403.54	115.102
403.76	114.973
403.97	115.065
404.18	115.279
404.39	115.607
404.60	116.059
404.82	116.613
405.03	117.269
405.24	117.945
405.45	118.689
405.66	119.521
405.88	120.354
406.09	121.270
406.30	122.095
406.51	122.834
406.72	123.629
406.94	124.362
407.15	125.043
407.36	125.753
407.57	126.387
407.78	126.863
407.99	127.190
408.21	127.537
408.42	127.746
408.63	127.870
408.84	127.808
409.05	127.679
409.27	127.347
409.48	126.867
409.69	126.311
409.90	125.747
410.11	125.071
410.32	124.345
410.54	123.490
410.75	122.562
410.96	121.615
411.17	120.626
411.38	119.644
411.59	118.667
411.81	117.623
412.02	116.618
412.23	115.656
412.44	114.786
412.65	114.030
412.86	113.364
413.08	112.706
413.29	112.113
413.50	111.703
413.71	111.423
413.92	111.222
414.13	111.150
414.34	111.164
414.56	111.212
414.77	111.411
414.98	111.686
415.19	112.196
415.40	112.787
415.61	113.438
415.82	114.115
416.04	114.888
416.25	115.657
416.46	116.493
416.67	117.402
416.88	118.255
417.09	119.106
417.30	119.887
417.52	120.707
417.73	121.431
417.94	122.096
418.15	122.702
418.36	123.329
418.57	123.757
418.78	124.098
418.99	124.426
419.21	124.628
419.42	124.743
419.63	124.715
419.84	124.572
420.05	124.301
420.26	123.914
420.47	123.378
420.68	122.858
420.89	122.245
421.11	121.470
421.32	120.732
421.53	119.876
421.74	119.014
421.95	118.131
422.16	117.263
422.37	116.364
422.58	115.395
422.79	114.425
423.01	113.565
423.22	112.715
423.43	111.943
423.64	111.221
423.85	110.589
424.06	110.052
424.27	109.579
424.48	109.206
424.69	109.015
424.90	108.908
425.11	108.882
425.33	108.959
425.54	109.136
425.75	109.369
425.96	109.710
426.17	110.162
426.38	110.691
426.59	111.288
426.80	111.956
427.01	112.719
427.22	113.560
427.43	114.489
427.64	115.367
427.85	116.213
428.07	117.111
428.28	117.958
428.49	118.802
428.70	119.628
428.91	120.414
429.12	121.091
429.33	121.764
429.54	122.377
429.75	122.889
429.96	123.390
430.17	123.790
430.38	124.086
430.59	124.212
430.80	124.239
431.01	124.187
431.22	124.064
431.44	123.817
431.65	123.482
431.86	123.007
432.07	122.499
432.28	121.932
432.49	121.259
432.70	120.515
432.91	119.678
433.12	118.781
433.33	117.855
433.54	116.966
433.75	116.036
433.96	115.108
434.17	114.103
434.38	113.162
434.59	112.254
434.80	111.376
435.01	110.643
435.22	109.951
435.43	109.336
435.64	108.762
435.85	108.274
436.06	107.861
436.27	107.573
436.48	107.384
436.69	107.244
436.90	107.238
437.11	107.349
437.33	107.551
437.54	107.854
437.75	108.289
437.96	108.725
438.17	109.242
438.38	109.790
438.59	110.477
438.80	111.168
439.01	111.968
439.22	112.836
439.43	113.571
439.64	114.366
439.85	115.174
440.06	115.951
440.27	116.765
440.48	117.508
440.69	118.211
440.90	118.867
441.11	119.525
441.32	120.086
441.53	120.570
441.74	120.967
441.95	121.328
442.16	121.575
442.37	121.709
442.58	121.797
442.79	121.803
443.00	121.714
443.21	121.543
443.42	121.207
443.62	120.723
443.83	120.332
444.04	119.818
444.25	119.229
444.46	118.565
444.67	117.818
444.88	117.054
445.09	116.218
445.30	115.344
445.51	114.413
445.72	113.462
445.93	112.567
446.14	111.639
446.35	110.687
446.56	109.810
446.77	108.973
446.98	108.133
447.19	107.324
447.40	106.604
447.61	105.896
447.82	105.285
448.03	104.783
448.24	104.306
448.45	103.926
448.66	103.637
448.87	103.429
449.08	103.334
449.29	103.307
449.49	103.375
449.70	103.543
449.91	103.774
450.12	104.109
450.33	104.475
450.54	104.942
450.75	105.483
450.96	106.051
451.17	106.689
451.38	107.346
451.59	108.060
451.80	108.763
452.01	109.516
452.22	110.298
452.43	111.031
452.64	111.751
452.84	112.477
453.05	113.154
453.26	113.839
453.47	114.439
453.68	115.023
453.89	115.556
454.10	115.983
454.31	116.398
454.52	116.699
454.73	116.966
454.94	117.114
455.15	117.176
455.36	117.138
455.56	117.036
455.77	116.854
455.98	116.614
456.19	116.300
456.40	115.926
456.61	115.486
456.82	114.944
457.03	114.352
457.24	113.680
457.45	112.985
457.65	112.180
457.86	111.382
458.07	110.550
458.28	109.634
458.49	108.769
458.70	107.835
458.91	106.939
459.12	106.028
459.33	105.114
459.54	104.258
459.74	103.428
459.95	102.614
460.16	101.891
460.37	101.215
460.58	100.599
460.79	100.015
461.00	99.471
461.21	99.030
461.41	98.657
461.62	98.368
461.83	98.177
462.04	98.078
462.25	97.997
462.46	98.033
462.67	98.172
462.88	98.380
463.08	98.683
463.29	99.016
463.50	99.422
463.71	99.923
463.92	100.446
464.13	100.998
464.34	101.607
464.54	102.267
464.75	102.952
464.96	103.642
465.17	104.352
465.38	105.042
465.59	105.778
465.80	106.484
466.00	107.156
466.21	107.806
466.42	108.417
466.63	109.054
466.84	109.635
467.05	110.147
467.26	110.609
467.46	110.961
467.67	111.300
467.88	111.595
468.09	111.780
468.30	111.939
468.51	112.028
468.71	112.021
468.92	111.951
469.13	111.801
469.34	111.592
469.55	111.289
469.76	110.960
469.96	110.532
470.17	110.049
470.38	109.531
470.59	108.935
470.80	108.282
471.00	107.626
471.21	106.893
471.42	106.156
471.63	105.382
471.84	104.605
472.05	103.795
472.25	102.970
472.46	102.152
472.67	101.294
472.88	100.501
473.09	99.696
473.29	98.893
473.50	98.154
473.71	97.429
473.92	96.747
474.13	96.106
474.33	95.531
474.54	95.013
474.75	94.549
474.96	94.137
475.17	93.801
475.37	93.483
475.58	93.261
475.79	93.118
476.00	93.049
476.21	93.057
476.41	93.119
476.62	93.261
476.83	93.459
477.04	93.762
477.24	94.082
477.45	94.474
477.66	94.917
477.87	95.382
478.08	95.918
478.28	96.458
478.49	97.055
478.70	97.687
478.91	98.307
479.11	98.944
479.32	99.622
479.53	100.272
479.74	100.959
479.94	101.604
480.15	102.212
480.36	102.797
480.57	103.362
480.78	103.925
480.98	104.404
481.19	104.853
481.40	105.244
481.61	105.623
481.81	105.933
482.02	106.182
482.23	106.408
482.44	106.528
482.64	106.629
482.85	106.651
483.06	106.587
483.27	106.504
483.47	106.369
483.68	106.151
483.89	105.878
484.10	105.536
484.30	105.157
484.51	104.703
484.72	104.235
484.92	103.679
485.13	103.107
485.34	102.504
485.55	101.857
485.75	101.188
485.96	100.464
486.17	99.734
486.38	98.996
486.58	98.226
486.79	97.480
487.00	96.711
487.20	95.942
487.41	95.211
487.62	94.486
487.83	93.762
488.03	93.062
488.24	92.402
488.45	91.760
488.65	91.149
488.86	90.598
489.07	90.077
489.28	89.619
489.48	89.198
489.69	88.865
489.90	88.559
490.10	88.326
490.31	88.154
490.52	88.017
490.73	87.954
490.93	87.951
491.14	88.000
491.35	88.118
491.55	88.284
491.76	88.496
491.97	88.751
492.17	89.050
492.38	89.409
492.59	89.808
492.79	90.260
493.00	90.745
493.21	91.257
493.41	91.785
493.62	92.339
493.83	92.914
494.04	93.463
494.24	94.045
494.45	94.626
494.66	95.185
494.86	95.778
495.07	96.326
495.28	96.885
495.48	97.403
495.69	97.900
495.90	98.378
496.10	98.827
496.31	99.231
496.52	99.591
496.72	99.943
496.93	100.242
497.14	100.485
497.34	100.661
497.55	100.821
497.76	100.925
497.96	100.973
498.17	100.968
498.37	100.924
498.58	100.805
498.79	100.635
498.99	100.441
499.20	100.173
499.41	99.860
499.61	99.479
499.82	99.073
500.03	98.611
500.23	98.137
500.44	97.602
500.65	97.044
500.85	96.468
501.06	95.828
501.26	95.181
501.47	94.510
501.68	93.843
501.88	93.139
502.09	92.440
502.30	91.730
502.50	91.021
502.71	90.322
502.91	89.634
503.12	88.955
503.33	88.283
503.53	87.651
503.74	87.029
503.95	86.431
504.15	85.866
504.36	85.330
504.56	84.822
504.77	84.373
504.98	83.945
505.18	83.574
505.39	83.243
505.59	82.959
505.80	82.727
506.01	82.546
506.21	82.417
506.42	82.337
506.62	82.303
506.83	82.314
507.04	82.382
507.24	82.492
507.45	82.657
507.65	82.867
507.86	83.100
508.07	83.387
508.27	83.717
508.48	84.077
508.68	84.487
508.89	84.911
509.10	85.351
509.30	85.820
509.51	86.300
509.71	86.793
509.92	87.298
510.12	87.808
510.33	88.324
510.54	88.836
510.74	89.352
510.95	89.847
511.15	90.340
511.36	90.832
511.56	91.304
511.77	91.745
511.98	92.172
512.18	92.585
512.39	92.964
512.59	93.310
512.80	93.618
513.00	93.891
513.21	94.121
513.42	94.331
513.62	94.494
513.83	94.625
514.03	94.702
514.24	94.736
514.44	94.719
514.65	94.673
514.85	94.585
515.06	94.455
515.26	94.282
515.47	94.070
515.68	93.803
515.88	93.502
516.09	93.162
516.29	92.786
516.50	92.370
516.70	91.919
516.91	91.439
517.11	90.935
517.32	90.407
517.52	89.855
517.73	89.297
517.93	88.710
518.14	88.108
518.34	87.506
518.55	86.894
518.76	86.285
518.96	85.654
519.17	85.023
519.37	84.391
519.58	83.788
519.78	83.180
519.99	82.579
520.19	81.996
520.40	81.450
520.60	80.916
520.81	80.404
521.01	79.913
521.22	79.470
521.42	79.051
521.63	78.663
521.83	78.309
522.04	77.981
522.24	77.714
522.45	77.481
522.65	77.292
522.86	77.148
523.06	77.039
523.27	76.981
523.47	76.961
523.68	76.983
523.88	77.034
524.09	77.134
524.29	77.283
524.50	77.467
524.70	77.682
524.91	77.927
525.11	78.220
525.32	78.553
525.52	78.899
525.72	79.295
525.93	79.705
526.13	80.146
526.34	80.589
526.54	81.062
526.75	81.524
526.95	82.008
527.16	82.486
527.36	82.981
527.57	83.472
527.77	83.958
527.98	84.455
528.18	84.944
528.39	85.414
528.59	85.881
528.79	86.327
529.00	86.768
529.20	87.186
529.41	87.603
529.61	87.982
529.82	88.326
530.02	88.633
530.23	88.925
530.43	89.170
530.64	89.405
530.84	89.588
531.04	89.739
531.25	89.877
531.45	89.983
531.66	90.049
531.86	90.075
532.07	90.055
532.27	89.998
532.47	89.912
532.68	89.806
532.88	89.663
533.09	89.482
533.29	89.248
533.50	88.987
533.70	88.662
533.90	88.332
534.11	87.986
534.31	87.608
534.52	87.194
534.72	86.787
534.93	86.346
535.13	85.872
535.33	85.401
535.54	84.886
535.74	84.368
535.95	83.822
536.15	83.297
536.35	82.760
536.56	82.221
536.76	81.661
536.97	81.117
537.17	80.562
537.37	80.018
537.58	79.500
537.78	78.990
537.99	78.496
538.19	77.998
538.39	77.515
538.60	77.059
538.80	76.642
539.01	76.217
539.21	75.831
539.41	75.482
539.62	75.151
539.82	74.857
540.03	74.589
540.23	74.370
540.43	74.167
540.64	74.021
540.84	73.894
541.04	73.817
541.25	73.782
541.45	73.777
541.66	73.803
541.86	73.867
542.06	73.968
542.27	74.105
542.47	74.293
542.67	74.493
542.88	74.731
543.08	74.996
543.28	75.301
543.49	75.621
543.69	75.972
543.90	76.356
544.10	76.744
544.30	77.178
544.51	77.611
544.71	78.083
544.91	78.540
545.12	79.021
545.32	79.517
545.52	79.990
545.73	80.495
545.93	80.994
546.13	81.468
546.34	81.938
546.54	82.407
546.74	82.863
546.95	83.332
547.15	83.786
547.35	84.206
547.56	84.633
547.76	85.051
547.96	85.439
548.17	85.817
548.37	86.183
548.57	86.490
548.78	86.783
548.98	87.044
549.18	87.271
549.39	87.472
549.59	87.642
549.79	87.806
550.00	87.921
550.20	88.034
550.40	88.096
550.61	88.138
550.81	88.143
551.01	88.116
551.22	88.059
551.42	87.963
551.62	87.843
551.82	87.678
552.03	87.498
552.23	87.286
552.43	87.036
552.64	86.765
552.84	86.469
553.04	86.144
553.25	85.796
553.45	85.419
553.65	85.030
553.85	84.639
554.06	84.220
554.26	83.778
554.46	83.307
554.67	82.843
554.87	82.357
555.07	81.880
555.27	81.382
555.48	80.879
555.68	80.387
555.88	79.885
556.09	79.390
556.29	78.874
556.49	78.384
556.69	77.884
556.90	77.393
557.10	76.934
557.30	76.499
557.50	76.058
557.71	75.658
557.91	75.269
558.11	74.878
558.31	74.521
558.52	74.190
558.72	73.889
558.92	73.614
559.13	73.371
559.33	73.146
559.53	72.945
559.73	72.787
559.94	72.649
560.14	72.539
560.34	72.457
560.54	72.413
560.75	72.404
560.95	72.425
561.15	72.490
561.35	72.569
561.55	72.668
561.76	72.809
561.96	72.959
562.16	73.157
562.36	73.396
562.57	73.643
562.77	73.917
562.97	74.218
563.17	74.532
563.38	74.861
563.58	75.221
563.78	75.606
563.98	75.997
564.18	76.399
564.39	76.828
564.59	77.259
564.79	77.714
564.99	78.158
565.20	78.604
565.40	79.038
565.60	79.480
565.80	79.944
566.00	80.387
566.21	80.838
566.41	81.262
566.61	81.687
566.81	82.113
567.01	82.524
567.22	82.929
567.42	83.321
567.62	83.684
567.82	84.034
568.02	84.367
568.23	84.679
568.43	84.971
568.63	85.254
568.83	85.498
569.03	85.709
569.24	85.907
569.44	86.092
569.64	86.256
569.84	86.400
570.04	86.492
570.24	86.573
570.45	86.628
570.65	86.663
570.85	86.663
571.05	86.625
571.25	86.562
571.45	86.461
571.66	86.354
571.86	86.229
572.06	86.057
572.26	85.873
572.46	85.673
572.66	85.456
572.87	85.195
573.07	84.931
573.27	84.640
573.47	84.334
573.67	84.001
573.87	83.641
574.08	83.260
574.28	82.885
574.48	82.492
574.68	82.076
574.88	81.651
575.08	81.199
575.28	80.755
575.49	80.310
575.69	79.862
575.89	79.389
576.09	78.936
576.29	78.472
576.49	78.002
576.69	77.532
576.90	77.072
577.10	76.621
577.30	76.175
577.50	75.747
577.70	75.314
577.90	74.899
578.10	74.516
578.30	74.138
578.51	73.777
578.71	73.437
578.91	73.115
579.11	72.806
579.31	72.528
579.51	72.267
579.71	72.034
579.91	71.812
580.12	71.629
580.32	71.466
580.52	71.340
580.72	71.227
580.92	71.139
581.12	71.064
581.32	71.028
581.52	71.033
581.72	71.046
581.92	71.092
582.13	71.175
582.33	71.260
582.53	71.385
582.73	71.523
582.93	71.695
583.13	71.891
583.33	72.120
583.53	72.362
583.73	72.630
583.93	72.918
584.13	73.233
584.34	73.574
584.54	73.902
584.74	74.238
584.94	74.614
585.14	75.000
585.34	75.400
585.54	75.775
585.74	76.165
585.94	76.582
586.14	77.011
586.34	77.425
586.54	77.861
586.74	78.296
586.94	78.740
587.15	79.182
587.35	79.610
587.55	80.030
587.75	80.451
587.95	80.853
588.15	81.242
588.35	81.618
588.55	81.992
588.75	82.364
588.95	82.727
589.15	83.067
589.35	83.394
589.55	83.701
589.75	84.029
589.95	84.314
590.15	84.574
590.35	84.810
590.55	85.037
590.75	85.234
590.95	85.405
591.15	85.554
591.35	85.672
591.56	85.771
591.76	85.848
591.96	85.902
592.16	85.942
592.36	85.959
592.56	85.961
592.76	85.924
592.96	85.877
593.16	85.789
593.36	85.685
593.56	85.568
593.76	85.442
593.96	85.266
594.16	85.093
594.36	84.897
594.56	84.678
594.76	84.437
594.96	84.186
595.16	83.901
595.36	83.607
595.56	83.290
595.76	82.949
595.96	82.592
596.16	82.239
596.36	81.866
596.56	81.492
596.76	81.086
596.96	80.679
597.16	80.271
597.36	79.868
597.56	79.447
597.76	79.014
597.96	78.577
598.16	78.145
598.36	77.709
598.56	77.267
598.76	76.836
598.96	76.419
599.16	76.000
599.36	75.613
599.56	75.223
599.76	74.836
599.96	74.470
600.15	74.114
600.35	73.772
600.55	73.442
600.75	73.109
600.95	72.811
601.15	72.514
601.35	72.226
601.55	71.963
601.75	71.732
601.95	71.513
602.15	71.322
602.35	71.130
602.55	70.973
602.75	70.844
602.95	70.724
603.15	70.613
603.35	70.541
603.55	70.478
603.75	70.435
603.95	70.422
604.15	70.432
604.35	70.473
604.54	70.524
604.74	70.618
604.94	70.725
605.14	70.844
605.34	70.994
605.54	71.177
605.74	71.379
605.94	71.591
606.14	71.828
606.34	72.078
606.54	72.356
606.74	72.651
606.94	72.953
607.14	73.281
607.33	73.632
607.53	73.977
607.73	74.331
607.93	74.693
608.13	75.066
608.33	75.449
608.53	75.823
608.73	76.220
608.93	76.596
609.13	76.986
609.33	77.389
609.52	77.792
609.72	78.185
609.92	78.570
610.12	78.962
610.32	79.351
610.52	79.747
610.72	80.123
610.92	80.492
611.12	80.863
611.31	81.224
611.51	81.570
611.71	81.911
611.91	82.255
612.11	82.593
612.31	82.919
612.51	83.220
612.71	83.525
612.91	83.794
613.10	84.061
613.30	84.339
613.50	84.582
613.70	84.804
613.90	85.000
614.10	85.175
614.30	85.322
614.50	85.459
614.69	85.557
614.89	85.652
615.09	85.724
615.29	85.781
615.49	85.815
615.69	85.828
615.89	85.827
616.08	85.806
616.28	85.761
616.48	85.693
616.68	85.604
616.88	85.494
617.08	85.366
617.27	85.236
617.47	85.065
617.67	84.875
617.87	84.668
618.07	84.458
618.27	84.238
618.47	84.010
618.66	83.757
618.86	83.499
619.06	83.212
619.26	82.926
619.46	82.621
619.66	82.295
619.85	81.958
620.05	81.609
620.25	81.236
620.45	80.865
620.65	80.484
620.84	80.123
621.04	79.747
621.24	79.389
621.44	78.991
621.64	78.580
621.84	78.191
622.03	77.795
622.23	77.405
622.43	77.012
622.63	76.626
622.83	76.237
623.02	75.855
623.22	75.488
623.42	75.103
623.62	74.737
623.82	74.392
624.01	74.045
624.21	73.707
624.41	73.390
624.61	73.088
624.81	72.804
625.00	72.510
625.20	72.231
625.40	71.957
625.60	71.715
625.79	71.501
625.99	71.306
626.19	71.115
626.39	70.945
626.59	70.790
626.78	70.666
626.98	70.555
627.18	70.456
627.38	70.386
627.57	70.356
627.77	70.327
627.97	70.313
628.17	70.335
628.37	70.366
628.56	70.432
628.76	70.500
628.96	70.586
629.16	70.692
629.35	70.844
629.55	71.001
629.75	71.175
629.95	71.366
630.14	71.565
630.34	71.798
630.54	72.037
630.74	72.286
630.93	72.547
631.13	72.819
631.33	73.103
631.53	73.380
631.72	73.668
631.92	73.983
632.12	74.317
632.31	74.644
632.51	75.008
632.71	75.363
632.91	75.718
633.10	76.083
633.30	76.469
633.50	76.825
633.70	77.207
633.89	77.582
634.09	77.966
634.29	78.345
634.48	78.716
634.68	79.104
634.88	79.489
635.08	79.871
635.27	80.264
635.47	80.647
635.67	81.040
635.86	81.426
636.06	81.796
636.26	82.137
636.46	82.488
636.65	82.815
636.85	83.153
637.05	83.479
637.24	83.774
637.44	84.065
637.64	84.349
637.83	84.626
638.03	84.897
638.23	85.127
638.43	85.358
638.62	85.567
638.82	85.744
639.02	85.919
639.21	86.069
639.41	86.195
639.61	86.324
639.80	86.429
640.00	86.514
640.20	86.606
640.39	86.691
640.59	86.740
640.79	86.783
640.98	86.791
641.18	86.792
641.38	86.794
641.57	86.757
641.77	86.705
641.97	86.622
642.16	86.529
642.36	86.432
642.56	86.316
642.75	86.203
642.95	86.061
643.15	85.906
643.34	85.748
643.54	85.575
643.74	85.365
643.93	85.150
644.13	84.902
644.33	84.631
644.52	84.360
644.72	84.092
644.91	83.802
645.11	83.490
645.31	83.180
645.50	82.868
645.70	82.557
645.90	82.240
646.09	81.903
646.29	81.556
646.48	81.202
646.68	80.835
646.88	80.466
647.07	80.103
647.27	79.732
647.47	79.352
647.66	78.982
647.86	78.607
648.05	78.244
648.25	77.888
648.45	77.530
648.64	77.162
648.84	76.809
649.04	76.449
649.23	76.096
649.43	75.757
649.62	75.412
649.82	75.063
650.02	74.733
650.21	74.419
650.41	74.130
650.60	73.848
650.80	73.594
651.00	73.320
651.19	73.074
651.39	72.837
651.58	72.609
651.78	72.404
651.97	72.229
652.17	72.052
652.37	71.883
652.56	71.749
652.76	71.623
652.95	71.508
653.15	71.436
653.35	71.367
653.54	71.303
653.74	71.248
653.93	71.225
654.13	71.217
654.32	71.212
654.52	71.207
654.72	71.236
654.91	71.274
655.11	71.341
655.30	71.428
655.50	71.530
655.69	71.650
655.89	71.770
656.08	71.897
656.28	72.051
656.48	72.227
656.67	72.405
656.87	72.601
657.06	72.797
657.26	73.000
657.45	73.231
657.65	73.483
657.84	73.755
658.04	74.020
658.23	74.306
658.43	74.613
658.62	74.932
658.82	75.248
659.02	75.572
659.21	75.916
659.41	76.248
659.60	76.590
659.80	76.939
659.99	77.313
660.19	77.681
660.38	78.053
660.58	78.412
660.77	78.790
660.97	79.154
661.16	79.523
661.36	79.883
661.55	80.258
661.75	80.622
661.94	80.976
662.14	81.345
662.33	81.709
662.53	82.063
662.72	82.416
662.92	82.757
663.11	83.083
663.31	83.416
663.50	83.748
663.70	84.080
663.89	84.401
664.09	84.696
664.28	85.000
664.48	85.281
664.67	85.576
664.87	85.832
665.06	86.095
665.26	86.342
665.45	86.580
665.65	86.801
665.84	87.026
666.04	87.230
666.23	87.395
666.43	87.539
666.62	87.677
666.82	87.799
667.01	87.914
667.21	88.022
667.40	88.098
667.59	88.183
667.79	88.229
667.98	88.247
668.18	88.259
668.37	88.249
668.57	88.254
668.76	88.226
668.96	88.180
669.15	88.126
669.35	88.073
669.54	87.994
669.73	87.903
669.93	87.792
670.12	87.681
670.32	87.579
670.51	87.449
670.71	87.310
670.90	87.163
671.10	87.006
671.29	86.823
671.48	86.626
671.68	86.410
671.87	86.195
672.07	85.967
672.26	85.767
672.46	85.529
672.65	85.278
672.84	85.014
673.04	84.755
673.23	84.482
673.43	84.191
673.62	83.908
673.82	83.616
674.01	83.289
674.20	82.972
674.40	82.636
674.59	82.312
674.79	81.992
674.98	81.657
675.17	81.317
675.37	80.990
675.56	80.662
675.76	80.324
675.95	79.969
676.14	79.641
676.34	79.274
676.53	78.933
676.73	78.579
676.92	78.225
677.11	77.880
677.31	77.535
677.50	77.207
677.70	76.872
677.89	76.535
678.08	76.234
678.28	75.930
678.47	75.647
678.66	75.371
678.86	75.101
679.05	74.832
679.25	74.584
679.44	74.344
679.63	74.127
679.83	73.908
680.02	73.715
680.21	73.528
680.41	73.355
680.60	73.176
680.79	73.019
680.99	72.881
681.18	72.739
681.38	72.623
681.57	72.532
681.76	72.459
681.96	72.399
682.15	72.340
682.34	72.283
682.54	72.239
682.73	72.218
682.92	72.195
683.12	72.210
683.31	72.233
683.50	72.266
683.70	72.311
683.89	72.357
684.08	72.432
684.28	72.518
684.47	72.616
684.66	72.738
684.86	72.871
685.05	73.023
685.24	73.193
685.44	73.362
685.63	73.533
685.82	73.726
686.02	73.920
686.21	74.157
686.40	74.395
686.60	74.652
686.79	74.914
686.98	75.184
687.18	75.464
687.37	75.743
687.56	76.023
687.75	76.318
687.95	76.629
688.14	76.933
688.33	77.255
688.53	77.580
688.72	77.924
688.91	78.263
689.11	78.593
689.30	78.959
689.49	79.329
689.68	79.691
689.88	80.041
690.07	80.396
690.26	80.731
690.46	81.086
690.65	81.421
690.84	81.761
691.03	82.113
691.23	82.450
691.42	82.791
691.61	83.138
691.80	83.462
692.00	83.794
692.19	84.108
692.38	84.419
692.58	84.734
692.77	85.029
692.96	85.314
693.15	85.604
693.35	85.871
693.54	86.151
693.73	86.430
693.92	86.687
694.12	86.954
694.31	87.197
694.50	87.452
694.69	87.678
694.89	87.896
695.08	88.094
695.27	88.309
695.46	88.492
695.66	88.679
695.85	88.861
696.04	89.027
696.23	89.210
696.43	89.365
696.62	89.490
696.81	89.609
697.00	89.730
697.19	89.842
697.39	89.922
697.58	89.989
697.77	90.030
697.96	90.089
698.16	90.115
698.35	90.161
698.54	90.161
698.73	90.185
698.92	90.162
699.12	90.141
699.31	90.097
699.50	90.056
699.69	90.001
699.89	89.926
700.08	89.848
700.27	89.738
700.46	89.636
700.65	89.519
700.85	89.414
701.04	89.278
701.23	89.120
701.42	88.966
701.61	88.799
701.81	88.621
702.00	88.425
702.19	88.228
702.38	87.998
702.57	87.783
702.76	87.533
702.96	87.303
703.15	87.056
703.34	86.789
703.53	86.518
703.72	86.216
703.92	85.916
704.11	85.617
704.30	85.305
704.49	84.994
704.68	84.691
704.87	84.348
705.07	84.021
705.26	83.700
705.45	83.399
705.64	83.061
705.83	82.757
706.02	82.435
706.21	82.127
706.41	81.809
706.60	81.476
706.79	81.164
706.98	80.859
707.17	80.534
707.36	80.225
707.56	79.932
707.75	79.642
707.94	79.355
708.13	79.072
708.32	78.808
708.51	78.527
708.70	78.271
708.89	78.014
709.09	77.758
709.28	77.515
709.47	77.235
709.66	76.979
709.85	76.727
710.04	76.479
710.23	76.221
710.42	76.009
710.62	75.790
710.81	75.556
711.00	75.335
711.19	75.141
711.38	74.951
711.57	74.753
711.76	74.574
711.95	74.422
712.15	74.275
712.34	74.132
712.53	74.001
712.72	73.872
712.91	73.785
713.10	73.695
713.29	73.613
713.48	73.545
713.67	73.511
713.86	73.490
714.05	73.470
714.25	73.465
714.44	73.447
714.63	73.458
714.82	73.505
715.01	73.554
715.20	73.633
715.39	73.697
715.58	73.785
715.77	73.889
715.96	73.998
716.15	74.103
716.34	74.205
716.54	74.332
716.73	74.473
716.92	74.601
717.11	74.753
717.30	74.921
717.49	75.105
717.68	75.300
717.87	75.461
718.06	75.679
718.25	75.907
718.44	76.144
718.63	76.390
718.82	76.629
719.01	76.873
719.20	77.119
719.39	77.387
719.58	77.655
719.77	77.917
719.96	78.167
720.16	78.438
720.35	78.735
720.54	79.020
720.73	79.309
720.92	79.611
721.11	79.931
721.30	80.241
721.49	80.551
721.68	80.864
721.87	81.208
722.06	81.524
722.25	81.838
722.44	82.160
722.63	82.467
722.82	82.769
723.01	83.063
723.20	83.349
723.39	83.653
723.58	83.979
723.77	84.302
723.96	84.632
724.15	84.966
724.34	85.280
724.53	85.598
724.72	85.888
724.91	86.199
725.10	86.507
725.29	86.790
725.48	87.101
725.67	87.361
725.86	87.609
726.05	87.866
726.24	88.112
726.43	88.341
726.62	88.581
726.81	88.848
727.00	89.091
727.19	89.345
727.38	89.576
727.57	89.773
727.76	89.968
727.95	90.154
728.14	90.313
728.33	90.474
728.52	90.626
728.71	90.774
728.90	90.908
729.09	91.013
729.28	91.107
729.47	91.184
729.65	91.276
729.84	91.366
730.03	91.446
730.22	91.516
730.41	91.588
730.60	91.650
730.79	91.658
730.98	91.687
731.17	91.716
731.36	91.711
731.55	91.693
731.74	91.673
731.93	91.644
732.12	91.608
732.31	91.579
732.50	91.554
732.69	91.531
732.88	91.464
733.06	91.382
733.25	91.314
733.44	91.241
733.63	91.135
733.82	91.027
734.01	90.887
734.20	90.749
734.39	90.587
734.58	90.432
734.77	90.295
734.96	90.123
735.15	89.926
735.33	89.731
735.52	89.547
735.71	89.348
735.90	89.130
736.09	88.900
736.28	88.642
736.47	88.384
736.66	88.112
736.85	87.847
737.04	87.562
737.23	87.286
737.41	86.990
737.60	86.731
737.79	86.431
737.98	86.155
738.17	85.872
738.36	85.612
738.55	85.333
738.74	85.055
738.92	84.768
739.11	84.493
739.30	84.198
739.49	83.890
739.68	83.601
739.87	83.335
740.06	83.072
740.25	82.784
740.43	82.515
740.62	82.228
740.81	81.936
741.00	81.672
741.19	81.385
741.38	81.093
741.57	80.795
741.75	80.535
741.94	80.251
742.13	79.967
742.32	79.665
742.51	79.385
742.70	79.109
742.89	78.852
743.07	78.582
743.26	78.329
743.45	78.061
743.64	77.823
743.83	77.564
744.02	77.281
744.20	77.051
744.39	76.811
744.58	76.594
744.77	76.395
744.96	76.216
745.15	76.058
745.33	75.916
745.52	75.771
745.71	75.622
745.90	75.486
746.09	75.373
746.28	75.269
746.46	75.141
746.65	75.018
746.84	74.913
747.03	74.815
747.22	74.736
747.40	74.688
747.59	74.620
747.78	74.565
747.97	74.562
748.16	74.550
748.34	74.518
748.53	74.513
748.72	74.517
748.91	74.506
749.10	74.501
749.28	74.518
749.47	74.558
749.66	74.587
749.85	74.611
750.04	74.649
750.22	74.690
750.41	74.763
750.60	74.851
750.79	74.919
750.97	75.003
751.16	75.113
751.35	75.209
751.54	75.309
751.73	75.446
751.91	75.566
752.10	75.724
752.29	75.866
752.48	76.034
752.66	76.204
752.85	76.383
753.04	76.565
753.23	76.766
753.41	76.942
753.60	77.161
753.79	77.391
753.98	77.608
754.16	77.835
754.35	78.059
754.54	78.281
754.73	78.542
754.91	78.803
755.10	79.052
755.29	79.326
755.48	79.581
755.66	79.845
755.85	80.114
756.04	80.360
756.22	80.648
756.41	80.901
756.60	81.168
756.79	81.453
756.97	81.741
757.16	81.991
757.35	82.280
757.54	82.559
757.72	82.835
757.91	83.127
758.10	83.419
758.28	83.701
758.47	83.983
758.66	84.283
758.85	84.562
759.03	84.849
759.22	85.133
759.41	85.429
759.59	85.714
759.78	85.995
759.97	86.260
760.15	86.515
760.34	86.810
760.53	87.071
760.71	87.314
760.90	87.584
761.09	87.844
761.28	88.099
761.46	88.346
761.65	88.596
761.84	88.847
762.02	89.091
762.21	89.352
762.40	89.574
762.58	89.767
762.77	89.969
762.96	90.178
763.14	90.397
763.33	90.584
763.52	90.745
763.70	90.892
763.89	91.064
764.08	91.234
764.26	91.352
764.45	91.507
764.64	91.661
764.82	91.769
765.01	91.882
765.20	91.968
765.38	92.060
765.57	92.126
765.75	92.190
765.94	92.227
766.13	92.279
766.31	92.344
766.50	92.389
766.69	92.468
766.87	92.532
767.06	92.549
767.25	92.590
767.43	92.642
767.62	92.697
767.80	92.720
767.99	92.722
768.18	92.716
768.36	92.696
768.55	92.670
768.74	92.632
768.92	92.599
769.11	92.588
769.29	92.537
769.48	92.506
769.67	92.431
769.85	92.384
770.04	92.260
770.22	92.150
770.41	92.018
770.60	91.859
770.78	91.678
770.97	91.522
771.15	91.368
771.34	91.169
771.53	90.997
771.71	90.816
771.90	90.654
772.08	90.534
772.27	90.362
772.46	90.157
772.64	89.961
772.83	89.756
773.01	89.507
773.20	89.278
773.39	89.055
773.57	88.826
773.76	88.588
773.94	88.402
774.13	88.164
774.31	87.914
774.50	87.698
774.68	87.455
774.87	87.207
775.06	86.909
775.24	86.654
775.43	86.359
775.61	86.076
775.80	85.794
775.98	85.479
776.17	85.172
776.36	84.883
776.54	84.600
776.73	84.304
776.91	84.026
777.10	83.748
777.28	83.430
777.47	83.150
777.65	82.855
777.84	82.551
778.02	82.280
778.21	82.018
778.39	81.719
778.58	81.451
778.77	81.186
778.95	80.953
779.14	80.714
779.32	80.487
779.51	80.256
779.69	80.000
779.88	79.769
780.06	79.546
780.25	79.318
780.43	79.080
780.62	78.867
780.80	78.649
780.99	78.424
781.17	78.210
781.36	77.985
781.54	77.781
781.73	77.543
781.91	77.334
782.10	77.140
782.28	76.943
782.47	76.749
782.65	76.537
782.84	76.337
783.02	76.160
783.21	75.997
783.39	75.832
783.58	75.678
783.76	75.507
783.95	75.361
784.13	75.255
784.32	75.149
784.50	75.032
784.69	74.952
784.87	74.870
785.05	74.803
785.24	74.746
785.42	74.694
785.61	74.652
785.79	74.621
785.98	74.597
786.16	74.557
786.35	74.555
786.53	74.555
786.72	74.543
786.90	74.535
787.09	74.512
787.27	74.526
787.45	74.560
787.64	74.590
787.82	74.611
788.01	74.630
788.19	74.675
788.38	74.719
788.56	74.710
788.75	74.770
788.93	74.841
789.11	74.884
789.30	74.933
789.48	75.006
789.67	75.086
789.85	75.157
790.04	75.283
790.22	75.379
790.40	75.502
790.59	75.619
790.77	75.745
790.96	75.910
791.14	76.054
791.32	76.187
791.51	76.337
791.69	76.507
791.88	76.682
792.06	76.853
792.25	77.015
792.43	77.235
792.61	77.416
792.80	77.580
792.98	77.798
793.17	77.996
793.35	78.171
793.53	78.366
793.72	78.599
793.90	78.804
794.08	79.014
794.27	79.221
794.45	79.462
794.64	79.684
794.82	79.896
795.00	80.088
795.19	80.318
795.37	80.541
795.55	80.719
795.74	80.942
795.92	81.174
796.11	81.433
796.29	81.682
796.47	81.921
796.66	82.146
796.84	82.408
797.02	82.667
797.21	82.946
797.39	83.202
797.58	83.443
797.76	83.676
797.94	83.933
798.13	84.189
798.31	84.459
798.49	84.691
798.68	84.928
798.86	85.207
799.04	85.433
799.23	85.682
799.41	85.941
799.59	86.170
799.78	86.362
799.96	86.574
800.14	86.793
800.33	87.018
800.51	87.271
800.69	87.449
800.88	87.668
801.06	87.896
801.24	88.066
801.43	88.253
801.61	88.423
801.79	88.588
801.98	88.750
802.16	88.923
802.34	89.118
802.52	89.295
802.71	89.427
802.89	89.601
803.07	89.749
803.26	89.889
803.44	90.008
803.62	90.152
803.81	90.274
803.99	90.351
804.17	90.426
804.35	90.495
804.54	90.562
804.72	90.649
804.90	90.711
805.09	90.826
805.27	90.920
805.45	91.016
805.63	91.074
805.82	91.138
806.00	91.125
806.18	91.147
806.37	91.186
806.55	91.186
806.73	91.206
806.91	91.210
807.10	91.233
807.28	91.239
807.46	91.244
807.64	91.225
807.83	91.219
808.01	91.212
808.19	91.148
808.37	91.093
808.56	91.015
808.74	90.954
808.92	90.880
809.10	90.768
809.29	90.700
809.47	90.622
809.65	90.489
809.83	90.432
810.02	90.318
810.20	90.214
810.38	90.115
810.56	89.981
810.75	89.886
810.93	89.771
811.11	89.651
811.29	89.519
811.47	89.390
811.66	89.229
811.84	89.079
812.02	89.001
812.20	88.892
812.39	88.778
812.57	88.639
812.75	88.503
812.93	88.401
813.11	88.243
813.30	88.109
813.48	87.999
813.66	87.830
813.84	87.681
814.02	87.500
814.21	87.353
814.39	87.153
814.57	86.958
814.75	86.757
814.93	86.559
815.12	86.351
815.30	86.136
815.48	85.939
815.66	85.720
815.84	85.467
816.03	85.223
816.21	84.941
816.39	84.701
816.57	84.398
816.75	84.095
816.93	83.811
817.12	83.504
817.30	83.197
817.48	82.903
817.66	82.640
817.84	82.385
818.02	82.138
818.21	81.868
818.39	81.621
818.57	81.354
818.75	81.134
818.93	80.882
819.11	80.627
819.30	80.385
819.48	80.160
819.66	79.950
819.84	79.753
820.02	79.544
820.20	79.316
820.38	79.102
820.57	78.892
820.75	78.711
820.93	78.522
821.11	78.335
821.29	78.164
821.47	77.952
821.65	77.743
821.83	77.523
822.02	77.339
822.20	77.129
822.38	76.972
822.56	76.733
822.74	76.522
822.92	76.285
823.10	76.089
823.28	75.862
823.46	75.639
823.65	75.409
823.83	75.209
824.01	75.012
824.19	74.815
824.37	74.623
824.55	74.400
824.73	74.217
824.91	74.029
825.09	73.840
825.27	73.667
825.46	73.476
825.64	73.282
825.82	73.134
826.00	72.956
826.18	72.793
826.36	72.656
826.54	72.539
826.72	72.478
826.90	72.381
827.08	72.305
827.26	72.234
827.44	72.148
827.63	72.068
827.81	72.004
827.99	71.975
828.17	71.924
828.35	71.890
828.53	71.851
828.71	71.845
828.89	71.826
829.07	71.804
829.25	71.783
829.43	71.806
829.61	71.789
829.79	71.790
829.97	71.797
830.15	71.778
830.33	71.786
830.51	71.770
830.69	71.782
830.87	71.743
831.06	71.760
831.24	71.789
831.42	71.816
831.60	71.820
831.78	71.850
831.96	71.902
832.14	71.969
832.32	72.034
832.50	72.078
832.68	72.115
832.86	72.161
833.04	72.263
833.22	72.319
833.40	72.414
833.58	72.491
833.76	72.561
833.94	72.688
834.12	72.805
834.30	72.940
834.48	73.044
834.66	73.213
834.84	73.313
835.02	73.462
835.20	73.609
835.38	73.772
835.56	73.932
835.74	74.099
835.92	74.266
836.10	74.413
836.28	74.573
836.46	74.760
836.64	74.934
836.82	75.068
837.00	75.237
837.18	75.406
837.36	75.607
837.54	75.788
837.72	75.970
837.90	76.162
838.08	76.344
838.26	76.532
838.43	76.711
838.61	76.916
838.79	77.098
838.97	77.296
839.15	77.495
839.33	77.684
839.51	77.830
839.69	77.999
839.87	78.201
840.05	78.421
840.23	78.603
840.41	78.799
840.59	78.965
840.77	79.172
840.95	79.347
841.13	79.502
841.31	79.673
841.49	79.818
841.67	79.951
841.84	80.120
842.02	80.249
842.20	80.431
842.38	80.558
842.56	80.692
842.74	80.839
842.92	80.938
843.10	81.073
843.28	81.260
843.46	81.387
843.64	81.470
843.82	81.590
843.99	81.706
844.17	81.870
844.35	82.097
844.53	82.252
844.71	82.429
844.89	82.557
845.07	82.732
845.25	82.918
845.43	83.093
845.61	83.238
845.78	83.444
845.96	83.603
846.14	83.791
846.32	83.987
846.50	84.135
846.68	84.352
846.86	84.512
847.04	84.655
847.22	84.756
847.39	84.936
847.57	85.045
847.75	85.161
847.93	85.216
848.11	85.295
848.29	85.420
848.47	85.481
848.65	85.604
848.82	85.648
849.00	85.714
849.18	85.752
849.36	85.788
849.54	85.839
849.72	85.830
849.89	85.880
850.07	85.928
850.25	85.925
850.43	85.892
850.61	85.884
850.79	85.839
850.97	85.898
851.14	85.913
851.32	85.897
851.50	85.911
851.68	85.970
851.86	86.021
852.04	85.989
852.21	86.020
852.39	86.028
852.57	86.087
852.75	86.093
852.93	86.096
853.10	86.082
853.28	86.034
853.46	86.028
853.64	85.956
853.82	85.871
854.00	85.893
854.17	85.837
854.35	85.755
854.53	85.717
854.71	85.638
854.89	85.511
855.06	85.480
855.24	85.431
855.42	85.332
855.60	85.191
855.78	85.098
855.95	84.978
856.13	84.881
856.31	84.699
856.49	84.552
856.66	84.452
856.84	84.286
857.02	84.217
857.20	84.138
857.38	83.986
857.55	83.849
857.73	83.623
857.91	83.520
858.09	83.364
858.26	83.217
858.44	83.080
858.62	82.958
858.80	82.771
858.97	82.605
859.15	82.428
859.33	82.221
859.51	82.060
859.68	81.880
859.86	81.684
860.04	81.514
860.22	81.320
860.39	81.116
860.57	80.912
860.75	80.639
860.93	80.405
861.10	80.268
861.28	80.093
861.46	79.883
861.64	79.685
861.81	79.531
861.99	79.324
862.17	79.100
862.35	78.903
862.52	78.747
862.70	78.539
862.88	78.369
863.05	78.159
863.23	77.938
863.41	77.751
863.59	77.535
863.76	77.377
863.94	77.183
864.12	76.997
864.29	76.842
864.47	76.637
864.65	76.455
864.83	76.203
865.00	75.981
865.18	75.833
865.36	75.649
865.53	75.453
865.71	75.306
865.89	75.116
866.06	74.906
866.24	74.666
866.42	74.471
866.59	74.249
866.77	74.098
866.95	73.905
867.12	73.662
867.30	73.499
867.48	73.271
867.65	73.072
867.83	72.862
868.01	72.686
868.18	72.493
868.36	72.294
868.54	72.134
868.71	71.983
868.89	71.818
869.07	71.629
869.24	71.456
869.42	71.265
869.60	71.105
869.77	70.991
869.95	70.842
870.13	70.683
870.30	70.569
870.48	70.385
870.66	70.231
870.83	70.125
871.01	69.933
871.18	69.809
871.36	69.683
871.54	69.539
871.71	69.410
871.89	69.317
872.07	69.149
872.24	69.025
872.42	68.924
872.59	68.812
872.77	68.687
872.95	68.593
873.12	68.449
873.30	68.323
873.48	68.215
873.65	68.117
873.83	68.026
874.00	67.908
874.18	67.831
874.36	67.774
874.53	67.694
874.71	67.628
874.88	67.560
875.06	67.526
875.24	67.530
875.41	67.483
875.59	67.448
875.76	67.472
875.94	67.427
876.11	67.315
876.29	67.221
876.47	67.187
876.64	67.132
876.82	67.096
876.99	67.068
877.17	67.027
877.35	67.010
877.52	66.977
877.70	66.926
877.87	66.914
878.05	66.907
878.22	66.914
878.40	66.949
878.57	66.936
878.75	66.901
878.93	66.848
879.10	66.846
879.28	66.860
879.45	66.859
879.63	66.848
879.80	66.851
879.98	66.908
880.15	66.928
880.33	66.976
880.50	67.018
880.68	67.109
880.86	67.170
881.03	67.244
881.21	67.323
881.38	67.421
881.56	67.585
881.73	67.644
881.91	67.710
882.08	67.771
882.26	67.900
882.43	68.022
882.61	68.193
882.78	68.314
882.96	68.444
883.13	68.572
883.31	68.714
883.48	68.915
883.66	69.057
883.83	69.218
884.01	69.322
884.18	69.541
884.36	69.694
884.53	69.824
884.71	69.959
884.88	70.063
885.06	70.217
885.23	70.280
885.41	70.409
885.58	70.519
885.76	70.684
885.93	70.766
886.11	70.931
886.28	71.034
886.46	71.157
886.63	71.277
886.81	71.390
886.98	71.573
887.15	71.673
887.33	71.850
887.50	72.042
887.68	72.206
887.85	72.290
888.03	72.426
888.20	72.582
888.38	72.734
888.55	72.899
888.73	72.973
888.90	73.102
889.08	73.241
889.25	73.360
889.42	73.490
889.60	73.665
889.77	73.736
889.95	73.877
890.12	73.951
890.30	74.041
890.47	74.113
890.64	74.231
890.82	74.370
890.99	74.459
891.17	74.547
891.34	74.650
891.52	74.758
891.69	74.865
891.86	74.986
892.04	75.087
892.21	75.243
892.39	75.472
892.56	75.632
892.73	75.725
892.91	75.872
893.08	76.063
893.26	76.152
893.43	76.328
893.60	76.421
893.78	76.592
893.95	76.755
894.13	77.005
894.30	77.162
894.47	77.355
894.65	77.491
894.82	77.643
895.00	77.786
895.17	77.955
895.34	78.127
895.52	78.287
895.69	78.404
895.86	78.530
896.04	78.566
896.21	78.721
896.39	78.922
896.56	79.090
896.73	79.101
896.91	79.168
897.08	79.248
897.25	79.421
897.43	79.482
897.60	79.571
897.77	79.583
897.95	79.563
898.12	79.547
898.30	79.652
898.47	79.658
898.64	79.710
898.82	79.725
898.99	79.719
899.16	79.715
899.34	79.708
899.51	79.625
899.68	79.612
899.86	79.557
900.03	79.473
900.20	79.423
900.38	79.450
900.55	79.527
900.72	79.481
900.90	79.398
901.07	79.494
901.24	79.457
901.41	79.465
901.59	79.486
901.76	79.489
901.93	79.439
902.11	79.382
902.28	79.372
902.45	79.465
902.63	79.490
902.80	79.454
902.97	79.456
903.15	79.551
903.32	79.630
903.49	79.633
903.66	79.681
903.84	79.690
904.01	79.664
904.18	79.630
904.36	79.644
904.53	79.621
904.70	79.543
904.87	79.532
905.05	79.447
905.22	79.461
905.39	79.434
905.56	79.362
905.74	79.334
905.91	79.240
906.08	79.113
906.26	79.019
906.43	78.931
906.60	78.834
906.77	78.673
906.95	78.542
907.12	78.405
907.29	78.236
907.46	78.209
907.64	78.111
907.81	78.004
907.98	77.830
908.15	77.730
908.33	77.610
908.50	77.483
908.67	77.389
908.84	77.260
909.01	77.113
909.19	77.030
909.36	76.898
909.53	76.773
909.70	76.551
909.88	76.452
910.05	76.298
910.22	76.225
910.39	76.119
910.57	76.035
910.74	75.965
910.91	75.908
911.08	75.703
911.25	75.558
911.43	75.440
911.60	75.332
911.77	75.193
911.94	74.980
912.11	74.824
912.29	74.623
912.46	74.382
912.63	74.172
912.80	73.960
912.97	73.786
913.15	73.648
913.32	73.533
913.49	73.315
913.66	73.225
913.83	72.997
914.00	72.781
914.18	72.584
914.35	72.391
914.52	72.137
914.69	71.925
914.86	71.728
915.03	71.525
915.21	71.379
915.38	71.175
915.55	71.091
915.72	70.925
915.89	70.803
916.06	70.726
916.24	70.656
916.41	70.495
916.58	70.373
916.75	70.176
916.92	70.000
917.09	69.803
917.26	69.537
917.44	69.333
917.61	69.201
917.78	68.979
917.95	68.817
918.12	68.635
918.29	68.548
918.46	68.367
918.64	68.198
918.81	68.061
918.98	67.910
919.15	67.727
919.32	67.574
919.49	67.364
919.66	67.155
919.83	66.960
920.00	66.795
920.18	66.654
920.35	66.605
920.52	66.479
920.69	66.434
920.86	66.416
921.03	66.321
921.20	66.180
921.37	66.065
921.54	65.818
921.71	65.714
921.89	65.532
922.06	65.470
922.23	65.364
922.40	65.228
922.57	65.042
922.74	64.935
922.91	64.868
923.08	64.789
923.25	64.697
923.42	64.601
923.59	64.554
923.76	64.346
923.93	64.149
924.11	63.983
924.28	63.837
924.45	63.710
924.62	63.700
924.79	63.611
924.96	63.448
925.13	63.413
925.30	63.315
925.47	63.171
925.64	63.071
925.81	63.004
925.98	62.940
926.15	62.917
926.32	62.768
926.49	62.643
926.66	62.552
926.83	62.455
927.00	62.416
927.17	62.298
927.34	62.341
927.51	62.312
927.69	62.358
927.86	62.324
928.03	62.213
928.20	62.151
928.37	62.065
928.54	62.105
928.71	62.080
928.88	62.084
929.05	62.111
929.22	62.103
929.39	62.038
929.56	61.968
929.73	61.926
929.90	61.980
930.07	61.987
930.24	61.955
930.41	61.955
930.58	62.008
930.75	62.060
930.92	62.009
931.09	61.984
931.26	61.945
931.43	61.914
931.60	61.916
931.77	61.874
931.94	61.941
932.11	61.981
932.27	61.997
932.44	62.024
932.61	62.055
932.78	62.015
932.95	62.130
933.12	62.084
933.29	62.106
933.46	62.106
933.63	62.036
933.80	62.052
933.97	62.088
934.14	62.057
934.31	62.008
934.48	62.060
934.65	62.068
934.82	62.132
934.99	62.165
935.16	62.215
935.33	62.292
935.50	62.423
935.67	62.506
935.84	62.546
936.00	62.562
936.17	62.639
936.34	62.765
936.51	62.749
936.68	62.813
936.85	62.850
937.02	62.939
937.19	63.023
937.36	63.180
937.53	63.168
937.70	63.242
937.87	63.332
938.03	63.340
938.20	63.415
938.37	63.486
938.54	63.568
938.71	63.639
938.88	63.725
939.05	63.637
939.22	63.584
939.39	63.657
939.56	63.819
939.72	63.851
939.89	63.870
940.06	63.904
940.23	63.982
940.40	64.078
940.57	64.228
940.74	64.363
940.91	64.406
941.08	64.587
941.24	64.690
941.41	64.855
941.58	65.094
941.75	65.242
941.92	65.375
942.09	65.485
942.26	65.576
942.42	65.619
942.59	65.843
942.76	66.185
942.93	66.348
943.10	66.366
943.27	66.522
943.44	66.658
943.60	66.861
943.77	66.871
943.94	67.082
944.11	67.124
944.28	67.196
944.45	67.303
944.61	67.398
944.78	67.392
944.95	67.433
945.12	67.625
945.29	67.716
945.46	67.698
945.62	67.742
945.79	67.950
945.96	68.256
946.13	68.391
946.30	68.386
946.46	68.553
946.63	68.681
946.80	68.805
946.97	68.974
947.14	69.037
947.31	69.547
947.47	69.738
947.64	69.911
947.81	70.066
947.98	70.262
948.15	70.357
948.31	70.597
948.48	70.731
948.65	70.684
948.82	70.828
948.98	70.976
949.15	71.281
949.32	71.316
949.49	71.324
949.66	71.391
949.82	71.433
949.99	71.518
950.16	71.608
950.33	71.584
950.49	71.683
950.66	71.642
950.83	71.483
951.00	71.334
951.16	71.117
951.33	71.147
951.50	71.083
951.67	71.131
951.83	71.170
952.00	71.158
952.17	71.081
952.34	71.069
952.50	71.214
952.67	71.126
952.84	71.150
953.01	71.057
953.17	71.076
953.34	71.164
953.51	71.081
953.68	70.994
953.84	70.951
954.01	70.839
954.18	70.808
954.34	70.844
954.51	70.904
954.68	71.065
954.85	71.068
955.01	71.214
955.18	71.461
955.35	71.194
955.51	71.154
955.68	71.290
955.85	71.474
956.02	71.331
956.18	71.389
956.35	71.362
956.52	71.419
956.68	71.410
956.85	71.301
957.02	71.374
957.18	71.397
957.35	71.415
957.52	71.505
957.69	71.578
957.85	71.613
958.02	71.511
958.19	71.370
958.35	71.370
958.52	71.102
958.69	70.755
958.85	70.950
959.02	71.067
959.19	70.821
959.35	70.693
959.52	70.733
959.69	70.697
959.85	70.710
960.02	70.679
960.19	70.525
960.35	70.464
960.52	70.364
960.68	70.340
960.85	70.438
961.02	70.222
961.18	70.218
961.35	70.017
961.52	70.064
961.68	70.092
961.85	69.962
962.02	70.037
962.18	70.040
962.35	69.815
962.51	69.655
962.68	69.695
962.85	69.574
963.01	69.299
963.18	69.193
963.35	68.794
963.51	68.611
963.68	68.594
963.84	68.374
964.01	68.376
964.18	68.227
964.34	67.949
964.51	67.753
964.67	67.550
964.84	67.480
965.01	67.223
965.17	66.980
965.34	67.033
965.50	66.744
965.67	66.730
965.84	66.689
966.00	66.780
966.17	66.856
966.33	66.691
966.50	66.624
966.66	66.591
966.83	66.699
967.00	66.619
967.16	66.484
967.33	66.431
967.49	66.248
967.66	66.435
967.82	66.273
967.99	66.462
968.16	66.478
968.32	66.376
968.49	66.185
968.65	66.334
968.82	66.159
968.98	66.249
969.15	65.891
969.31	65.605
969.48	65.354
969.64	65.026
969.81	65.050
969.98	64.995
970.14	64.627
970.31	64.570
970.47	64.306
970.64	64.052
970.80	64.087
970.97	63.607
971.13	63.249
971.30	63.141
971.46	62.897
971.63	62.695
971.79	62.747
971.96	62.761
972.12	62.484
972.29	62.100
972.45	61.950
972.62	61.964
972.78	62.032
972.95	61.607
973.11	61.360
973.28	61.203
973.44	61.234
973.61	61.433
973.77	61.211
973.94	61.262
974.10	61.380
974.27	61.313
974.43	61.615
974.60	61.553
974.76	61.535
974.93	61.462
975.09	61.236
975.26	60.967
975.42	60.896
975.59	60.699
975.75	61.044
975.92	60.920
976.08	60.453
976.24	60.285
976.41	60.113
976.57	60.159
976.74	60.043
976.90	59.644
977.07	59.203
977.23	59.163
977.40	58.958
977.56	58.403
977.73	58.070
977.89	57.720
978.05	57.331
978.22	57.123
978.38	56.872
978.55	56.636
978.71	56.438
978.88	56.465
979.04	56.430
979.20	56.225
979.37	56.146
979.53	56.173
979.70	56.221
979.86	56.442
980.03	56.289
980.19	56.101
980.35	56.097
980.52	55.895
980.68	55.979
980.85	55.845
981.01	55.885
981.17	55.815
981.34	55.641
981.50	55.585
981.67	55.615
981.83	55.496
981.99	55.462
982.16	55.228
982.32	54.318
982.49	54.271
982.65	54.067
982.81	54.095
982.98	54.059
983.14	53.998
983.30	53.681
983.47	53.623
983.63	53.455
983.80	53.152
983.96	52.861
984.12	53.210
984.29	53.436
984.45	53.722
984.61	53.492
984.78	53.750
984.94	53.966
985.10	54.366
985.27	54.138
985.43	54.664
985.59	55.014
985.76	55.648
985.92	55.858
986.08	56.158
986.25	55.716
986.41	56.276
986.57	55.702
986.74	55.992
986.90	55.908
987.06	55.779
987.23	55.881
987.39	55.796
987.55	54.765
987.72	54.470
987.88	53.663
988.04	54.024
988.21	54.374
988.37	54.130
988.53	53.432
988.70	53.900
988.86	53.148
989.02	52.780
989.19	52.360
989.35	52.272
989.51	51.522
989.67	51.543
989.84	51.032
990.00	51.102
990.16	51.385
990.33	51.522
990.49	51.922
990.65	52.069
990.82	52.411
990.98	52.521
991.14	52.435
991.30	53.296
991.47	52.634
991.63	52.521
991.79	53.412
991.95	53.617
992.12	53.603
992.28	53.857
992.44	54.094
992.61	54.286
992.77	54.409
992.93	54.996
993.09	55.203
993.26	55.318
993.42	55.932
993.58	55.354
993.74	55.086
993.91	54.628
994.07	54.434
994.23	54.755
994.39	54.849
994.55	55.049
994.72	54.437
994.88	54.853
995.04	54.321
995.20	53.961
995.37	53.461
995.53	53.375
995.69	53.279
995.85	52.776
996.02	52.920
996.18	53.030
996.34	52.481
996.50	52.519
996.66	53.534
996.83	52.913
996.99	52.309
997.15	52.973
997.31	53.103
997.47	53.339
997.64	53.079
997.80	53.464
997.96	54.148
998.12	54.545
998.28	55.150
998.45	55.704
998.61	55.410
998.77	55.541
998.93	55.700
999.09	56.645
999.25	57.062
999.42	57.993
999.58	57.900
999.74	57.694
999.90	57.390
1000.06	56.371
1000.22	56.921
1000.39	57.651
1000.55	57.163
1000.71	57.524
1000.87	57.446
1001.03	57.273
1001.19	57.261
1001.36	56.431
1001.52	56.033
1001.68	55.632
1001.84	55.963
1002.00	54.983
1002.16	54.853
1002.32	54.281
1002.49	52.738
1002.65	52.499
1002.81	51.928
1002.97	51.757
1003.13	51.854
1003.29	52.748
1003.45	52.594
1003.62	52.918
1003.78	52.672
1003.94	53.018
1004.10	52.446
1004.26	52.751
1004.42	52.353
1004.58	51.929
1004.74	52.326
1004.90	53.937
1005.07	53.733
1005.23	52.769
1005.39	53.954
1005.55	54.497
1005.71	54.094
1005.87	55.417
1006.03	56.332
1006.19	56.535
1006.35	56.031
1006.51	57.064
1006.67	56.780
1006.84	56.572
1007.00	56.035
1007.16	57.061
1007.32	55.730
1007.48	56.133
1007.64	57.525
1007.80	57.197
1007.96	56.329
1008.12	56.815
1008.28	54.743
1008.44	55.822
1008.60	56.507
1008.76	55.449
1008.92	54.693
1009.09	54.905
1009.25	54.383
1009.41	53.623
1009.57	53.935
1009.73	54.645
1009.89	54.745
1010.05	55.566
1010.21	56.835
1010.37	56.675
1010.53	57.928
1010.69	60.061
1010.85	59.829
1011.01	57.874
1011.17	57.303
1011.33	59.305
1011.49	59.532
1011.65	59.863
1011.81	59.417
1011.97	59.645
1012.13	61.688
1012.29	62.595
1012.45	63.456
1012.61	66.224
1012.77	64.108
1012.93	63.131
1013.09	61.896
1013.25	62.076
1013.41	61.582
1013.57	58.906
1013.73	58.645
1013.89	54.720
1014.05	55.559
1014.21	53.355
1014.37	52.417
1014.53	51.493
1014.69	51.516
1014.85	51.485
1015.01	53.002
1015.17	55.089
1015.33	54.503
1015.49	53.284
1015.65	55.513
1015.81	56.419
1015.97	53.350
1016.13	56.288
1016.29	56.690
1016.45	57.155
1016.61	57.812
1016.77	55.631
1016.93	56.917
1017.09	55.990
1017.25	57.444
1017.41	56.813
1017.56	59.599
1017.72	64.678
1017.88	66.533
1018.04	67.307
1018.20	64.070
1018.36	64.354
1018.52	61.529
1018.68	62.818
1018.84	63.373
1019.00	60.972
1019.16	61.513
1019.32	65.567
1019.48	67.059
1019.64	68.505
1019.79	66.997
1019.95	63.268
1020.11	67.698
1020.27	66.936
1020.43	72.000
1020.59	74.438
1020.75	70.767
1020.91	74.275
1021.07	68.061
1021.23	68.204
1021.39	65.337
1021.54	70.700
1021.70	67.473
1021.86	65.788
1022.02	64.381
1022.18	61.416
1022.34	63.648
1022.50	62.893
1022.66	59.175
1022.82	57.736
1022.97	57.967
1023.13	60.593
1023.29	64.420
1023.45	62.589
1023.61	62.362
1023.77	58.566
1023.93	59.144
1024.08	60.364
1024.24	56.035
1024.40	54.624
1024.56	60.001
1024.72	57.846
1024.88	49.386
1025.04	52.168
1025.19	53.746
1025.35	50.441
1025.51	55.663
1025.67	58.051
1025.83	54.659
1025.99	56.636
1026.14	54.129
1026.30	56.188
1026.46	58.807
1026.62	55.769
1026.78	53.677
1026.94	53.138
1027.09	53.195
1027.25	49.109
1027.41	46.841
1027.57	47.588
1027.73	48.107
1027.89	44.777
1028.04	45.782
1028.20	45.100
1028.36	46.365
1028.52	46.081
1028.68	45.707
1028.83	45.487
1028.99	44.426
1029.15	46.304
1029.31	44.486
1029.47	45.978
1029.62	45.020
1029.78	42.715
1029.94	41.847
1030.10	42.330
1030.25	42.302
1030.41	46.132
1030.57	48.301
1030.73	51.974
1030.89	48.404
1031.04	51.802
1031.20	51.395
1031.36	56.308
1031.52	62.665
1031.67	62.219
1031.83	61.637
1031.99	70.118
1032.15	62.323
1032.30	65.682
1032.46	63.765
1032.62	61.048
1032.78	59.459
1032.93	64.257
1033.09	57.112
1033.25	48.579
1033.41	39.752
1033.56	35.595
1033.72	-39.804
1033.88	152.976
1034.04	20.401
1034.19	27.242
1034.35	76.655
1034.51	3.659
1034.66	41.998
1034.82	2800.000
1034.98	2800.000
1035.14	2800.000
