345.22	43.736
345.43	43.736
345.65	43.736
345.86	46.125
346.08	127.443
346.29	23.575
346.51	31.291
346.72	50.101
346.94	-143.846
347.15	-71.918
347.37	135.433
347.58	163.351
347.80	188.650
348.01	161.519
348.23	115.793
348.44	107.150
348.66	99.620
348.87	101.524
349.09	96.604
349.30	87.385
349.52	81.366
349.73	84.709
349.95	85.128
350.16	87.146
350.38	84.786
350.59	78.719
350.81	77.412
351.02	75.849
351.24	74.863
351.45	73.832
351.67	76.499
351.88	75.694
352.10	72.382
352.31	71.380
352.53	74.721
352.74	76.009
352.96	77.055
353.17	76.752
353.39	77.437
353.60	79.651
353.82	80.218
354.03	81.171
354.25	76.870
354.46	72.010
354.67	69.298
354.89	67.655
355.10	71.393
355.32	70.063
355.53	71.370
355.75	72.987
355.96	73.996
356.18	73.053
356.39	72.749
356.61	76.606
356.82	76.675
357.04	73.095
357.25	73.004
357.46	72.735
357.68	72.627
357.89	71.313
358.11	69.428
358.32	72.533
358.54	70.224
358.75	71.413
358.97	73.460
359.18	76.567
359.40	76.185
359.61	76.293
359.82	77.832
360.04	77.963
360.25	76.263
360.47	72.490
360.68	72.130
360.90	72.510
361.11	70.357
361.32	69.995
361.54	73.074
361.75	72.944
361.97	73.915
362.18	74.339
362.40	75.930
362.61	77.561
362.83	76.846
363.04	78.252
363.25	79.480
363.47	80.247
363.68	77.773
363.90	80.951
364.11	81.275
364.32	81.484
364.54	79.954
364.75	77.364
364.97	81.042
365.18	80.018
365.40	78.508
365.61	78.855
365.82	79.884
366.04	79.803
366.25	79.506
366.47	77.805
366.68	76.253
366.89	76.751
367.11	74.996
367.32	75.549
367.54	72.945
367.75	72.537
367.96	72.058
368.18	73.044
368.39	72.382
368.61	72.987
368.82	74.117
369.03	76.519
369.25	80.243
369.46	80.972
369.68	81.413
369.89	82.257
370.10	82.628
370.32	82.539
370.53	81.796
370.75	78.533
370.96	80.697
371.17	81.622
371.39	79.476
371.60	79.712
371.81	80.370
372.03	82.739
372.24	83.405
372.46	86.192
372.67	86.878
372.88	85.544
373.10	84.871
373.31	83.718
373.52	83.243
373.74	81.661
373.95	80.553
374.17	81.855
374.38	84.009
374.59	84.326
374.81	83.170
375.02	81.628
375.23	84.697
375.45	82.525
375.66	80.644
375.87	81.876
376.09	82.033
376.30	80.832
376.52	82.486
376.73	79.986
376.94	78.469
377.16	79.582
377.37	83.736
377.58	83.971
377.80	85.374
378.01	86.707
378.22	88.335
378.44	89.401
378.65	91.188
378.86	91.021
379.08	91.622
379.29	92.142
379.50	94.960
379.72	95.163
379.93	98.548
380.14	101.699
380.36	102.750
380.57	104.376
380.78	104.845
381.00	105.703
381.21	107.613
381.42	108.716
381.64	109.155
381.85	108.755
382.06	109.113
382.28	109.128
382.49	108.721
382.70	109.383
382.92	109.857
383.13	109.237
383.34	109.828
383.56	110.849
383.77	112.089
383.98	111.786
384.20	112.905
384.41	113.045
384.62	113.312
384.83	113.893
385.05	114.352
385.26	115.313
385.47	116.136
385.69	117.055
385.90	117.942
386.11	118.696
386.33	119.676
386.54	120.454
386.75	121.155
386.97	122.319
387.18	123.071
387.39	123.923
387.60	124.384
387.82	124.879
388.03	125.245
388.24	125.783
388.46	126.199
388.67	126.321
388.88	126.287
389.09	126.191
389.31	125.953
389.52	125.706
389.73	125.155
389.95	124.668
390.16	124.130
390.37	123.675
390.58	123.203
390.80	122.449
391.01	121.945
391.22	121.417
391.44	120.537
391.65	119.800
391.86	119.087
392.07	118.798
392.29	118.328
392.50	117.839
392.71	117.327
392.92	117.060
393.14	116.668
393.35	116.515
393.56	116.507
393.78	116.555
393.99	116.849
394.20	117.247
394.41	117.554
394.63	117.881
394.84	118.437
395.05	119.150
395.26	119.810
395.48	120.514
395.69	121.154
395.90	122.091
396.11	122.958
396.33	123.785
396.54	124.632
396.75	125.356
396.96	126.105
397.18	126.747
397.39	127.376
397.60	128.029
397.81	128.524
398.03	128.867
398.24	129.147
398.45	129.230
398.66	129.253
398.87	129.241
399.09	129.098
399.30	128.723
399.51	128.145
399.72	127.641
399.94	127.024
400.15	126.335
400.36	125.499
400.57	124.623
400.79	123.748
401.00	122.743
401.21	121.833
401.42	120.894
401.63	119.969
401.85	119.092
402.06	118.326
402.27	117.584
402.48	116.964
402.69	116.412
402.91	115.881
403.12	115.410
403.33	115.167
403.54	115.068
403.76	114.934
403.97	115.026
404.18	115.242
404.39	115.565
404.60	116.009
404.82	116.564
405.03	117.212
405.24	117.874
405.45	118.629
405.66	119.444
405.88	120.272
406.09	121.207
406.30	122.033
406.51	122.785
406.72	123.590
406.94	124.336
407.15	125.036
407.36	125.751
407.57	126.396
407.78	126.891
407.99	127.231
408.21	127.575
408.42	127.790
408.63	127.936
408.84	127.882
409.05	127.771
409.27	127.459
409.48	126.985
409.69	126.443
409.90	125.894
410.11	125.231
410.32	124.520
410.54	123.647
410.75	122.715
410.96	121.760
411.17	120.764
411.38	119.764
411.59	118.783
411.81	117.738
412.02	116.727
412.23	115.759
412.44	114.889
412.65	114.128
412.86	113.447
413.08	112.761
413.29	112.174
413.50	111.752
413.71	111.446
413.92	111.243
414.13	111.158
414.34	111.145
414.56	111.179
414.77	111.375
414.98	111.650
415.19	112.152
415.40	112.748
415.61	113.392
415.82	114.072
416.04	114.840
416.25	115.609
416.46	116.443
416.67	117.351
416.88	118.200
417.09	119.060
417.30	119.845
417.52	120.672
417.73	121.401
417.94	122.061
418.15	122.683
418.36	123.309
418.57	123.741
418.78	124.091
418.99	124.442
419.21	124.641
419.42	124.778
419.63	124.757
419.84	124.612
420.05	124.355
420.26	123.982
420.47	123.450
420.68	122.938
420.89	122.328
421.11	121.560
421.32	120.837
421.53	119.979
421.74	119.118
421.95	118.230
422.16	117.346
422.37	116.455
422.58	115.479
422.79	114.518
423.01	113.656
423.22	112.804
423.43	112.025
423.64	111.292
423.85	110.652
424.06	110.103
424.27	109.622
424.48	109.236
424.69	109.026
424.90	108.902
425.11	108.870
425.33	108.946
425.54	109.104
425.75	109.328
425.96	109.663
426.17	110.102
426.38	110.626
426.59	111.220
426.80	111.875
427.01	112.641
427.22	113.472
427.43	114.394
427.64	115.271
427.85	116.115
428.07	117.015
428.28	117.856
428.49	118.713
428.70	119.546
428.91	120.340
429.12	121.028
429.33	121.720
429.54	122.331
429.75	122.850
429.96	123.368
430.17	123.772
430.38	124.077
430.59	124.224
430.80	124.267
431.01	124.225
431.22	124.119
431.44	123.880
431.65	123.558
431.86	123.098
432.07	122.596
432.28	122.025
432.49	121.358
432.70	120.613
432.91	119.773
433.12	118.871
433.33	117.946
433.54	117.059
433.75	116.125
433.96	115.200
434.17	114.187
434.38	113.237
434.59	112.322
434.80	111.432
435.01	110.685
435.22	109.984
435.43	109.355
435.64	108.770
435.85	108.271
436.06	107.848
436.27	107.547
436.48	107.350
436.69	107.208
436.90	107.188
437.11	107.296
437.33	107.488
437.54	107.788
437.75	108.213
437.96	108.639
438.17	109.154
438.38	109.688
438.59	110.367
438.80	111.057
439.01	111.858
439.22	112.722
439.43	113.457
439.64	114.254
439.85	115.068
440.06	115.851
440.27	116.665
440.48	117.413
440.69	118.118
440.90	118.781
441.11	119.449
441.32	120.024
441.53	120.519
441.74	120.925
441.95	121.294
442.16	121.550
442.37	121.697
442.58	121.784
442.79	121.805
443.00	121.728
443.21	121.562
443.42	121.235
443.62	120.762
443.83	120.380
444.04	119.871
444.25	119.285
444.46	118.624
444.67	117.881
444.88	117.117
445.09	116.286
445.30	115.412
445.51	114.479
445.72	113.520
445.93	112.619
446.14	111.690
446.35	110.741
446.56	109.860
446.77	109.019
446.98	108.179
447.19	107.362
447.40	106.632
447.61	105.917
447.82	105.291
448.03	104.783
448.24	104.295
448.45	103.901
448.66	103.603
448.87	103.383
449.08	103.282
449.29	103.247
449.49	103.310
449.70	103.471
449.91	103.696
450.12	104.035
450.33	104.396
450.54	104.859
450.75	105.395
450.96	105.961
451.17	106.592
451.38	107.249
451.59	107.961
451.80	108.666
452.01	109.421
452.22	110.200
452.43	110.932
452.64	111.661
452.84	112.396
453.05	113.083
453.26	113.775
453.47	114.382
453.68	114.974
453.89	115.509
454.10	115.942
454.31	116.359
454.52	116.668
454.73	116.941
454.94	117.100
455.15	117.166
455.36	117.130
455.56	117.039
455.77	116.862
455.98	116.631
456.19	116.322
456.40	115.951
456.61	115.524
456.82	114.985
457.03	114.395
457.24	113.729
457.45	113.039
457.65	112.233
457.86	111.437
458.07	110.606
458.28	109.693
458.49	108.832
458.70	107.903
458.91	107.001
459.12	106.092
459.33	105.166
459.54	104.305
459.74	103.471
459.95	102.646
460.16	101.918
460.37	101.233
460.58	100.615
460.79	100.028
461.00	99.474
461.21	99.027
461.41	98.649
461.62	98.348
461.83	98.142
462.04	98.039
462.25	97.954
462.46	97.982
462.67	98.115
462.88	98.315
463.08	98.611
463.29	98.939
463.50	99.344
463.71	99.843
463.92	100.366
464.13	100.919
464.34	101.533
464.54	102.192
464.75	102.882
464.96	103.566
465.17	104.278
465.38	104.971
465.59	105.713
465.80	106.422
466.00	107.101
466.21	107.759
466.42	108.374
466.63	109.013
466.84	109.597
467.05	110.118
467.26	110.589
467.46	110.945
467.67	111.294
467.88	111.592
468.09	111.785
468.30	111.947
468.51	112.043
468.71	112.040
468.92	111.974
469.13	111.830
469.34	111.633
469.55	111.332
469.76	111.003
469.96	110.577
470.17	110.095
470.38	109.576
470.59	108.982
470.80	108.337
471.00	107.682
471.21	106.948
471.42	106.209
471.63	105.433
471.84	104.656
472.05	103.843
472.25	103.013
472.46	102.195
472.67	101.334
472.88	100.536
473.09	99.732
473.29	98.927
473.50	98.180
473.71	97.447
473.92	96.761
474.13	96.120
474.33	95.539
474.54	95.013
474.75	94.545
474.96	94.128
475.17	93.779
475.37	93.454
475.58	93.229
475.79	93.077
476.00	92.995
476.21	92.996
476.41	93.053
476.62	93.192
476.83	93.381
477.04	93.683
477.24	93.999
477.45	94.386
477.66	94.823
477.87	95.282
478.08	95.814
478.28	96.352
478.49	96.947
478.70	97.578
478.91	98.201
479.11	98.839
479.32	99.514
479.53	100.168
479.74	100.857
479.94	101.509
480.15	102.122
480.36	102.716
480.57	103.288
480.78	103.857
480.98	104.339
481.19	104.793
481.40	105.189
481.61	105.576
481.81	105.898
482.02	106.153
482.23	106.390
482.44	106.522
482.64	106.629
482.85	106.657
483.06	106.600
483.27	106.523
483.47	106.392
483.68	106.185
483.89	105.918
484.10	105.582
484.30	105.206
484.51	104.755
484.72	104.289
484.92	103.733
485.13	103.165
485.34	102.566
485.55	101.921
485.75	101.249
485.96	100.521
486.17	99.786
486.38	99.047
486.58	98.275
486.79	97.520
487.00	96.748
487.20	95.979
487.41	95.242
487.62	94.512
487.83	93.787
488.03	93.082
488.24	92.418
488.45	91.772
488.65	91.152
488.86	90.594
489.07	90.068
489.28	89.605
489.48	89.175
489.69	88.837
489.90	88.526
490.10	88.289
490.31	88.111
490.52	87.970
490.73	87.902
490.93	87.894
491.14	87.941
491.35	88.055
491.55	88.213
491.76	88.422
491.97	88.674
492.17	88.970
492.38	89.325
492.59	89.719
492.79	90.167
493.00	90.652
493.21	91.166
493.41	91.696
493.62	92.249
493.83	92.828
494.04	93.379
494.24	93.964
494.45	94.547
494.66	95.111
494.86	95.706
495.07	96.257
495.28	96.822
495.48	97.344
495.69	97.844
495.90	98.331
496.10	98.785
496.31	99.192
496.52	99.557
496.72	99.915
496.93	100.222
497.14	100.471
497.34	100.656
497.55	100.822
497.76	100.930
497.96	100.986
498.17	100.983
498.37	100.942
498.58	100.827
498.79	100.661
498.99	100.472
499.20	100.208
499.41	99.900
499.61	99.520
499.82	99.118
500.03	98.662
500.23	98.190
500.44	97.656
500.65	97.104
500.85	96.529
501.06	95.890
501.26	95.244
501.47	94.578
501.68	93.911
501.88	93.204
502.09	92.505
502.30	91.790
502.50	91.081
502.71	90.382
502.91	89.692
503.12	89.009
503.33	88.336
503.53	87.700
503.74	87.070
503.95	86.468
504.15	85.899
504.36	85.357
504.56	84.843
504.77	84.388
504.98	83.951
505.18	83.575
505.39	83.238
505.59	82.948
505.80	82.707
506.01	82.517
506.21	82.382
506.42	82.296
506.62	82.257
506.83	82.260
507.04	82.323
507.24	82.428
507.45	82.590
507.65	82.793
507.86	83.024
508.07	83.307
508.27	83.634
508.48	83.988
508.68	84.397
508.89	84.818
509.10	85.257
509.30	85.726
509.51	86.204
509.71	86.698
509.92	87.206
510.12	87.717
510.33	88.232
510.54	88.743
510.74	89.260
510.95	89.762
511.15	90.262
511.36	90.754
511.56	91.231
511.77	91.673
511.98	92.104
512.18	92.520
512.39	92.906
512.59	93.259
512.80	93.575
513.00	93.853
513.21	94.092
513.42	94.307
513.62	94.478
513.83	94.615
514.03	94.699
514.24	94.736
514.44	94.725
514.65	94.683
514.85	94.603
515.06	94.480
515.26	94.305
515.47	94.095
515.68	93.833
515.88	93.536
516.09	93.200
516.29	92.829
516.50	92.415
516.70	91.965
516.91	91.483
517.11	90.982
517.32	90.455
517.52	89.905
517.73	89.348
517.93	88.759
518.14	88.156
518.34	87.552
518.55	86.940
518.76	86.328
518.96	85.696
519.17	85.061
519.37	84.428
519.58	83.824
519.78	83.214
519.99	82.608
520.19	82.021
520.40	81.471
520.60	80.933
520.81	80.418
521.01	79.922
521.22	79.472
521.42	79.050
521.63	78.657
521.83	78.296
522.04	77.962
522.24	77.690
522.45	77.454
522.65	77.261
522.86	77.111
523.06	77.000
523.27	76.938
523.47	76.914
523.68	76.931
523.88	76.980
524.09	77.074
524.29	77.221
524.50	77.405
524.70	77.615
524.91	77.859
525.11	78.149
525.32	78.479
525.52	78.826
525.72	79.215
525.93	79.623
526.13	80.061
526.34	80.501
526.54	80.973
526.75	81.434
526.95	81.919
527.16	82.399
527.36	82.895
527.57	83.389
527.77	83.878
527.98	84.378
528.18	84.871
528.39	85.345
528.59	85.817
528.79	86.265
529.00	86.711
529.20	87.129
529.41	87.549
529.61	87.934
529.82	88.285
530.02	88.601
530.23	88.902
530.43	89.155
530.64	89.393
530.84	89.580
531.04	89.734
531.25	89.876
531.45	89.987
531.66	90.057
531.86	90.084
532.07	90.069
532.27	90.015
532.47	89.933
532.68	89.831
532.88	89.690
533.09	89.515
533.29	89.285
533.50	89.032
533.70	88.708
533.90	88.378
534.11	88.031
534.31	87.655
534.52	87.239
534.72	86.830
534.93	86.394
535.13	85.924
535.33	85.456
535.54	84.939
535.74	84.420
535.95	83.872
536.15	83.348
536.35	82.809
536.56	82.269
536.76	81.705
536.97	81.159
537.17	80.601
537.37	80.054
537.58	79.532
537.78	79.016
537.99	78.521
538.19	78.022
538.39	77.538
538.60	77.078
538.80	76.658
539.01	76.234
539.21	75.841
539.41	75.490
539.62	75.155
539.82	74.859
540.03	74.583
540.23	74.361
540.43	74.153
540.64	74.003
540.84	73.872
541.04	73.792
541.25	73.752
541.45	73.743
541.66	73.764
541.86	73.822
542.06	73.922
542.27	74.053
542.47	74.236
542.67	74.434
542.88	74.669
543.08	74.929
543.28	75.231
543.49	75.550
543.69	75.899
543.90	76.282
544.10	76.670
544.30	77.103
544.51	77.535
544.71	78.009
544.91	78.466
545.12	78.948
545.32	79.443
545.52	79.917
545.73	80.419
545.93	80.919
546.13	81.394
546.34	81.867
546.54	82.339
546.74	82.797
546.95	83.270
547.15	83.727
547.35	84.152
547.56	84.583
547.76	85.007
547.96	85.396
548.17	85.775
548.37	86.144
548.57	86.458
548.78	86.757
548.98	87.020
549.18	87.252
549.39	87.456
549.59	87.630
549.79	87.799
550.00	87.920
550.20	88.040
550.40	88.109
550.61	88.156
550.81	88.165
551.01	88.145
551.22	88.091
551.42	88.000
551.62	87.882
551.82	87.721
552.03	87.542
552.23	87.332
552.43	87.088
552.64	86.821
552.84	86.528
553.04	86.205
553.25	85.860
553.45	85.487
553.65	85.099
553.85	84.710
554.06	84.292
554.26	83.849
554.46	83.375
554.67	82.909
554.87	82.421
555.07	81.941
555.27	81.443
555.48	80.936
555.68	80.442
555.88	79.941
556.09	79.445
556.29	78.929
556.49	78.433
556.69	77.928
556.90	77.436
557.10	76.975
557.30	76.534
557.50	76.086
557.71	75.682
557.91	75.288
558.11	74.893
558.31	74.532
558.52	74.199
558.72	73.895
558.92	73.615
559.13	73.368
559.33	73.143
559.53	72.937
559.73	72.777
559.94	72.634
560.14	72.519
560.34	72.432
560.54	72.383
560.75	72.374
560.95	72.389
561.15	72.447
561.35	72.520
561.55	72.618
561.76	72.759
561.96	72.907
562.16	73.102
562.36	73.338
562.57	73.583
562.77	73.858
562.97	74.156
563.17	74.470
563.38	74.800
563.58	75.160
563.78	75.545
563.98	75.936
564.18	76.337
564.39	76.766
564.59	77.199
564.79	77.655
564.99	78.101
565.20	78.551
565.40	78.989
565.60	79.433
565.80	79.899
566.00	80.344
566.21	80.796
566.41	81.221
566.61	81.649
566.81	82.078
567.01	82.489
567.22	82.899
567.42	83.295
567.62	83.660
567.82	84.012
568.02	84.347
568.23	84.662
568.43	84.962
568.63	85.245
568.83	85.491
569.03	85.706
569.24	85.906
569.44	86.094
569.64	86.259
569.84	86.409
570.04	86.505
570.24	86.589
570.45	86.652
570.65	86.692
570.85	86.695
571.05	86.661
571.25	86.600
571.45	86.501
571.66	86.398
571.86	86.274
572.06	86.105
572.26	85.922
572.46	85.722
572.66	85.508
572.87	85.248
573.07	84.988
573.27	84.698
573.47	84.392
573.67	84.059
573.87	83.702
574.08	83.319
574.28	82.943
574.48	82.549
574.68	82.130
574.88	81.704
575.08	81.254
575.28	80.809
575.49	80.366
575.69	79.917
575.89	79.442
576.09	78.988
576.29	78.521
576.49	78.052
576.69	77.580
576.90	77.114
577.10	76.664
577.30	76.216
577.50	75.786
577.70	75.353
577.90	74.933
578.10	74.547
578.30	74.167
578.51	73.803
578.71	73.461
578.91	73.138
579.11	72.826
579.31	72.542
579.51	72.273
579.71	72.035
579.91	71.811
580.12	71.625
580.32	71.457
580.52	71.328
580.72	71.211
580.92	71.121
581.12	71.043
581.32	71.003
581.52	71.005
581.72	71.014
581.92	71.057
582.13	71.136
582.33	71.218
582.53	71.342
582.73	71.477
582.93	71.645
583.13	71.837
583.33	72.064
583.53	72.306
583.73	72.577
583.93	72.864
584.13	73.176
584.34	73.516
584.54	73.842
584.74	74.177
584.94	74.555
585.14	74.937
585.34	75.337
585.54	75.711
585.74	76.102
585.94	76.516
586.14	76.947
586.34	77.362
586.54	77.799
586.74	78.235
586.94	78.681
587.15	79.123
587.35	79.553
587.55	79.974
587.75	80.398
587.95	80.796
588.15	81.187
588.35	81.569
588.55	81.944
588.75	82.320
588.95	82.686
589.15	83.026
589.35	83.358
589.55	83.668
589.75	84.001
589.95	84.287
590.15	84.557
590.35	84.793
590.55	85.024
590.75	85.225
590.95	85.398
591.15	85.554
591.35	85.677
591.56	85.782
591.76	85.863
591.96	85.920
592.16	85.969
592.36	85.989
592.56	85.992
592.76	85.958
592.96	85.916
593.16	85.830
593.36	85.731
593.56	85.619
593.76	85.492
593.96	85.317
594.16	85.145
594.36	84.948
594.56	84.732
594.76	84.493
594.96	84.244
595.16	83.960
595.36	83.668
595.56	83.348
595.76	83.009
595.96	82.650
596.16	82.300
596.36	81.926
596.56	81.552
596.76	81.144
596.96	80.738
597.16	80.326
597.36	79.923
597.56	79.501
597.76	79.065
597.96	78.628
598.16	78.198
598.36	77.763
598.56	77.320
598.76	76.889
598.96	76.469
599.16	76.047
599.36	75.657
599.56	75.264
599.76	74.875
599.96	74.505
600.15	74.146
600.35	73.799
600.55	73.465
600.75	73.130
600.95	72.829
601.15	72.529
601.35	72.241
601.55	71.975
601.75	71.740
601.95	71.518
602.15	71.324
602.35	71.130
602.55	70.968
602.75	70.835
602.95	70.711
603.15	70.597
603.35	70.523
603.55	70.456
603.75	70.408
603.95	70.396
604.15	70.404
604.35	70.445
604.54	70.494
604.74	70.589
604.94	70.692
605.14	70.810
605.34	70.957
605.54	71.135
605.74	71.336
605.94	71.545
606.14	71.780
606.34	72.024
606.54	72.300
606.74	72.593
606.94	72.894
607.14	73.222
607.33	73.573
607.53	73.919
607.73	74.275
607.93	74.636
608.13	75.006
608.33	75.390
608.53	75.763
608.73	76.159
608.93	76.533
609.13	76.925
609.33	77.328
609.52	77.734
609.72	78.131
609.92	78.519
610.12	78.914
610.32	79.303
610.52	79.705
610.72	80.084
610.92	80.458
611.12	80.829
611.31	81.190
611.51	81.539
611.71	81.879
611.91	82.223
612.11	82.565
612.31	82.895
612.51	83.197
612.71	83.502
612.91	83.774
613.10	84.048
613.30	84.330
613.50	84.576
613.70	84.799
613.90	84.996
614.10	85.177
614.30	85.326
614.50	85.472
614.69	85.571
614.89	85.670
615.09	85.746
615.29	85.807
615.49	85.845
615.69	85.861
615.89	85.867
616.08	85.849
616.28	85.805
616.48	85.741
616.68	85.653
616.88	85.547
617.08	85.420
617.27	85.292
617.47	85.123
617.67	84.938
617.87	84.733
618.07	84.527
618.27	84.304
618.47	84.078
618.66	83.821
618.86	83.564
619.06	83.279
619.26	82.990
619.46	82.685
619.66	82.358
619.85	82.021
620.05	81.673
620.25	81.298
620.45	80.931
620.65	80.546
620.84	80.188
621.04	79.810
621.24	79.451
621.44	79.049
621.64	78.636
621.84	78.246
622.03	77.848
622.23	77.455
622.43	77.061
622.63	76.671
622.83	76.282
623.02	75.899
623.22	75.529
623.42	75.144
623.62	74.779
623.82	74.432
624.01	74.082
624.21	73.740
624.41	73.422
624.61	73.115
624.81	72.831
625.00	72.533
625.20	72.255
625.40	71.981
625.60	71.739
625.79	71.524
625.99	71.325
626.19	71.132
626.39	70.960
626.59	70.803
626.78	70.676
626.98	70.563
627.18	70.460
627.38	70.386
627.57	70.351
627.77	70.319
627.97	70.303
628.17	70.323
628.37	70.351
628.56	70.416
628.76	70.484
628.96	70.567
629.16	70.671
629.35	70.818
629.55	70.972
629.75	71.144
629.95	71.335
630.14	71.530
630.34	71.759
630.54	71.996
630.74	72.245
630.93	72.507
631.13	72.779
631.33	73.061
631.53	73.338
631.72	73.627
631.92	73.940
632.12	74.272
632.31	74.599
632.51	74.960
632.71	75.313
632.91	75.666
633.10	76.033
633.30	76.419
633.50	76.775
633.70	77.158
633.89	77.532
634.09	77.915
634.29	78.298
634.48	78.675
634.68	79.066
634.88	79.449
635.08	79.835
635.27	80.228
635.47	80.613
635.67	81.007
635.86	81.393
636.06	81.762
636.26	82.105
636.46	82.454
636.65	82.786
636.85	83.127
637.05	83.456
637.24	83.754
637.44	84.046
637.64	84.334
637.83	84.616
638.03	84.890
638.23	85.121
638.43	85.353
638.62	85.561
638.82	85.739
639.02	85.916
639.21	86.069
639.41	86.196
639.61	86.330
639.80	86.440
640.00	86.533
640.20	86.632
640.39	86.723
640.59	86.782
640.79	86.825
640.98	86.836
641.18	86.842
641.38	86.845
641.57	86.810
641.77	86.761
641.97	86.678
642.16	86.589
642.36	86.498
642.56	86.383
642.75	86.273
642.95	86.133
643.15	85.981
643.34	85.826
643.54	85.655
643.74	85.446
643.93	85.232
644.13	84.981
644.33	84.708
644.52	84.437
644.72	84.166
644.91	83.877
645.11	83.566
645.31	83.255
645.50	82.945
645.70	82.634
645.90	82.316
646.09	81.979
646.29	81.631
646.48	81.276
646.68	80.909
646.88	80.541
647.07	80.178
647.27	79.806
647.47	79.424
647.66	79.054
647.86	78.679
648.05	78.315
648.25	77.960
648.45	77.600
648.64	77.230
648.84	76.876
649.04	76.513
649.23	76.159
649.43	75.817
649.62	75.467
649.82	75.117
650.02	74.783
650.21	74.463
650.41	74.170
650.60	73.885
650.80	73.629
651.00	73.351
651.19	73.102
651.39	72.862
651.58	72.631
651.78	72.423
651.97	72.244
652.17	72.062
652.37	71.887
652.56	71.751
652.76	71.622
652.95	71.504
653.15	71.429
653.35	71.355
653.54	71.289
653.74	71.231
653.93	71.205
654.13	71.193
654.32	71.190
654.52	71.183
654.72	71.210
654.91	71.247
655.11	71.314
655.30	71.400
655.50	71.501
655.69	71.620
655.89	71.737
656.08	71.862
656.28	72.016
656.48	72.192
656.67	72.368
656.87	72.565
657.06	72.761
657.26	72.965
657.45	73.197
657.65	73.445
657.84	73.717
658.04	73.983
658.23	74.271
658.43	74.575
658.62	74.895
658.82	75.209
659.02	75.531
659.21	75.874
659.41	76.205
659.60	76.545
659.80	76.892
659.99	77.266
660.19	77.634
660.38	78.007
660.58	78.368
660.77	78.747
660.97	79.110
661.16	79.482
661.36	79.840
661.55	80.217
661.75	80.586
661.94	80.941
662.14	81.314
662.33	81.682
662.53	82.038
662.72	82.389
662.92	82.731
663.11	83.058
663.31	83.394
663.50	83.727
663.70	84.060
663.89	84.384
664.09	84.683
664.28	84.991
664.48	85.276
664.67	85.572
664.87	85.830
665.06	86.099
665.26	86.349
665.45	86.593
665.65	86.817
665.84	87.042
666.04	87.247
666.23	87.411
666.43	87.559
666.62	87.700
666.82	87.827
667.01	87.948
667.21	88.059
667.40	88.138
667.59	88.224
667.79	88.274
667.98	88.297
668.18	88.312
668.37	88.305
668.57	88.313
668.76	88.290
668.96	88.244
669.15	88.189
669.35	88.138
669.54	88.057
669.73	87.968
669.93	87.861
670.12	87.754
670.32	87.655
670.51	87.525
670.71	87.386
670.90	87.240
671.10	87.082
671.29	86.901
671.48	86.700
671.68	86.486
671.87	86.274
672.07	86.047
672.26	85.843
672.46	85.605
672.65	85.348
672.84	85.083
673.04	84.825
673.23	84.553
673.43	84.260
673.62	83.979
673.82	83.684
674.01	83.357
674.20	83.038
674.40	82.703
674.59	82.375
674.79	82.054
674.98	81.720
675.17	81.382
675.37	81.054
675.56	80.725
675.76	80.388
675.95	80.030
676.14	79.696
676.34	79.330
676.53	78.988
676.73	78.637
676.92	78.282
677.11	77.938
677.31	77.593
677.50	77.267
677.70	76.929
677.89	76.594
678.08	76.291
678.28	75.986
678.47	75.697
678.66	75.422
678.86	75.149
679.05	74.878
679.25	74.627
679.44	74.385
679.63	74.170
679.83	73.949
680.02	73.754
680.21	73.568
680.41	73.387
680.60	73.206
680.79	73.045
680.99	72.902
681.18	72.754
681.38	72.634
681.57	72.536
681.76	72.459
681.96	72.396
682.15	72.333
682.34	72.273
682.54	72.226
682.73	72.201
682.92	72.176
683.12	72.188
683.31	72.207
683.50	72.238
683.70	72.281
683.89	72.326
684.08	72.397
684.28	72.480
684.47	72.580
684.66	72.702
684.86	72.832
685.05	72.982
685.24	73.152
685.44	73.320
685.63	73.494
685.82	73.689
686.02	73.882
686.21	74.116
686.40	74.355
686.60	74.614
686.79	74.880
686.98	75.152
687.18	75.431
687.37	75.712
687.56	75.991
687.75	76.283
687.95	76.590
688.14	76.894
688.33	77.216
688.53	77.541
688.72	77.884
688.91	78.225
689.11	78.557
689.30	78.924
689.49	79.292
689.68	79.655
689.88	80.006
690.07	80.362
690.26	80.700
690.46	81.054
690.65	81.387
690.84	81.725
691.03	82.077
691.23	82.419
691.42	82.760
691.61	83.110
691.80	83.438
692.00	83.771
692.19	84.088
692.38	84.402
692.58	84.718
692.77	85.019
692.96	85.308
693.15	85.605
693.35	85.876
693.54	86.160
693.73	86.445
693.92	86.703
694.12	86.972
694.31	87.215
694.50	87.474
694.69	87.703
694.89	87.924
695.08	88.122
695.27	88.336
695.46	88.523
695.66	88.712
695.85	88.896
696.04	89.068
696.23	89.255
696.43	89.412
696.62	89.537
696.81	89.653
697.00	89.774
697.19	89.882
697.39	89.961
697.58	90.027
697.77	90.067
697.96	90.128
698.16	90.156
698.35	90.207
698.54	90.210
698.73	90.237
698.92	90.218
699.12	90.199
699.31	90.155
699.50	90.115
699.69	90.061
699.89	89.988
700.08	89.912
700.27	89.803
700.46	89.703
700.65	89.591
700.85	89.488
701.04	89.355
701.23	89.202
701.42	89.046
701.61	88.880
701.81	88.700
702.00	88.503
702.19	88.308
702.38	88.078
702.57	87.862
702.76	87.613
702.96	87.382
703.15	87.134
703.34	86.870
703.53	86.596
703.72	86.296
703.92	85.997
704.11	85.693
704.30	85.379
704.49	85.067
704.68	84.761
704.87	84.417
705.07	84.089
705.26	83.765
705.45	83.465
705.64	83.130
705.83	82.827
706.02	82.506
706.21	82.196
706.41	81.877
706.60	81.542
706.79	81.228
706.98	80.921
707.17	80.596
707.36	80.284
707.56	79.992
707.75	79.699
707.94	79.411
708.13	79.125
708.32	78.861
708.51	78.579
708.70	78.324
708.89	78.062
709.09	77.803
709.28	77.559
709.47	77.277
709.66	77.018
709.85	76.762
710.04	76.513
710.23	76.253
710.42	76.038
710.62	75.819
710.81	75.582
711.00	75.359
711.19	75.167
711.38	74.971
711.57	74.772
711.76	74.591
711.95	74.434
712.15	74.287
712.34	74.144
712.53	74.012
712.72	73.882
712.91	73.793
713.10	73.701
713.29	73.618
713.48	73.550
713.67	73.516
713.86	73.493
714.05	73.469
714.25	73.462
714.44	73.440
714.63	73.446
714.82	73.492
715.01	73.540
715.20	73.615
715.39	73.680
715.58	73.765
715.77	73.869
715.96	73.974
716.15	74.078
716.34	74.176
716.54	74.302
716.73	74.442
716.92	74.571
717.11	74.725
717.30	74.890
717.49	75.072
717.68	75.262
717.87	75.425
718.06	75.641
718.25	75.869
718.44	76.105
718.63	76.353
718.82	76.591
719.01	76.834
719.20	77.080
719.39	77.349
719.58	77.618
719.77	77.880
719.96	78.130
720.16	78.403
720.35	78.699
720.54	78.984
720.73	79.277
720.92	79.576
721.11	79.897
721.30	80.206
721.49	80.518
721.68	80.838
721.87	81.182
722.06	81.503
722.25	81.816
722.44	82.142
722.63	82.451
722.82	82.757
723.01	83.055
723.20	83.342
723.39	83.644
723.58	83.975
723.77	84.300
723.96	84.633
724.15	84.969
724.34	85.287
724.53	85.601
724.72	85.891
724.91	86.208
725.10	86.515
725.29	86.803
725.48	87.117
725.67	87.375
725.86	87.622
726.05	87.880
726.24	88.129
726.43	88.362
726.62	88.601
726.81	88.869
727.00	89.112
727.19	89.372
727.38	89.607
727.57	89.809
727.76	90.007
727.95	90.198
728.14	90.357
728.33	90.521
728.52	90.679
728.71	90.831
728.90	90.966
729.09	91.075
729.28	91.172
729.47	91.250
729.65	91.346
729.84	91.442
730.03	91.525
730.22	91.598
730.41	91.674
730.60	91.742
730.79	91.751
730.98	91.785
731.17	91.811
731.36	91.804
731.55	91.784
731.74	91.761
731.93	91.731
732.12	91.698
732.31	91.666
732.50	91.642
732.69	91.613
732.88	91.545
733.06	91.464
733.25	91.393
733.44	91.322
733.63	91.217
733.82	91.110
734.01	90.968
734.20	90.829
734.39	90.665
734.58	90.511
734.77	90.369
734.96	90.193
735.15	89.996
735.33	89.800
735.52	89.617
735.71	89.418
735.90	89.201
736.09	88.971
736.28	88.719
736.47	88.458
736.66	88.191
736.85	87.928
737.04	87.641
737.23	87.370
737.41	87.072
737.60	86.817
737.79	86.517
737.98	86.240
738.17	85.956
738.36	85.698
738.55	85.416
738.74	85.142
738.92	84.857
739.11	84.581
739.30	84.288
739.49	83.982
739.68	83.693
739.87	83.428
740.06	83.165
740.25	82.873
740.43	82.606
740.62	82.318
740.81	82.023
741.00	81.759
741.19	81.470
741.38	81.178
741.57	80.880
741.75	80.613
741.94	80.328
742.13	80.045
742.32	79.741
742.51	79.460
742.70	79.184
742.89	78.927
743.07	78.654
743.26	78.399
743.45	78.125
743.64	77.882
743.83	77.616
744.02	77.335
744.20	77.101
744.39	76.859
744.58	76.640
744.77	76.441
744.96	76.260
745.15	76.101
745.33	75.951
745.52	75.801
745.71	75.653
745.90	75.518
746.09	75.402
746.28	75.293
746.46	75.163
746.65	75.036
746.84	74.930
747.03	74.832
747.22	74.753
747.40	74.705
747.59	74.640
747.78	74.590
747.97	74.584
748.16	74.568
748.34	74.534
748.53	74.530
748.72	74.534
748.91	74.522
749.10	74.517
749.28	74.535
749.47	74.572
749.66	74.599
749.85	74.622
750.04	74.658
750.22	74.700
750.41	74.773
750.60	74.861
750.79	74.927
750.97	75.009
751.16	75.117
751.35	75.214
751.54	75.310
751.73	75.442
751.91	75.560
752.10	75.716
752.29	75.856
752.48	76.020
752.66	76.187
752.85	76.362
753.04	76.542
753.23	76.746
753.41	76.923
753.60	77.142
753.79	77.374
753.98	77.587
754.16	77.815
754.35	78.039
754.54	78.263
754.73	78.523
754.91	78.788
755.10	79.035
755.29	79.305
755.48	79.565
755.66	79.828
755.85	80.098
756.04	80.347
756.22	80.635
756.41	80.892
756.60	81.164
756.79	81.453
756.97	81.744
757.16	81.987
757.35	82.273
757.54	82.554
757.72	82.830
757.91	83.122
758.10	83.412
758.28	83.695
758.47	83.973
758.66	84.274
758.85	84.557
759.03	84.852
759.22	85.138
759.41	85.437
759.59	85.726
759.78	86.009
759.97	86.277
760.15	86.537
760.34	86.834
760.53	87.094
760.71	87.337
760.90	87.610
761.09	87.879
761.28	88.141
761.46	88.387
761.65	88.634
761.84	88.887
762.02	89.132
762.21	89.396
762.40	89.621
762.58	89.816
762.77	90.014
762.96	90.219
763.14	90.434
763.33	90.623
763.52	90.789
763.70	90.935
763.89	91.107
764.08	91.278
764.26	91.391
764.45	91.547
764.64	91.704
764.82	91.808
765.01	91.918
765.20	92.003
765.38	92.101
765.57	92.169
765.75	92.235
765.94	92.276
766.13	92.333
766.31	92.402
766.50	92.448
766.69	92.526
766.87	92.587
767.06	92.612
767.25	92.651
767.43	92.704
767.62	92.761
767.80	92.788
767.99	92.790
768.18	92.787
768.36	92.768
768.55	92.744
768.74	92.715
768.92	92.683
769.11	92.669
769.29	92.619
769.48	92.594
769.67	92.523
769.85	92.479
770.04	92.353
770.22	92.246
770.41	92.114
770.60	91.958
770.78	91.785
770.97	91.629
771.15	91.472
771.34	91.274
771.53	91.107
771.71	90.927
771.90	90.766
772.08	90.650
772.27	90.473
772.46	90.269
772.64	90.070
772.83	89.871
773.01	89.622
773.20	89.394
773.39	89.169
773.57	88.936
773.76	88.695
773.94	88.506
774.13	88.264
774.31	88.016
774.50	87.799
774.68	87.552
774.87	87.303
775.06	87.008
775.24	86.748
775.43	86.453
775.61	86.163
775.80	85.882
775.98	85.566
776.17	85.266
776.36	84.978
776.54	84.693
776.73	84.390
776.91	84.121
777.10	83.840
777.28	83.526
777.47	83.251
777.65	82.957
777.84	82.653
778.02	82.383
778.21	82.119
778.39	81.817
778.58	81.550
778.77	81.285
778.95	81.049
779.14	80.812
779.32	80.579
779.51	80.348
779.69	80.095
779.88	79.864
780.06	79.639
780.25	79.404
780.43	79.163
780.62	78.951
780.80	78.724
780.99	78.496
781.17	78.274
781.36	78.042
781.54	77.836
781.73	77.596
781.91	77.385
782.10	77.191
782.28	76.999
782.47	76.802
782.65	76.590
782.84	76.390
783.02	76.207
783.21	76.046
783.39	75.881
783.58	75.720
783.76	75.543
783.95	75.393
784.13	75.287
784.32	75.178
784.50	75.057
784.69	74.974
784.87	74.891
785.05	74.825
785.24	74.765
785.42	74.713
785.61	74.668
785.79	74.633
785.98	74.603
786.16	74.561
786.35	74.559
786.53	74.552
786.72	74.545
786.90	74.538
787.09	74.519
787.27	74.531
787.45	74.572
787.64	74.603
787.82	74.621
788.01	74.639
788.19	74.684
788.38	74.731
788.56	74.721
788.75	74.778
788.93	74.853
789.11	74.896
789.30	74.940
789.48	75.016
789.67	75.099
789.85	75.172
790.04	75.296
790.22	75.392
790.40	75.516
790.59	75.625
790.77	75.744
790.96	75.898
791.14	76.043
791.32	76.169
791.51	76.322
791.69	76.493
791.88	76.670
792.06	76.842
792.25	77.003
792.43	77.228
792.61	77.417
792.80	77.579
792.98	77.800
793.17	78.003
793.35	78.179
793.53	78.376
793.72	78.612
793.90	78.822
794.08	79.033
794.27	79.245
794.45	79.488
794.64	79.711
794.82	79.935
795.00	80.127
795.19	80.359
795.37	80.582
795.55	80.766
795.74	80.992
795.92	81.222
796.11	81.484
796.29	81.727
796.47	81.956
796.66	82.187
796.84	82.444
797.02	82.708
797.21	82.988
797.39	83.241
797.58	83.482
797.76	83.717
797.94	83.978
798.13	84.235
798.31	84.504
798.49	84.746
798.68	84.977
798.86	85.258
799.04	85.486
799.23	85.738
799.41	85.998
799.59	86.228
799.78	86.423
799.96	86.638
800.14	86.863
800.33	87.093
800.51	87.342
800.69	87.524
800.88	87.737
801.06	87.964
801.24	88.137
801.43	88.322
801.61	88.489
801.79	88.647
801.98	88.810
802.16	88.982
802.34	89.173
802.52	89.354
802.71	89.481
802.89	89.659
803.07	89.803
803.26	89.936
803.44	90.053
803.62	90.197
803.81	90.316
803.99	90.391
804.17	90.468
804.35	90.536
804.54	90.603
804.72	90.698
804.90	90.762
805.09	90.875
805.27	90.969
805.45	91.068
805.63	91.134
805.82	91.197
806.00	91.194
806.18	91.218
806.37	91.259
806.55	91.265
806.73	91.280
806.91	91.288
807.10	91.322
807.28	91.332
807.46	91.338
807.64	91.324
807.83	91.326
808.01	91.321
808.19	91.262
808.37	91.218
808.56	91.139
808.74	91.078
808.92	91.000
809.10	90.889
809.29	90.820
809.47	90.740
809.65	90.609
809.83	90.548
810.02	90.434
810.20	90.326
810.38	90.227
810.56	90.091
810.75	90.000
810.93	89.882
811.11	89.760
811.29	89.635
811.47	89.509
811.66	89.347
811.84	89.199
812.02	89.125
812.20	89.002
812.39	88.878
812.57	88.743
812.75	88.614
812.93	88.516
813.11	88.362
813.30	88.229
813.48	88.118
813.66	87.949
813.84	87.800
814.02	87.622
814.21	87.477
814.39	87.286
814.57	87.093
814.75	86.893
814.93	86.696
815.12	86.478
815.30	86.264
815.48	86.058
815.66	85.835
815.84	85.580
816.03	85.338
816.21	85.065
816.39	84.819
816.57	84.514
816.75	84.208
816.93	83.917
817.12	83.610
817.30	83.306
817.48	83.005
817.66	82.743
817.84	82.484
818.02	82.234
818.21	81.964
818.39	81.710
818.57	81.438
818.75	81.220
818.93	80.972
819.11	80.715
819.30	80.474
819.48	80.250
819.66	80.038
819.84	79.846
820.02	79.632
820.20	79.405
820.38	79.192
820.57	78.991
820.75	78.812
820.93	78.616
821.11	78.422
821.29	78.250
821.47	78.036
821.65	77.827
821.83	77.609
822.02	77.422
822.20	77.215
822.38	77.056
822.56	76.816
822.74	76.602
822.92	76.365
823.10	76.168
823.28	75.938
823.46	75.713
823.65	75.482
823.83	75.286
824.01	75.086
824.19	74.887
824.37	74.681
824.55	74.454
824.73	74.277
824.91	74.089
825.09	73.901
825.27	73.726
825.46	73.529
825.64	73.333
825.82	73.175
826.00	72.993
826.18	72.829
826.36	72.689
826.54	72.569
826.72	72.505
826.90	72.405
827.08	72.325
827.26	72.255
827.44	72.166
827.63	72.086
827.81	72.029
827.99	71.999
828.17	71.956
828.35	71.925
828.53	71.882
828.71	71.879
828.89	71.854
829.07	71.838
829.25	71.824
829.43	71.846
829.61	71.836
829.79	71.838
829.97	71.848
830.15	71.830
830.33	71.835
830.51	71.817
830.69	71.837
830.87	71.802
831.06	71.819
831.24	71.841
831.42	71.867
831.60	71.865
831.78	71.900
831.96	71.955
832.14	72.021
832.32	72.086
832.50	72.130
832.68	72.179
832.86	72.223
833.04	72.319
833.22	72.375
833.40	72.468
833.58	72.539
833.76	72.609
833.94	72.727
834.12	72.859
834.30	72.985
834.48	73.086
834.66	73.254
834.84	73.346
835.02	73.492
835.20	73.639
835.38	73.808
835.56	73.961
835.74	74.122
835.92	74.288
836.10	74.441
836.28	74.600
836.46	74.786
836.64	74.958
836.82	75.100
837.00	75.270
837.18	75.444
837.36	75.645
837.54	75.823
837.72	76.013
837.90	76.192
838.08	76.386
838.26	76.573
838.43	76.746
838.61	76.959
838.79	77.146
838.97	77.336
839.15	77.526
839.33	77.714
839.51	77.859
839.69	78.025
839.87	78.212
840.05	78.429
840.23	78.614
840.41	78.810
840.59	78.972
840.77	79.174
840.95	79.341
841.13	79.505
841.31	79.671
841.49	79.816
841.67	79.943
841.84	80.112
842.02	80.232
842.20	80.426
842.38	80.554
842.56	80.699
842.74	80.848
842.92	80.951
843.10	81.083
843.28	81.269
843.46	81.405
843.64	81.501
843.82	81.625
843.99	81.737
844.17	81.901
844.35	82.132
844.53	82.285
844.71	82.474
844.89	82.599
845.07	82.785
845.25	82.969
845.43	83.150
845.61	83.300
845.78	83.516
845.96	83.669
846.14	83.863
846.32	84.044
846.50	84.189
846.68	84.411
846.86	84.580
847.04	84.724
847.22	84.829
847.39	85.001
847.57	85.113
847.75	85.234
847.93	85.298
848.11	85.375
848.29	85.507
848.47	85.564
848.65	85.693
848.82	85.733
849.00	85.806
849.18	85.846
849.36	85.875
849.54	85.930
849.72	85.923
849.89	85.960
850.07	86.019
850.25	86.024
850.43	85.986
850.61	85.977
850.79	85.941
850.97	86.005
851.14	86.021
851.32	86.004
851.50	86.022
851.68	86.076
851.86	86.129
852.04	86.104
852.21	86.136
852.39	86.150
852.57	86.216
852.75	86.224
852.93	86.229
853.10	86.217
853.28	86.168
853.46	86.169
853.64	86.112
853.82	86.026
854.00	86.049
854.17	85.998
854.35	85.917
854.53	85.875
854.71	85.782
854.89	85.663
855.06	85.629
855.24	85.576
855.42	85.481
855.60	85.336
855.78	85.237
855.95	85.115
856.13	85.007
856.31	84.818
856.49	84.673
856.66	84.574
856.84	84.416
857.02	84.350
857.20	84.275
857.38	84.112
857.55	83.983
857.73	83.760
857.91	83.657
858.09	83.496
858.26	83.353
858.44	83.218
858.62	83.094
858.80	82.915
858.97	82.740
859.15	82.557
859.33	82.351
859.51	82.190
859.68	82.012
859.86	81.822
860.04	81.659
860.22	81.459
860.39	81.256
860.57	81.050
860.75	80.778
860.93	80.542
861.10	80.409
861.28	80.227
861.46	80.023
861.64	79.829
861.81	79.685
861.99	79.465
862.17	79.240
862.35	79.045
862.52	78.889
862.70	78.684
862.88	78.519
863.05	78.317
863.23	78.106
863.41	77.908
863.59	77.696
863.76	77.527
863.94	77.337
864.12	77.147
864.29	76.988
864.47	76.783
864.65	76.591
864.83	76.332
865.00	76.098
865.18	75.929
865.36	75.743
865.53	75.534
865.71	75.399
865.89	75.212
866.06	75.001
866.24	74.756
866.42	74.562
866.59	74.334
866.77	74.176
866.95	73.968
867.12	73.730
867.30	73.562
867.48	73.335
867.65	73.139
867.83	72.933
868.01	72.750
868.18	72.551
868.36	72.359
868.54	72.210
868.71	72.070
868.89	71.915
869.07	71.726
869.24	71.562
869.42	71.357
869.60	71.202
869.77	71.080
869.95	70.933
870.13	70.774
870.30	70.655
870.48	70.468
870.66	70.332
870.83	70.227
871.01	70.039
871.18	69.914
871.36	69.790
871.54	69.645
871.71	69.519
871.89	69.426
872.07	69.259
872.24	69.133
872.42	69.034
872.59	68.917
872.77	68.793
872.95	68.689
873.12	68.562
873.30	68.430
873.48	68.334
873.65	68.234
873.83	68.138
874.00	68.016
874.18	67.943
874.36	67.872
874.53	67.790
874.71	67.713
874.88	67.651
875.06	67.611
875.24	67.602
875.41	67.555
875.59	67.524
875.76	67.542
875.94	67.490
876.11	67.382
876.29	67.293
876.47	67.259
876.64	67.205
876.82	67.147
876.99	67.115
877.17	67.070
877.35	67.053
877.52	67.018
877.70	66.988
877.87	66.970
878.05	66.965
878.22	66.976
878.40	67.009
878.57	66.987
878.75	66.953
878.93	66.908
879.10	66.915
879.28	66.921
879.45	66.929
879.63	66.910
879.80	66.911
879.98	66.959
880.15	66.979
880.33	67.031
880.50	67.081
880.68	67.177
880.86	67.223
881.03	67.292
881.21	67.382
881.38	67.466
881.56	67.633
881.73	67.681
881.91	67.746
882.08	67.814
882.26	67.944
882.43	68.064
882.61	68.247
882.78	68.352
882.96	68.485
883.13	68.598
883.31	68.753
883.48	68.947
883.66	69.102
883.83	69.261
884.01	69.364
884.18	69.578
884.36	69.724
884.53	69.858
884.71	69.996
884.88	70.096
885.06	70.246
885.23	70.315
885.41	70.470
885.58	70.579
885.76	70.749
885.93	70.832
886.11	71.001
886.28	71.087
886.46	71.216
886.63	71.341
886.81	71.464
886.98	71.646
887.15	71.751
887.33	71.914
887.50	72.096
887.68	72.257
887.85	72.355
888.03	72.493
888.20	72.656
888.38	72.813
888.55	72.986
888.73	73.064
888.90	73.181
889.08	73.303
889.25	73.419
889.42	73.541
889.60	73.730
889.77	73.804
889.95	73.947
890.12	74.031
890.30	74.118
890.47	74.190
890.64	74.314
890.82	74.450
890.99	74.554
891.17	74.640
891.34	74.760
891.52	74.861
891.69	74.977
891.86	75.097
892.04	75.200
892.21	75.350
892.39	75.585
892.56	75.759
892.73	75.866
892.91	76.027
893.08	76.226
893.26	76.314
893.43	76.476
893.60	76.576
893.78	76.738
893.95	76.894
894.13	77.136
894.30	77.287
894.47	77.496
894.65	77.620
894.82	77.783
895.00	77.913
895.17	78.086
895.34	78.249
895.52	78.421
895.69	78.537
895.86	78.669
896.04	78.710
896.21	78.853
896.39	79.032
896.56	79.189
896.73	79.199
896.91	79.258
897.08	79.357
897.25	79.519
897.43	79.580
897.60	79.674
897.77	79.683
897.95	79.661
898.12	79.635
898.30	79.755
898.47	79.771
898.64	79.829
898.82	79.839
898.99	79.835
899.16	79.835
899.34	79.833
899.51	79.761
899.68	79.737
899.86	79.686
900.03	79.622
900.20	79.574
900.38	79.587
900.55	79.663
900.72	79.597
900.90	79.523
901.07	79.622
901.24	79.598
901.41	79.617
901.59	79.637
901.76	79.639
901.93	79.586
902.11	79.517
902.28	79.513
902.45	79.613
902.63	79.636
902.80	79.599
902.97	79.596
903.15	79.683
903.32	79.759
903.49	79.753
903.66	79.791
903.84	79.806
904.01	79.803
904.18	79.772
904.36	79.808
904.53	79.782
904.70	79.724
904.87	79.705
905.05	79.627
905.22	79.658
905.39	79.633
905.56	79.546
905.74	79.523
905.91	79.434
906.08	79.308
906.26	79.212
906.43	79.120
906.60	79.026
906.77	78.864
906.95	78.743
907.12	78.631
907.29	78.465
907.46	78.440
907.64	78.331
907.81	78.225
907.98	78.041
908.15	77.952
908.33	77.824
908.50	77.705
908.67	77.613
908.84	77.488
909.01	77.336
909.19	77.269
909.36	77.141
909.53	77.009
909.70	76.794
909.88	76.694
910.05	76.525
910.22	76.448
910.39	76.331
910.57	76.247
910.74	76.164
910.91	76.110
911.08	75.895
911.25	75.763
911.43	75.647
911.60	75.525
911.77	75.374
911.94	75.165
912.11	75.008
912.29	74.808
912.46	74.568
912.63	74.351
912.80	74.136
912.97	73.956
913.15	73.818
913.32	73.687
913.49	73.481
913.66	73.414
913.83	73.188
914.00	72.976
914.18	72.770
914.35	72.578
914.52	72.323
914.69	72.115
914.86	71.913
915.03	71.712
915.21	71.596
915.38	71.386
915.55	71.297
915.72	71.117
915.89	70.983
916.06	70.892
916.24	70.834
916.41	70.679
916.58	70.557
916.75	70.361
916.92	70.190
917.09	69.991
917.26	69.721
917.44	69.518
917.61	69.402
917.78	69.190
917.95	69.022
918.12	68.844
918.29	68.759
918.46	68.568
918.64	68.403
918.81	68.244
918.98	68.108
919.15	67.925
919.32	67.776
919.49	67.551
919.66	67.356
919.83	67.166
920.00	66.977
920.18	66.846
920.35	66.789
920.52	66.678
920.69	66.634
920.86	66.623
921.03	66.530
921.20	66.389
921.37	66.283
921.54	66.040
921.71	65.942
921.89	65.766
922.06	65.704
922.23	65.583
922.40	65.460
922.57	65.267
922.74	65.168
922.91	65.095
923.08	65.040
923.25	64.939
923.42	64.838
923.59	64.811
923.76	64.595
923.93	64.402
924.11	64.245
924.28	64.097
924.45	63.963
924.62	63.945
924.79	63.846
924.96	63.686
925.13	63.653
925.30	63.530
925.47	63.395
925.64	63.307
925.81	63.242
925.98	63.171
926.15	63.145
926.32	62.971
926.49	62.861
926.66	62.768
926.83	62.662
927.00	62.616
927.17	62.496
927.34	62.538
927.51	62.493
927.69	62.534
927.86	62.493
928.03	62.372
928.20	62.322
928.37	62.244
928.54	62.270
928.71	62.247
928.88	62.262
929.05	62.284
929.22	62.275
929.39	62.234
929.56	62.168
929.73	62.129
929.90	62.196
930.07	62.191
930.24	62.161
930.41	62.162
930.58	62.214
930.75	62.263
930.92	62.210
931.09	62.194
931.26	62.147
931.43	62.120
931.60	62.137
931.77	62.079
931.94	62.116
932.11	62.147
932.27	62.153
932.44	62.184
932.61	62.215
932.78	62.155
932.95	62.231
933.12	62.186
933.29	62.211
933.46	62.205
933.63	62.145
933.80	62.166
933.97	62.181
934.14	62.161
934.31	62.129
934.48	62.181
934.65	62.222
934.82	62.284
934.99	62.332
935.16	62.366
935.33	62.443
935.50	62.598
935.67	62.680
935.84	62.729
936.00	62.747
936.17	62.790
936.34	62.913
936.51	62.912
936.68	62.978
936.85	63.008
937.02	63.121
937.19	63.184
937.36	63.330
937.53	63.350
937.70	63.444
937.87	63.518
938.03	63.526
938.20	63.580
938.37	63.656
938.54	63.732
938.71	63.825
938.88	63.935
939.05	63.832
939.22	63.785
939.39	63.877
939.56	64.049
939.72	64.113
939.89	64.180
940.06	64.249
940.23	64.329
940.40	64.435
940.57	64.571
940.74	64.736
940.91	64.768
941.08	64.950
941.24	65.004
941.41	65.164
941.58	65.407
941.75	65.549
941.92	65.669
942.09	65.783
942.26	65.850
942.42	65.893
942.59	66.131
942.76	66.472
942.93	66.616
943.10	66.635
943.27	66.786
943.44	66.890
943.60	67.044
943.77	67.029
943.94	67.233
944.11	67.270
944.28	67.321
944.45	67.475
944.61	67.585
944.78	67.623
944.95	67.666
945.12	67.833
945.29	67.941
945.46	67.912
945.62	67.934
945.79	68.163
945.96	68.468
946.13	68.609
946.30	68.610
946.46	68.762
946.63	68.864
946.80	68.986
946.97	69.160
947.14	69.244
947.31	69.778
947.47	70.006
947.64	70.182
947.81	70.371
947.98	70.543
948.15	70.620
948.31	70.863
948.48	71.023
948.65	71.022
948.82	71.166
948.98	71.342
949.15	71.649
949.32	71.665
949.49	71.622
949.66	71.681
949.82	71.733
949.99	71.845
950.16	71.966
950.33	71.935
950.49	72.023
950.66	71.986
950.83	71.796
951.00	71.618
951.16	71.417
951.33	71.425
951.50	71.331
951.67	71.362
951.83	71.364
952.00	71.372
952.17	71.316
952.34	71.320
952.50	71.464
952.67	71.389
952.84	71.434
953.01	71.376
953.17	71.392
953.34	71.500
953.51	71.399
953.68	71.309
953.84	71.284
954.01	71.196
954.18	71.116
954.34	71.192
954.51	71.258
954.68	71.383
954.85	71.414
955.01	71.549
955.18	71.788
955.35	71.558
955.51	71.501
955.68	71.604
955.85	71.762
956.02	71.599
956.18	71.649
956.35	71.597
956.52	71.646
956.68	71.637
956.85	71.492
957.02	71.585
957.18	71.609
957.35	71.651
957.52	71.737
957.69	71.889
957.85	71.908
958.02	71.810
958.19	71.744
958.35	71.700
958.52	71.465
958.69	71.178
958.85	71.358
959.02	71.454
959.19	71.176
959.35	71.045
959.52	71.134
959.69	71.094
959.85	71.107
960.02	71.146
960.19	71.004
960.35	70.955
960.52	70.859
960.68	70.826
960.85	70.855
961.02	70.621
961.18	70.609
961.35	70.429
961.52	70.433
961.68	70.423
961.85	70.360
962.02	70.416
962.18	70.393
962.35	70.141
962.51	69.994
962.68	70.073
962.85	69.994
963.01	69.693
963.18	69.664
963.35	69.340
963.51	69.111
963.68	69.129
963.84	68.913
964.01	68.935
964.18	68.775
964.34	68.532
964.51	68.396
964.67	68.159
964.84	68.074
965.01	67.885
965.17	67.631
965.34	67.624
965.50	67.349
965.67	67.343
965.84	67.355
966.00	67.441
966.17	67.524
966.33	67.349
966.50	67.275
966.66	67.126
966.83	67.189
967.00	67.132
967.16	66.941
967.33	66.895
967.49	66.691
967.66	66.941
967.82	66.768
967.99	66.904
968.16	66.921
968.32	66.792
968.49	66.572
968.65	66.746
968.82	66.587
968.98	66.689
969.15	66.366
969.31	66.064
969.48	65.769
969.64	65.419
969.81	65.417
969.98	65.310
970.14	65.004
970.31	64.952
970.47	64.703
970.64	64.480
970.80	64.483
970.97	63.977
971.13	63.582
971.30	63.510
971.46	63.258
971.63	63.038
971.79	63.094
971.96	63.162
972.12	62.880
972.29	62.482
972.45	62.353
972.62	62.353
972.78	62.449
972.95	62.083
973.11	61.861
973.28	61.661
973.44	61.719
973.61	61.933
973.77	61.700
973.94	61.659
974.10	61.824
974.27	61.804
974.43	62.107
974.60	62.073
974.76	62.018
974.93	62.010
975.09	61.908
975.26	61.642
975.42	61.577
975.59	61.392
975.75	61.747
975.92	61.665
976.08	61.185
976.24	60.961
976.41	60.751
976.57	60.787
976.74	60.677
976.90	60.324
977.07	59.869
977.23	59.897
977.40	59.765
977.56	59.153
977.73	58.770
977.89	58.464
978.05	58.026
978.22	57.899
978.38	57.591
978.55	57.289
978.71	57.144
978.88	57.175
979.04	57.162
979.20	56.945
979.37	56.779
979.53	56.787
979.70	56.966
979.86	57.299
980.03	57.171
980.19	57.029
980.35	57.014
980.52	56.807
980.68	56.823
980.85	56.792
981.01	56.898
981.17	56.870
981.34	56.748
981.50	56.733
981.67	56.685
981.83	56.606
981.99	56.596
982.16	56.424
982.32	55.470
982.49	55.402
982.65	55.240
982.81	55.363
982.98	55.312
983.14	55.170
983.30	54.707
983.47	54.692
983.63	54.537
983.80	54.384
983.96	54.182
984.12	54.556
984.29	54.655
984.45	54.873
984.61	54.640
984.78	54.870
984.94	55.186
985.10	55.652
985.27	55.483
985.43	55.980
985.59	56.295
985.76	56.989
985.92	57.154
986.08	57.356
986.25	56.872
986.41	57.484
986.57	56.952
986.74	57.349
986.90	57.264
987.06	57.145
987.23	57.143
987.39	56.982
987.55	55.957
987.72	55.735
987.88	54.892
988.04	55.277
988.21	55.694
988.37	55.410
988.53	54.663
988.70	55.029
988.86	54.450
989.02	54.135
989.19	53.652
989.35	53.618
989.51	53.003
989.67	53.147
989.84	52.510
990.00	52.583
990.16	52.790
990.33	52.876
990.49	53.303
990.65	53.483
990.82	53.907
990.98	54.021
991.14	53.843
991.30	54.755
991.47	54.106
991.63	53.912
991.79	54.826
991.95	55.104
992.12	55.237
992.28	55.486
992.44	55.663
992.61	55.947
992.77	56.050
992.93	56.705
993.09	56.758
993.26	57.067
993.42	57.668
993.58	57.274
993.74	57.184
993.91	56.825
994.07	56.535
994.23	56.753
994.39	56.852
994.55	57.079
994.72	56.555
994.88	56.794
995.04	56.368
995.20	55.959
995.37	55.583
995.53	55.576
995.69	55.352
995.85	54.867
996.02	54.781
996.18	54.908
996.34	54.372
996.50	54.434
996.66	55.405
996.83	54.690
996.99	53.937
997.15	54.507
997.31	54.517
997.47	54.820
997.64	54.747
997.80	55.193
997.96	55.991
998.12	56.289
998.28	57.242
998.45	57.607
998.61	57.232
998.77	57.227
998.93	57.283
999.09	58.455
999.25	58.814
999.42	60.089
999.58	59.845
999.74	59.723
999.90	59.566
1000.06	58.548
1000.22	59.102
1000.39	60.005
1000.55	59.851
1000.71	60.356
1000.87	60.235
1001.03	59.999
1001.19	59.879
1001.36	59.058
1001.52	58.587
1001.68	57.971
1001.84	58.650
1002.00	57.960
1002.16	57.878
1002.32	57.436
1002.49	55.594
1002.65	55.214
1002.81	54.447
1002.97	54.469
1003.13	54.328
1003.29	55.136
1003.45	55.054
1003.62	55.674
1003.78	55.158
1003.94	55.283
1004.10	54.772
1004.26	54.864
1004.42	54.761
1004.58	54.736
1004.74	55.105
1004.90	56.776
1005.07	56.817
1005.23	55.527
1005.39	56.629
1005.55	57.232
1005.71	56.628
1005.87	57.826
1006.03	58.792
1006.19	58.803
1006.35	58.441
1006.51	59.379
1006.67	58.999
1006.84	58.660
1007.00	58.206
1007.16	59.718
1007.32	57.964
1007.48	58.816
1007.64	60.172
1007.80	59.783
1007.96	58.629
1008.12	59.101
1008.28	57.172
1008.44	58.511
1008.60	59.265
1008.76	57.629
1008.92	56.915
1009.09	56.892
1009.25	56.482
1009.41	55.830
1009.57	56.494
1009.73	57.209
1009.89	57.501
1010.05	58.421
1010.21	60.193
1010.37	59.560
1010.53	60.058
1010.69	62.025
1010.85	61.118
1011.01	59.613
1011.17	59.080
1011.33	61.328
1011.49	61.442
1011.65	61.679
1011.81	60.390
1011.97	60.816
1012.13	63.327
1012.29	64.479
1012.45	65.510
1012.61	68.569
1012.77	66.666
1012.93	66.081
1013.09	64.790
1013.25	65.290
1013.41	65.607
1013.57	62.670
1013.73	62.621
1013.89	59.324
1014.05	61.299
1014.21	59.414
1014.37	58.040
1014.53	56.497
1014.69	56.073
1014.85	56.507
1015.01	58.122
1015.17	60.853
1015.33	60.589
1015.49	59.404
1015.65	61.547
1015.81	62.400
1015.97	59.094
1016.13	62.199
1016.29	61.728
1016.45	62.757
1016.61	63.074
1016.77	60.664
1016.93	61.894
1017.09	61.460
1017.25	62.643
1017.41	61.024
1017.56	63.268
1017.72	69.104
1017.88	71.451
1018.04	72.637
1018.20	69.857
1018.36	70.220
1018.52	67.563
1018.68	68.316
1018.84	69.924
1019.00	67.096
1019.16	68.418
1019.32	72.166
1019.48	73.107
1019.64	75.305
1019.79	73.607
1019.95	69.853
1020.11	74.328
1020.27	73.517
1020.43	78.891
1020.59	81.197
1020.75	78.858
1020.91	82.835
1021.07	76.373
1021.23	76.162
1021.39	72.664
1021.54	78.464
1021.70	76.138
1021.86	74.493
1022.02	73.157
1022.18	70.079
1022.34	73.002
1022.50	71.875
1022.66	68.699
1022.82	67.814
1022.97	67.778
1023.13	69.685
1023.29	75.120
1023.45	73.774
1023.61	75.187
1023.77	73.287
1023.93	74.311
1024.08	74.991
1024.24	72.433
1024.40	72.464
1024.56	80.098
1024.72	82.067
1024.88	70.940
1025.04	74.226
1025.19	73.055
1025.35	71.150
1025.51	75.841
1025.67	77.930
1025.83	74.082
1025.99	76.430
1026.14	73.356
1026.30	78.585
1026.46	81.263
1026.62	75.901
1026.78	70.184
1026.94	67.572
1027.09	65.196
1027.25	61.417
1027.41	61.844
1027.57	61.463
1027.73	60.822
1027.89	56.088
1028.04	55.851
1028.20	54.878
1028.36	54.693
1028.52	54.361
1028.68	53.756
1028.83	53.441
1028.99	51.585
1029.15	52.990
1029.31	51.912
1029.47	54.002
1029.62	53.113
1029.78	52.067
1029.94	51.188
1030.10	52.921
1030.25	54.161
1030.41	57.121
1030.57	59.884
1030.73	62.146
1030.89	60.029
1031.04	64.431
1031.20	66.537
1031.36	72.706
1031.52	79.632
1031.67	84.703
1031.83	90.068
1031.99	100.333
1032.15	87.470
1032.30	95.504
1032.46	104.602
1032.62	97.797
1032.78	89.311
1032.93	100.499
1033.09	87.094
1033.25	80.277
1033.41	76.328
1033.56	72.333
1033.72	-43.922
1033.88	176.667
1034.04	42.489
1034.19	47.182
1034.35	70.507
1034.51	-13.188
1034.66	46.348
1034.82	2062.500
1034.98	2062.500
1035.14	2062.500
