345.22	36.651
345.43	36.651
345.65	36.651
345.86	45.833
346.08	126.629
346.29	10.966
346.51	20.766
346.72	43.434
346.94	-205.705
347.15	-73.459
347.37	153.189
347.58	187.872
347.80	218.633
348.01	189.450
348.23	130.141
348.44	121.744
348.66	112.128
348.87	114.599
349.09	108.381
349.30	96.301
349.52	89.477
349.73	92.625
349.95	92.422
350.16	93.576
350.38	90.413
350.59	84.214
350.81	83.020
351.02	81.312
351.24	80.073
351.45	78.922
351.67	81.226
351.88	80.096
352.10	76.274
352.31	75.526
352.53	79.075
352.74	80.759
352.96	81.364
353.17	80.343
353.39	81.272
353.60	83.564
353.82	84.475
354.03	84.575
354.25	79.699
354.46	75.110
354.67	71.859
354.89	69.153
355.10	72.963
355.32	71.829
355.53	73.125
355.75	75.069
355.96	76.087
356.18	75.013
356.39	75.045
356.61	79.555
356.82	79.164
357.04	75.473
357.25	75.489
357.46	75.161
357.68	74.594
357.89	72.849
358.11	71.055
358.32	74.158
358.54	72.631
358.75	73.988
358.97	75.912
359.18	79.272
359.40	78.989
359.61	79.151
359.82	80.674
360.04	80.667
360.25	78.570
360.47	75.171
360.68	74.857
360.90	75.235
361.11	72.860
361.32	72.634
361.54	75.998
361.75	75.579
361.97	76.905
362.18	78.084
362.40	79.437
362.61	80.540
362.83	80.260
363.04	81.316
363.25	82.580
363.47	83.585
363.68	81.186
363.90	85.158
364.11	85.413
364.32	85.532
364.54	83.931
364.75	81.279
364.97	84.819
365.18	83.935
365.40	82.232
365.61	81.814
365.82	82.767
366.04	81.545
366.25	81.601
366.47	79.134
366.68	77.691
366.89	78.768
367.11	77.075
367.32	77.158
367.54	74.800
367.75	74.482
367.96	73.589
368.18	74.959
368.39	74.056
368.61	74.486
368.82	75.686
369.03	77.855
369.25	81.965
369.46	82.695
369.68	83.200
369.89	83.616
370.10	84.402
370.32	84.438
370.53	84.113
370.75	80.490
370.96	83.108
371.17	83.887
371.39	81.538
371.60	81.570
371.81	82.505
372.03	84.462
372.24	85.668
372.46	88.752
372.67	89.169
372.88	87.487
373.10	86.920
373.31	85.693
373.52	85.920
373.74	84.033
373.95	82.794
374.17	84.262
374.38	86.769
374.59	86.968
374.81	85.637
375.02	84.345
375.23	87.368
375.45	84.929
375.66	82.748
375.87	83.969
376.09	84.365
376.30	82.829
376.52	84.490
376.73	81.436
376.94	79.756
377.16	80.672
377.37	84.784
377.58	84.830
377.80	85.933
378.01	86.752
378.22	88.194
378.44	89.333
378.65	90.908
378.86	91.010
379.08	91.943
379.29	92.379
379.50	95.246
379.72	95.398
379.93	98.574
380.14	101.738
380.36	102.780
380.57	104.413
380.78	104.866
381.00	105.830
381.21	107.605
381.42	108.665
381.64	109.176
381.85	108.957
382.06	109.322
382.28	109.431
382.49	109.075
382.70	109.636
382.92	109.865
383.13	109.255
383.34	109.761
383.56	110.726
383.77	112.019
383.98	111.635
384.20	112.784
384.41	113.018
384.62	113.323
384.83	113.970
385.05	114.422
385.26	115.477
385.47	116.300
385.69	117.191
385.90	118.081
386.11	118.845
386.33	119.766
386.54	120.588
386.75	121.272
386.97	122.403
387.18	123.159
387.39	124.030
387.60	124.509
387.82	124.934
388.03	125.282
388.24	125.803
388.46	126.221
388.67	126.358
388.88	126.304
389.09	126.205
389.31	125.945
389.52	125.677
389.73	125.119
389.95	124.652
390.16	124.106
390.37	123.650
390.58	123.174
390.80	122.435
391.01	121.906
391.22	121.364
391.44	120.480
391.65	119.754
391.86	119.046
392.07	118.746
392.29	118.309
392.50	117.817
392.71	117.315
392.92	117.040
393.14	116.667
393.35	116.515
393.56	116.510
393.78	116.564
393.99	116.843
394.20	117.221
394.41	117.524
394.63	117.859
394.84	118.424
395.05	119.142
395.26	119.807
395.48	120.510
395.69	121.158
395.90	122.102
396.11	122.976
396.33	123.812
396.54	124.671
396.75	125.384
396.96	126.121
397.18	126.759
397.39	127.402
397.60	128.039
397.81	128.563
398.03	128.908
398.24	129.190
398.45	129.290
398.66	129.312
398.87	129.297
399.09	129.151
399.30	128.762
399.51	128.189
399.72	127.696
399.94	127.080
400.15	126.416
400.36	125.575
400.57	124.704
400.79	123.820
401.00	122.824
401.21	121.916
401.42	120.984
401.63	120.068
401.85	119.176
402.06	118.413
402.27	117.644
402.48	117.011
402.69	116.450
402.91	115.924
403.12	115.457
403.33	115.205
403.54	115.120
403.76	114.991
403.97	115.067
404.18	115.265
404.39	115.579
404.60	116.019
404.82	116.570
405.03	117.221
405.24	117.883
405.45	118.630
405.66	119.449
405.88	120.280
406.09	121.202
406.30	122.026
406.51	122.772
406.72	123.585
406.94	124.340
407.15	125.034
407.36	125.748
407.57	126.404
407.78	126.907
407.99	127.242
408.21	127.582
408.42	127.810
408.63	127.960
408.84	127.910
409.05	127.791
409.27	127.488
409.48	127.005
409.69	126.459
409.90	125.909
410.11	125.249
410.32	124.540
410.54	123.677
410.75	122.759
410.96	121.806
411.17	120.809
411.38	119.813
411.59	118.831
411.81	117.782
412.02	116.753
412.23	115.776
412.44	114.897
412.65	114.133
412.86	113.447
413.08	112.762
413.29	112.162
413.50	111.731
413.71	111.427
413.92	111.223
414.13	111.133
414.34	111.116
414.56	111.150
414.77	111.333
414.98	111.610
415.19	112.097
415.40	112.686
415.61	113.334
415.82	114.012
416.04	114.794
416.25	115.562
416.46	116.417
416.67	117.323
416.88	118.176
417.09	119.041
417.30	119.832
417.52	120.662
417.73	121.405
417.94	122.070
418.15	122.681
418.36	123.313
418.57	123.762
418.78	124.120
418.99	124.463
419.21	124.674
419.42	124.797
419.63	124.789
419.84	124.654
420.05	124.392
420.26	124.006
420.47	123.470
420.68	122.959
420.89	122.335
421.11	121.571
421.32	120.852
421.53	119.993
421.74	119.125
421.95	118.240
422.16	117.361
422.37	116.470
422.58	115.503
422.79	114.533
423.01	113.671
423.22	112.808
423.43	112.023
423.64	111.291
423.85	110.644
424.06	110.091
424.27	109.600
424.48	109.216
424.69	109.005
424.90	108.879
425.11	108.837
425.33	108.912
425.54	109.071
425.75	109.287
425.96	109.612
426.17	110.057
426.38	110.571
426.59	111.160
426.80	111.819
427.01	112.575
427.22	113.407
427.43	114.318
427.64	115.196
427.85	116.046
428.07	116.943
428.28	117.792
428.49	118.647
428.70	119.487
428.91	120.277
429.12	120.976
429.33	121.666
429.54	122.289
429.75	122.810
429.96	123.326
430.17	123.738
430.38	124.052
430.59	124.195
430.80	124.240
431.01	124.200
431.22	124.091
431.44	123.855
431.65	123.540
431.86	123.080
432.07	122.587
432.28	122.019
432.49	121.356
432.70	120.619
432.91	119.783
433.12	118.881
433.33	117.958
433.54	117.062
433.75	116.132
433.96	115.201
434.17	114.195
434.38	113.247
434.59	112.330
434.80	111.438
435.01	110.691
435.22	109.991
435.43	109.363
435.64	108.777
435.85	108.276
436.06	107.851
436.27	107.549
436.48	107.347
436.69	107.201
436.90	107.183
437.11	107.278
437.33	107.465
437.54	107.762
437.75	108.190
437.96	108.623
438.17	109.134
438.38	109.671
438.59	110.344
438.80	111.024
439.01	111.826
439.22	112.694
439.43	113.425
439.64	114.220
439.85	115.031
440.06	115.817
440.27	116.638
440.48	117.387
440.69	118.099
440.90	118.760
441.11	119.429
441.32	120.004
441.53	120.504
441.74	120.917
441.95	121.290
442.16	121.546
442.37	121.688
442.58	121.785
442.79	121.810
443.00	121.735
443.21	121.580
443.42	121.253
443.62	120.781
443.83	120.406
444.04	119.894
444.25	119.312
444.46	118.646
444.67	117.896
444.88	117.129
445.09	116.299
445.30	115.429
445.51	114.494
445.72	113.536
445.93	112.637
446.14	111.702
446.35	110.747
446.56	109.865
446.77	109.020
446.98	108.166
447.19	107.346
447.40	106.620
447.61	105.906
447.82	105.284
448.03	104.768
448.24	104.277
448.45	103.883
448.66	103.582
448.87	103.363
449.08	103.259
449.29	103.224
449.49	103.283
449.70	103.444
449.91	103.668
450.12	104.004
450.33	104.365
450.54	104.827
450.75	105.369
450.96	105.925
451.17	106.555
451.38	107.218
451.59	107.934
451.80	108.633
452.01	109.381
452.22	110.158
452.43	110.895
452.64	111.621
452.84	112.357
453.05	113.040
453.26	113.737
453.47	114.345
453.68	114.941
453.89	115.482
454.10	115.916
454.31	116.341
454.52	116.654
454.73	116.927
454.94	117.091
455.15	117.161
455.36	117.137
455.56	117.048
455.77	116.874
455.98	116.638
456.19	116.337
456.40	115.973
456.61	115.540
456.82	115.002
457.03	114.413
457.24	113.745
457.45	113.059
457.65	112.254
457.86	111.460
458.07	110.628
458.28	109.709
458.49	108.843
458.70	107.909
458.91	107.002
459.12	106.092
459.33	105.164
459.54	104.299
459.74	103.464
459.95	102.646
460.16	101.919
460.37	101.235
460.58	100.612
460.79	100.019
461.00	99.468
461.21	99.020
461.41	98.642
461.62	98.342
461.83	98.130
462.04	98.023
462.25	97.937
462.46	97.964
462.67	98.095
462.88	98.293
463.08	98.588
463.29	98.914
463.50	99.313
463.71	99.812
463.92	100.332
464.13	100.886
464.34	101.499
464.54	102.155
464.75	102.841
464.96	103.527
465.17	104.239
465.38	104.936
465.59	105.673
465.80	106.382
466.00	107.062
466.21	107.724
466.42	108.341
466.63	108.978
466.84	109.563
467.05	110.089
467.26	110.564
467.46	110.925
467.67	111.278
467.88	111.584
468.09	111.782
468.30	111.944
468.51	112.039
468.71	112.037
468.92	111.973
469.13	111.829
469.34	111.634
469.55	111.336
469.76	111.010
469.96	110.588
470.17	110.111
470.38	109.595
470.59	109.002
470.80	108.354
471.00	107.703
471.21	106.971
471.42	106.235
471.63	105.464
471.84	104.682
472.05	103.865
472.25	103.031
472.46	102.212
472.67	101.352
472.88	100.552
473.09	99.743
473.29	98.935
473.50	98.192
473.71	97.455
473.92	96.764
474.13	96.115
474.33	95.533
474.54	95.002
474.75	94.531
474.96	94.112
475.17	93.763
475.37	93.438
475.58	93.206
475.79	93.047
476.00	92.962
476.21	92.964
476.41	93.025
476.62	93.163
476.83	93.347
477.04	93.645
477.24	93.960
477.45	94.346
477.66	94.780
477.87	95.239
478.08	95.773
478.28	96.313
478.49	96.911
478.70	97.544
478.91	98.171
479.11	98.810
479.32	99.486
479.53	100.140
479.74	100.831
479.94	101.484
480.15	102.098
480.36	102.695
480.57	103.268
480.78	103.834
480.98	104.320
481.19	104.780
481.40	105.179
481.61	105.568
481.81	105.889
482.02	106.151
482.23	106.385
482.44	106.517
482.64	106.629
482.85	106.661
483.06	106.606
483.27	106.530
483.47	106.406
483.68	106.198
483.89	105.933
484.10	105.596
484.30	105.221
484.51	104.771
484.72	104.304
484.92	103.751
485.13	103.181
485.34	102.583
485.55	101.936
485.75	101.267
485.96	100.544
486.17	99.812
486.38	99.077
486.58	98.308
486.79	97.554
487.00	96.780
487.20	96.007
487.41	95.266
487.62	94.536
487.83	93.806
488.03	93.103
488.24	92.435
488.45	91.788
488.65	91.171
488.86	90.614
489.07	90.090
489.28	89.625
489.48	89.197
489.69	88.857
489.90	88.544
490.10	88.303
490.31	88.119
490.52	87.973
490.73	87.899
490.93	87.887
491.14	87.931
491.35	88.041
491.55	88.196
491.76	88.403
491.97	88.653
492.17	88.947
492.38	89.298
492.59	89.691
492.79	90.138
493.00	90.617
493.21	91.129
493.41	91.654
493.62	92.206
493.83	92.780
494.04	93.330
494.24	93.916
494.45	94.498
494.66	95.064
494.86	95.662
495.07	96.215
495.28	96.779
495.48	97.304
495.69	97.809
495.90	98.296
496.10	98.754
496.31	99.161
496.52	99.531
496.72	99.892
496.93	100.201
497.14	100.452
497.34	100.642
497.55	100.807
497.76	100.918
497.96	100.974
498.17	100.976
498.37	100.938
498.58	100.826
498.79	100.661
498.99	100.473
499.20	100.207
499.41	99.900
499.61	99.526
499.82	99.126
500.03	98.668
500.23	98.198
500.44	97.665
500.65	97.113
500.85	96.537
501.06	95.899
501.26	95.255
501.47	94.587
501.68	93.917
501.88	93.213
502.09	92.513
502.30	91.800
502.50	91.088
502.71	90.388
502.91	89.696
503.12	89.013
503.33	88.340
503.53	87.707
503.74	87.079
503.95	86.473
504.15	85.903
504.36	85.360
504.56	84.847
504.77	84.390
504.98	83.953
505.18	83.576
505.39	83.238
505.59	82.945
505.80	82.705
506.01	82.517
506.21	82.381
506.42	82.293
506.62	82.253
506.83	82.256
507.04	82.317
507.24	82.421
507.45	82.580
507.65	82.780
507.86	83.005
508.07	83.287
508.27	83.611
508.48	83.964
508.68	84.370
508.89	84.790
509.10	85.229
509.30	85.698
509.51	86.176
509.71	86.671
509.92	87.176
510.12	87.688
510.33	88.206
510.54	88.717
510.74	89.235
510.95	89.736
511.15	90.237
511.36	90.734
511.56	91.213
511.77	91.657
511.98	92.093
512.18	92.511
512.39	92.897
512.59	93.253
512.80	93.571
513.00	93.848
513.21	94.088
513.42	94.302
513.62	94.474
513.83	94.609
514.03	94.692
514.24	94.732
514.44	94.720
514.65	94.677
514.85	94.596
515.06	94.474
515.26	94.304
515.47	94.097
515.68	93.833
515.88	93.535
516.09	93.198
516.29	92.827
516.50	92.416
516.70	91.965
516.91	91.486
517.11	90.985
517.32	90.462
517.52	89.915
517.73	89.359
517.93	88.772
518.14	88.171
518.34	87.569
518.55	86.957
518.76	86.346
518.96	85.715
519.17	85.082
519.37	84.448
519.58	83.840
519.78	83.227
519.99	82.621
520.19	82.037
520.40	81.492
520.60	80.952
520.81	80.433
521.01	79.935
521.22	79.485
521.42	79.059
521.63	78.664
521.83	78.305
522.04	77.970
522.24	77.696
522.45	77.457
522.65	77.263
522.86	77.115
523.06	77.001
523.27	76.938
523.47	76.916
523.68	76.930
523.88	76.978
524.09	77.074
524.29	77.222
524.50	77.399
524.70	77.605
524.91	77.846
525.11	78.137
525.32	78.468
525.52	78.811
525.72	79.204
525.93	79.608
526.13	80.042
526.34	80.480
526.54	80.953
526.75	81.417
526.95	81.901
527.16	82.377
527.36	82.874
527.57	83.366
527.77	83.856
527.98	84.359
528.18	84.852
528.39	85.325
528.59	85.797
528.79	86.250
529.00	86.697
529.20	87.118
529.41	87.540
529.61	87.927
529.82	88.277
530.02	88.592
530.23	88.899
530.43	89.153
530.64	89.394
530.84	89.582
531.04	89.737
531.25	89.879
531.45	89.997
531.66	90.065
531.86	90.093
532.07	90.077
532.27	90.023
532.47	89.940
532.68	89.841
532.88	89.702
533.09	89.524
533.29	89.296
533.50	89.041
533.70	88.718
533.90	88.390
534.11	88.048
534.31	87.672
534.52	87.255
534.72	86.848
534.93	86.412
535.13	85.941
535.33	85.474
535.54	84.958
535.74	84.438
535.95	83.892
536.15	83.367
536.35	82.829
536.56	82.290
536.76	81.728
536.97	81.180
537.17	80.622
537.37	80.074
537.58	79.552
537.78	79.038
537.99	78.541
538.19	78.038
538.39	77.555
538.60	77.095
538.80	76.670
539.01	76.243
539.21	75.850
539.41	75.496
539.62	75.157
539.82	74.859
540.03	74.581
540.23	74.358
540.43	74.150
540.64	73.998
540.84	73.866
541.04	73.784
541.25	73.742
541.45	73.730
541.66	73.751
541.86	73.809
542.06	73.905
542.27	74.036
542.47	74.220
542.67	74.413
542.88	74.647
543.08	74.913
543.28	75.215
543.49	75.534
543.69	75.885
543.90	76.267
544.10	76.654
544.30	77.087
544.51	77.518
544.71	77.991
544.91	78.450
545.12	78.931
545.32	79.427
545.52	79.903
545.73	80.410
545.93	80.911
546.13	81.387
546.34	81.861
546.54	82.333
546.74	82.791
546.95	83.265
547.15	83.721
547.35	84.145
547.56	84.577
547.76	85.000
547.96	85.388
548.17	85.771
548.37	86.144
548.57	86.459
548.78	86.758
548.98	87.024
549.18	87.256
549.39	87.462
549.59	87.637
549.79	87.806
550.00	87.928
550.20	88.050
550.40	88.118
550.61	88.169
550.81	88.184
551.01	88.163
551.22	88.113
551.42	88.024
551.62	87.908
551.82	87.746
552.03	87.571
552.23	87.363
552.43	87.118
552.64	86.849
552.84	86.555
553.04	86.234
553.25	85.887
553.45	85.513
553.65	85.124
553.85	84.737
554.06	84.320
554.26	83.876
554.46	83.400
554.67	82.936
554.87	82.445
555.07	81.966
555.27	81.467
555.48	80.959
555.68	80.465
555.88	79.962
556.09	79.466
556.29	78.948
556.49	78.452
556.69	77.947
556.90	77.453
557.10	76.992
557.30	76.554
557.50	76.106
557.71	75.699
557.91	75.306
558.11	74.908
558.31	74.546
558.52	74.211
558.72	73.907
558.92	73.627
559.13	73.378
559.33	73.148
559.53	72.943
559.73	72.781
559.94	72.637
560.14	72.522
560.34	72.433
560.54	72.382
560.75	72.372
560.95	72.387
561.15	72.447
561.35	72.518
561.55	72.610
561.76	72.751
561.96	72.902
562.16	73.097
562.36	73.329
562.57	73.572
562.77	73.846
562.97	74.146
563.17	74.457
563.38	74.785
563.58	75.143
563.78	75.522
563.98	75.913
564.18	76.315
564.39	76.742
564.59	77.174
564.79	77.631
564.99	78.074
565.20	78.526
565.40	78.962
565.60	79.408
565.80	79.872
566.00	80.318
566.21	80.771
566.41	81.195
566.61	81.625
566.81	82.057
567.01	82.471
567.22	82.876
567.42	83.272
567.62	83.639
567.82	83.994
568.02	84.332
568.23	84.648
568.43	84.945
568.63	85.233
568.83	85.483
569.03	85.698
569.24	85.901
569.44	86.089
569.64	86.259
569.84	86.409
570.04	86.507
570.24	86.593
570.45	86.652
570.65	86.695
570.85	86.698
571.05	86.662
571.25	86.602
571.45	86.508
571.66	86.404
571.86	86.283
572.06	86.117
572.26	85.938
572.46	85.738
572.66	85.525
572.87	85.266
573.07	85.005
573.27	84.717
573.47	84.413
573.67	84.080
573.87	83.720
574.08	83.338
574.28	82.966
574.48	82.569
574.68	82.152
574.88	81.729
575.08	81.278
575.28	80.835
575.49	80.389
575.69	79.941
575.89	79.470
576.09	79.017
576.29	78.546
576.49	78.076
576.69	77.603
576.90	77.140
577.10	76.687
577.30	76.238
577.50	75.805
577.70	75.370
577.90	74.951
578.10	74.565
578.30	74.187
578.51	73.820
578.71	73.481
578.91	73.155
579.11	72.840
579.31	72.557
579.51	72.288
579.71	72.048
579.91	71.820
580.12	71.630
580.32	71.463
580.52	71.335
580.72	71.213
580.92	71.122
581.12	71.044
581.32	71.004
581.52	71.004
581.72	71.014
581.92	71.055
582.13	71.136
582.33	71.216
582.53	71.334
582.73	71.469
582.93	71.631
583.13	71.826
583.33	72.051
583.53	72.292
583.73	72.561
583.93	72.849
584.13	73.162
584.34	73.502
584.54	73.827
584.74	74.162
584.94	74.542
585.14	74.924
585.34	75.323
585.54	75.698
585.74	76.089
585.94	76.505
586.14	76.937
586.34	77.351
586.54	77.788
586.74	78.227
586.94	78.671
587.15	79.120
587.35	79.551
587.55	79.975
587.75	80.401
587.95	80.803
588.15	81.196
588.35	81.575
588.55	81.952
588.75	82.332
588.95	82.700
589.15	83.039
589.35	83.373
589.55	83.683
589.75	84.015
589.95	84.304
590.15	84.572
590.35	84.809
590.55	85.040
590.75	85.242
590.95	85.418
591.15	85.573
591.35	85.696
591.56	85.800
591.76	85.882
591.96	85.939
592.16	85.988
592.36	86.009
592.56	86.016
592.76	85.983
592.96	85.939
593.16	85.854
593.36	85.756
593.56	85.643
593.76	85.518
593.96	85.345
594.16	85.174
594.36	84.977
594.56	84.761
594.76	84.524
594.96	84.278
595.16	83.994
595.36	83.703
595.56	83.385
595.76	83.049
595.96	82.691
596.16	82.339
596.36	81.965
596.56	81.592
596.76	81.185
596.96	80.779
597.16	80.367
597.36	79.962
597.56	79.540
597.76	79.105
597.96	78.668
598.16	78.237
598.36	77.799
598.56	77.355
598.76	76.922
598.96	76.499
599.16	76.075
599.36	75.684
599.56	75.290
599.76	74.899
599.96	74.527
600.15	74.166
600.35	73.820
600.55	73.486
600.75	73.150
600.95	72.847
601.15	72.544
601.35	72.255
601.55	71.989
601.75	71.755
601.95	71.531
602.15	71.335
602.35	71.142
602.55	70.982
602.75	70.850
602.95	70.724
603.15	70.609
603.35	70.533
603.55	70.466
603.75	70.418
603.95	70.401
604.15	70.409
604.35	70.446
604.54	70.494
604.74	70.587
604.94	70.690
605.14	70.807
605.34	70.954
605.54	71.132
605.74	71.331
605.94	71.536
606.14	71.772
606.34	72.017
606.54	72.290
606.74	72.583
606.94	72.884
607.14	73.211
607.33	73.563
607.53	73.910
607.73	74.263
607.93	74.623
608.13	74.997
608.33	75.380
608.53	75.754
608.73	76.150
608.93	76.523
609.13	76.916
609.33	77.320
609.52	77.724
609.72	78.121
609.92	78.508
610.12	78.908
610.32	79.298
610.52	79.699
610.72	80.079
610.92	80.452
611.12	80.825
611.31	81.189
611.51	81.539
611.71	81.879
611.91	82.226
612.11	82.571
612.31	82.901
612.51	83.206
612.71	83.513
612.91	83.786
613.10	84.063
613.30	84.343
613.50	84.591
613.70	84.817
613.90	85.017
614.10	85.199
614.30	85.347
614.50	85.492
614.69	85.593
614.89	85.695
615.09	85.772
615.29	85.832
615.49	85.870
615.69	85.886
615.89	85.894
616.08	85.877
616.28	85.833
616.48	85.768
616.68	85.679
616.88	85.574
617.08	85.449
617.27	85.316
617.47	85.148
617.67	84.960
617.87	84.755
618.07	84.548
618.27	84.326
618.47	84.100
618.66	83.845
618.86	83.589
619.06	83.302
619.26	83.014
619.46	82.710
619.66	82.383
619.85	82.044
620.05	81.693
620.25	81.320
620.45	80.952
620.65	80.571
620.84	80.211
621.04	79.832
621.24	79.472
621.44	79.074
621.64	78.661
621.84	78.273
622.03	77.876
622.23	77.483
622.43	77.089
622.63	76.698
622.83	76.310
623.02	75.925
623.22	75.558
623.42	75.170
623.62	74.803
623.82	74.455
624.01	74.108
624.21	73.769
624.41	73.449
624.61	73.144
624.81	72.857
625.00	72.558
625.20	72.280
625.40	72.006
625.60	71.760
625.79	71.542
625.99	71.343
626.19	71.150
626.39	70.974
626.59	70.816
626.78	70.689
626.98	70.572
627.18	70.467
627.38	70.390
627.57	70.356
627.77	70.322
627.97	70.305
628.17	70.321
628.37	70.347
628.56	70.411
628.76	70.475
628.96	70.558
629.16	70.661
629.35	70.809
629.55	70.962
629.75	71.136
629.95	71.326
630.14	71.522
630.34	71.750
630.54	71.989
630.74	72.235
630.93	72.497
631.13	72.771
631.33	73.056
631.53	73.332
631.72	73.621
631.92	73.937
632.12	74.268
632.31	74.596
632.51	74.958
632.71	75.309
632.91	75.663
633.10	76.029
633.30	76.415
633.50	76.770
633.70	77.152
633.89	77.528
634.09	77.914
634.29	78.295
634.48	78.670
634.68	79.060
634.88	79.450
635.08	79.837
635.27	80.231
635.47	80.617
635.67	81.010
635.86	81.395
636.06	81.766
636.26	82.112
636.46	82.463
636.65	82.795
636.85	83.136
637.05	83.463
637.24	83.761
637.44	84.056
637.64	84.344
637.83	84.626
638.03	84.901
638.23	85.134
638.43	85.368
638.62	85.580
638.82	85.757
639.02	85.934
639.21	86.085
639.41	86.211
639.61	86.343
639.80	86.454
640.00	86.546
640.20	86.643
640.39	86.734
640.59	86.794
640.79	86.839
640.98	86.853
641.18	86.858
641.38	86.862
641.57	86.829
641.77	86.779
641.97	86.699
642.16	86.609
642.36	86.515
642.56	86.401
642.75	86.290
642.95	86.148
643.15	85.995
643.34	85.842
643.54	85.670
643.74	85.464
643.93	85.250
644.13	85.005
644.33	84.733
644.52	84.459
644.72	84.188
644.91	83.897
645.11	83.588
645.31	83.281
645.50	82.969
645.70	82.656
645.90	82.338
646.09	82.000
646.29	81.650
646.48	81.298
646.68	80.929
646.88	80.561
647.07	80.200
647.27	79.828
647.47	79.445
647.66	79.076
647.86	78.702
648.05	78.336
648.25	77.977
648.45	77.622
648.64	77.253
648.84	76.899
649.04	76.536
649.23	76.181
649.43	75.834
649.62	75.487
649.82	75.135
650.02	74.802
650.21	74.484
650.41	74.193
650.60	73.907
650.80	73.651
651.00	73.373
651.19	73.124
651.39	72.883
651.58	72.651
651.78	72.439
651.97	72.260
652.17	72.079
652.37	71.908
652.56	71.768
652.76	71.637
652.95	71.519
653.15	71.441
653.35	71.368
653.54	71.305
653.74	71.247
653.93	71.223
654.13	71.212
654.32	71.205
654.52	71.196
654.72	71.221
654.91	71.257
655.11	71.321
655.30	71.404
655.50	71.505
655.69	71.623
655.89	71.740
656.08	71.862
656.28	72.015
656.48	72.187
656.67	72.362
656.87	72.558
657.06	72.753
657.26	72.954
657.45	73.186
657.65	73.433
657.84	73.702
658.04	73.967
658.23	74.251
658.43	74.555
658.62	74.874
658.82	75.190
659.02	75.512
659.21	75.856
659.41	76.188
659.60	76.530
659.80	76.879
659.99	77.255
660.19	77.624
660.38	77.998
660.58	78.359
660.77	78.740
660.97	79.103
661.16	79.473
661.36	79.834
661.55	80.208
661.75	80.577
661.94	80.933
662.14	81.303
662.33	81.672
662.53	82.029
662.72	82.382
662.92	82.723
663.11	83.052
663.31	83.388
663.50	83.721
663.70	84.055
663.89	84.379
664.09	84.676
664.28	84.987
664.48	85.270
664.67	85.567
664.87	85.827
665.06	86.096
665.26	86.346
665.45	86.592
665.65	86.817
665.84	87.045
666.04	87.255
666.23	87.425
666.43	87.576
666.62	87.719
666.82	87.847
667.01	87.970
667.21	88.082
667.40	88.165
667.59	88.253
667.79	88.302
667.98	88.328
668.18	88.342
668.37	88.334
668.57	88.344
668.76	88.321
668.96	88.276
669.15	88.222
669.35	88.174
669.54	88.092
669.73	88.005
669.93	87.899
670.12	87.789
670.32	87.688
670.51	87.557
670.71	87.420
670.90	87.278
671.10	87.117
671.29	86.933
671.48	86.735
671.68	86.520
671.87	86.306
672.07	86.079
672.26	85.879
672.46	85.640
672.65	85.383
672.84	85.118
673.04	84.860
673.23	84.589
673.43	84.297
673.62	84.017
673.82	83.724
674.01	83.394
674.20	83.077
674.40	82.743
674.59	82.418
674.79	82.096
674.98	81.758
675.17	81.423
675.37	81.099
675.56	80.767
675.76	80.430
675.95	80.074
676.14	79.740
676.34	79.373
676.53	79.031
676.73	78.680
676.92	78.328
677.11	77.982
677.31	77.636
677.50	77.308
677.70	76.974
677.89	76.637
678.08	76.336
678.28	76.029
678.47	75.739
678.66	75.460
678.86	75.185
679.05	74.913
679.25	74.658
679.44	74.413
679.63	74.194
679.83	73.969
680.02	73.775
680.21	73.584
680.41	73.405
680.60	73.223
680.79	73.061
680.99	72.916
681.18	72.767
681.38	72.647
681.57	72.548
681.76	72.465
681.96	72.400
682.15	72.336
682.34	72.274
682.54	72.226
682.73	72.202
682.92	72.176
683.12	72.187
683.31	72.206
683.50	72.236
683.70	72.280
683.89	72.327
684.08	72.397
684.28	72.482
684.47	72.577
684.66	72.699
684.86	72.828
685.05	72.977
685.24	73.148
685.44	73.313
685.63	73.484
685.82	73.677
686.02	73.868
686.21	74.102
686.40	74.342
686.60	74.601
686.79	74.863
686.98	75.134
687.18	75.415
687.37	75.697
687.56	75.976
687.75	76.269
687.95	76.575
688.14	76.877
688.33	77.199
688.53	77.524
688.72	77.865
688.91	78.204
689.11	78.538
689.30	78.904
689.49	79.276
689.68	79.639
689.88	79.991
690.07	80.348
690.26	80.684
690.46	81.039
690.65	81.373
690.84	81.715
691.03	82.069
691.23	82.410
691.42	82.752
691.61	83.103
691.80	83.429
692.00	83.764
692.19	84.084
692.38	84.399
692.58	84.719
692.77	85.022
692.96	85.314
693.15	85.612
693.35	85.887
693.54	86.172
693.73	86.456
693.92	86.716
694.12	86.988
694.31	87.235
694.50	87.494
694.69	87.722
694.89	87.939
695.08	88.137
695.27	88.351
695.46	88.538
695.66	88.726
695.85	88.913
696.04	89.087
696.23	89.271
696.43	89.431
696.62	89.558
696.81	89.675
697.00	89.797
697.19	89.904
697.39	89.983
697.58	90.050
697.77	90.093
697.96	90.150
698.16	90.179
698.35	90.230
698.54	90.231
698.73	90.258
698.92	90.240
699.12	90.224
699.31	90.185
699.50	90.144
699.69	90.090
699.89	90.017
700.08	89.940
700.27	89.833
700.46	89.731
700.65	89.615
700.85	89.513
701.04	89.378
701.23	89.224
701.42	89.068
701.61	88.901
701.81	88.722
702.00	88.531
702.19	88.335
702.38	88.106
702.57	87.892
702.76	87.645
702.96	87.416
703.15	87.167
703.34	86.899
703.53	86.630
703.72	86.331
703.92	86.032
704.11	85.728
704.30	85.416
704.49	85.103
704.68	84.798
704.87	84.456
705.07	84.128
705.26	83.804
705.45	83.504
705.64	83.169
705.83	82.868
706.02	82.544
706.21	82.233
706.41	81.912
706.60	81.577
706.79	81.265
706.98	80.955
707.17	80.628
707.36	80.314
707.56	80.020
707.75	79.727
707.94	79.441
708.13	79.155
708.32	78.888
708.51	78.605
708.70	78.347
708.89	78.082
709.09	77.823
709.28	77.576
709.47	77.293
709.66	77.033
709.85	76.774
710.04	76.528
710.23	76.266
710.42	76.052
710.62	75.834
710.81	75.595
711.00	75.375
711.19	75.183
711.38	74.991
711.57	74.788
711.76	74.606
711.95	74.450
712.15	74.305
712.34	74.162
712.53	74.033
712.72	73.905
712.91	73.816
713.10	73.725
713.29	73.646
713.48	73.577
713.67	73.542
713.86	73.519
714.05	73.494
714.25	73.486
714.44	73.463
714.63	73.469
714.82	73.514
715.01	73.558
715.20	73.629
715.39	73.692
715.58	73.776
715.77	73.877
715.96	73.979
716.15	74.081
716.34	74.182
716.54	74.304
716.73	74.440
716.92	74.570
717.11	74.720
717.30	74.884
717.49	75.066
717.68	75.258
717.87	75.416
718.06	75.635
718.25	75.865
718.44	76.102
718.63	76.347
718.82	76.586
719.01	76.832
719.20	77.081
719.39	77.351
719.58	77.620
719.77	77.883
719.96	78.138
720.16	78.407
720.35	78.704
720.54	78.991
720.73	79.284
720.92	79.583
721.11	79.903
721.30	80.212
721.49	80.524
721.68	80.841
721.87	81.189
722.06	81.505
722.25	81.819
722.44	82.144
722.63	82.451
722.82	82.755
723.01	83.047
723.20	83.334
723.39	83.636
723.58	83.966
723.77	84.295
723.96	84.624
724.15	84.963
724.34	85.278
724.53	85.595
724.72	85.884
724.91	86.200
725.10	86.508
725.29	86.796
725.48	87.109
725.67	87.370
725.86	87.617
726.05	87.876
726.24	88.123
726.43	88.358
726.62	88.598
726.81	88.868
727.00	89.115
727.19	89.377
727.38	89.616
727.57	89.820
727.76	90.017
727.95	90.208
728.14	90.370
728.33	90.536
728.52	90.693
728.71	90.846
728.90	90.983
729.09	91.092
729.28	91.187
729.47	91.270
729.65	91.367
729.84	91.465
730.03	91.550
730.22	91.627
730.41	91.703
730.60	91.774
730.79	91.787
730.98	91.823
731.17	91.848
731.36	91.840
731.55	91.819
731.74	91.800
731.93	91.769
732.12	91.737
732.31	91.708
732.50	91.682
732.69	91.657
732.88	91.588
733.06	91.511
733.25	91.443
733.44	91.371
733.63	91.266
733.82	91.160
734.01	91.020
734.20	90.881
734.39	90.715
734.58	90.561
734.77	90.417
734.96	90.240
735.15	90.048
735.33	89.850
735.52	89.667
735.71	89.462
735.90	89.244
736.09	89.012
736.28	88.757
736.47	88.497
736.66	88.227
736.85	87.970
737.04	87.683
737.23	87.412
737.41	87.109
737.60	86.849
737.79	86.544
737.98	86.265
738.17	85.979
738.36	85.717
738.55	85.438
738.74	85.164
738.92	84.878
739.11	84.602
739.30	84.308
739.49	84.000
739.68	83.716
739.87	83.454
740.06	83.191
740.25	82.905
740.43	82.637
740.62	82.351
740.81	82.055
741.00	81.794
741.19	81.503
741.38	81.216
741.57	80.920
741.75	80.656
741.94	80.370
742.13	80.088
742.32	79.787
742.51	79.503
742.70	79.225
742.89	78.969
743.07	78.694
743.26	78.441
743.45	78.171
743.64	77.928
743.83	77.661
744.02	77.373
744.20	77.138
744.39	76.896
744.58	76.677
744.77	76.476
744.96	76.289
745.15	76.131
745.33	75.982
745.52	75.831
745.71	75.682
745.90	75.545
746.09	75.428
746.28	75.323
746.46	75.193
746.65	75.065
746.84	74.961
747.03	74.860
747.22	74.778
747.40	74.728
747.59	74.658
747.78	74.607
747.97	74.607
748.16	74.588
748.34	74.552
748.53	74.541
748.72	74.543
748.91	74.529
749.10	74.519
749.28	74.537
749.47	74.574
749.66	74.602
749.85	74.624
750.04	74.660
750.22	74.699
750.41	74.773
750.60	74.862
750.79	74.923
750.97	75.006
751.16	75.112
751.35	75.208
751.54	75.304
751.73	75.434
751.91	75.547
752.10	75.704
752.29	75.845
752.48	76.011
752.66	76.180
752.85	76.357
753.04	76.539
753.23	76.738
753.41	76.916
753.60	77.134
753.79	77.365
753.98	77.577
754.16	77.805
754.35	78.027
754.54	78.248
754.73	78.510
754.91	78.773
755.10	79.024
755.29	79.297
755.48	79.557
755.66	79.820
755.85	80.093
756.04	80.340
756.22	80.628
756.41	80.887
756.60	81.154
756.79	81.444
756.97	81.734
757.16	81.980
757.35	82.265
757.54	82.550
757.72	82.825
757.91	83.120
758.10	83.410
758.28	83.692
758.47	83.973
758.66	84.278
758.85	84.558
759.03	84.851
759.22	85.137
759.41	85.434
759.59	85.727
759.78	86.013
759.97	86.285
760.15	86.549
760.34	86.845
760.53	87.110
760.71	87.355
760.90	87.629
761.09	87.896
761.28	88.157
761.46	88.399
761.65	88.652
761.84	88.904
762.02	89.153
762.21	89.421
762.40	89.645
762.58	89.839
762.77	90.046
762.96	90.254
763.14	90.472
763.33	90.662
763.52	90.821
763.70	90.964
763.89	91.139
764.08	91.308
764.26	91.427
764.45	91.584
764.64	91.742
764.82	91.850
765.01	91.965
765.20	92.048
765.38	92.153
765.57	92.221
765.75	92.289
765.94	92.326
766.13	92.378
766.31	92.449
766.50	92.498
766.69	92.571
766.87	92.633
767.06	92.658
767.25	92.697
767.43	92.756
767.62	92.816
767.80	92.842
767.99	92.842
768.18	92.837
768.36	92.813
768.55	92.786
768.74	92.756
768.92	92.724
769.11	92.719
769.29	92.667
769.48	92.646
769.67	92.574
769.85	92.531
770.04	92.404
770.22	92.298
770.41	92.165
770.60	92.011
770.78	91.835
770.97	91.680
771.15	91.525
771.34	91.328
771.53	91.160
771.71	90.976
771.90	90.818
772.08	90.698
772.27	90.529
772.46	90.328
772.64	90.130
772.83	89.930
773.01	89.676
773.20	89.444
773.39	89.214
773.57	88.982
773.76	88.744
773.94	88.557
774.13	88.317
774.31	88.065
774.50	87.851
774.68	87.604
774.87	87.352
775.06	87.057
775.24	86.798
775.43	86.504
775.61	86.219
775.80	85.944
775.98	85.633
776.17	85.327
776.36	85.041
776.54	84.755
776.73	84.457
776.91	84.181
777.10	83.901
777.28	83.584
777.47	83.303
777.65	83.008
777.84	82.701
778.02	82.431
778.21	82.170
778.39	81.868
778.58	81.599
778.77	81.333
778.95	81.097
779.14	80.852
779.32	80.613
779.51	80.381
779.69	80.118
779.88	79.884
780.06	79.658
780.25	79.420
780.43	79.181
780.62	78.966
780.80	78.743
780.99	78.515
781.17	78.295
781.36	78.070
781.54	77.862
781.73	77.625
781.91	77.415
782.10	77.219
782.28	77.019
782.47	76.824
782.65	76.613
782.84	76.414
783.02	76.239
783.21	76.077
783.39	75.907
783.58	75.755
783.76	75.576
783.95	75.431
784.13	75.326
784.32	75.211
784.50	75.089
784.69	75.008
784.87	74.922
785.05	74.855
785.24	74.789
785.42	74.736
785.61	74.690
785.79	74.650
785.98	74.619
786.16	74.584
786.35	74.579
786.53	74.572
786.72	74.559
786.90	74.551
787.09	74.530
787.27	74.541
787.45	74.570
787.64	74.601
787.82	74.619
788.01	74.634
788.19	74.679
788.38	74.724
788.56	74.712
788.75	74.774
788.93	74.848
789.11	74.893
789.30	74.935
789.48	75.007
789.67	75.088
789.85	75.159
790.04	75.273
790.22	75.372
790.40	75.496
790.59	75.607
790.77	75.730
790.96	75.887
791.14	76.035
791.32	76.164
791.51	76.314
791.69	76.483
791.88	76.658
792.06	76.833
792.25	76.992
792.43	77.217
792.61	77.399
792.80	77.561
792.98	77.787
793.17	77.991
793.35	78.171
793.53	78.366
793.72	78.604
793.90	78.819
794.08	79.030
794.27	79.242
794.45	79.492
794.64	79.712
794.82	79.934
795.00	80.124
795.19	80.357
795.37	80.582
795.55	80.763
795.74	80.991
795.92	81.224
796.11	81.487
796.29	81.731
796.47	81.963
796.66	82.191
796.84	82.444
797.02	82.707
797.21	82.987
797.39	83.242
797.58	83.486
797.76	83.713
797.94	83.972
798.13	84.229
798.31	84.489
798.49	84.728
798.68	84.962
798.86	85.248
799.04	85.478
799.23	85.733
799.41	85.996
799.59	86.227
799.78	86.422
799.96	86.637
800.14	86.860
800.33	87.095
800.51	87.345
800.69	87.524
800.88	87.744
801.06	87.974
801.24	88.145
801.43	88.331
801.61	88.506
801.79	88.669
801.98	88.830
802.16	89.007
802.34	89.199
802.52	89.376
802.71	89.500
802.89	89.674
803.07	89.820
803.26	89.959
803.44	90.073
803.62	90.216
803.81	90.335
803.99	90.417
804.17	90.492
804.35	90.567
804.54	90.639
804.72	90.729
804.90	90.797
805.09	90.914
805.27	91.010
805.45	91.112
805.63	91.175
805.82	91.242
806.00	91.238
806.18	91.262
806.37	91.306
806.55	91.310
806.73	91.327
806.91	91.333
807.10	91.354
807.28	91.369
807.46	91.373
807.64	91.361
807.83	91.356
808.01	91.349
808.19	91.285
808.37	91.236
808.56	91.159
808.74	91.095
808.92	91.021
809.10	90.906
809.29	90.837
809.47	90.759
809.65	90.627
809.83	90.567
810.02	90.456
810.20	90.349
810.38	90.257
810.56	90.129
810.75	90.032
810.93	89.926
811.11	89.801
811.29	89.675
811.47	89.546
811.66	89.389
811.84	89.242
812.02	89.171
812.20	89.059
812.39	88.938
812.57	88.799
812.75	88.666
812.93	88.569
813.11	88.412
813.30	88.280
813.48	88.174
813.66	88.008
813.84	87.856
814.02	87.682
814.21	87.534
814.39	87.336
814.57	87.145
814.75	86.938
814.93	86.739
815.12	86.530
815.30	86.319
815.48	86.115
815.66	85.889
815.84	85.628
816.03	85.386
816.21	85.111
816.39	84.872
816.57	84.571
816.75	84.267
816.93	83.979
817.12	83.669
817.30	83.359
817.48	83.059
817.66	82.800
817.84	82.535
818.02	82.286
818.21	82.016
818.39	81.765
818.57	81.495
818.75	81.278
818.93	81.022
819.11	80.759
819.30	80.520
819.48	80.295
819.66	80.083
819.84	79.882
820.02	79.667
820.20	79.434
820.38	79.217
820.57	79.011
820.75	78.832
820.93	78.641
821.11	78.450
821.29	78.283
821.47	78.071
821.65	77.865
821.83	77.644
822.02	77.463
822.20	77.252
822.38	77.099
822.56	76.857
822.74	76.642
822.92	76.412
823.10	76.211
823.28	75.984
823.46	75.765
823.65	75.537
823.83	75.339
824.01	75.142
824.19	74.944
824.37	74.740
824.55	74.510
824.73	74.331
824.91	74.142
825.09	73.946
825.27	73.767
825.46	73.575
825.64	73.378
825.82	73.220
826.00	73.040
826.18	72.874
826.36	72.736
826.54	72.620
826.72	72.552
826.90	72.457
827.08	72.378
827.26	72.301
827.44	72.216
827.63	72.132
827.81	72.073
827.99	72.043
828.17	71.989
828.35	71.951
828.53	71.907
828.71	71.900
828.89	71.880
829.07	71.862
829.25	71.839
829.43	71.864
829.61	71.850
829.79	71.850
829.97	71.851
830.15	71.834
830.33	71.840
830.51	71.829
830.69	71.838
830.87	71.807
831.06	71.828
831.24	71.847
831.42	71.876
831.60	71.875
831.78	71.903
831.96	71.959
832.14	72.031
832.32	72.094
832.50	72.140
832.68	72.184
832.86	72.230
833.04	72.328
833.22	72.378
833.40	72.475
833.58	72.550
833.76	72.624
833.94	72.744
834.12	72.865
834.30	72.992
834.48	73.089
834.66	73.257
834.84	73.353
835.02	73.500
835.20	73.643
835.38	73.814
835.56	73.970
835.74	74.143
835.92	74.312
836.10	74.464
836.28	74.616
836.46	74.800
836.64	74.974
836.82	75.113
837.00	75.287
837.18	75.451
837.36	75.652
837.54	75.835
837.72	76.022
837.90	76.209
838.08	76.394
838.26	76.592
838.43	76.759
838.61	76.961
838.79	77.152
838.97	77.352
839.15	77.533
839.33	77.724
839.51	77.862
839.69	78.026
839.87	78.221
840.05	78.438
840.23	78.623
840.41	78.817
840.59	78.980
840.77	79.179
840.95	79.349
841.13	79.508
841.31	79.673
841.49	79.821
841.67	79.954
841.84	80.124
842.02	80.248
842.20	80.438
842.38	80.570
842.56	80.712
842.74	80.857
842.92	80.966
843.10	81.094
843.28	81.284
843.46	81.412
843.64	81.495
843.82	81.628
843.99	81.755
844.17	81.918
844.35	82.143
844.53	82.302
844.71	82.496
844.89	82.624
845.07	82.803
845.25	82.983
845.43	83.161
845.61	83.316
845.78	83.527
845.96	83.685
846.14	83.876
846.32	84.059
846.50	84.207
846.68	84.429
846.86	84.595
847.04	84.742
847.22	84.852
847.39	85.038
847.57	85.150
847.75	85.260
847.93	85.319
848.11	85.411
848.29	85.545
848.47	85.598
848.65	85.728
848.82	85.777
849.00	85.857
849.18	85.899
849.36	85.930
849.54	85.983
849.72	85.974
849.89	86.023
850.07	86.081
850.25	86.086
850.43	86.054
850.61	86.052
850.79	86.009
850.97	86.077
851.14	86.088
851.32	86.068
851.50	86.082
851.68	86.133
851.86	86.177
852.04	86.149
852.21	86.173
852.39	86.187
852.57	86.252
852.75	86.256
852.93	86.263
853.10	86.252
853.28	86.202
853.46	86.203
853.64	86.139
853.82	86.058
854.00	86.081
854.17	86.025
854.35	85.949
854.53	85.913
854.71	85.825
854.89	85.705
855.06	85.674
855.24	85.633
855.42	85.545
855.60	85.406
855.78	85.304
855.95	85.187
856.13	85.081
856.31	84.892
856.49	84.742
856.66	84.641
856.84	84.479
857.02	84.409
857.20	84.339
857.38	84.178
857.55	84.038
857.73	83.810
857.91	83.707
858.09	83.543
858.26	83.400
858.44	83.258
858.62	83.137
858.80	82.952
858.97	82.773
859.15	82.599
859.33	82.386
859.51	82.234
859.68	82.057
859.86	81.867
860.04	81.698
860.22	81.500
860.39	81.298
860.57	81.095
860.75	80.832
860.93	80.593
861.10	80.461
861.28	80.284
861.46	80.085
861.64	79.888
861.81	79.735
861.99	79.524
862.17	79.299
862.35	79.106
862.52	78.951
862.70	78.747
862.88	78.576
863.05	78.372
863.23	78.146
863.41	77.953
863.59	77.747
863.76	77.578
863.94	77.385
864.12	77.191
864.29	77.029
864.47	76.819
864.65	76.624
864.83	76.364
865.00	76.143
865.18	75.976
865.36	75.785
865.53	75.582
865.71	75.438
865.89	75.242
866.06	75.025
866.24	74.789
866.42	74.588
866.59	74.352
866.77	74.198
866.95	74.000
867.12	73.761
867.30	73.586
867.48	73.363
867.65	73.168
867.83	72.965
868.01	72.790
868.18	72.592
868.36	72.405
868.54	72.246
868.71	72.093
868.89	71.940
869.07	71.760
869.24	71.600
869.42	71.398
869.60	71.253
869.77	71.145
869.95	70.991
870.13	70.836
870.30	70.727
870.48	70.542
870.66	70.400
870.83	70.297
871.01	70.110
871.18	69.984
871.36	69.855
871.54	69.706
871.71	69.576
871.89	69.478
872.07	69.309
872.24	69.188
872.42	69.087
872.59	68.965
872.77	68.844
872.95	68.741
873.12	68.599
873.30	68.463
873.48	68.354
873.65	68.262
873.83	68.164
874.00	68.041
874.18	67.968
874.36	67.904
874.53	67.822
874.71	67.754
874.88	67.681
875.06	67.650
875.24	67.645
875.41	67.591
875.59	67.572
875.76	67.583
875.94	67.542
876.11	67.433
876.29	67.349
876.47	67.306
876.64	67.253
876.82	67.211
876.99	67.186
877.17	67.145
877.35	67.121
877.52	67.088
877.70	67.056
877.87	67.040
878.05	67.035
878.22	67.041
878.40	67.065
878.57	67.065
878.75	67.021
878.93	66.973
879.10	66.979
879.28	66.985
879.45	67.001
879.63	66.983
879.80	66.978
879.98	67.025
880.15	67.051
880.33	67.100
880.50	67.151
880.68	67.247
880.86	67.307
881.03	67.370
881.21	67.449
881.38	67.537
881.56	67.699
881.73	67.749
881.91	67.800
882.08	67.870
882.26	67.989
882.43	68.115
882.61	68.289
882.78	68.409
882.96	68.535
883.13	68.646
883.31	68.787
883.48	68.999
883.66	69.154
883.83	69.311
884.01	69.410
884.18	69.621
884.36	69.773
884.53	69.901
884.71	70.046
884.88	70.157
885.06	70.307
885.23	70.367
885.41	70.517
885.58	70.642
885.76	70.804
885.93	70.884
886.11	71.054
886.28	71.158
886.46	71.275
886.63	71.404
886.81	71.526
886.98	71.700
887.15	71.792
887.33	71.956
887.50	72.140
887.68	72.304
887.85	72.395
888.03	72.513
888.20	72.667
888.38	72.817
888.55	72.990
888.73	73.066
888.90	73.198
889.08	73.327
889.25	73.443
889.42	73.568
889.60	73.761
889.77	73.842
889.95	73.981
890.12	74.062
890.30	74.143
890.47	74.222
890.64	74.355
890.82	74.499
890.99	74.602
891.17	74.690
891.34	74.810
891.52	74.921
891.69	75.047
891.86	75.165
892.04	75.274
892.21	75.418
892.39	75.653
892.56	75.828
892.73	75.925
892.91	76.071
893.08	76.275
893.26	76.364
893.43	76.522
893.60	76.603
893.78	76.774
893.95	76.937
894.13	77.183
894.30	77.329
894.47	77.526
894.65	77.650
894.82	77.808
895.00	77.953
895.17	78.117
895.34	78.289
895.52	78.475
895.69	78.583
895.86	78.721
896.04	78.753
896.21	78.890
896.39	79.069
896.56	79.241
896.73	79.245
896.91	79.295
897.08	79.388
897.25	79.580
897.43	79.632
897.60	79.724
897.77	79.729
897.95	79.730
898.12	79.721
898.30	79.833
898.47	79.845
898.64	79.888
898.82	79.902
898.99	79.883
899.16	79.867
899.34	79.862
899.51	79.785
899.68	79.764
899.86	79.721
900.03	79.652
900.20	79.601
900.38	79.633
900.55	79.713
900.72	79.657
900.90	79.581
901.07	79.677
901.24	79.650
901.41	79.667
901.59	79.683
901.76	79.687
901.93	79.648
902.11	79.588
902.28	79.582
902.45	79.681
902.63	79.720
902.80	79.687
902.97	79.699
903.15	79.789
903.32	79.862
903.49	79.860
903.66	79.910
903.84	79.929
904.01	79.903
904.18	79.876
904.36	79.908
904.53	79.875
904.70	79.825
904.87	79.810
905.05	79.732
905.22	79.759
905.39	79.723
905.56	79.647
905.74	79.617
905.91	79.538
906.08	79.417
906.26	79.318
906.43	79.226
906.60	79.128
906.77	78.972
906.95	78.858
907.12	78.741
907.29	78.583
907.46	78.537
907.64	78.445
907.81	78.344
907.98	78.168
908.15	78.069
908.33	77.946
908.50	77.816
908.67	77.723
908.84	77.582
909.01	77.438
909.19	77.363
909.36	77.231
909.53	77.086
909.70	76.868
909.88	76.769
910.05	76.605
910.22	76.537
910.39	76.422
910.57	76.322
910.74	76.240
910.91	76.191
911.08	76.001
911.25	75.862
911.43	75.733
911.60	75.608
911.77	75.474
911.94	75.257
912.11	75.097
912.29	74.893
912.46	74.654
912.63	74.445
912.80	74.219
912.97	74.049
913.15	73.913
913.32	73.789
913.49	73.576
913.66	73.500
913.83	73.267
914.00	73.056
914.18	72.860
914.35	72.651
914.52	72.381
914.69	72.176
914.86	71.972
915.03	71.769
915.21	71.636
915.38	71.421
915.55	71.333
915.72	71.167
915.89	71.046
916.06	70.967
916.24	70.892
916.41	70.735
916.58	70.600
916.75	70.396
916.92	70.220
917.09	70.019
917.26	69.743
917.44	69.556
917.61	69.425
917.78	69.221
917.95	69.086
918.12	68.895
918.29	68.805
918.46	68.617
918.64	68.468
918.81	68.309
918.98	68.174
919.15	67.992
919.32	67.850
919.49	67.619
919.66	67.423
919.83	67.237
920.00	67.060
920.18	66.924
920.35	66.889
920.52	66.770
920.69	66.726
920.86	66.733
921.03	66.634
921.20	66.507
921.37	66.388
921.54	66.131
921.71	66.049
921.89	65.864
922.06	65.797
922.23	65.675
922.40	65.558
922.57	65.368
922.74	65.265
922.91	65.190
923.08	65.128
923.25	65.018
923.42	64.902
923.59	64.872
923.76	64.660
923.93	64.459
924.11	64.301
924.28	64.156
924.45	64.005
924.62	63.982
924.79	63.879
924.96	63.719
925.13	63.675
925.30	63.560
925.47	63.403
925.64	63.307
925.81	63.253
925.98	63.187
926.15	63.160
926.32	62.994
926.49	62.867
926.66	62.775
926.83	62.689
927.00	62.659
927.17	62.514
927.34	62.565
927.51	62.527
927.69	62.566
927.86	62.541
928.03	62.426
928.20	62.363
928.37	62.273
928.54	62.314
928.71	62.276
928.88	62.305
929.05	62.348
929.22	62.351
929.39	62.287
929.56	62.226
929.73	62.173
929.90	62.246
930.07	62.257
930.24	62.220
930.41	62.227
930.58	62.279
930.75	62.361
930.92	62.296
931.09	62.277
931.26	62.225
931.43	62.173
931.60	62.198
931.77	62.140
931.94	62.192
932.11	62.215
932.27	62.251
932.44	62.256
932.61	62.271
932.78	62.216
932.95	62.303
933.12	62.253
933.29	62.287
933.46	62.270
933.63	62.198
933.80	62.221
933.97	62.231
934.14	62.193
934.31	62.148
934.48	62.205
934.65	62.213
934.82	62.277
934.99	62.330
935.16	62.379
935.33	62.458
935.50	62.594
935.67	62.667
935.84	62.712
936.00	62.742
936.17	62.837
936.34	62.964
936.51	62.949
936.68	63.015
936.85	63.058
937.02	63.152
937.19	63.228
937.36	63.378
937.53	63.382
937.70	63.470
937.87	63.554
938.03	63.569
938.20	63.646
938.37	63.724
938.54	63.787
938.71	63.833
938.88	63.940
939.05	63.863
939.22	63.823
939.39	63.890
939.56	64.057
939.72	64.084
939.89	64.120
940.06	64.185
940.23	64.275
940.40	64.368
940.57	64.534
940.74	64.686
940.91	64.718
941.08	64.901
941.24	64.990
941.41	65.148
941.58	65.384
941.75	65.530
941.92	65.673
942.09	65.795
942.26	65.914
942.42	65.970
942.59	66.183
942.76	66.536
942.93	66.692
943.10	66.722
943.27	66.890
943.44	67.022
943.60	67.211
943.77	67.224
943.94	67.432
944.11	67.454
944.28	67.511
944.45	67.651
944.61	67.735
944.78	67.757
944.95	67.786
945.12	67.965
945.29	68.078
945.46	68.039
945.62	68.079
945.79	68.271
945.96	68.566
946.13	68.718
946.30	68.704
946.46	68.870
946.63	68.956
946.80	69.096
946.97	69.260
947.14	69.310
947.31	69.804
947.47	70.031
947.64	70.206
947.81	70.384
947.98	70.592
948.15	70.698
948.31	70.940
948.48	71.097
948.65	71.097
948.82	71.214
948.98	71.392
949.15	71.686
949.32	71.730
949.49	71.691
949.66	71.769
949.82	71.840
949.99	71.943
950.16	72.088
950.33	72.034
950.49	72.101
950.66	72.107
950.83	71.948
951.00	71.782
951.16	71.586
951.33	71.618
951.50	71.524
951.67	71.587
951.83	71.601
952.00	71.598
952.17	71.521
952.34	71.541
952.50	71.703
952.67	71.662
952.84	71.692
953.01	71.635
953.17	71.650
953.34	71.744
953.51	71.688
953.68	71.583
953.84	71.564
954.01	71.531
954.18	71.474
954.34	71.523
954.51	71.586
954.68	71.733
954.85	71.749
955.01	71.876
955.18	72.098
955.35	71.854
955.51	71.808
955.68	71.922
955.85	72.076
956.02	71.929
956.18	71.941
956.35	71.890
956.52	71.927
956.68	71.930
956.85	71.813
957.02	71.870
957.18	71.888
957.35	71.892
957.52	71.985
957.69	72.085
957.85	72.141
958.02	72.012
958.19	71.915
958.35	71.900
958.52	71.718
958.69	71.393
958.85	71.578
959.02	71.682
959.19	71.432
959.35	71.308
959.52	71.383
959.69	71.399
959.85	71.456
960.02	71.475
960.19	71.356
960.35	71.329
960.52	71.223
960.68	71.202
960.85	71.242
961.02	70.928
961.18	70.905
961.35	70.671
961.52	70.736
961.68	70.769
961.85	70.645
962.02	70.646
962.18	70.688
962.35	70.470
962.51	70.328
962.68	70.396
962.85	70.293
963.01	69.954
963.18	69.874
963.35	69.478
963.51	69.305
963.68	69.304
963.84	69.023
964.01	69.042
964.18	68.873
964.34	68.678
964.51	68.573
964.67	68.395
964.84	68.321
965.01	68.106
965.17	67.828
965.34	67.849
965.50	67.577
965.67	67.514
965.84	67.512
966.00	67.598
966.17	67.698
966.33	67.585
966.50	67.536
966.66	67.439
966.83	67.530
967.00	67.463
967.16	67.247
967.33	67.214
967.49	67.012
967.66	67.229
967.82	67.006
967.99	67.151
968.16	67.137
968.32	67.068
968.49	66.811
968.65	66.979
968.82	66.842
968.98	66.997
969.15	66.675
969.31	66.356
969.48	66.092
969.64	65.733
969.81	65.714
969.98	65.665
970.14	65.326
970.31	65.279
970.47	64.984
970.64	64.771
970.80	64.821
970.97	64.303
971.13	63.976
971.30	63.943
971.46	63.706
971.63	63.491
971.79	63.574
971.96	63.617
972.12	63.334
972.29	62.921
972.45	62.707
972.62	62.769
972.78	62.841
972.95	62.505
973.11	62.250
973.28	62.101
973.44	62.092
973.61	62.326
973.77	62.103
973.94	62.124
974.10	62.293
974.27	62.235
974.43	62.550
974.60	62.461
974.76	62.461
974.93	62.479
975.09	62.307
975.26	61.992
975.42	62.003
975.59	61.779
975.75	62.219
975.92	62.151
976.08	61.624
976.24	61.517
976.41	61.325
976.57	61.387
976.74	61.255
976.90	60.885
977.07	60.412
977.23	60.405
977.40	60.287
977.56	59.629
977.73	59.291
977.89	59.031
978.05	58.728
978.22	58.521
978.38	58.150
978.55	57.944
978.71	57.830
978.88	57.894
979.04	57.897
979.20	57.562
979.37	57.394
979.53	57.384
979.70	57.404
979.86	57.709
980.03	57.564
980.19	57.411
980.35	57.450
980.52	57.231
980.68	57.263
980.85	57.225
981.01	57.406
981.17	57.351
981.34	57.172
981.50	57.013
981.67	57.023
981.83	56.981
981.99	56.946
982.16	56.713
982.32	55.765
982.49	55.751
982.65	55.647
982.81	55.875
982.98	55.893
983.14	55.864
983.30	55.447
983.47	55.446
983.63	55.316
983.80	55.129
983.96	54.957
984.12	55.295
984.29	55.280
984.45	55.490
984.61	55.302
984.78	55.596
984.94	55.930
985.10	56.318
985.27	56.187
985.43	56.567
985.59	56.895
985.76	57.452
985.92	57.658
986.08	57.964
986.25	57.430
986.41	58.021
986.57	57.422
986.74	57.747
986.90	57.675
987.06	57.475
987.23	57.455
987.39	57.281
987.55	56.237
987.72	56.103
987.88	55.327
988.04	55.739
988.21	56.036
988.37	55.806
988.53	55.073
988.70	55.430
988.86	54.886
989.02	54.496
989.19	54.194
989.35	54.109
989.51	53.355
989.67	53.360
989.84	52.807
990.00	52.796
990.16	52.971
990.33	53.161
990.49	53.660
990.65	53.787
990.82	54.167
990.98	54.421
991.14	54.277
991.30	55.223
991.47	54.497
991.63	54.405
991.79	55.219
991.95	55.652
992.12	55.628
992.28	55.955
992.44	56.178
992.61	56.358
992.77	56.524
992.93	57.160
993.09	57.259
993.26	57.455
993.42	58.216
993.58	57.846
993.74	57.546
993.91	57.138
994.07	57.015
994.23	57.295
994.39	57.331
994.55	57.630
994.72	57.040
994.88	57.233
995.04	56.609
995.20	56.320
995.37	55.837
995.53	55.980
995.69	55.654
995.85	55.217
996.02	55.130
996.18	55.226
996.34	54.956
996.50	55.140
996.66	56.177
996.83	55.699
996.99	55.008
997.15	55.537
997.31	55.492
997.47	55.846
997.64	55.708
997.80	56.112
997.96	56.646
998.12	56.976
998.28	57.954
998.45	58.606
998.61	58.409
998.77	58.282
998.93	58.348
999.09	59.645
999.25	59.792
999.42	61.160
999.58	60.934
999.74	60.535
999.90	60.362
1000.06	59.317
1000.22	59.512
1000.39	60.176
1000.55	60.019
1000.71	60.684
1000.87	60.438
1001.03	60.220
1001.19	60.293
1001.36	59.800
1001.52	59.368
1001.68	58.921
1001.84	59.605
1002.00	58.648
1002.16	58.720
1002.32	58.051
1002.49	56.196
1002.65	55.975
1002.81	54.956
1002.97	55.006
1003.13	54.959
1003.29	55.838
1003.45	55.519
1003.62	56.225
1003.78	56.115
1003.94	56.510
1004.10	55.677
1004.26	55.946
1004.42	55.826
1004.58	55.817
1004.74	55.995
1004.90	57.477
1005.07	57.309
1005.23	56.178
1005.39	57.301
1005.55	58.096
1005.71	57.564
1005.87	58.914
1006.03	60.260
1006.19	60.523
1006.35	60.216
1006.51	61.081
1006.67	60.599
1006.84	60.610
1007.00	60.049
1007.16	61.139
1007.32	59.368
1007.48	60.182
1007.64	61.444
1007.80	61.450
1007.96	60.198
1008.12	60.640
1008.28	58.833
1008.44	60.033
1008.60	60.193
1008.76	58.793
1008.92	57.667
1009.09	57.986
1009.25	57.492
1009.41	56.502
1009.57	57.430
1009.73	57.663
1009.89	58.681
1010.05	59.637
1010.21	61.263
1010.37	61.014
1010.53	62.250
1010.69	64.415
1010.85	64.038
1011.01	62.549
1011.17	61.600
1011.33	63.439
1011.49	63.698
1011.65	64.446
1011.81	63.461
1011.97	64.190
1012.13	66.732
1012.29	68.144
1012.45	69.261
1012.61	72.649
1012.77	70.620
1012.93	69.675
1013.09	69.114
1013.25	68.598
1013.41	69.239
1013.57	66.447
1013.73	65.909
1013.89	62.602
1014.05	64.671
1014.21	62.749
1014.37	60.712
1014.53	59.414
1014.69	59.573
1014.85	60.281
1015.01	61.373
1015.17	64.571
1015.33	65.402
1015.49	63.713
1015.65	65.968
1015.81	67.195
1015.97	63.397
1016.13	66.793
1016.29	66.272
1016.45	66.788
1016.61	67.485
1016.77	64.457
1016.93	65.750
1017.09	65.404
1017.25	66.076
1017.41	64.915
1017.56	66.965
1017.72	73.823
1017.88	76.250
1018.04	77.326
1018.20	74.701
1018.36	74.473
1018.52	71.274
1018.68	72.570
1018.84	74.332
1019.00	71.216
1019.16	72.039
1019.32	76.184
1019.48	77.266
1019.64	80.168
1019.79	77.828
1019.95	73.476
1020.11	78.612
1020.27	78.183
1020.43	83.689
1020.59	86.471
1020.75	82.418
1020.91	86.473
1021.07	79.458
1021.23	78.863
1021.39	75.726
1021.54	81.766
1021.70	79.075
1021.86	78.454
1022.02	75.535
1022.18	71.616
1022.34	75.558
1022.50	74.261
1022.66	71.374
1022.82	70.264
1022.97	69.578
1023.13	73.011
1023.29	78.478
1023.45	76.580
1023.61	76.986
1023.77	74.301
1023.93	75.017
1024.08	76.420
1024.24	73.228
1024.40	75.078
1024.56	83.701
1024.72	84.353
1024.88	72.228
1025.04	77.499
1025.19	75.232
1025.35	72.999
1025.51	78.960
1025.67	80.921
1025.83	77.379
1025.99	80.593
1026.14	77.585
1026.30	83.646
1026.46	86.039
1026.62	79.025
1026.78	74.772
1026.94	73.729
1027.09	72.459
1027.25	69.657
1027.41	70.280
1027.57	70.110
1027.73	68.647
1027.89	62.979
1028.04	62.469
1028.20	61.089
1028.36	61.363
1028.52	60.911
1028.68	61.320
1028.83	61.683
1028.99	58.687
1029.15	59.493
1029.31	57.547
1029.47	59.937
1029.62	59.068
1029.78	57.718
1029.94	58.583
1030.10	59.289
1030.25	59.955
1030.41	62.831
1030.57	64.802
1030.73	68.149
1030.89	66.949
1031.04	69.466
1031.20	72.942
1031.36	80.662
1031.52	88.270
1031.67	91.450
1031.83	95.978
1031.99	105.570
1032.15	93.230
1032.30	102.942
1032.46	115.306
1032.62	109.250
1032.78	99.641
1032.93	114.490
1033.09	101.287
1033.25	96.097
1033.41	97.500
1033.56	94.897
1033.72	3.088
1033.88	208.452
1034.04	50.781
1034.19	60.727
1034.35	78.896
1034.51	-37.138
1034.66	53.570
1034.82	1512.500
1034.98	1512.500
1035.14	1512.500
