345.22	43.873
345.43	43.873
345.65	43.873
345.86	51.025
346.08	118.087
346.29	6.932
346.51	18.048
346.72	52.955
346.94	-154.359
347.15	-70.018
347.37	127.959
347.58	159.068
347.80	189.050
348.01	165.484
348.23	118.325
348.44	109.906
348.66	101.647
348.87	102.796
349.09	97.662
349.30	88.077
349.52	82.192
349.73	85.742
349.95	85.256
350.16	87.323
350.38	84.629
350.59	78.473
350.81	77.456
351.02	76.206
351.24	75.519
351.45	74.814
351.67	76.839
351.88	75.945
352.10	71.943
352.31	70.542
352.53	73.135
352.74	74.591
352.96	75.493
353.17	74.845
353.39	76.595
353.60	78.838
353.82	79.413
354.03	79.688
354.25	75.297
354.46	71.279
354.67	68.740
354.89	66.714
355.10	70.736
355.32	69.567
355.53	70.843
355.75	72.568
355.96	73.465
356.18	73.562
356.39	73.548
356.61	77.374
356.82	76.985
357.04	73.875
357.25	73.854
357.46	73.476
357.68	73.031
357.89	71.210
358.11	69.602
358.32	72.577
358.54	70.719
358.75	71.891
358.97	73.402
359.18	76.132
359.40	75.841
359.61	76.178
359.82	77.680
360.04	77.900
360.25	75.484
360.47	71.828
360.68	71.135
360.90	71.466
361.11	69.756
361.32	69.755
361.54	72.782
361.75	72.775
361.97	74.478
362.18	75.216
362.40	76.523
362.61	77.960
362.83	77.700
363.04	78.634
363.25	79.942
363.47	80.931
363.68	78.806
363.90	82.128
364.11	82.340
364.32	82.181
364.54	79.998
364.75	77.768
364.97	81.664
365.18	80.164
365.40	78.351
365.61	78.209
365.82	79.036
366.04	78.436
366.25	77.995
366.47	75.985
366.68	74.709
366.89	75.635
367.11	73.414
367.32	73.745
367.54	71.604
367.75	71.386
367.96	70.991
368.18	71.684
368.39	70.866
368.61	70.846
368.82	72.146
369.03	74.632
369.25	78.107
369.46	78.660
369.68	79.518
369.89	80.434
370.10	81.394
370.32	81.423
370.53	80.765
370.75	77.437
370.96	79.373
371.17	79.890
371.39	77.840
371.60	78.296
371.81	78.962
372.03	80.932
372.24	81.769
372.46	84.366
372.67	85.052
372.88	84.010
373.10	83.390
373.31	81.885
373.52	81.800
373.74	80.449
373.95	79.490
374.17	80.774
374.38	82.924
374.59	83.121
374.81	81.665
375.02	80.143
375.23	82.981
375.45	80.894
375.66	79.164
375.87	79.983
376.09	80.256
376.30	79.024
376.52	80.855
376.73	78.163
376.94	76.444
377.16	77.575
377.37	81.090
377.58	81.749
377.80	83.256
378.01	84.479
378.22	86.113
378.44	86.897
378.65	88.667
378.86	88.799
379.08	89.486
379.29	90.329
379.50	93.134
379.72	93.355
379.93	96.566
380.14	99.651
380.36	100.810
380.57	102.532
380.78	102.959
381.00	103.883
381.21	105.920
381.42	107.294
381.64	107.824
381.85	107.748
382.06	108.051
382.28	108.300
382.49	108.009
382.70	108.658
382.92	109.197
383.13	108.709
383.34	109.391
383.56	110.373
383.77	111.666
383.98	111.527
384.20	112.674
384.41	112.893
384.62	113.213
384.83	113.899
385.05	114.355
385.26	115.379
385.47	116.278
385.69	117.191
385.90	118.076
386.11	118.842
386.33	119.832
386.54	120.670
386.75	121.343
386.97	122.519
387.18	123.248
387.39	124.086
387.60	124.489
387.82	124.936
388.03	125.295
388.24	125.801
388.46	126.161
388.67	126.306
388.88	126.260
389.09	126.145
389.31	125.906
389.52	125.653
389.73	125.119
389.95	124.626
390.16	124.059
390.37	123.585
390.58	123.109
390.80	122.382
391.01	121.845
391.22	121.292
391.44	120.402
391.65	119.675
391.86	118.978
392.07	118.710
392.29	118.248
392.50	117.784
392.71	117.307
392.92	117.059
393.14	116.695
393.35	116.555
393.56	116.581
393.78	116.638
393.99	116.921
394.20	117.299
394.41	117.642
394.63	118.005
394.84	118.592
395.05	119.316
395.26	119.969
395.48	120.680
395.69	121.347
395.90	122.294
396.11	123.177
396.33	124.006
396.54	124.855
396.75	125.560
396.96	126.288
397.18	126.926
397.39	127.541
397.60	128.171
397.81	128.671
398.03	128.979
398.24	129.238
398.45	129.321
398.66	129.339
398.87	129.290
399.09	129.122
399.30	128.725
399.51	128.138
399.72	127.632
399.94	127.011
400.15	126.319
400.36	125.468
400.57	124.586
400.79	123.699
401.00	122.697
401.21	121.795
401.42	120.870
401.63	119.938
401.85	119.074
402.06	118.323
402.27	117.558
402.48	116.956
402.69	116.425
402.91	115.917
403.12	115.460
403.33	115.226
403.54	115.152
403.76	115.038
403.97	115.122
404.18	115.338
404.39	115.671
404.60	116.128
404.82	116.696
405.03	117.358
405.24	118.034
405.45	118.790
405.66	119.619
405.88	120.455
406.09	121.391
406.30	122.203
406.51	122.935
406.72	123.748
406.94	124.481
407.15	125.154
407.36	125.853
407.57	126.482
407.78	126.963
407.99	127.289
408.21	127.605
408.42	127.825
408.63	127.947
408.84	127.878
409.05	127.742
409.27	127.405
409.48	126.910
409.69	126.359
409.90	125.791
410.11	125.108
410.32	124.384
410.54	123.508
410.75	122.582
410.96	121.631
411.17	120.637
411.38	119.649
411.59	118.685
411.81	117.646
412.02	116.648
412.23	115.689
412.44	114.823
412.65	114.079
412.86	113.418
413.08	112.763
413.29	112.182
413.50	111.781
413.71	111.511
413.92	111.328
414.13	111.250
414.34	111.268
414.56	111.323
414.77	111.521
414.98	111.806
415.19	112.314
415.40	112.911
415.61	113.561
415.82	114.241
416.04	115.012
416.25	115.785
416.46	116.621
416.67	117.529
416.88	118.374
417.09	119.224
417.30	119.992
417.52	120.806
417.73	121.524
417.94	122.174
418.15	122.772
418.36	123.389
418.57	123.817
418.78	124.148
418.99	124.478
419.21	124.669
419.42	124.787
419.63	124.754
419.84	124.604
420.05	124.337
420.26	123.947
420.47	123.401
420.68	122.875
420.89	122.251
421.11	121.469
421.32	120.742
421.53	119.890
421.74	119.031
421.95	118.144
422.16	117.273
422.37	116.381
422.58	115.417
422.79	114.454
423.01	113.602
423.22	112.754
423.43	111.986
423.64	111.269
423.85	110.642
424.06	110.115
424.27	109.644
424.48	109.281
424.69	109.095
424.90	108.988
425.11	108.970
425.33	109.063
425.54	109.245
425.75	109.478
425.96	109.818
426.17	110.269
426.38	110.798
426.59	111.398
426.80	112.065
427.01	112.826
427.22	113.661
427.43	114.586
427.64	115.470
427.85	116.317
428.07	117.215
428.28	118.050
428.49	118.897
428.70	119.719
428.91	120.495
429.12	121.176
429.33	121.854
429.54	122.458
429.75	122.961
429.96	123.452
430.17	123.840
430.38	124.130
430.59	124.257
430.80	124.280
431.01	124.212
431.22	124.090
431.44	123.832
431.65	123.495
431.86	123.018
432.07	122.503
432.28	121.924
432.49	121.249
432.70	120.503
432.91	119.652
433.12	118.757
433.33	117.831
433.54	116.930
433.75	115.997
433.96	115.067
434.17	114.063
434.38	113.127
434.59	112.223
434.80	111.352
435.01	110.616
435.22	109.939
435.43	109.336
435.64	108.765
435.85	108.291
436.06	107.884
436.27	107.599
436.48	107.420
436.69	107.291
436.90	107.288
437.11	107.407
437.33	107.621
437.54	107.933
437.75	108.373
437.96	108.818
438.17	109.346
438.38	109.899
438.59	110.587
438.80	111.283
439.01	112.090
439.22	112.951
439.43	113.685
439.64	114.479
439.85	115.286
440.06	116.057
440.27	116.866
440.48	117.601
440.69	118.299
440.90	118.945
441.11	119.601
441.32	120.156
441.53	120.639
441.74	121.026
441.95	121.375
442.16	121.613
442.37	121.735
442.58	121.808
442.79	121.810
443.00	121.713
443.21	121.540
443.42	121.193
443.62	120.710
443.83	120.317
444.04	119.795
444.25	119.210
444.46	118.540
444.67	117.784
444.88	117.021
445.09	116.181
445.30	115.309
445.51	114.377
445.72	113.425
445.93	112.531
446.14	111.610
446.35	110.663
446.56	109.787
446.77	108.961
446.98	108.126
447.19	107.323
447.40	106.611
447.61	105.905
447.82	105.307
448.03	104.811
448.24	104.339
448.45	103.961
448.66	103.675
448.87	103.478
449.08	103.392
449.29	103.373
449.49	103.452
449.70	103.624
449.91	103.858
450.12	104.203
450.33	104.572
450.54	105.036
450.75	105.585
450.96	106.149
451.17	106.779
451.38	107.444
451.59	108.155
451.80	108.858
452.01	109.610
452.22	110.380
452.43	111.107
452.64	111.825
452.84	112.554
453.05	113.226
453.26	113.903
453.47	114.502
453.68	115.077
453.89	115.603
454.10	116.026
454.31	116.433
454.52	116.731
454.73	116.986
454.94	117.133
455.15	117.185
455.36	117.145
455.56	117.043
455.77	116.855
455.98	116.606
456.19	116.286
456.40	115.905
456.61	115.465
456.82	114.919
457.03	114.324
457.24	113.646
457.45	112.946
457.65	112.146
457.86	111.348
458.07	110.521
458.28	109.605
458.49	108.739
458.70	107.812
458.91	106.909
459.12	106.008
459.33	105.092
459.54	104.240
459.74	103.416
459.95	102.610
460.16	101.889
460.37	101.221
460.58	100.611
460.79	100.030
461.00	99.491
461.21	99.059
461.41	98.696
461.62	98.407
461.83	98.221
462.04	98.123
462.25	98.046
462.46	98.086
462.67	98.228
462.88	98.442
463.08	98.747
463.29	99.090
463.50	99.501
463.71	100.008
463.92	100.534
464.13	101.091
464.34	101.699
464.54	102.359
464.75	103.045
464.96	103.734
465.17	104.447
465.38	105.138
465.59	105.873
465.80	106.578
466.00	107.253
466.21	107.901
466.42	108.509
466.63	109.140
466.84	109.714
467.05	110.224
467.26	110.679
467.46	111.024
467.67	111.356
467.88	111.643
468.09	111.825
468.30	111.976
468.51	112.059
468.71	112.046
468.92	111.969
469.13	111.815
469.34	111.604
469.55	111.295
469.76	110.959
469.96	110.521
470.17	110.031
470.38	109.510
470.59	108.909
470.80	108.257
471.00	107.601
471.21	106.867
471.42	106.128
471.63	105.363
471.84	104.587
472.05	103.777
472.25	102.949
472.46	102.136
472.67	101.280
472.88	100.487
473.09	99.690
473.29	98.891
473.50	98.154
473.71	97.430
473.92	96.751
474.13	96.115
474.33	95.549
474.54	95.030
474.75	94.569
474.96	94.164
475.17	93.830
475.37	93.519
475.58	93.301
475.79	93.163
476.00	93.087
476.21	93.100
476.41	93.168
476.62	93.317
476.83	93.516
477.04	93.826
477.24	94.150
477.45	94.543
477.66	94.983
477.87	95.449
478.08	95.990
478.28	96.533
478.49	97.131
478.70	97.764
478.91	98.391
479.11	99.027
479.32	99.702
479.53	100.350
479.74	101.035
479.94	101.680
480.15	102.283
480.36	102.869
480.57	103.436
480.78	103.996
480.98	104.468
481.19	104.910
481.40	105.294
481.61	105.668
481.81	105.976
482.02	106.223
482.23	106.446
482.44	106.564
482.64	106.659
482.85	106.678
483.06	106.608
483.27	106.519
483.47	106.383
483.68	106.162
483.89	105.888
484.10	105.540
484.30	105.156
484.51	104.700
484.72	104.230
484.92	103.667
485.13	103.092
485.34	102.487
485.55	101.838
485.75	101.165
485.96	100.437
486.17	99.704
486.38	98.970
486.58	98.200
486.79	97.448
487.00	96.684
487.20	95.916
487.41	95.186
487.62	94.463
487.83	93.741
488.03	93.047
488.24	92.391
488.45	91.756
488.65	91.147
488.86	90.599
489.07	90.080
489.28	89.626
489.48	89.207
489.69	88.881
489.90	88.585
490.10	88.357
490.31	88.190
490.52	88.058
490.73	88.000
490.93	88.002
491.14	88.056
491.35	88.175
491.55	88.344
491.76	88.560
491.97	88.820
492.17	89.122
492.38	89.481
492.59	89.878
492.79	90.330
493.00	90.817
493.21	91.328
493.41	91.861
493.62	92.412
493.83	92.987
494.04	93.532
494.24	94.110
494.45	94.691
494.66	95.252
494.86	95.841
495.07	96.383
495.28	96.939
495.48	97.453
495.69	97.949
495.90	98.423
496.10	98.866
496.31	99.261
496.52	99.619
496.72	99.970
496.93	100.268
497.14	100.506
497.34	100.678
497.55	100.836
497.76	100.933
497.96	100.979
498.17	100.972
498.37	100.926
498.58	100.805
498.79	100.630
498.99	100.430
499.20	100.160
499.41	99.847
499.61	99.463
499.82	99.057
500.03	98.591
500.23	98.116
500.44	97.579
500.65	97.020
500.85	96.440
501.06	95.798
501.26	95.148
501.47	94.479
501.68	93.812
501.88	93.105
502.09	92.409
502.30	91.699
502.50	90.989
502.71	90.294
502.91	89.606
503.12	88.928
503.33	88.262
503.53	87.632
503.74	87.012
503.95	86.416
504.15	85.855
504.36	85.322
504.56	84.819
504.77	84.376
504.98	83.951
505.18	83.586
505.39	83.257
505.59	82.975
505.80	82.748
506.01	82.573
506.21	82.451
506.42	82.376
506.62	82.344
506.83	82.359
507.04	82.428
507.24	82.541
507.45	82.712
507.65	82.922
507.86	83.157
508.07	83.445
508.27	83.776
508.48	84.134
508.68	84.546
508.89	84.974
509.10	85.412
509.30	85.883
509.51	86.363
509.71	86.860
509.92	87.367
510.12	87.876
510.33	88.390
510.54	88.897
510.74	89.408
510.95	89.906
511.15	90.396
511.36	90.883
511.56	91.356
511.77	91.792
511.98	92.216
512.18	92.623
512.39	92.999
512.59	93.343
512.80	93.652
513.00	93.918
513.21	94.145
513.42	94.351
513.62	94.511
513.83	94.635
514.03	94.706
514.24	94.734
514.44	94.714
514.65	94.662
514.85	94.573
515.06	94.440
515.26	94.259
515.47	94.045
515.68	93.777
515.88	93.473
516.09	93.129
516.29	92.751
516.50	92.334
516.70	91.880
516.91	91.398
517.11	90.894
517.32	90.368
517.52	89.816
517.73	89.257
517.93	88.671
518.14	88.071
518.34	87.472
518.55	86.863
518.76	86.255
518.96	85.627
519.17	84.996
519.37	84.367
519.58	83.767
519.78	83.162
519.99	82.561
520.19	81.982
520.40	81.443
520.60	80.914
520.81	80.408
521.01	79.920
521.22	79.478
521.42	79.060
521.63	78.677
521.83	78.328
522.04	78.004
522.24	77.740
522.45	77.514
522.65	77.327
522.86	77.187
523.06	77.080
523.27	77.025
523.47	77.013
523.68	77.039
523.88	77.095
524.09	77.198
524.29	77.352
524.50	77.539
524.70	77.753
524.91	78.002
525.11	78.297
525.32	78.630
525.52	78.978
525.72	79.375
525.93	79.780
526.13	80.218
526.34	80.660
526.54	81.131
526.75	81.592
526.95	82.078
527.16	82.556
527.36	83.052
527.57	83.542
527.77	84.024
527.98	84.519
528.18	85.009
528.39	85.477
528.59	85.943
528.79	86.385
529.00	86.824
529.20	87.236
529.41	87.646
529.61	88.025
529.82	88.368
530.02	88.674
530.23	88.968
530.43	89.213
530.64	89.441
530.84	89.623
531.04	89.768
531.25	89.902
531.45	90.005
531.66	90.067
531.86	90.085
532.07	90.063
532.27	90.004
532.47	89.914
532.68	89.804
532.88	89.658
533.09	89.474
533.29	89.235
533.50	88.975
533.70	88.648
533.90	88.314
534.11	87.967
534.31	87.585
534.52	87.169
534.72	86.757
534.93	86.318
535.13	85.844
535.33	85.374
535.54	84.857
535.74	84.339
535.95	83.792
536.15	83.268
536.35	82.731
536.56	82.192
536.76	81.631
536.97	81.087
537.17	80.534
537.37	79.992
537.58	79.481
537.78	78.971
537.99	78.481
538.19	77.987
538.39	77.509
538.60	77.058
538.80	76.643
539.01	76.226
539.21	75.841
539.41	75.495
539.62	75.166
539.82	74.877
540.03	74.609
540.23	74.395
540.43	74.195
540.64	74.052
540.84	73.928
541.04	73.854
541.25	73.822
541.45	73.819
541.66	73.849
541.86	73.912
542.06	74.019
542.27	74.157
542.47	74.346
542.67	74.547
542.88	74.786
543.08	75.051
543.28	75.358
543.49	75.681
543.69	76.034
543.90	76.421
544.10	76.807
544.30	77.241
544.51	77.677
544.71	78.149
544.91	78.607
545.12	79.091
545.32	79.587
545.52	80.058
545.73	80.562
545.93	81.057
546.13	81.531
546.34	81.998
546.54	82.464
546.74	82.918
546.95	83.386
547.15	83.835
547.35	84.254
547.56	84.679
547.76	85.096
547.96	85.477
548.17	85.850
548.37	86.215
548.57	86.521
548.78	86.812
548.98	87.071
549.18	87.296
549.39	87.492
549.59	87.660
549.79	87.823
550.00	87.933
550.20	88.045
550.40	88.106
550.61	88.147
550.81	88.150
551.01	88.121
551.22	88.062
551.42	87.966
551.62	87.844
551.82	87.676
552.03	87.492
552.23	87.280
552.43	87.030
552.64	86.755
552.84	86.457
553.04	86.129
553.25	85.779
553.45	85.402
553.65	85.009
553.85	84.616
554.06	84.196
554.26	83.754
554.46	83.279
554.67	82.812
554.87	82.327
555.07	81.850
555.27	81.351
555.48	80.847
555.68	80.355
555.88	79.854
556.09	79.362
556.29	78.850
556.49	78.359
556.69	77.857
556.90	77.370
557.10	76.913
557.30	76.479
557.50	76.039
557.71	75.641
557.91	75.256
558.11	74.868
558.31	74.515
558.52	74.188
558.72	73.893
558.92	73.621
559.13	73.378
559.33	73.158
559.53	72.963
559.73	72.809
559.94	72.675
560.14	72.567
560.34	72.486
560.54	72.443
560.75	72.441
560.95	72.467
561.15	72.535
561.35	72.616
561.55	72.718
561.76	72.861
561.96	73.015
562.16	73.217
562.36	73.454
562.57	73.703
562.77	73.980
562.97	74.280
563.17	74.596
563.38	74.926
563.58	75.288
563.78	75.670
563.98	76.063
564.18	76.464
564.39	76.892
564.59	77.325
564.79	77.779
564.99	78.220
565.20	78.666
565.40	79.102
565.60	79.541
565.80	80.004
566.00	80.447
566.21	80.895
566.41	81.315
566.61	81.739
566.81	82.162
567.01	82.570
567.22	82.973
567.42	83.364
567.62	83.725
567.82	84.073
568.02	84.404
568.23	84.713
568.43	85.006
568.63	85.286
568.83	85.526
569.03	85.734
569.24	85.930
569.44	86.111
569.64	86.269
569.84	86.413
570.04	86.504
570.24	86.583
570.45	86.639
570.65	86.673
570.85	86.673
571.05	86.633
571.25	86.569
571.45	86.467
571.66	86.357
571.86	86.230
572.06	86.057
572.26	85.871
572.46	85.668
572.66	85.449
572.87	85.186
573.07	84.921
573.27	84.629
573.47	84.321
573.67	83.984
573.87	83.625
574.08	83.243
574.28	82.869
574.48	82.473
574.68	82.052
574.88	81.627
575.08	81.177
575.28	80.734
575.49	80.289
575.69	79.841
575.89	79.371
576.09	78.919
576.29	78.453
576.49	77.988
576.69	77.518
576.90	77.058
577.10	76.612
577.30	76.170
577.50	75.745
577.70	75.314
577.90	74.902
578.10	74.522
578.30	74.147
578.51	73.787
578.71	73.451
578.91	73.134
579.11	72.827
579.31	72.549
579.51	72.286
579.71	72.055
579.91	71.837
580.12	71.654
580.32	71.495
580.52	71.373
580.72	71.259
580.92	71.173
581.12	71.101
581.32	71.068
581.52	71.073
581.72	71.088
581.92	71.136
582.13	71.223
582.33	71.309
582.53	71.435
582.73	71.577
582.93	71.749
583.13	71.949
583.33	72.181
583.53	72.426
583.73	72.699
583.93	72.990
584.13	73.306
584.34	73.650
584.54	73.975
584.74	74.312
584.94	74.691
585.14	75.077
585.34	75.474
585.54	75.847
585.74	76.239
585.94	76.656
586.14	77.086
586.34	77.497
586.54	77.933
586.74	78.367
586.94	78.806
587.15	79.246
587.35	79.670
587.55	80.088
587.75	80.508
587.95	80.906
588.15	81.294
588.35	81.668
588.55	82.039
588.75	82.413
588.95	82.772
589.15	83.110
589.35	83.435
589.55	83.743
589.75	84.069
589.95	84.351
590.15	84.612
590.35	84.844
590.55	85.069
590.75	85.263
590.95	85.432
591.15	85.581
591.35	85.696
591.56	85.796
591.76	85.873
591.96	85.923
592.16	85.964
592.36	85.976
592.56	85.975
592.76	85.937
592.96	85.890
593.16	85.798
593.36	85.691
593.56	85.573
593.76	85.443
593.96	85.265
594.16	85.089
594.36	84.890
594.56	84.669
594.76	84.427
594.96	84.177
595.16	83.888
595.36	83.594
595.56	83.277
595.76	82.936
595.96	82.575
596.16	82.223
596.36	81.848
596.56	81.476
596.76	81.070
596.96	80.662
597.16	80.253
597.36	79.851
597.56	79.434
597.76	79.002
597.96	78.565
598.16	78.135
598.36	77.700
598.56	77.258
598.76	76.829
598.96	76.410
599.16	75.992
599.36	75.607
599.56	75.220
599.76	74.833
599.96	74.466
600.15	74.109
600.35	73.767
600.55	73.440
600.75	73.109
600.95	72.813
601.15	72.518
601.35	72.234
601.55	71.972
601.75	71.742
601.95	71.524
602.15	71.336
602.35	71.150
602.55	70.999
602.75	70.872
602.95	70.755
603.15	70.648
603.35	70.579
603.55	70.521
603.75	70.478
603.95	70.469
604.15	70.483
604.35	70.527
604.54	70.581
604.74	70.678
604.94	70.786
605.14	70.906
605.34	71.058
605.54	71.240
605.74	71.446
605.94	71.657
606.14	71.897
606.34	72.144
606.54	72.423
606.74	72.717
606.94	73.019
607.14	73.348
607.33	73.701
607.53	74.049
607.73	74.404
607.93	74.763
608.13	75.134
608.33	75.518
608.53	75.891
608.73	76.289
608.93	76.663
609.13	77.054
609.33	77.456
609.52	77.857
609.72	78.250
609.92	78.634
610.12	79.028
610.32	79.415
610.52	79.814
610.72	80.188
610.92	80.555
611.12	80.922
611.31	81.280
611.51	81.623
611.71	81.959
611.91	82.300
612.11	82.639
612.31	82.964
612.51	83.263
612.71	83.566
612.91	83.831
613.10	84.097
613.30	84.372
613.50	84.616
613.70	84.835
613.90	85.029
614.10	85.206
614.30	85.347
614.50	85.484
614.69	85.578
614.89	85.674
615.09	85.746
615.29	85.803
615.49	85.835
615.69	85.846
615.89	85.845
616.08	85.820
616.28	85.771
616.48	85.704
616.68	85.611
616.88	85.500
617.08	85.372
617.27	85.240
617.47	85.066
617.67	84.874
617.87	84.666
618.07	84.456
618.27	84.230
618.47	84.004
618.66	83.747
618.86	83.486
619.06	83.198
619.26	82.907
619.46	82.600
619.66	82.272
619.85	81.935
620.05	81.587
620.25	81.215
620.45	80.847
620.65	80.466
620.84	80.107
621.04	79.730
621.24	79.371
621.44	78.974
621.64	78.565
621.84	78.178
622.03	77.783
622.23	77.390
622.43	76.999
622.63	76.611
622.83	76.228
623.02	75.848
623.22	75.483
623.42	75.101
623.62	74.739
623.82	74.400
624.01	74.055
624.21	73.718
624.41	73.404
624.61	73.103
624.81	72.820
625.00	72.526
625.20	72.253
625.40	71.984
625.60	71.744
625.79	71.533
625.99	71.340
626.19	71.154
626.39	70.988
626.59	70.835
626.78	70.713
626.98	70.601
627.18	70.505
627.38	70.435
627.57	70.407
627.77	70.382
627.97	70.369
628.17	70.393
628.37	70.426
628.56	70.493
628.76	70.564
628.96	70.655
629.16	70.763
629.35	70.914
629.55	71.072
629.75	71.247
629.95	71.443
630.14	71.640
630.34	71.870
630.54	72.110
630.74	72.361
630.93	72.625
631.13	72.899
631.33	73.182
631.53	73.459
631.72	73.749
631.92	74.063
632.12	74.395
632.31	74.721
632.51	75.082
632.71	75.437
632.91	75.791
633.10	76.155
633.30	76.542
633.50	76.897
633.70	77.279
633.89	77.653
634.09	78.036
634.29	78.417
634.48	78.788
634.68	79.174
634.88	79.558
635.08	79.941
635.27	80.331
635.47	80.716
635.67	81.109
635.86	81.492
636.06	81.857
636.26	82.199
636.46	82.546
636.65	82.873
636.85	83.209
637.05	83.529
637.24	83.823
637.44	84.108
637.64	84.391
637.83	84.666
638.03	84.937
638.23	85.162
638.43	85.390
638.62	85.595
638.82	85.769
639.02	85.941
639.21	86.090
639.41	86.212
639.61	86.340
639.80	86.446
640.00	86.531
640.20	86.624
640.39	86.708
640.59	86.760
640.79	86.800
640.98	86.806
641.18	86.810
641.38	86.808
641.57	86.772
641.77	86.718
641.97	86.633
642.16	86.537
642.36	86.441
642.56	86.323
642.75	86.209
642.95	86.066
643.15	85.909
643.34	85.748
643.54	85.572
643.74	85.359
643.93	85.140
644.13	84.890
644.33	84.618
644.52	84.342
644.72	84.070
644.91	83.780
645.11	83.469
645.31	83.159
645.50	82.845
645.70	82.530
645.90	82.214
646.09	81.879
646.29	81.532
646.48	81.179
646.68	80.811
646.88	80.445
647.07	80.082
647.27	79.711
647.47	79.335
647.66	78.968
647.86	78.596
648.05	78.234
648.25	77.881
648.45	77.523
648.64	77.159
648.84	76.809
649.04	76.448
649.23	76.096
649.43	75.755
649.62	75.413
649.82	75.065
650.02	74.736
650.21	74.420
650.41	74.134
650.60	73.852
650.80	73.602
651.00	73.330
651.19	73.090
651.39	72.855
651.58	72.628
651.78	72.423
651.97	72.249
652.17	72.075
652.37	71.907
652.56	71.774
652.76	71.647
652.95	71.533
653.15	71.462
653.35	71.394
653.54	71.334
653.74	71.283
653.93	71.262
654.13	71.255
654.32	71.255
654.52	71.252
654.72	71.285
654.91	71.323
655.11	71.390
655.30	71.476
655.50	71.581
655.69	71.703
655.89	71.822
656.08	71.950
656.28	72.105
656.48	72.280
656.67	72.462
656.87	72.662
657.06	72.860
657.26	73.065
657.45	73.296
657.65	73.546
657.84	73.818
658.04	74.085
658.23	74.372
658.43	74.676
658.62	74.996
658.82	75.310
659.02	75.636
659.21	75.980
659.41	76.310
659.60	76.650
659.80	76.996
659.99	77.373
660.19	77.740
660.38	78.112
660.58	78.472
660.77	78.851
660.97	79.212
661.16	79.581
661.36	79.942
661.55	80.317
661.75	80.682
661.94	81.035
662.14	81.403
662.33	81.771
662.53	82.126
662.72	82.474
662.92	82.816
663.11	83.138
663.31	83.467
663.50	83.800
663.70	84.131
663.89	84.453
664.09	84.745
664.28	85.050
664.48	85.330
664.67	85.623
664.87	85.875
665.06	86.138
665.26	86.383
665.45	86.620
665.65	86.838
665.84	87.061
666.04	87.261
666.23	87.425
666.43	87.564
666.62	87.700
666.82	87.820
667.01	87.933
667.21	88.041
667.40	88.117
667.59	88.199
667.79	88.242
667.98	88.257
668.18	88.269
668.37	88.256
668.57	88.262
668.76	88.234
668.96	88.184
669.15	88.125
669.35	88.075
669.54	87.989
669.73	87.900
669.93	87.789
670.12	87.679
670.32	87.577
670.51	87.446
670.71	87.304
670.90	87.159
671.10	86.999
671.29	86.814
671.48	86.614
671.68	86.397
671.87	86.184
672.07	85.956
672.26	85.753
672.46	85.516
672.65	85.258
672.84	84.994
673.04	84.737
673.23	84.466
673.43	84.171
673.62	83.890
673.82	83.597
674.01	83.269
674.20	82.951
674.40	82.615
674.59	82.289
674.79	81.970
674.98	81.634
675.17	81.294
675.37	80.965
675.56	80.637
675.76	80.301
675.95	79.946
676.14	79.619
676.34	79.256
676.53	78.913
676.73	78.565
676.92	78.211
677.11	77.866
677.31	77.523
677.50	77.201
677.70	76.870
677.89	76.536
678.08	76.237
678.28	75.934
678.47	75.651
678.66	75.378
678.86	75.108
679.05	74.844
679.25	74.602
679.44	74.368
679.63	74.154
679.83	73.939
680.02	73.749
680.21	73.560
680.41	73.384
680.60	73.210
680.79	73.054
680.99	72.918
681.18	72.777
681.38	72.664
681.57	72.571
681.76	72.499
681.96	72.438
682.15	72.379
682.34	72.322
682.54	72.281
682.73	72.261
682.92	72.242
683.12	72.256
683.31	72.279
683.50	72.311
683.70	72.357
683.89	72.406
684.08	72.481
684.28	72.569
684.47	72.669
684.66	72.794
684.86	72.927
685.05	73.079
685.24	73.252
685.44	73.422
685.63	73.596
685.82	73.787
686.02	73.983
686.21	74.220
686.40	74.461
686.60	74.720
686.79	74.984
686.98	75.255
687.18	75.537
687.37	75.815
687.56	76.097
687.75	76.391
687.95	76.698
688.14	77.003
688.33	77.327
688.53	77.652
688.72	77.994
688.91	78.333
689.11	78.665
689.30	79.029
689.49	79.397
689.68	79.755
689.88	80.107
690.07	80.459
690.26	80.793
690.46	81.147
690.65	81.479
690.84	81.817
691.03	82.169
691.23	82.503
691.42	82.845
691.61	83.191
691.80	83.515
692.00	83.844
692.19	84.155
692.38	84.464
692.58	84.777
692.77	85.073
692.96	85.359
693.15	85.648
693.35	85.916
693.54	86.198
693.73	86.480
693.92	86.734
694.12	87.004
694.31	87.244
694.50	87.497
694.69	87.721
694.89	87.934
695.08	88.127
695.27	88.339
695.46	88.521
695.66	88.705
695.85	88.886
696.04	89.056
696.23	89.238
696.43	89.390
696.62	89.512
696.81	89.625
697.00	89.745
697.19	89.853
697.39	89.930
697.58	89.990
697.77	90.027
697.96	90.083
698.16	90.105
698.35	90.152
698.54	90.152
698.73	90.175
698.92	90.155
699.12	90.136
699.31	90.090
699.50	90.045
699.69	89.987
699.89	89.908
700.08	89.827
700.27	89.715
700.46	89.613
700.65	89.494
700.85	89.387
701.04	89.248
701.23	89.090
701.42	88.934
701.61	88.770
701.81	88.589
702.00	88.394
702.19	88.199
702.38	87.968
702.57	87.752
702.76	87.501
702.96	87.268
703.15	87.017
703.34	86.751
703.53	86.478
703.72	86.182
703.92	85.885
704.11	85.587
704.30	85.277
704.49	84.965
704.68	84.662
704.87	84.323
705.07	83.997
705.26	83.674
705.45	83.375
705.64	83.038
705.83	82.734
706.02	82.413
706.21	82.105
706.41	81.789
706.60	81.454
706.79	81.144
706.98	80.839
707.17	80.516
707.36	80.207
707.56	79.916
707.75	79.624
707.94	79.340
708.13	79.058
708.32	78.794
708.51	78.517
708.70	78.261
708.89	78.003
709.09	77.747
709.28	77.508
709.47	77.227
709.66	76.970
709.85	76.722
710.04	76.475
710.23	76.217
710.42	76.003
710.62	75.790
710.81	75.557
711.00	75.337
711.19	75.147
711.38	74.959
711.57	74.763
711.76	74.588
711.95	74.436
712.15	74.289
712.34	74.150
712.53	74.022
712.72	73.900
712.91	73.814
713.10	73.725
713.29	73.646
713.48	73.580
713.67	73.550
713.86	73.530
714.05	73.512
714.25	73.510
714.44	73.494
714.63	73.505
714.82	73.553
715.01	73.605
715.20	73.683
715.39	73.747
715.58	73.836
715.77	73.940
715.96	74.048
716.15	74.152
716.34	74.254
716.54	74.381
716.73	74.518
716.92	74.649
717.11	74.805
717.30	74.971
717.49	75.159
717.68	75.353
717.87	75.515
718.06	75.730
718.25	75.959
718.44	76.198
718.63	76.443
718.82	76.685
719.01	76.929
719.20	77.178
719.39	77.448
719.58	77.717
719.77	77.981
719.96	78.233
720.16	78.506
720.35	78.801
720.54	79.089
720.73	79.384
720.92	79.683
721.11	80.004
721.30	80.312
721.49	80.619
721.68	80.933
721.87	81.278
722.06	81.591
722.25	81.904
722.44	82.221
722.63	82.528
722.82	82.829
723.01	83.124
723.20	83.408
723.39	83.708
723.58	84.032
723.77	84.354
723.96	84.679
724.15	85.013
724.34	85.325
724.53	85.637
724.72	85.923
724.91	86.235
725.10	86.538
725.29	86.824
725.48	87.137
725.67	87.396
725.86	87.639
726.05	87.901
726.24	88.143
726.43	88.377
726.62	88.616
726.81	88.878
727.00	89.116
727.19	89.370
727.38	89.600
727.57	89.801
727.76	89.997
727.95	90.185
728.14	90.343
728.33	90.506
728.52	90.656
728.71	90.801
728.90	90.936
729.09	91.039
729.28	91.128
729.47	91.203
729.65	91.292
729.84	91.382
730.03	91.458
730.22	91.524
730.41	91.592
730.60	91.650
730.79	91.660
730.98	91.690
731.17	91.715
731.36	91.708
731.55	91.682
731.74	91.656
731.93	91.622
732.12	91.583
732.31	91.550
732.50	91.525
732.69	91.499
732.88	91.425
733.06	91.345
733.25	91.275
733.44	91.201
733.63	91.094
733.82	90.983
734.01	90.841
734.20	90.703
734.39	90.540
734.58	90.390
734.77	90.249
734.96	90.072
735.15	89.876
735.33	89.677
735.52	89.495
735.71	89.291
735.90	89.069
736.09	88.840
736.28	88.579
736.47	88.316
736.66	88.044
736.85	87.782
737.04	87.494
737.23	87.218
737.41	86.923
737.60	86.667
737.79	86.368
737.98	86.095
738.17	85.812
738.36	85.553
738.55	85.270
738.74	84.992
738.92	84.709
739.11	84.431
739.30	84.139
739.49	83.832
739.68	83.551
739.87	83.294
740.06	83.033
740.25	82.751
740.43	82.487
740.62	82.205
740.81	81.910
741.00	81.652
741.19	81.366
741.38	81.075
741.57	80.779
741.75	80.519
741.94	80.236
742.13	79.957
742.32	79.659
742.51	79.381
742.70	79.111
742.89	78.857
743.07	78.589
743.26	78.340
743.45	78.070
743.64	77.827
743.83	77.562
744.02	77.280
744.20	77.049
744.39	76.812
744.58	76.595
744.77	76.400
744.96	76.220
745.15	76.066
745.33	75.924
745.52	75.777
745.71	75.625
745.90	75.492
746.09	75.377
746.28	75.272
746.46	75.144
746.65	75.020
746.84	74.922
747.03	74.825
747.22	74.748
747.40	74.703
747.59	74.639
747.78	74.591
747.97	74.588
748.16	74.576
748.34	74.541
748.53	74.540
748.72	74.546
748.91	74.533
749.10	74.529
749.28	74.545
749.47	74.586
749.66	74.620
749.85	74.643
750.04	74.682
750.22	74.724
750.41	74.799
750.60	74.889
750.79	74.950
750.97	75.037
751.16	75.145
751.35	75.242
751.54	75.345
751.73	75.480
751.91	75.602
752.10	75.760
752.29	75.903
752.48	76.073
752.66	76.240
752.85	76.421
753.04	76.601
753.23	76.806
753.41	76.983
753.60	77.202
753.79	77.435
753.98	77.649
754.16	77.875
754.35	78.100
754.54	78.323
754.73	78.587
754.91	78.847
755.10	79.096
755.29	79.370
755.48	79.627
755.66	79.884
755.85	80.153
756.04	80.398
756.22	80.686
756.41	80.937
756.60	81.203
756.79	81.490
756.97	81.778
757.16	82.022
757.35	82.309
757.54	82.589
757.72	82.862
757.91	83.152
758.10	83.444
758.28	83.724
758.47	84.003
758.66	84.302
758.85	84.582
759.03	84.872
759.22	85.155
759.41	85.451
759.59	85.745
759.78	86.028
759.97	86.293
760.15	86.547
760.34	86.843
760.53	87.106
760.71	87.345
760.90	87.614
761.09	87.878
761.28	88.137
761.46	88.374
761.65	88.621
761.84	88.872
762.02	89.115
762.21	89.376
762.40	89.594
762.58	89.784
762.77	89.981
762.96	90.183
763.14	90.394
763.33	90.578
763.52	90.733
763.70	90.876
763.89	91.045
764.08	91.218
764.26	91.331
764.45	91.482
764.64	91.638
764.82	91.742
765.01	91.851
765.20	91.930
765.38	92.033
765.57	92.098
765.75	92.163
765.94	92.197
766.13	92.249
766.31	92.316
766.50	92.359
766.69	92.436
766.87	92.499
767.06	92.524
767.25	92.561
767.43	92.614
767.62	92.667
767.80	92.691
767.99	92.686
768.18	92.677
768.36	92.656
768.55	92.628
768.74	92.596
768.92	92.561
769.11	92.550
769.29	92.494
769.48	92.469
769.67	92.394
769.85	92.346
770.04	92.218
770.22	92.110
770.41	91.978
770.60	91.820
770.78	91.643
770.97	91.483
771.15	91.326
771.34	91.127
771.53	90.958
771.71	90.779
771.90	90.617
772.08	90.498
772.27	90.325
772.46	90.116
772.64	89.916
772.83	89.713
773.01	89.457
773.20	89.230
773.39	89.001
773.57	88.768
773.76	88.528
773.94	88.339
774.13	88.102
774.31	87.852
774.50	87.636
774.68	87.386
774.87	87.139
775.06	86.844
775.24	86.584
775.43	86.287
775.61	85.997
775.80	85.718
775.98	85.406
776.17	85.102
776.36	84.819
776.54	84.534
776.73	84.238
776.91	83.966
777.10	83.684
777.28	83.373
777.47	83.097
777.65	82.806
777.84	82.504
778.02	82.232
778.21	81.970
778.39	81.670
778.58	81.406
778.77	81.141
778.95	80.907
779.14	80.671
779.32	80.443
779.51	80.216
779.69	79.960
779.88	79.730
780.06	79.507
780.25	79.273
780.43	79.038
780.62	78.826
780.80	78.605
780.99	78.380
781.17	78.160
781.36	77.934
781.54	77.731
781.73	77.492
781.91	77.288
782.10	77.098
782.28	76.904
782.47	76.714
782.65	76.505
782.84	76.311
783.02	76.134
783.21	75.971
783.39	75.808
783.58	75.658
783.76	75.485
783.95	75.342
784.13	75.242
784.32	75.138
784.50	75.025
784.69	74.947
784.87	74.870
785.05	74.809
785.24	74.752
785.42	74.706
785.61	74.669
785.79	74.635
785.98	74.607
786.16	74.570
786.35	74.562
786.53	74.556
786.72	74.545
786.90	74.539
787.09	74.523
787.27	74.536
787.45	74.568
787.64	74.599
787.82	74.617
788.01	74.640
788.19	74.681
788.38	74.725
788.56	74.722
788.75	74.780
788.93	74.854
789.11	74.898
789.30	74.938
789.48	75.010
789.67	75.090
789.85	75.164
790.04	75.291
790.22	75.397
790.40	75.522
790.59	75.635
790.77	75.760
790.96	75.918
791.14	76.065
791.32	76.197
791.51	76.351
791.69	76.524
791.88	76.693
792.06	76.869
792.25	77.033
792.43	77.254
792.61	77.439
792.80	77.602
792.98	77.820
793.17	78.020
793.35	78.197
793.53	78.392
793.72	78.628
793.90	78.833
794.08	79.035
794.27	79.251
794.45	79.497
794.64	79.717
794.82	79.934
795.00	80.125
795.19	80.356
795.37	80.579
795.55	80.754
795.74	80.979
795.92	81.208
796.11	81.467
796.29	81.707
796.47	81.942
796.66	82.165
796.84	82.428
797.02	82.689
797.21	82.964
797.39	83.224
797.58	83.466
797.76	83.696
797.94	83.959
798.13	84.212
798.31	84.479
798.49	84.713
798.68	84.948
798.86	85.226
799.04	85.452
799.23	85.702
799.41	85.966
799.59	86.196
799.78	86.385
799.96	86.599
800.14	86.819
800.33	87.039
800.51	87.288
800.69	87.459
800.88	87.677
801.06	87.906
801.24	88.070
801.43	88.245
801.61	88.415
801.79	88.572
801.98	88.732
802.16	88.899
802.34	89.087
802.52	89.265
802.71	89.393
802.89	89.561
803.07	89.703
803.26	89.835
803.44	89.946
803.62	90.088
803.81	90.205
803.99	90.286
804.17	90.362
804.35	90.432
804.54	90.498
804.72	90.584
804.90	90.644
805.09	90.759
805.27	90.859
805.45	90.951
805.63	91.012
805.82	91.074
806.00	91.065
806.18	91.092
806.37	91.124
806.55	91.127
806.73	91.144
806.91	91.151
807.10	91.173
807.28	91.187
807.46	91.196
807.64	91.179
807.83	91.168
808.01	91.160
808.19	91.095
808.37	91.048
808.56	90.971
808.74	90.905
808.92	90.829
809.10	90.720
809.29	90.649
809.47	90.566
809.65	90.431
809.83	90.373
810.02	90.259
810.20	90.151
810.38	90.057
810.56	89.929
810.75	89.829
810.93	89.719
811.11	89.592
811.29	89.465
811.47	89.333
811.66	89.177
811.84	89.027
812.02	88.954
812.20	88.839
812.39	88.722
812.57	88.591
812.75	88.457
812.93	88.348
813.11	88.195
813.30	88.061
813.48	87.951
813.66	87.780
813.84	87.626
814.02	87.452
814.21	87.302
814.39	87.104
814.57	86.915
814.75	86.711
814.93	86.514
815.12	86.300
815.30	86.092
815.48	85.894
815.66	85.676
815.84	85.420
816.03	85.175
816.21	84.898
816.39	84.651
816.57	84.348
816.75	84.044
816.93	83.753
817.12	83.446
817.30	83.140
817.48	82.847
817.66	82.590
817.84	82.331
818.02	82.083
818.21	81.813
818.39	81.559
818.57	81.288
818.75	81.070
818.93	80.817
819.11	80.561
819.30	80.313
819.48	80.088
819.66	79.878
819.84	79.685
820.02	79.471
820.20	79.251
820.38	79.038
820.57	78.839
820.75	78.663
820.93	78.475
821.11	78.283
821.29	78.114
821.47	77.902
821.65	77.698
821.83	77.481
822.02	77.300
822.20	77.098
822.38	76.943
822.56	76.700
822.74	76.493
822.92	76.260
823.10	76.071
823.28	75.843
823.46	75.622
823.65	75.394
823.83	75.200
824.01	75.000
824.19	74.803
824.37	74.603
824.55	74.381
824.73	74.206
824.91	74.023
825.09	73.834
825.27	73.662
825.46	73.467
825.64	73.272
825.82	73.120
826.00	72.933
826.18	72.775
826.36	72.645
826.54	72.525
826.72	72.456
826.90	72.355
827.08	72.280
827.26	72.207
827.44	72.119
827.63	72.036
827.81	71.979
827.99	71.947
828.17	71.899
828.35	71.865
828.53	71.821
828.71	71.815
828.89	71.799
829.07	71.785
829.25	71.770
829.43	71.792
829.61	71.783
829.79	71.789
829.97	71.798
830.15	71.780
830.33	71.790
830.51	71.779
830.69	71.797
830.87	71.768
831.06	71.787
831.24	71.812
831.42	71.844
831.60	71.843
831.78	71.878
831.96	71.938
832.14	72.010
832.32	72.079
832.50	72.122
832.68	72.154
832.86	72.195
833.04	72.295
833.22	72.349
833.40	72.441
833.58	72.522
833.76	72.590
833.94	72.717
834.12	72.835
834.30	72.965
834.48	73.068
834.66	73.233
834.84	73.329
835.02	73.477
835.20	73.621
835.38	73.789
835.56	73.950
835.74	74.113
835.92	74.282
836.10	74.433
836.28	74.594
836.46	74.789
836.64	74.960
836.82	75.098
837.00	75.271
837.18	75.438
837.36	75.636
837.54	75.813
837.72	75.992
837.90	76.185
838.08	76.372
838.26	76.563
838.43	76.735
838.61	76.944
838.79	77.133
838.97	77.325
839.15	77.521
839.33	77.708
839.51	77.850
839.69	78.013
839.87	78.207
840.05	78.424
840.23	78.607
840.41	78.798
840.59	78.958
840.77	79.158
840.95	79.332
841.13	79.489
841.31	79.652
841.49	79.801
841.67	79.929
841.84	80.099
842.02	80.224
842.20	80.415
842.38	80.542
842.56	80.677
842.74	80.834
842.92	80.935
843.10	81.066
843.28	81.250
843.46	81.377
843.64	81.466
843.82	81.593
843.99	81.706
844.17	81.870
844.35	82.102
844.53	82.261
844.71	82.444
844.89	82.564
845.07	82.749
845.25	82.930
845.43	83.103
845.61	83.246
845.78	83.448
845.96	83.593
846.14	83.781
846.32	83.965
846.50	84.102
846.68	84.319
846.86	84.473
847.04	84.611
847.22	84.717
847.39	84.892
847.57	84.999
847.75	85.126
847.93	85.182
848.11	85.257
848.29	85.381
848.47	85.435
848.65	85.567
848.82	85.606
849.00	85.678
849.18	85.723
849.36	85.753
849.54	85.802
849.72	85.796
849.89	85.846
850.07	85.904
850.25	85.907
850.43	85.869
850.61	85.868
850.79	85.831
850.97	85.888
851.14	85.893
851.32	85.880
851.50	85.883
851.68	85.934
851.86	85.990
852.04	85.959
852.21	85.988
852.39	85.993
852.57	86.056
852.75	86.052
852.93	86.051
853.10	86.037
853.28	85.991
853.46	85.986
853.64	85.913
853.82	85.824
854.00	85.843
854.17	85.792
854.35	85.709
854.53	85.674
854.71	85.582
854.89	85.470
855.06	85.429
855.24	85.374
855.42	85.283
855.60	85.133
855.78	85.036
855.95	84.911
856.13	84.815
856.31	84.630
856.49	84.491
856.66	84.385
856.84	84.224
857.02	84.160
857.20	84.081
857.38	83.917
857.55	83.785
857.73	83.562
857.91	83.456
858.09	83.297
858.26	83.152
858.44	83.018
858.62	82.889
858.80	82.712
858.97	82.541
859.15	82.359
859.33	82.155
859.51	81.992
859.68	81.815
859.86	81.620
860.04	81.447
860.22	81.248
860.39	81.054
860.57	80.853
860.75	80.581
860.93	80.350
861.10	80.228
861.28	80.053
861.46	79.846
861.64	79.645
861.81	79.490
861.99	79.278
862.17	79.062
862.35	78.863
862.52	78.700
862.70	78.504
862.88	78.336
863.05	78.130
863.23	77.911
863.41	77.733
863.59	77.516
863.76	77.363
863.94	77.175
864.12	76.990
864.29	76.837
864.47	76.628
864.65	76.441
864.83	76.188
865.00	75.954
865.18	75.801
865.36	75.627
865.53	75.435
865.71	75.296
865.89	75.097
866.06	74.896
866.24	74.660
866.42	74.453
866.59	74.229
866.77	74.083
866.95	73.891
867.12	73.643
867.30	73.484
867.48	73.250
867.65	73.055
867.83	72.847
868.01	72.670
868.18	72.482
868.36	72.285
868.54	72.121
868.71	71.974
868.89	71.811
869.07	71.620
869.24	71.451
869.42	71.253
869.60	71.104
869.77	70.985
869.95	70.842
870.13	70.693
870.30	70.582
870.48	70.385
870.66	70.245
870.83	70.137
871.01	69.945
871.18	69.820
871.36	69.693
871.54	69.547
871.71	69.409
871.89	69.311
872.07	69.145
872.24	69.026
872.42	68.931
872.59	68.827
872.77	68.703
872.95	68.607
873.12	68.469
873.30	68.339
873.48	68.239
873.65	68.141
873.83	68.048
874.00	67.923
874.18	67.853
874.36	67.792
874.53	67.718
874.71	67.644
874.88	67.586
875.06	67.553
875.24	67.549
875.41	67.509
875.59	67.473
875.76	67.500
875.94	67.448
876.11	67.349
876.29	67.249
876.47	67.216
876.64	67.162
876.82	67.119
876.99	67.088
877.17	67.046
877.35	67.021
877.52	66.984
877.70	66.960
877.87	66.949
878.05	66.942
878.22	66.950
878.40	66.994
878.57	66.973
878.75	66.939
878.93	66.896
879.10	66.904
879.28	66.925
879.45	66.936
879.63	66.931
879.80	66.934
879.98	66.990
880.15	67.016
880.33	67.073
880.50	67.118
880.68	67.218
880.86	67.280
881.03	67.354
881.21	67.448
881.38	67.529
881.56	67.695
881.73	67.752
881.91	67.813
882.08	67.867
882.26	68.003
882.43	68.116
882.61	68.287
882.78	68.385
882.96	68.516
883.13	68.623
883.31	68.763
883.48	68.953
883.66	69.108
883.83	69.261
884.01	69.358
884.18	69.566
884.36	69.715
884.53	69.830
884.71	69.971
884.88	70.069
885.06	70.222
885.23	70.281
885.41	70.417
885.58	70.529
885.76	70.694
885.93	70.780
886.11	70.951
886.28	71.055
886.46	71.189
886.63	71.315
886.81	71.437
886.98	71.620
887.15	71.727
887.33	71.880
887.50	72.065
887.68	72.233
887.85	72.332
888.03	72.457
888.20	72.628
888.38	72.769
888.55	72.939
888.73	73.016
888.90	73.138
889.08	73.271
889.25	73.390
889.42	73.515
889.60	73.699
889.77	73.768
889.95	73.900
890.12	73.984
890.30	74.066
890.47	74.142
890.64	74.262
890.82	74.386
890.99	74.495
891.17	74.586
891.34	74.696
891.52	74.801
891.69	74.928
891.86	75.037
892.04	75.142
892.21	75.289
892.39	75.524
892.56	75.693
892.73	75.778
892.91	75.927
893.08	76.123
893.26	76.205
893.43	76.371
893.60	76.459
893.78	76.622
893.95	76.777
894.13	77.019
894.30	77.179
894.47	77.377
894.65	77.507
894.82	77.661
895.00	77.802
895.17	77.962
895.34	78.127
895.52	78.289
895.69	78.404
895.86	78.532
896.04	78.563
896.21	78.708
896.39	78.899
896.56	79.058
896.73	79.069
896.91	79.122
897.08	79.210
897.25	79.390
897.43	79.451
897.60	79.538
897.77	79.538
897.95	79.513
898.12	79.517
898.30	79.630
898.47	79.639
898.64	79.690
898.82	79.715
898.99	79.700
899.16	79.700
899.34	79.700
899.51	79.618
899.68	79.610
899.86	79.565
900.03	79.504
900.20	79.453
900.38	79.482
900.55	79.562
900.72	79.504
900.90	79.432
901.07	79.522
901.24	79.491
901.41	79.509
901.59	79.525
901.76	79.517
901.93	79.459
902.11	79.390
902.28	79.377
902.45	79.462
902.63	79.497
902.80	79.466
902.97	79.465
903.15	79.564
903.32	79.622
903.49	79.617
903.66	79.658
903.84	79.674
904.01	79.641
904.18	79.611
904.36	79.635
904.53	79.610
904.70	79.542
904.87	79.531
905.05	79.460
905.22	79.481
905.39	79.447
905.56	79.370
905.74	79.337
905.91	79.255
906.08	79.134
906.26	79.029
906.43	78.935
906.60	78.836
906.77	78.680
906.95	78.579
907.12	78.452
907.29	78.284
907.46	78.254
907.64	78.160
907.81	78.053
907.98	77.876
908.15	77.764
908.33	77.642
908.50	77.505
908.67	77.392
908.84	77.273
909.01	77.127
909.19	77.045
909.36	76.930
909.53	76.783
909.70	76.564
909.88	76.467
910.05	76.310
910.22	76.239
910.39	76.124
910.57	76.025
910.74	75.943
910.91	75.901
911.08	75.693
911.25	75.549
911.43	75.432
911.60	75.322
911.77	75.187
911.94	74.971
912.11	74.837
912.29	74.654
912.46	74.401
912.63	74.206
912.80	73.996
912.97	73.811
913.15	73.680
913.32	73.563
913.49	73.354
913.66	73.277
913.83	73.057
914.00	72.838
914.18	72.641
914.35	72.460
914.52	72.194
914.69	71.990
914.86	71.803
915.03	71.595
915.21	71.464
915.38	71.251
915.55	71.171
915.72	71.006
915.89	70.884
916.06	70.814
916.24	70.719
916.41	70.565
916.58	70.446
916.75	70.255
916.92	70.073
917.09	69.871
917.26	69.589
917.44	69.387
917.61	69.271
917.78	69.045
917.95	68.882
918.12	68.692
918.29	68.598
918.46	68.404
918.64	68.241
918.81	68.096
918.98	67.966
919.15	67.785
919.32	67.621
919.49	67.391
919.66	67.185
919.83	67.000
920.00	66.826
920.18	66.683
920.35	66.632
920.52	66.525
920.69	66.478
920.86	66.467
921.03	66.377
921.20	66.224
921.37	66.121
921.54	65.873
921.71	65.792
921.89	65.620
922.06	65.555
922.23	65.439
922.40	65.302
922.57	65.103
922.74	65.010
922.91	64.941
923.08	64.870
923.25	64.774
923.42	64.672
923.59	64.628
923.76	64.420
923.93	64.223
924.11	64.060
924.28	63.929
924.45	63.809
924.62	63.781
924.79	63.705
924.96	63.547
925.13	63.505
925.30	63.381
925.47	63.232
925.64	63.141
925.81	63.075
925.98	63.022
926.15	63.004
926.32	62.845
926.49	62.720
926.66	62.652
926.83	62.554
927.00	62.525
927.17	62.408
927.34	62.470
927.51	62.428
927.69	62.464
927.86	62.425
928.03	62.325
928.20	62.278
928.37	62.188
928.54	62.232
928.71	62.211
928.88	62.245
929.05	62.276
929.22	62.259
929.39	62.219
929.56	62.145
929.73	62.101
929.90	62.147
930.07	62.147
930.24	62.103
930.41	62.105
930.58	62.155
930.75	62.222
930.92	62.149
931.09	62.138
931.26	62.096
931.43	62.063
931.60	62.046
931.77	62.002
931.94	62.051
932.11	62.067
932.27	62.097
932.44	62.111
932.61	62.143
932.78	62.100
932.95	62.187
933.12	62.161
933.29	62.196
933.46	62.201
933.63	62.144
933.80	62.179
933.97	62.209
934.14	62.188
934.31	62.130
934.48	62.189
934.65	62.221
934.82	62.281
934.99	62.320
935.16	62.386
935.33	62.449
935.50	62.591
935.67	62.688
935.84	62.715
936.00	62.737
936.17	62.799
936.34	62.934
936.51	62.926
936.68	62.973
936.85	63.012
937.02	63.120
937.19	63.197
937.36	63.336
937.53	63.325
937.70	63.402
937.87	63.481
938.03	63.499
938.20	63.551
938.37	63.631
938.54	63.701
938.71	63.766
938.88	63.876
939.05	63.777
939.22	63.719
939.39	63.808
939.56	63.973
939.72	64.021
939.89	64.061
940.06	64.120
940.23	64.201
940.40	64.286
940.57	64.419
940.74	64.569
940.91	64.613
941.08	64.798
941.24	64.881
941.41	65.052
941.58	65.288
941.75	65.442
941.92	65.593
942.09	65.708
942.26	65.783
942.42	65.834
942.59	66.064
942.76	66.414
942.93	66.582
943.10	66.600
943.27	66.760
943.44	66.899
943.60	67.092
943.77	67.094
943.94	67.297
944.11	67.321
944.28	67.387
944.45	67.508
944.61	67.602
944.78	67.623
944.95	67.666
945.12	67.842
945.29	67.954
945.46	67.886
945.62	67.920
945.79	68.120
945.96	68.415
946.13	68.567
946.30	68.554
946.46	68.686
946.63	68.789
946.80	68.921
946.97	69.079
947.14	69.146
947.31	69.664
947.47	69.885
947.64	70.082
947.81	70.265
947.98	70.438
948.15	70.528
948.31	70.763
948.48	70.916
948.65	70.898
948.82	71.013
948.98	71.197
949.15	71.497
949.32	71.541
949.49	71.516
949.66	71.573
949.82	71.636
949.99	71.741
950.16	71.869
950.33	71.836
950.49	71.906
950.66	71.850
950.83	71.690
951.00	71.500
951.16	71.278
951.33	71.292
951.50	71.210
951.67	71.261
951.83	71.294
952.00	71.274
952.17	71.212
952.34	71.229
952.50	71.374
952.67	71.306
952.84	71.371
953.01	71.325
953.17	71.344
953.34	71.448
953.51	71.367
953.68	71.248
953.84	71.212
954.01	71.153
954.18	71.112
954.34	71.127
954.51	71.213
954.68	71.382
954.85	71.367
955.01	71.506
955.18	71.731
955.35	71.480
955.51	71.460
955.68	71.555
955.85	71.706
956.02	71.549
956.18	71.572
956.35	71.506
956.52	71.521
956.68	71.506
956.85	71.354
957.02	71.432
957.18	71.488
957.35	71.493
957.52	71.576
957.69	71.656
957.85	71.722
958.02	71.583
958.19	71.450
958.35	71.462
958.52	71.232
958.69	70.928
958.85	71.099
959.02	71.167
959.19	70.909
959.35	70.807
959.52	70.865
959.69	70.885
959.85	70.894
960.02	70.893
960.19	70.781
960.35	70.725
960.52	70.610
960.68	70.593
960.85	70.636
961.02	70.394
961.18	70.403
961.35	70.198
961.52	70.286
961.68	70.323
961.85	70.188
962.02	70.263
962.18	70.304
962.35	70.071
962.51	69.907
962.68	69.974
962.85	69.828
963.01	69.549
963.18	69.434
963.35	69.059
963.51	68.874
963.68	68.906
963.84	68.689
964.01	68.706
964.18	68.513
964.34	68.307
964.51	68.167
964.67	67.974
964.84	67.895
965.01	67.626
965.17	67.373
965.34	67.419
965.50	67.136
965.67	67.036
965.84	67.023
966.00	67.163
966.17	67.244
966.33	67.095
966.50	67.007
966.66	66.945
966.83	67.005
967.00	66.937
967.16	66.718
967.33	66.636
967.49	66.421
967.66	66.636
967.82	66.455
967.99	66.579
968.16	66.596
968.32	66.520
968.49	66.369
968.65	66.506
968.82	66.341
968.98	66.429
969.15	66.134
969.31	65.825
969.48	65.550
969.64	65.184
969.81	65.203
969.98	65.172
970.14	64.823
970.31	64.843
970.47	64.568
970.64	64.304
970.80	64.366
970.97	63.914
971.13	63.553
971.30	63.471
971.46	63.273
971.63	63.001
971.79	63.078
971.96	63.079
972.12	62.793
972.29	62.393
972.45	62.283
972.62	62.273
972.78	62.400
972.95	62.014
973.11	61.850
973.28	61.711
973.44	61.751
973.61	61.982
973.77	61.773
973.94	61.744
974.10	61.900
974.27	61.815
974.43	62.061
974.60	61.983
974.76	61.980
974.93	61.918
975.09	61.780
975.26	61.448
975.42	61.363
975.59	61.147
975.75	61.465
975.92	61.345
976.08	60.922
976.24	60.756
976.41	60.550
976.57	60.596
976.74	60.413
976.90	60.070
977.07	59.557
977.23	59.472
977.40	59.334
977.56	58.747
977.73	58.437
977.89	58.212
978.05	57.810
978.22	57.622
978.38	57.336
978.55	57.106
978.71	56.981
978.88	57.008
979.04	57.023
979.20	56.865
979.37	56.701
979.53	56.673
979.70	56.754
979.86	57.028
980.03	56.846
980.19	56.773
980.35	56.694
980.52	56.551
980.68	56.633
980.85	56.603
981.01	56.735
981.17	56.682
981.34	56.464
981.50	56.512
981.67	56.483
981.83	56.311
981.99	56.252
982.16	55.962
982.32	55.101
982.49	55.106
982.65	54.858
982.81	55.065
982.98	55.023
983.14	54.877
983.30	54.507
983.47	54.435
983.63	54.168
983.80	53.999
983.96	53.777
984.12	54.139
984.29	54.349
984.45	54.531
984.61	54.376
984.78	54.698
984.94	54.895
985.10	55.359
985.27	55.305
985.43	55.785
985.59	56.196
985.76	56.786
985.92	56.919
986.08	57.279
986.25	56.585
986.41	57.225
986.57	56.688
986.74	56.986
986.90	56.921
987.06	56.766
987.23	56.753
987.39	56.521
987.55	55.473
987.72	55.116
987.88	54.309
988.04	54.641
988.21	54.913
988.37	54.859
988.53	54.099
988.70	54.361
988.86	53.720
989.02	53.355
989.19	52.937
989.35	52.788
989.51	52.048
989.67	52.158
989.84	51.601
990.00	51.681
990.16	52.021
990.33	52.141
990.49	52.735
990.65	52.859
990.82	53.425
990.98	53.496
991.14	53.401
991.30	54.253
991.47	53.566
991.63	53.496
991.79	54.042
991.95	54.274
992.12	54.326
992.28	54.624
992.44	54.907
992.61	55.115
992.77	55.272
992.93	55.792
993.09	56.031
993.26	56.311
993.42	56.748
993.58	56.192
993.74	55.949
993.91	55.267
994.07	55.101
994.23	55.258
994.39	55.392
994.55	55.629
994.72	55.130
994.88	55.297
995.04	54.953
995.20	54.588
995.37	54.211
995.53	54.220
995.69	53.982
995.85	53.370
996.02	53.516
996.18	53.793
996.34	53.451
996.50	53.534
996.66	54.365
996.83	53.952
996.99	53.107
997.15	53.758
997.31	53.989
997.47	54.356
997.64	54.241
997.80	54.669
997.96	55.442
998.12	55.808
998.28	56.687
998.45	57.042
998.61	56.985
998.77	56.960
998.93	57.036
999.09	58.218
999.25	58.454
999.42	59.582
999.58	59.286
999.74	59.062
999.90	58.835
1000.06	57.765
1000.22	58.046
1000.39	58.944
1000.55	58.566
1000.71	59.039
1000.87	58.676
1001.03	58.484
1001.19	58.560
1001.36	57.536
1001.52	57.265
1001.68	56.867
1001.84	57.388
1002.00	56.477
1002.16	56.497
1002.32	56.019
1002.49	54.349
1002.65	54.193
1002.81	53.306
1002.97	53.402
1003.13	53.367
1003.29	54.111
1003.45	53.808
1003.62	54.597
1003.78	54.403
1003.94	54.921
1004.10	54.446
1004.26	54.732
1004.42	54.512
1004.58	54.178
1004.74	54.742
1004.90	56.126
1005.07	55.950
1005.23	54.430
1005.39	55.670
1005.55	56.273
1005.71	55.787
1005.87	57.117
1006.03	58.066
1006.19	58.207
1006.35	57.736
1006.51	58.784
1006.67	58.331
1006.84	58.338
1007.00	57.906
1007.16	59.230
1007.32	57.823
1007.48	58.505
1007.64	59.929
1007.80	59.616
1007.96	58.916
1008.12	59.426
1008.28	57.462
1008.44	58.546
1008.60	59.474
1008.76	57.988
1008.92	56.953
1009.09	56.815
1009.25	56.448
1009.41	55.770
1009.57	56.390
1009.73	56.969
1009.89	57.490
1010.05	58.388
1010.21	59.954
1010.37	59.733
1010.53	60.691
1010.69	62.538
1010.85	61.765
1011.01	60.175
1011.17	59.575
1011.33	61.184
1011.49	61.255
1011.65	61.468
1011.81	60.836
1011.97	61.385
1012.13	63.795
1012.29	65.117
1012.45	66.795
1012.61	69.759
1012.77	67.307
1012.93	66.661
1013.09	65.477
1013.25	65.182
1013.41	65.990
1013.57	63.672
1013.73	63.145
1013.89	59.431
1014.05	60.813
1014.21	59.135
1014.37	57.475
1014.53	56.392
1014.69	56.406
1014.85	56.566
1015.01	58.947
1015.17	61.474
1015.33	61.593
1015.49	60.162
1015.65	61.946
1015.81	62.601
1015.97	58.835
1016.13	62.227
1016.29	62.140
1016.45	63.307
1016.61	63.696
1016.77	61.092
1016.93	62.072
1017.09	61.509
1017.25	62.644
1017.41	61.469
1017.56	63.073
1017.72	69.594
1017.88	71.811
1018.04	72.766
1018.20	70.184
1018.36	69.657
1018.52	66.549
1018.68	67.549
1018.84	68.687
1019.00	66.858
1019.16	68.374
1019.32	71.571
1019.48	72.514
1019.64	74.468
1019.79	72.472
1019.95	68.978
1020.11	73.675
1020.27	73.311
1020.43	78.575
1020.59	81.066
1020.75	77.975
1020.91	82.575
1021.07	74.886
1021.23	73.471
1021.39	70.106
1021.54	75.423
1021.70	72.181
1021.86	71.337
1022.02	69.806
1022.18	66.418
1022.34	68.985
1022.50	67.454
1022.66	64.618
1022.82	63.267
1022.97	62.316
1023.13	64.982
1023.29	69.381
1023.45	67.522
1023.61	68.059
1023.77	65.303
1023.93	66.424
1024.08	67.202
1024.24	64.302
1024.40	64.361
1024.56	71.198
1024.72	71.587
1024.88	60.834
1025.04	66.228
1025.19	64.500
1025.35	60.865
1025.51	65.734
1025.67	67.653
1025.83	63.777
1025.99	67.452
1026.14	66.495
1026.30	72.478
1026.46	74.690
1026.62	70.359
1026.78	65.147
1026.94	63.317
1027.09	61.416
1027.25	58.132
1027.41	57.661
1027.57	56.886
1027.73	56.812
1027.89	53.217
1028.04	52.716
1028.20	53.712
1028.36	53.622
1028.52	54.064
1028.68	54.559
1028.83	55.301
1028.99	53.688
1029.15	54.825
1029.31	52.998
1029.47	54.608
1029.62	53.608
1029.78	51.578
1029.94	51.623
1030.10	53.286
1030.25	54.019
1030.41	57.667
1030.57	59.187
1030.73	61.511
1030.89	59.731
1031.04	63.647
1031.20	65.938
1031.36	72.952
1031.52	77.611
1031.67	81.319
1031.83	84.734
1031.99	94.705
1032.15	82.328
1032.30	87.889
1032.46	93.982
1032.62	88.087
1032.78	78.067
1032.93	85.370
1033.09	76.434
1033.25	66.026
1033.41	57.610
1033.56	50.326
1033.72	-51.961
1033.88	155.476
1034.04	26.203
1034.19	35.242
1034.35	56.892
1034.51	-3.261
1034.66	49.303
1034.82	3000.833
1034.98	3000.833
1035.14	3000.833
