345.22	33.349
345.43	33.349
345.65	33.349
345.86	50.317
346.08	142.633
346.29	7.126
346.51	25.736
346.72	50.833
346.94	-177.949
347.15	-63.602
347.37	117.082
347.58	153.070
347.80	186.256
348.01	162.534
348.23	116.376
348.44	107.569
348.66	98.895
348.87	100.861
349.09	96.197
349.30	86.208
349.52	80.708
349.73	84.563
349.95	85.034
350.16	87.270
350.38	84.764
350.59	79.089
350.81	78.093
351.02	76.974
351.24	76.207
351.45	75.374
351.67	77.675
351.88	76.913
352.10	73.305
352.31	72.047
352.53	75.494
352.74	77.207
352.96	78.160
353.17	77.721
353.39	78.762
353.60	81.416
353.82	82.384
354.03	82.577
354.25	77.873
354.46	73.168
354.67	69.867
354.89	67.995
355.10	71.659
355.32	70.453
355.53	71.648
355.75	73.916
355.96	74.662
356.18	74.302
356.39	74.512
356.61	78.341
356.82	78.037
357.04	74.537
357.25	74.532
357.46	73.719
357.68	73.348
357.89	71.636
358.11	69.672
358.32	72.858
358.54	70.831
358.75	72.505
358.97	74.497
359.18	77.727
359.40	77.505
359.61	77.563
359.82	78.830
360.04	78.898
360.25	77.012
360.47	73.890
360.68	73.135
360.90	73.157
361.11	71.046
361.32	71.138
361.54	74.244
361.75	73.848
361.97	75.470
362.18	76.342
362.40	77.916
362.61	79.122
362.83	78.554
363.04	80.185
363.25	81.234
363.47	82.201
363.68	79.665
363.90	82.994
364.11	83.629
364.32	84.008
364.54	82.215
364.75	79.181
364.97	82.607
365.18	81.718
365.40	80.256
365.61	80.441
365.82	81.505
366.04	80.731
366.25	80.292
366.47	78.357
366.68	76.600
366.89	77.056
367.11	75.107
367.32	75.427
367.54	72.952
367.75	72.590
367.96	72.076
368.18	73.023
368.39	72.057
368.61	72.371
368.82	73.089
369.03	75.362
369.25	78.682
369.46	79.246
369.68	79.709
369.89	80.450
370.10	80.615
370.32	80.415
370.53	80.044
370.75	76.747
370.96	78.277
371.17	79.401
371.39	77.627
371.60	77.721
371.81	78.687
372.03	80.692
372.24	81.915
372.46	84.439
372.67	85.098
372.88	83.907
373.10	83.130
373.31	81.685
373.52	81.550
373.74	80.243
373.95	79.375
374.17	80.858
374.38	82.615
374.59	83.362
374.81	82.097
375.02	80.916
375.23	84.053
375.45	82.324
375.66	80.199
375.87	81.336
376.09	81.856
376.30	80.424
376.52	82.269
376.73	79.331
376.94	77.982
377.16	78.877
377.37	82.876
377.58	83.179
377.80	85.072
378.01	86.163
378.22	88.069
378.44	88.739
378.65	90.553
378.86	90.852
379.08	91.442
379.29	92.111
379.50	94.908
379.72	95.141
379.93	98.236
380.14	101.471
380.36	102.652
380.57	104.214
380.78	104.571
381.00	105.344
381.21	107.148
381.42	108.427
381.64	109.180
381.85	108.902
382.06	109.337
382.28	109.294
382.49	109.116
382.70	109.675
382.92	110.134
383.13	109.559
383.34	110.108
383.56	111.076
383.77	112.354
383.98	111.992
384.20	113.083
384.41	113.305
384.62	113.632
384.83	114.176
385.05	114.622
385.26	115.623
385.47	116.499
385.69	117.384
385.90	118.167
386.11	118.906
386.33	119.856
386.54	120.681
386.75	121.341
386.97	122.416
387.18	123.137
387.39	123.980
387.60	124.396
387.82	124.869
388.03	125.239
388.24	125.732
388.46	126.137
388.67	126.253
388.88	126.201
389.09	126.053
389.31	125.809
389.52	125.561
389.73	125.006
389.95	124.504
390.16	123.987
390.37	123.553
390.58	123.049
390.80	122.324
391.01	121.773
391.22	121.248
391.44	120.364
391.65	119.648
391.86	118.955
392.07	118.656
392.29	118.187
392.50	117.689
392.71	117.203
392.92	116.963
393.14	116.606
393.35	116.457
393.56	116.473
393.78	116.556
393.99	116.839
394.20	117.239
394.41	117.556
394.63	117.888
394.84	118.466
395.05	119.190
395.26	119.843
395.48	120.546
395.69	121.214
395.90	122.174
396.11	123.057
396.33	123.885
396.54	124.756
396.75	125.477
396.96	126.222
397.18	126.855
397.39	127.466
397.60	128.103
397.81	128.607
398.03	128.942
398.24	129.191
398.45	129.278
398.66	129.286
398.87	129.275
399.09	129.129
399.30	128.733
399.51	128.158
399.72	127.658
399.94	127.043
400.15	126.347
400.36	125.519
400.57	124.628
400.79	123.753
401.00	122.748
401.21	121.841
401.42	120.910
401.63	119.992
401.85	119.117
402.06	118.359
402.27	117.615
402.48	117.006
402.69	116.474
402.91	115.955
403.12	115.493
403.33	115.252
403.54	115.161
403.76	115.040
403.97	115.120
404.18	115.326
404.39	115.650
404.60	116.097
404.82	116.629
405.03	117.295
405.24	117.960
405.45	118.712
405.66	119.534
405.88	120.379
406.09	121.304
406.30	122.119
406.51	122.861
406.72	123.656
406.94	124.395
407.15	125.077
407.36	125.789
407.57	126.434
407.78	126.918
407.99	127.259
408.21	127.585
408.42	127.801
408.63	127.946
408.84	127.882
409.05	127.762
409.27	127.450
409.48	126.960
409.69	126.411
409.90	125.855
410.11	125.184
410.32	124.455
410.54	123.588
410.75	122.669
410.96	121.717
411.17	120.716
411.38	119.720
411.59	118.739
411.81	117.689
412.02	116.679
412.23	115.722
412.44	114.849
412.65	114.104
412.86	113.439
413.08	112.766
413.29	112.182
413.50	111.778
413.71	111.502
413.92	111.314
414.13	111.233
414.34	111.237
414.56	111.282
414.77	111.475
414.98	111.767
415.19	112.263
415.40	112.856
415.61	113.510
415.82	114.192
416.04	114.969
416.25	115.740
416.46	116.585
416.67	117.486
416.88	118.329
417.09	119.175
417.30	119.956
417.52	120.773
417.73	121.507
417.94	122.150
418.15	122.755
418.36	123.368
418.57	123.800
418.78	124.143
418.99	124.475
419.21	124.679
419.42	124.784
419.63	124.764
419.84	124.623
420.05	124.359
420.26	123.963
420.47	123.425
420.68	122.907
420.89	122.283
421.11	121.508
421.32	120.781
421.53	119.930
421.74	119.058
421.95	118.181
422.16	117.294
422.37	116.411
422.58	115.438
422.79	114.476
423.01	113.614
423.22	112.759
423.43	111.993
423.64	111.267
423.85	110.643
424.06	110.101
424.27	109.619
424.48	109.244
424.69	109.058
424.90	108.939
425.11	108.912
425.33	109.002
425.54	109.176
425.75	109.409
425.96	109.746
426.17	110.198
426.38	110.719
426.59	111.331
426.80	111.992
427.01	112.750
427.22	113.578
427.43	114.501
427.64	115.377
427.85	116.216
428.07	117.116
428.28	117.951
428.49	118.803
428.70	119.633
428.91	120.424
429.12	121.110
429.33	121.791
429.54	122.398
429.75	122.899
429.96	123.396
430.17	123.790
430.38	124.089
430.59	124.220
430.80	124.245
431.01	124.186
431.22	124.064
431.44	123.819
431.65	123.496
431.86	123.028
432.07	122.525
432.28	121.954
432.49	121.280
432.70	120.539
432.91	119.700
433.12	118.803
433.33	117.879
433.54	116.980
433.75	116.052
433.96	115.133
434.17	114.130
434.38	113.195
434.59	112.291
434.80	111.411
435.01	110.678
435.22	109.995
435.43	109.383
435.64	108.811
435.85	108.322
436.06	107.907
436.27	107.614
436.48	107.427
436.69	107.292
436.90	107.282
437.11	107.393
437.33	107.592
437.54	107.901
437.75	108.330
437.96	108.767
438.17	109.289
438.38	109.828
438.59	110.509
438.80	111.200
439.01	112.003
439.22	112.866
439.43	113.596
439.64	114.390
439.85	115.191
440.06	115.968
440.27	116.787
440.48	117.525
440.69	118.233
440.90	118.883
441.11	119.542
441.32	120.107
441.53	120.597
441.74	120.993
441.95	121.355
442.16	121.596
442.37	121.733
442.58	121.816
442.79	121.824
443.00	121.743
443.21	121.573
443.42	121.229
443.62	120.742
443.83	120.351
444.04	119.832
444.25	119.249
444.46	118.586
444.67	117.831
444.88	117.070
445.09	116.233
445.30	115.365
445.51	114.434
445.72	113.478
445.93	112.580
446.14	111.654
446.35	110.697
446.56	109.821
446.77	108.978
446.98	108.137
447.19	107.334
447.40	106.610
447.61	105.901
447.82	105.294
448.03	104.794
448.24	104.321
448.45	103.939
448.66	103.648
448.87	103.431
449.08	103.335
449.29	103.308
449.49	103.379
449.70	103.548
449.91	103.784
450.12	104.130
450.33	104.496
450.54	104.962
450.75	105.508
450.96	106.073
451.17	106.713
451.38	107.370
451.59	108.085
451.80	108.787
452.01	109.538
452.22	110.316
452.43	111.049
452.64	111.769
452.84	112.501
453.05	113.180
453.26	113.872
453.47	114.473
453.68	115.056
453.89	115.589
454.10	116.013
454.31	116.421
454.52	116.720
454.73	116.978
454.94	117.132
455.15	117.187
455.36	117.153
455.56	117.051
455.77	116.866
455.98	116.625
456.19	116.314
456.40	115.938
456.61	115.499
456.82	114.957
457.03	114.367
457.24	113.693
457.45	112.999
457.65	112.192
457.86	111.399
458.07	110.566
458.28	109.647
458.49	108.782
458.70	107.851
458.91	106.949
459.12	106.045
459.33	105.124
459.54	104.274
459.74	103.446
459.95	102.637
460.16	101.919
460.37	101.241
460.58	100.627
460.79	100.044
461.00	99.503
461.21	99.064
461.41	98.694
461.62	98.403
461.83	98.209
462.04	98.105
462.25	98.024
462.46	98.062
462.67	98.199
462.88	98.411
463.08	98.712
463.29	99.050
463.50	99.461
463.71	99.962
463.92	100.486
464.13	101.042
464.34	101.650
464.54	102.310
464.75	102.994
464.96	103.682
465.17	104.394
465.38	105.084
465.59	105.817
465.80	106.520
466.00	107.193
466.21	107.844
466.42	108.459
466.63	109.094
466.84	109.673
467.05	110.187
467.26	110.650
467.46	110.998
467.67	111.339
467.88	111.627
468.09	111.816
468.30	111.967
468.51	112.058
468.71	112.049
468.92	111.974
469.13	111.824
469.34	111.615
469.55	111.313
469.76	110.979
469.96	110.550
470.17	110.069
470.38	109.550
470.59	108.948
470.80	108.297
471.00	107.643
471.21	106.911
471.42	106.174
471.63	105.402
471.84	104.628
472.05	103.811
472.25	102.985
472.46	102.164
472.67	101.306
472.88	100.506
473.09	99.702
473.29	98.901
473.50	98.161
473.71	97.434
473.92	96.750
474.13	96.110
474.33	95.540
474.54	95.016
474.75	94.554
474.96	94.145
475.17	93.805
475.37	93.488
475.58	93.266
475.79	93.118
476.00	93.038
476.21	93.048
476.41	93.115
476.62	93.259
476.83	93.459
477.04	93.764
477.24	94.086
477.45	94.480
477.66	94.923
477.87	95.386
478.08	95.922
478.28	96.468
478.49	97.064
478.70	97.694
478.91	98.319
479.11	98.954
479.32	99.634
479.53	100.286
479.74	100.970
479.94	101.615
480.15	102.226
480.36	102.818
480.57	103.384
480.78	103.946
480.98	104.422
481.19	104.867
481.40	105.260
481.61	105.640
481.81	105.951
482.02	106.201
482.23	106.428
482.44	106.552
482.64	106.647
482.85	106.673
483.06	106.612
483.27	106.529
483.47	106.397
483.68	106.180
483.89	105.907
484.10	105.566
484.30	105.183
484.51	104.728
484.72	104.257
484.92	103.698
485.13	103.129
485.34	102.524
485.55	101.878
485.75	101.206
485.96	100.477
486.17	99.746
486.38	99.009
486.58	98.240
486.79	97.487
487.00	96.723
487.20	95.953
487.41	95.215
487.62	94.487
487.83	93.763
488.03	93.065
488.24	92.403
488.45	91.764
488.65	91.155
488.86	90.604
489.07	90.086
489.28	89.627
489.48	89.205
489.69	88.876
489.90	88.574
490.10	88.342
490.31	88.172
490.52	88.038
490.73	87.976
490.93	87.975
491.14	88.027
491.35	88.140
491.55	88.305
491.76	88.523
491.97	88.782
492.17	89.081
492.38	89.437
492.59	89.837
492.79	90.286
493.00	90.766
493.21	91.281
493.41	91.814
493.62	92.366
493.83	92.941
494.04	93.488
494.24	94.068
494.45	94.650
494.66	95.210
494.86	95.799
495.07	96.345
495.28	96.903
495.48	97.420
495.69	97.918
495.90	98.397
496.10	98.843
496.31	99.243
496.52	99.603
496.72	99.955
496.93	100.255
497.14	100.499
497.34	100.682
497.55	100.841
497.76	100.940
497.96	100.990
498.17	100.980
498.37	100.938
498.58	100.817
498.79	100.645
498.99	100.451
499.20	100.181
499.41	99.868
499.61	99.488
499.82	99.085
500.03	98.624
500.23	98.148
500.44	97.613
500.65	97.057
500.85	96.480
501.06	95.841
501.26	95.192
501.47	94.524
501.68	93.855
501.88	93.149
502.09	92.449
502.30	91.738
502.50	91.031
502.71	90.331
502.91	89.647
503.12	88.968
503.33	88.299
503.53	87.667
503.74	87.042
503.95	86.443
504.15	85.877
504.36	85.341
504.56	84.836
504.77	84.386
504.98	83.958
505.18	83.589
505.39	83.258
505.59	82.974
505.80	82.741
506.01	82.564
506.21	82.436
506.42	82.358
506.62	82.324
506.83	82.334
507.04	82.404
507.24	82.510
507.45	82.676
507.65	82.884
507.86	83.119
508.07	83.409
508.27	83.738
508.48	84.094
508.68	84.503
508.89	84.926
509.10	85.367
509.30	85.838
509.51	86.313
509.71	86.807
509.92	87.316
510.12	87.825
510.33	88.338
510.54	88.846
510.74	89.359
510.95	89.862
511.15	90.359
511.36	90.849
511.56	91.326
511.77	91.768
511.98	92.193
512.18	92.602
512.39	92.979
512.59	93.326
512.80	93.638
513.00	93.911
513.21	94.145
513.42	94.352
513.62	94.513
513.83	94.646
514.03	94.723
514.24	94.752
514.44	94.733
514.65	94.686
514.85	94.600
515.06	94.472
515.26	94.291
515.47	94.076
515.68	93.807
515.88	93.504
516.09	93.160
516.29	92.786
516.50	92.372
516.70	91.920
516.91	91.440
517.11	90.937
517.32	90.411
517.52	89.856
517.73	89.299
517.93	88.714
518.14	88.112
518.34	87.511
518.55	86.900
518.76	86.293
518.96	85.663
519.17	85.029
519.37	84.397
519.58	83.795
519.78	83.188
519.99	82.586
520.19	82.005
520.40	81.464
520.60	80.929
520.81	80.416
521.01	79.923
521.22	79.477
521.42	79.058
521.63	78.668
521.83	78.317
522.04	77.988
522.24	77.718
522.45	77.487
522.65	77.298
522.86	77.156
523.06	77.045
523.27	76.988
523.47	76.968
523.68	76.988
523.88	77.041
524.09	77.141
524.29	77.294
524.50	77.478
524.70	77.691
524.91	77.937
525.11	78.231
525.32	78.567
525.52	78.915
525.72	79.310
525.93	79.721
526.13	80.160
526.34	80.603
526.54	81.075
526.75	81.537
526.95	82.020
527.16	82.499
527.36	82.996
527.57	83.487
527.77	83.976
527.98	84.475
528.18	84.964
528.39	85.435
528.59	85.903
528.79	86.347
529.00	86.788
529.20	87.204
529.41	87.619
529.61	87.999
529.82	88.342
530.02	88.650
530.23	88.946
530.43	89.193
530.64	89.426
530.84	89.611
531.04	89.762
531.25	89.900
531.45	90.006
531.66	90.069
531.86	90.094
532.07	90.074
532.27	90.015
532.47	89.929
532.68	89.822
532.88	89.676
533.09	89.496
533.29	89.262
533.50	89.002
533.70	88.677
533.90	88.345
534.11	88.000
534.31	87.623
534.52	87.207
534.72	86.796
534.93	86.357
535.13	85.884
535.33	85.414
535.54	84.895
535.74	84.376
535.95	83.829
536.15	83.303
536.35	82.766
536.56	82.228
536.76	81.669
536.97	81.123
537.17	80.569
537.37	80.025
537.58	79.507
537.78	78.997
537.99	78.505
538.19	78.009
538.39	77.526
538.60	77.069
538.80	76.651
539.01	76.232
539.21	75.843
539.41	75.493
539.62	75.161
539.82	74.868
540.03	74.598
540.23	74.380
540.43	74.177
540.64	74.031
540.84	73.904
541.04	73.828
541.25	73.793
541.45	73.789
541.66	73.817
541.86	73.879
542.06	73.981
542.27	74.115
542.47	74.302
542.67	74.502
542.88	74.741
543.08	75.006
543.28	75.309
543.49	75.631
543.69	75.983
543.90	76.368
544.10	76.758
544.30	77.191
544.51	77.626
544.71	78.099
544.91	78.556
545.12	79.037
545.32	79.531
545.52	80.005
545.73	80.507
545.93	81.005
546.13	81.480
546.34	81.951
546.54	82.421
546.74	82.876
546.95	83.347
547.15	83.797
547.35	84.215
547.56	84.646
547.76	85.066
547.96	85.452
548.17	85.829
548.37	86.194
548.57	86.503
548.78	86.794
548.98	87.054
549.18	87.281
549.39	87.481
549.59	87.651
549.79	87.816
550.00	87.932
550.20	88.046
550.40	88.108
550.61	88.152
550.81	88.157
551.01	88.134
551.22	88.076
551.42	87.985
551.62	87.866
551.82	87.696
552.03	87.514
552.23	87.303
552.43	87.056
552.64	86.786
552.84	86.491
553.04	86.167
553.25	85.819
553.45	85.443
553.65	85.053
553.85	84.661
554.06	84.241
554.26	83.798
554.46	83.323
554.67	82.858
554.87	82.369
555.07	81.890
555.27	81.390
555.48	80.883
555.68	80.389
555.88	79.887
556.09	79.393
556.29	78.878
556.49	78.384
556.69	77.881
556.90	77.392
557.10	76.932
557.30	76.499
557.50	76.056
557.71	75.655
557.91	75.267
558.11	74.877
558.31	74.521
558.52	74.191
558.72	73.894
558.92	73.619
559.13	73.376
559.33	73.152
559.53	72.952
559.73	72.798
559.94	72.660
560.14	72.550
560.34	72.468
560.54	72.424
560.75	72.419
560.95	72.439
561.15	72.502
561.35	72.581
561.55	72.679
561.76	72.824
561.96	72.975
562.16	73.174
562.36	73.410
562.57	73.656
562.77	73.932
562.97	74.230
563.17	74.543
563.38	74.875
563.58	75.238
563.78	75.622
563.98	76.012
564.18	76.413
564.39	76.841
564.59	77.274
564.79	77.728
564.99	78.174
565.20	78.624
565.40	79.058
565.60	79.500
565.80	79.965
566.00	80.407
566.21	80.859
566.41	81.282
566.61	81.709
566.81	82.134
567.01	82.543
567.22	82.950
567.42	83.342
567.62	83.702
567.82	84.050
568.02	84.380
568.23	84.694
568.43	84.989
568.63	85.271
568.83	85.515
569.03	85.726
569.24	85.921
569.44	86.102
569.64	86.266
569.84	86.413
570.04	86.502
570.24	86.586
570.45	86.643
570.65	86.677
570.85	86.677
571.05	86.638
571.25	86.575
571.45	86.473
571.66	86.371
571.86	86.246
572.06	86.076
572.26	85.891
572.46	85.687
572.66	85.468
572.87	85.205
573.07	84.939
573.27	84.649
573.47	84.344
573.67	84.009
573.87	83.650
574.08	83.264
574.28	82.892
574.48	82.495
574.68	82.077
574.88	81.654
575.08	81.203
575.28	80.759
575.49	80.315
575.69	79.869
575.89	79.394
576.09	78.940
576.29	78.473
576.49	78.007
576.69	77.539
576.90	77.079
577.10	76.632
577.30	76.187
577.50	75.761
577.70	75.329
577.90	74.915
578.10	74.532
578.30	74.157
578.51	73.795
578.71	73.458
578.91	73.136
579.11	72.827
579.31	72.548
579.51	72.286
579.71	72.051
579.91	71.829
580.12	71.646
580.32	71.488
580.52	71.365
580.72	71.251
580.92	71.165
581.12	71.091
581.32	71.053
581.52	71.058
581.72	71.071
581.92	71.117
582.13	71.201
582.33	71.286
582.53	71.413
582.73	71.550
582.93	71.719
583.13	71.917
583.33	72.147
583.53	72.392
583.73	72.664
583.93	72.953
584.13	73.269
584.34	73.610
584.54	73.934
584.74	74.270
584.94	74.648
585.14	75.031
585.34	75.432
585.54	75.810
585.74	76.201
585.94	76.614
586.14	77.044
586.34	77.456
586.54	77.893
586.74	78.325
586.94	78.767
587.15	79.212
587.35	79.638
587.55	80.060
587.75	80.479
587.95	80.877
588.15	81.266
588.35	81.642
588.55	82.012
588.75	82.387
588.95	82.749
589.15	83.087
589.35	83.415
589.55	83.721
589.75	84.045
589.95	84.330
590.15	84.594
590.35	84.826
590.55	85.051
590.75	85.246
590.95	85.418
591.15	85.567
591.35	85.682
591.56	85.782
591.76	85.857
591.96	85.910
592.16	85.953
592.36	85.968
592.56	85.968
592.76	85.933
592.96	85.885
593.16	85.797
593.36	85.693
593.56	85.576
593.76	85.447
593.96	85.273
594.16	85.097
594.36	84.899
594.56	84.681
594.76	84.441
594.96	84.191
595.16	83.904
595.36	83.613
595.56	83.294
595.76	82.953
595.96	82.595
596.16	82.244
596.36	81.869
596.56	81.495
596.76	81.090
596.96	80.681
597.16	80.273
597.36	79.870
597.56	79.450
597.76	79.015
597.96	78.578
598.16	78.147
598.36	77.713
598.56	77.272
598.76	76.842
598.96	76.426
599.16	76.006
599.36	75.620
599.56	75.231
599.76	74.846
599.96	74.480
600.15	74.124
600.35	73.782
600.55	73.453
600.75	73.121
600.95	72.823
601.15	72.528
601.35	72.243
601.55	71.979
601.75	71.750
601.95	71.533
602.15	71.342
602.35	71.153
602.55	70.995
602.75	70.866
602.95	70.745
603.15	70.635
603.35	70.564
603.55	70.504
603.75	70.460
603.95	70.449
604.15	70.459
604.35	70.498
604.54	70.549
604.74	70.645
604.94	70.752
605.14	70.871
605.34	71.022
605.54	71.203
605.74	71.405
605.94	71.612
606.14	71.848
606.34	72.096
606.54	72.371
606.74	72.667
606.94	72.969
607.14	73.297
607.33	73.650
607.53	73.999
607.73	74.349
607.93	74.710
608.13	75.081
608.33	75.465
608.53	75.841
608.73	76.237
608.93	76.612
609.13	77.001
609.33	77.404
609.52	77.804
609.72	78.199
609.92	78.585
610.12	78.980
610.32	79.367
610.52	79.767
610.72	80.145
610.92	80.516
611.12	80.885
611.31	81.244
611.51	81.588
611.71	81.926
611.91	82.271
612.11	82.612
612.31	82.940
612.51	83.240
612.71	83.544
612.91	83.813
613.10	84.082
613.30	84.363
613.50	84.606
613.70	84.829
613.90	85.025
614.10	85.202
614.30	85.347
614.50	85.488
614.69	85.583
614.89	85.678
615.09	85.749
615.29	85.804
615.49	85.839
615.69	85.852
615.89	85.853
616.08	85.830
616.28	85.780
616.48	85.713
616.68	85.622
616.88	85.512
617.08	85.383
617.27	85.250
617.47	85.075
617.67	84.885
617.87	84.678
618.07	84.468
618.27	84.246
618.47	84.019
618.66	83.763
618.86	83.505
619.06	83.218
619.26	82.931
619.46	82.629
619.66	82.302
619.85	81.964
620.05	81.615
620.25	81.242
620.45	80.875
620.65	80.493
620.84	80.135
621.04	79.757
621.24	79.399
621.44	79.003
621.64	78.594
621.84	78.206
622.03	77.812
622.23	77.420
622.43	77.027
622.63	76.639
622.83	76.253
623.02	75.871
623.22	75.507
623.42	75.122
623.62	74.757
623.82	74.414
624.01	74.067
624.21	73.729
624.41	73.413
624.61	73.109
624.81	72.825
625.00	72.530
625.20	72.257
625.40	71.985
625.60	71.743
625.79	71.530
625.99	71.335
626.19	71.145
626.39	70.978
626.59	70.824
626.78	70.698
626.98	70.588
627.18	70.490
627.38	70.418
627.57	70.387
627.77	70.358
627.97	70.345
628.17	70.368
628.37	70.401
628.56	70.469
628.76	70.540
628.96	70.627
629.16	70.734
629.35	70.883
629.55	71.039
629.75	71.215
629.95	71.409
630.14	71.605
630.34	71.834
630.54	72.072
630.74	72.321
630.93	72.584
631.13	72.857
631.33	73.140
631.53	73.415
631.72	73.704
631.92	74.017
632.12	74.348
632.31	74.674
632.51	75.035
632.71	75.388
632.91	75.741
633.10	76.106
633.30	76.489
633.50	76.843
633.70	77.227
633.89	77.600
634.09	77.982
634.29	78.361
634.48	78.736
634.68	79.124
634.88	79.509
635.08	79.893
635.27	80.285
635.47	80.670
635.67	81.062
635.86	81.448
636.06	81.817
636.26	82.159
636.46	82.508
636.65	82.836
636.85	83.173
637.05	83.496
637.24	83.792
637.44	84.084
637.64	84.369
637.83	84.645
638.03	84.917
638.23	85.145
638.43	85.377
638.62	85.584
638.82	85.758
639.02	85.933
639.21	86.082
639.41	86.207
639.61	86.335
639.80	86.442
640.00	86.529
640.20	86.622
640.39	86.709
640.59	86.764
640.79	86.805
640.98	86.815
641.18	86.819
641.38	86.820
641.57	86.781
641.77	86.729
641.97	86.646
642.16	86.553
642.36	86.458
642.56	86.342
642.75	86.226
642.95	86.084
643.15	85.929
643.34	85.771
643.54	85.596
643.74	85.386
643.93	85.170
644.13	84.921
644.33	84.649
644.52	84.373
644.72	84.100
644.91	83.810
645.11	83.496
645.31	83.185
645.50	82.871
645.70	82.557
645.90	82.239
646.09	81.902
646.29	81.553
646.48	81.201
646.68	80.831
646.88	80.465
647.07	80.101
647.27	79.729
647.47	79.350
647.66	78.981
647.86	78.606
648.05	78.242
648.25	77.889
648.45	77.532
648.64	77.168
648.84	76.817
649.04	76.456
649.23	76.108
649.43	75.769
649.62	75.425
649.82	75.079
650.02	74.749
650.21	74.434
650.41	74.145
650.60	73.861
650.80	73.609
651.00	73.334
651.19	73.090
651.39	72.854
651.58	72.625
651.78	72.420
651.97	72.245
652.17	72.068
652.37	71.899
652.56	71.764
652.76	71.638
652.95	71.523
653.15	71.452
653.35	71.379
653.54	71.314
653.74	71.262
653.93	71.239
654.13	71.231
654.32	71.226
654.52	71.221
654.72	71.253
654.91	71.295
655.11	71.364
655.30	71.452
655.50	71.555
655.69	71.674
655.89	71.792
656.08	71.919
656.28	72.076
656.48	72.252
656.67	72.431
656.87	72.627
657.06	72.825
657.26	73.027
657.45	73.259
657.65	73.510
657.84	73.780
658.04	74.047
658.23	74.335
658.43	74.642
658.62	74.960
658.82	75.273
659.02	75.594
659.21	75.936
659.41	76.267
659.60	76.611
659.80	76.961
659.99	77.339
660.19	77.708
660.38	78.079
660.58	78.437
660.77	78.815
660.97	79.178
661.16	79.547
661.36	79.908
661.55	80.283
661.75	80.649
661.94	81.003
662.14	81.372
662.33	81.738
662.53	82.091
662.72	82.445
662.92	82.786
663.11	83.111
663.31	83.445
663.50	83.778
663.70	84.107
663.89	84.428
664.09	84.723
664.28	85.027
664.48	85.307
664.67	85.602
664.87	85.858
665.06	86.122
665.26	86.367
665.45	86.606
665.65	86.825
665.84	87.049
666.04	87.252
666.23	87.417
666.43	87.559
666.62	87.699
666.82	87.821
667.01	87.936
667.21	88.045
667.40	88.121
667.59	88.203
667.79	88.249
667.98	88.268
668.18	88.278
668.37	88.268
668.57	88.273
668.76	88.246
668.96	88.198
669.15	88.142
669.35	88.092
669.54	88.010
669.73	87.922
669.93	87.812
670.12	87.701
670.32	87.600
670.51	87.472
670.71	87.331
670.90	87.184
671.10	87.028
671.29	86.843
671.48	86.645
671.68	86.430
671.87	86.215
672.07	85.988
672.26	85.788
672.46	85.548
672.65	85.292
672.84	85.027
673.04	84.769
673.23	84.495
673.43	84.204
673.62	83.924
673.82	83.630
674.01	83.304
674.20	82.987
674.40	82.648
674.59	82.321
674.79	82.000
674.98	81.666
675.17	81.327
675.37	81.002
675.56	80.673
675.76	80.336
675.95	79.980
676.14	79.649
676.34	79.282
676.53	78.942
676.73	78.591
676.92	78.239
677.11	77.892
677.31	77.548
677.50	77.220
677.70	76.886
677.89	76.550
678.08	76.248
678.28	75.946
678.47	75.662
678.66	75.386
678.86	75.115
679.05	74.849
679.25	74.601
679.44	74.362
679.63	74.146
679.83	73.928
680.02	73.736
680.21	73.550
680.41	73.375
680.60	73.198
680.79	73.044
680.99	72.905
681.18	72.765
681.38	72.651
681.57	72.560
681.76	72.484
681.96	72.423
682.15	72.364
682.34	72.305
682.54	72.260
682.73	72.242
682.92	72.221
683.12	72.233
683.31	72.257
683.50	72.290
683.70	72.335
683.89	72.380
684.08	72.453
684.28	72.538
684.47	72.635
684.66	72.759
684.86	72.890
685.05	73.041
685.24	73.212
685.44	73.380
685.63	73.554
685.82	73.747
686.02	73.941
686.21	74.176
686.40	74.417
686.60	74.677
686.79	74.938
686.98	75.210
687.18	75.491
687.37	75.770
687.56	76.049
687.75	76.346
687.95	76.655
688.14	76.960
688.33	77.284
688.53	77.610
688.72	77.951
688.91	78.289
689.11	78.620
689.30	78.985
689.49	79.351
689.68	79.713
689.88	80.064
690.07	80.417
690.26	80.754
690.46	81.107
690.65	81.439
690.84	81.778
691.03	82.128
691.23	82.466
691.42	82.809
691.61	83.157
691.80	83.482
692.00	83.813
692.19	84.128
692.38	84.438
692.58	84.754
692.77	85.051
692.96	85.337
693.15	85.629
693.35	85.897
693.54	86.182
693.73	86.461
693.92	86.716
694.12	86.985
694.31	87.226
694.50	87.482
694.69	87.709
694.89	87.928
695.08	88.123
695.27	88.335
695.46	88.517
695.66	88.702
695.85	88.883
696.04	89.054
696.23	89.237
696.43	89.391
696.62	89.513
696.81	89.629
697.00	89.751
697.19	89.858
697.39	89.937
697.58	90.003
697.77	90.041
697.96	90.100
698.16	90.126
698.35	90.174
698.54	90.172
698.73	90.196
698.92	90.174
699.12	90.153
699.31	90.111
699.50	90.067
699.69	90.009
699.89	89.937
700.08	89.854
700.27	89.746
700.46	89.644
700.65	89.528
700.85	89.422
701.04	89.287
701.23	89.133
701.42	88.976
701.61	88.808
701.81	88.631
702.00	88.436
702.19	88.240
702.38	88.010
702.57	87.796
702.76	87.546
702.96	87.315
703.15	87.068
703.34	86.800
703.53	86.526
703.72	86.227
703.92	85.926
704.11	85.627
704.30	85.316
704.49	85.004
704.68	84.698
704.87	84.358
705.07	84.028
705.26	83.704
705.45	83.407
705.64	83.073
705.83	82.768
706.02	82.446
706.21	82.136
706.41	81.818
706.60	81.486
706.79	81.175
706.98	80.866
707.17	80.542
707.36	80.232
707.56	79.942
707.75	79.651
707.94	79.365
708.13	79.081
708.32	78.814
708.51	78.535
708.70	78.284
708.89	78.025
709.09	77.768
709.28	77.527
709.47	77.245
709.66	76.988
709.85	76.735
710.04	76.488
710.23	76.229
710.42	76.018
710.62	75.803
710.81	75.570
711.00	75.351
711.19	75.160
711.38	74.972
711.57	74.774
711.76	74.594
711.95	74.441
712.15	74.297
712.34	74.159
712.53	74.028
712.72	73.898
712.91	73.810
713.10	73.723
713.29	73.644
713.48	73.575
713.67	73.541
713.86	73.518
714.05	73.498
714.25	73.497
714.44	73.474
714.63	73.486
714.82	73.534
715.01	73.583
715.20	73.660
715.39	73.724
715.58	73.813
715.77	73.921
715.96	74.029
716.15	74.131
716.34	74.231
716.54	74.359
716.73	74.501
716.92	74.631
717.11	74.782
717.30	74.946
717.49	75.132
717.68	75.326
717.87	75.490
718.06	75.708
718.25	75.934
718.44	76.172
718.63	76.410
718.82	76.647
719.01	76.892
719.20	77.140
719.39	77.411
719.58	77.681
719.77	77.942
719.96	78.194
720.16	78.466
720.35	78.762
720.54	79.049
720.73	79.340
720.92	79.641
721.11	79.963
721.30	80.272
721.49	80.583
721.68	80.899
721.87	81.245
722.06	81.559
722.25	81.876
722.44	82.199
722.63	82.509
722.82	82.815
723.01	83.109
723.20	83.397
723.39	83.694
723.58	84.019
723.77	84.343
723.96	84.669
724.15	85.004
724.34	85.318
724.53	85.630
724.72	85.918
724.91	86.232
725.10	86.539
725.29	86.824
725.48	87.137
725.67	87.396
725.86	87.640
726.05	87.900
726.24	88.146
726.43	88.380
726.62	88.618
726.81	88.881
727.00	89.122
727.19	89.376
727.38	89.611
727.57	89.812
727.76	90.007
727.95	90.197
728.14	90.356
728.33	90.522
728.52	90.678
728.71	90.828
728.90	90.964
729.09	91.065
729.28	91.157
729.47	91.233
729.65	91.324
729.84	91.417
730.03	91.496
730.22	91.564
730.41	91.634
730.60	91.697
730.79	91.706
730.98	91.737
731.17	91.762
731.36	91.755
731.55	91.729
731.74	91.705
731.93	91.672
732.12	91.638
732.31	91.607
732.50	91.580
732.69	91.554
732.88	91.482
733.06	91.401
733.25	91.330
733.44	91.259
733.63	91.154
733.82	91.046
734.01	90.903
734.20	90.765
734.39	90.605
734.58	90.450
734.77	90.306
734.96	90.133
735.15	89.936
735.33	89.738
735.52	89.556
735.71	89.353
735.90	89.136
736.09	88.903
736.28	88.646
736.47	88.383
736.66	88.113
736.85	87.849
737.04	87.565
737.23	87.293
737.41	86.992
737.60	86.733
737.79	86.432
737.98	86.154
738.17	85.870
738.36	85.607
738.55	85.328
738.74	85.056
738.92	84.769
739.11	84.494
739.30	84.203
739.49	83.899
739.68	83.616
739.87	83.355
740.06	83.091
740.25	82.803
740.43	82.535
740.62	82.249
740.81	81.955
741.00	81.695
741.19	81.406
741.38	81.120
741.57	80.826
741.75	80.565
741.94	80.280
742.13	79.997
742.32	79.697
742.51	79.420
742.70	79.143
742.89	78.886
743.07	78.613
743.26	78.359
743.45	78.086
743.64	77.848
743.83	77.583
744.02	77.301
744.20	77.068
744.39	76.829
744.58	76.611
744.77	76.414
744.96	76.233
745.15	76.081
745.33	75.932
745.52	75.782
745.71	75.630
745.90	75.499
746.09	75.385
746.28	75.280
746.46	75.149
746.65	75.027
746.84	74.926
747.03	74.828
747.22	74.751
747.40	74.706
747.59	74.635
747.78	74.586
747.97	74.585
748.16	74.570
748.34	74.539
748.53	74.534
748.72	74.538
748.91	74.523
749.10	74.517
749.28	74.538
749.47	74.578
749.66	74.610
749.85	74.635
750.04	74.672
750.22	74.714
750.41	74.788
750.60	74.876
750.79	74.943
750.97	75.032
751.16	75.141
751.35	75.237
751.54	75.336
751.73	75.470
751.91	75.587
752.10	75.748
752.29	75.893
752.48	76.058
752.66	76.229
752.85	76.408
753.04	76.587
753.23	76.788
753.41	76.963
753.60	77.182
753.79	77.413
753.98	77.627
754.16	77.852
754.35	78.077
754.54	78.297
754.73	78.555
754.91	78.814
755.10	79.063
755.29	79.336
755.48	79.595
755.66	79.858
755.85	80.126
756.04	80.370
756.22	80.658
756.41	80.915
756.60	81.182
756.79	81.470
756.97	81.762
757.16	82.009
757.35	82.298
757.54	82.578
757.72	82.856
757.91	83.149
758.10	83.440
758.28	83.725
758.47	84.007
758.66	84.310
758.85	84.592
759.03	84.881
759.22	85.164
759.41	85.461
759.59	85.750
759.78	86.035
759.97	86.300
760.15	86.555
760.34	86.849
760.53	87.111
760.71	87.352
760.90	87.625
761.09	87.886
761.28	88.142
761.46	88.385
761.65	88.629
761.84	88.879
762.02	89.125
762.21	89.383
762.40	89.602
762.58	89.795
762.77	89.995
762.96	90.201
763.14	90.415
763.33	90.601
763.52	90.760
763.70	90.905
763.89	91.078
764.08	91.251
764.26	91.368
764.45	91.518
764.64	91.677
764.82	91.779
765.01	91.889
765.20	91.976
765.38	92.074
765.57	92.143
765.75	92.209
765.94	92.247
766.13	92.301
766.31	92.371
766.50	92.415
766.69	92.488
766.87	92.551
767.06	92.576
767.25	92.615
767.43	92.667
767.62	92.726
767.80	92.749
767.99	92.747
768.18	92.741
768.36	92.725
768.55	92.695
768.74	92.663
768.92	92.631
769.11	92.618
769.29	92.567
769.48	92.539
769.67	92.465
769.85	92.417
770.04	92.289
770.22	92.179
770.41	92.050
770.60	91.894
770.78	91.715
770.97	91.559
771.15	91.403
771.34	91.206
771.53	91.033
771.71	90.854
771.90	90.688
772.08	90.567
772.27	90.391
772.46	90.182
772.64	89.983
772.83	89.778
773.01	89.526
773.20	89.295
773.39	89.071
773.57	88.837
773.76	88.598
773.94	88.416
774.13	88.180
774.31	87.928
774.50	87.716
774.68	87.469
774.87	87.217
775.06	86.919
775.24	86.662
775.43	86.370
775.61	86.086
775.80	85.806
775.98	85.492
776.17	85.186
776.36	84.900
776.54	84.613
776.73	84.321
776.91	84.047
777.10	83.767
777.28	83.453
777.47	83.178
777.65	82.883
777.84	82.573
778.02	82.300
778.21	82.038
778.39	81.733
778.58	81.462
778.77	81.198
778.95	80.966
779.14	80.725
779.32	80.489
779.51	80.259
779.69	80.003
779.88	79.773
780.06	79.550
780.25	79.319
780.43	79.081
780.62	78.870
780.80	78.648
780.99	78.423
781.17	78.204
781.36	77.980
781.54	77.774
781.73	77.539
781.91	77.333
782.10	77.140
782.28	76.948
782.47	76.761
782.65	76.549
782.84	76.353
783.02	76.175
783.21	76.018
783.39	75.851
783.58	75.698
783.76	75.527
783.95	75.384
784.13	75.282
784.32	75.178
784.50	75.060
784.69	74.982
784.87	74.902
785.05	74.840
785.24	74.779
785.42	74.732
785.61	74.688
785.79	74.648
785.98	74.619
786.16	74.580
786.35	74.576
786.53	74.573
786.72	74.559
786.90	74.551
787.09	74.530
787.27	74.545
787.45	74.579
787.64	74.608
787.82	74.627
788.01	74.649
788.19	74.693
788.38	74.740
788.56	74.730
788.75	74.787
788.93	74.854
789.11	74.900
789.30	74.943
789.48	75.021
789.67	75.105
789.85	75.179
790.04	75.302
790.22	75.401
790.40	75.520
790.59	75.635
790.77	75.761
790.96	75.918
791.14	76.062
791.32	76.192
791.51	76.345
791.69	76.517
791.88	76.691
792.06	76.861
792.25	77.020
792.43	77.245
792.61	77.430
792.80	77.596
792.98	77.812
793.17	78.010
793.35	78.185
793.53	78.381
793.72	78.621
793.90	78.829
794.08	79.036
794.27	79.255
794.45	79.502
794.64	79.722
794.82	79.941
795.00	80.130
795.19	80.367
795.37	80.588
795.55	80.764
795.74	80.983
795.92	81.217
796.11	81.478
796.29	81.718
796.47	81.951
796.66	82.176
796.84	82.432
797.02	82.695
797.21	82.977
797.39	83.236
797.58	83.472
797.76	83.703
797.94	83.968
798.13	84.220
798.31	84.481
798.49	84.716
798.68	84.949
798.86	85.233
799.04	85.454
799.23	85.708
799.41	85.976
799.59	86.213
799.78	86.403
799.96	86.618
800.14	86.842
800.33	87.069
800.51	87.320
800.69	87.504
800.88	87.724
801.06	87.947
801.24	88.117
801.43	88.305
801.61	88.473
801.79	88.628
801.98	88.789
802.16	88.961
802.34	89.156
802.52	89.335
802.71	89.460
802.89	89.639
803.07	89.781
803.26	89.911
803.44	90.023
803.62	90.166
803.81	90.284
803.99	90.362
804.17	90.439
804.35	90.510
804.54	90.574
804.72	90.662
804.90	90.727
805.09	90.838
805.27	90.930
805.45	91.026
805.63	91.088
805.82	91.150
806.00	91.141
806.18	91.165
806.37	91.203
806.55	91.212
806.73	91.225
806.91	91.237
807.10	91.264
807.28	91.276
807.46	91.280
807.64	91.259
807.83	91.256
808.01	91.250
808.19	91.181
808.37	91.130
808.56	91.050
808.74	90.982
808.92	90.908
809.10	90.797
809.29	90.731
809.47	90.650
809.65	90.517
809.83	90.461
810.02	90.345
810.20	90.232
810.38	90.130
810.56	89.995
810.75	89.898
810.93	89.781
811.11	89.651
811.29	89.525
811.47	89.401
811.66	89.240
811.84	89.085
812.02	89.011
812.20	88.893
812.39	88.771
812.57	88.635
812.75	88.501
812.93	88.396
813.11	88.241
813.30	88.108
813.48	87.995
813.66	87.829
813.84	87.676
814.02	87.507
814.21	87.359
814.39	87.157
814.57	86.961
814.75	86.762
814.93	86.571
815.12	86.352
815.30	86.143
815.48	85.942
815.66	85.728
815.84	85.477
816.03	85.239
816.21	84.967
816.39	84.721
816.57	84.417
816.75	84.114
816.93	83.824
817.12	83.517
817.30	83.215
817.48	82.914
817.66	82.654
817.84	82.391
818.02	82.145
818.21	81.877
818.39	81.629
818.57	81.355
818.75	81.134
818.93	80.885
819.11	80.624
819.30	80.381
819.48	80.156
819.66	79.946
819.84	79.754
820.02	79.540
820.20	79.321
820.38	79.111
820.57	78.907
820.75	78.731
820.93	78.540
821.11	78.354
821.29	78.186
821.47	77.973
821.65	77.771
821.83	77.554
822.02	77.375
822.20	77.162
822.38	77.005
822.56	76.764
822.74	76.553
822.92	76.321
823.10	76.128
823.28	75.900
823.46	75.679
823.65	75.449
823.83	75.256
824.01	75.049
824.19	74.849
824.37	74.649
824.55	74.423
824.73	74.246
824.91	74.054
825.09	73.869
825.27	73.697
825.46	73.502
825.64	73.309
825.82	73.158
826.00	72.986
826.18	72.830
826.36	72.698
826.54	72.584
826.72	72.516
826.90	72.415
827.08	72.338
827.26	72.260
827.44	72.175
827.63	72.096
827.81	72.040
827.99	72.010
828.17	71.961
828.35	71.922
828.53	71.881
828.71	71.879
828.89	71.851
829.07	71.835
829.25	71.815
829.43	71.833
829.61	71.818
829.79	71.812
829.97	71.819
830.15	71.801
830.33	71.809
830.51	71.799
830.69	71.814
830.87	71.780
831.06	71.802
831.24	71.824
831.42	71.848
831.60	71.853
831.78	71.888
831.96	71.945
832.14	72.019
832.32	72.091
832.50	72.135
832.68	72.177
832.86	72.223
833.04	72.324
833.22	72.377
833.40	72.471
833.58	72.547
833.76	72.617
833.94	72.741
834.12	72.860
834.30	72.986
834.48	73.084
834.66	73.250
834.84	73.347
835.02	73.495
835.20	73.641
835.38	73.806
835.56	73.963
835.74	74.127
835.92	74.296
836.10	74.439
836.28	74.594
836.46	74.782
836.64	74.955
836.82	75.091
837.00	75.262
837.18	75.435
837.36	75.640
837.54	75.815
837.72	75.997
837.90	76.189
838.08	76.379
838.26	76.570
838.43	76.747
838.61	76.953
838.79	77.141
838.97	77.336
839.15	77.531
839.33	77.720
839.51	77.866
839.69	78.026
839.87	78.221
840.05	78.438
840.23	78.623
840.41	78.811
840.59	78.978
840.77	79.188
840.95	79.352
841.13	79.506
841.31	79.673
841.49	79.816
841.67	79.943
841.84	80.108
842.02	80.237
842.20	80.422
842.38	80.550
842.56	80.690
842.74	80.836
842.92	80.935
843.10	81.071
843.28	81.258
843.46	81.389
843.64	81.479
843.82	81.608
843.99	81.730
844.17	81.893
844.35	82.115
844.53	82.263
844.71	82.455
844.89	82.584
845.07	82.768
845.25	82.953
845.43	83.129
845.61	83.278
845.78	83.487
845.96	83.639
846.14	83.830
846.32	84.014
846.50	84.157
846.68	84.376
846.86	84.537
847.04	84.675
847.22	84.781
847.39	84.958
847.57	85.065
847.75	85.176
847.93	85.229
848.11	85.317
848.29	85.447
848.47	85.498
848.65	85.628
848.82	85.664
849.00	85.733
849.18	85.772
849.36	85.807
849.54	85.857
849.72	85.850
849.89	85.895
850.07	85.951
850.25	85.958
850.43	85.921
850.61	85.911
850.79	85.868
850.97	85.927
851.14	85.934
851.32	85.915
851.50	85.925
851.68	85.986
851.86	86.030
852.04	85.998
852.21	86.028
852.39	86.039
852.57	86.113
852.75	86.125
852.93	86.131
853.10	86.117
853.28	86.071
853.46	86.072
853.64	85.997
853.82	85.911
854.00	85.932
854.17	85.883
854.35	85.805
854.53	85.773
854.71	85.688
854.89	85.579
855.06	85.549
855.24	85.507
855.42	85.412
855.60	85.271
855.78	85.181
855.95	85.062
856.13	84.952
856.31	84.762
856.49	84.609
856.66	84.507
856.84	84.348
857.02	84.283
857.20	84.198
857.38	84.044
857.55	83.914
857.73	83.685
857.91	83.581
858.09	83.420
858.26	83.277
858.44	83.131
858.62	82.996
858.80	82.819
858.97	82.643
859.15	82.462
859.33	82.244
859.51	82.079
859.68	81.898
859.86	81.709
860.04	81.538
860.22	81.339
860.39	81.138
860.57	80.934
860.75	80.659
860.93	80.426
861.10	80.297
861.28	80.118
861.46	79.917
861.64	79.715
861.81	79.567
861.99	79.355
862.17	79.140
862.35	78.952
862.52	78.788
862.70	78.588
862.88	78.423
863.05	78.233
863.23	78.017
863.41	77.831
863.59	77.621
863.76	77.459
863.94	77.275
864.12	77.091
864.29	76.935
864.47	76.729
864.65	76.544
864.83	76.289
865.00	76.060
865.18	75.899
865.36	75.721
865.53	75.515
865.71	75.372
865.89	75.175
866.06	74.961
866.24	74.721
866.42	74.522
866.59	74.293
866.77	74.140
866.95	73.948
867.12	73.707
867.30	73.539
867.48	73.314
867.65	73.115
867.83	72.901
868.01	72.721
868.18	72.527
868.36	72.330
868.54	72.165
868.71	72.010
868.89	71.850
869.07	71.658
869.24	71.488
869.42	71.287
869.60	71.137
869.77	71.029
869.95	70.887
870.13	70.733
870.30	70.623
870.48	70.424
870.66	70.273
870.83	70.165
871.01	69.971
871.18	69.847
871.36	69.718
871.54	69.579
871.71	69.447
871.89	69.357
872.07	69.194
872.24	69.073
872.42	68.983
872.59	68.873
872.77	68.749
872.95	68.654
873.12	68.516
873.30	68.389
873.48	68.283
873.65	68.188
873.83	68.090
874.00	67.970
874.18	67.899
874.36	67.839
874.53	67.766
874.71	67.702
874.88	67.640
875.06	67.607
875.24	67.605
875.41	67.561
875.59	67.519
875.76	67.540
875.94	67.501
876.11	67.386
876.29	67.291
876.47	67.257
876.64	67.208
876.82	67.168
876.99	67.138
877.17	67.091
877.35	67.064
877.52	67.033
877.70	66.995
877.87	66.981
878.05	66.978
878.22	66.975
878.40	67.014
878.57	67.002
878.75	66.966
878.93	66.916
879.10	66.917
879.28	66.935
879.45	66.938
879.63	66.921
879.80	66.931
879.98	66.992
880.15	67.024
880.33	67.075
880.50	67.123
880.68	67.216
880.86	67.270
881.03	67.345
881.21	67.431
881.38	67.514
881.56	67.686
881.73	67.741
881.91	67.811
882.08	67.866
882.26	67.980
882.43	68.097
882.61	68.267
882.78	68.379
882.96	68.513
883.13	68.634
883.31	68.783
883.48	68.978
883.66	69.127
883.83	69.276
884.01	69.377
884.18	69.588
884.36	69.736
884.53	69.868
884.71	70.004
884.88	70.101
885.06	70.263
885.23	70.319
885.41	70.462
885.58	70.575
885.76	70.744
885.93	70.823
886.11	70.993
886.28	71.090
886.46	71.211
886.63	71.332
886.81	71.449
886.98	71.628
887.15	71.722
887.33	71.885
887.50	72.068
887.68	72.229
887.85	72.323
888.03	72.457
888.20	72.617
888.38	72.767
888.55	72.938
888.73	72.997
888.90	73.136
889.08	73.267
889.25	73.388
889.42	73.512
889.60	73.695
889.77	73.774
889.95	73.918
890.12	74.008
890.30	74.090
890.47	74.174
890.64	74.290
890.82	74.435
890.99	74.531
891.17	74.613
891.34	74.735
891.52	74.841
891.69	74.954
891.86	75.070
892.04	75.182
892.21	75.324
892.39	75.564
892.56	75.734
892.73	75.824
892.91	75.965
893.08	76.153
893.26	76.249
893.43	76.411
893.60	76.500
893.78	76.660
893.95	76.820
894.13	77.053
894.30	77.205
894.47	77.401
894.65	77.535
894.82	77.701
895.00	77.824
895.17	77.986
895.34	78.166
895.52	78.337
895.69	78.445
895.86	78.578
896.04	78.617
896.21	78.760
896.39	78.949
896.56	79.120
896.73	79.140
896.91	79.211
897.08	79.301
897.25	79.471
897.43	79.522
897.60	79.611
897.77	79.619
897.95	79.607
898.12	79.598
898.30	79.709
898.47	79.710
898.64	79.763
898.82	79.777
898.99	79.759
899.16	79.751
899.34	79.750
899.51	79.672
899.68	79.649
899.86	79.594
900.03	79.519
900.20	79.469
900.38	79.493
900.55	79.562
900.72	79.498
900.90	79.431
901.07	79.530
901.24	79.506
901.41	79.517
901.59	79.540
901.76	79.538
901.93	79.481
902.11	79.423
902.28	79.422
902.45	79.531
902.63	79.568
902.80	79.534
902.97	79.528
903.15	79.621
903.32	79.695
903.49	79.704
903.66	79.740
903.84	79.755
904.01	79.733
904.18	79.699
904.36	79.746
904.53	79.723
904.70	79.667
904.87	79.659
905.05	79.590
905.22	79.606
905.39	79.586
905.56	79.509
905.74	79.479
905.91	79.389
906.08	79.250
906.26	79.147
906.43	79.062
906.60	78.965
906.77	78.811
906.95	78.701
907.12	78.564
907.29	78.410
907.46	78.372
907.64	78.274
907.81	78.168
907.98	77.975
908.15	77.867
908.33	77.743
908.50	77.605
908.67	77.511
908.84	77.384
909.01	77.226
909.19	77.155
909.36	77.045
909.53	76.909
909.70	76.703
909.88	76.601
910.05	76.430
910.22	76.366
910.39	76.258
910.57	76.165
910.74	76.093
910.91	76.041
911.08	75.838
911.25	75.688
911.43	75.574
911.60	75.460
911.77	75.319
911.94	75.100
912.11	74.953
912.29	74.743
912.46	74.504
912.63	74.297
912.80	74.072
912.97	73.878
913.15	73.743
913.32	73.623
913.49	73.421
913.66	73.360
913.83	73.128
914.00	72.900
914.18	72.692
914.35	72.491
914.52	72.236
914.69	72.025
914.86	71.833
915.03	71.625
915.21	71.486
915.38	71.281
915.55	71.205
915.72	71.034
915.89	70.916
916.06	70.832
916.24	70.752
916.41	70.609
916.58	70.490
916.75	70.286
916.92	70.098
917.09	69.901
917.26	69.613
917.44	69.408
917.61	69.286
917.78	69.074
917.95	68.916
918.12	68.731
918.29	68.629
918.46	68.435
918.64	68.273
918.81	68.131
918.98	67.986
919.15	67.795
919.32	67.650
919.49	67.425
919.66	67.217
919.83	67.042
920.00	66.860
920.18	66.720
920.35	66.681
920.52	66.569
920.69	66.518
920.86	66.515
921.03	66.413
921.20	66.289
921.37	66.181
921.54	65.941
921.71	65.852
921.89	65.696
922.06	65.635
922.23	65.514
922.40	65.391
922.57	65.200
922.74	65.105
922.91	65.022
923.08	64.963
923.25	64.877
923.42	64.769
923.59	64.740
923.76	64.542
923.93	64.344
924.11	64.179
924.28	64.045
924.45	63.914
924.62	63.911
924.79	63.808
924.96	63.650
925.13	63.621
925.30	63.506
925.47	63.361
925.64	63.270
925.81	63.217
925.98	63.152
926.15	63.136
926.32	62.978
926.49	62.875
926.66	62.782
926.83	62.678
927.00	62.646
927.17	62.519
927.34	62.561
927.51	62.524
927.69	62.567
927.86	62.511
928.03	62.392
928.20	62.335
928.37	62.237
928.54	62.281
928.71	62.238
928.88	62.249
929.05	62.276
929.22	62.267
929.39	62.220
929.56	62.145
929.73	62.112
929.90	62.171
930.07	62.149
930.24	62.112
930.41	62.122
930.58	62.159
930.75	62.218
930.92	62.159
931.09	62.129
931.26	62.083
931.43	62.065
931.60	62.076
931.77	62.020
931.94	62.094
932.11	62.117
932.27	62.153
932.44	62.180
932.61	62.212
932.78	62.183
932.95	62.255
933.12	62.218
933.29	62.235
933.46	62.238
933.63	62.187
933.80	62.218
933.97	62.238
934.14	62.228
934.31	62.184
934.48	62.244
934.65	62.286
934.82	62.363
934.99	62.408
935.16	62.471
935.33	62.544
935.50	62.670
935.67	62.748
935.84	62.778
936.00	62.777
936.17	62.827
936.34	62.952
936.51	62.937
936.68	62.987
936.85	63.028
937.02	63.130
937.19	63.202
937.36	63.324
937.53	63.324
937.70	63.392
937.87	63.467
938.03	63.458
938.20	63.514
938.37	63.594
938.54	63.664
938.71	63.724
938.88	63.840
939.05	63.766
939.22	63.723
939.39	63.802
939.56	63.979
939.72	64.051
939.89	64.096
940.06	64.160
940.23	64.252
940.40	64.355
940.57	64.491
940.74	64.637
940.91	64.707
941.08	64.892
941.24	64.992
941.41	65.166
941.58	65.407
941.75	65.539
941.92	65.671
942.09	65.786
942.26	65.895
942.42	65.946
942.59	66.152
942.76	66.493
942.93	66.656
943.10	66.664
943.27	66.811
943.44	66.927
943.60	67.105
943.77	67.114
943.94	67.299
944.11	67.324
944.28	67.402
944.45	67.510
944.61	67.589
944.78	67.594
944.95	67.624
945.12	67.797
945.29	67.917
945.46	67.866
945.62	67.895
945.79	68.087
945.96	68.375
946.13	68.525
946.30	68.518
946.46	68.669
946.63	68.795
946.80	68.916
946.97	69.078
947.14	69.149
947.31	69.657
947.47	69.866
947.64	70.067
947.81	70.229
947.98	70.426
948.15	70.524
948.31	70.750
948.48	70.906
948.65	70.894
948.82	71.013
948.98	71.182
949.15	71.478
949.32	71.497
949.49	71.472
949.66	71.564
949.82	71.628
949.99	71.731
950.16	71.823
950.33	71.791
950.49	71.866
950.66	71.842
950.83	71.660
951.00	71.502
951.16	71.258
951.33	71.285
951.50	71.192
951.67	71.243
951.83	71.281
952.00	71.257
952.17	71.221
952.34	71.242
952.50	71.370
952.67	71.310
952.84	71.351
953.01	71.276
953.17	71.278
953.34	71.387
953.51	71.323
953.68	71.254
953.84	71.236
954.01	71.175
954.18	71.123
954.34	71.186
954.51	71.289
954.68	71.454
954.85	71.442
955.01	71.598
955.18	71.844
955.35	71.599
955.51	71.593
955.68	71.691
955.85	71.835
956.02	71.685
956.18	71.711
956.35	71.675
956.52	71.727
956.68	71.696
956.85	71.546
957.02	71.603
957.18	71.618
957.35	71.602
957.52	71.655
957.69	71.772
957.85	71.801
958.02	71.635
958.19	71.540
958.35	71.527
958.52	71.281
958.69	70.950
958.85	71.149
959.02	71.225
959.19	70.974
959.35	70.877
959.52	70.961
959.69	71.004
959.85	71.013
960.02	71.024
960.19	70.915
960.35	70.915
960.52	70.783
960.68	70.785
960.85	70.880
961.02	70.676
961.18	70.675
961.35	70.482
961.52	70.547
961.68	70.546
961.85	70.487
962.02	70.543
962.18	70.561
962.35	70.291
962.51	70.137
962.68	70.169
962.85	70.032
963.01	69.784
963.18	69.616
963.35	69.241
963.51	69.064
963.68	69.075
963.84	68.803
964.01	68.839
964.18	68.681
964.34	68.421
964.51	68.214
964.67	67.976
964.84	67.910
965.01	67.666
965.17	67.391
965.34	67.384
965.50	67.149
965.67	67.082
965.84	67.076
966.00	67.190
966.17	67.280
966.33	67.135
966.50	67.039
966.66	67.004
966.83	67.109
967.00	67.020
967.16	66.803
967.33	66.722
967.49	66.537
967.66	66.764
967.82	66.600
967.99	66.778
968.16	66.806
968.32	66.679
968.49	66.476
968.65	66.673
968.82	66.490
968.98	66.538
969.15	66.230
969.31	65.974
969.48	65.674
969.64	65.355
969.81	65.363
969.98	65.284
970.14	64.938
970.31	64.868
970.47	64.572
970.64	64.374
970.80	64.462
970.97	63.966
971.13	63.579
971.30	63.513
971.46	63.327
971.63	63.087
971.79	63.194
971.96	63.265
972.12	63.004
972.29	62.632
972.45	62.492
972.62	62.529
972.78	62.515
972.95	62.143
973.11	61.888
973.28	61.753
973.44	61.729
973.61	61.942
973.77	61.733
973.94	61.747
974.10	61.923
974.27	61.871
974.43	62.226
974.60	62.193
974.76	62.188
974.93	62.111
975.09	62.000
975.26	61.735
975.42	61.666
975.59	61.448
975.75	61.789
975.92	61.712
976.08	61.204
976.24	61.105
976.41	60.982
976.57	61.063
976.74	60.942
976.90	60.623
977.07	60.163
977.23	60.097
977.40	59.970
977.56	59.287
977.73	58.910
977.89	58.544
978.05	58.074
978.22	57.870
978.38	57.546
978.55	57.287
978.71	57.132
978.88	57.108
979.04	57.100
979.20	56.887
979.37	56.716
979.53	56.769
979.70	56.877
979.86	57.067
980.03	56.899
980.19	56.804
980.35	56.817
980.52	56.649
980.68	56.757
980.85	56.704
981.01	56.824
981.17	56.851
981.34	56.730
981.50	56.786
981.67	56.807
981.83	56.774
981.99	56.716
982.16	56.469
982.32	55.680
982.49	55.656
982.65	55.448
982.81	55.589
982.98	55.612
983.14	55.568
983.30	55.159
983.47	55.129
983.63	54.814
983.80	54.625
983.96	54.363
984.12	54.743
984.29	54.827
984.45	55.025
984.61	54.790
984.78	55.057
984.94	55.254
985.10	55.736
985.27	55.505
985.43	55.956
985.59	56.216
985.76	56.761
985.92	56.900
986.08	57.237
986.25	56.764
986.41	57.263
986.57	56.607
986.74	56.993
986.90	56.953
987.06	56.862
987.23	56.935
987.39	56.868
987.55	55.874
987.72	55.607
987.88	54.909
988.04	55.172
988.21	55.534
988.37	55.304
988.53	54.488
988.70	54.934
988.86	54.346
989.02	54.073
989.19	53.671
989.35	53.566
989.51	52.927
989.67	53.059
989.84	52.397
990.00	52.571
990.16	52.775
990.33	52.866
990.49	53.239
990.65	53.340
990.82	53.587
990.98	53.700
991.14	53.762
991.30	54.620
991.47	53.933
991.63	53.919
991.79	54.726
991.95	54.979
992.12	55.023
992.28	55.165
992.44	55.355
992.61	55.541
992.77	55.669
992.93	56.157
993.09	56.232
993.26	56.606
993.42	57.059
993.58	56.642
993.74	56.413
993.91	56.023
994.07	55.772
994.23	56.128
994.39	56.201
994.55	56.330
994.72	55.824
994.88	56.127
995.04	55.452
995.20	55.064
995.37	54.699
995.53	54.558
995.69	54.512
995.85	54.085
996.02	54.095
996.18	54.342
996.34	53.889
996.50	53.891
996.66	54.760
996.83	54.318
996.99	53.520
997.15	54.112
997.31	54.199
997.47	54.655
997.64	54.485
997.80	54.934
997.96	55.478
998.12	55.800
998.28	56.688
998.45	57.187
998.61	57.237
998.77	57.132
998.93	57.470
999.09	58.533
999.25	58.885
999.42	60.047
999.58	59.758
999.74	59.718
999.90	59.429
1000.06	58.412
1000.22	58.621
1000.39	59.480
1000.55	59.275
1000.71	60.072
1000.87	59.658
1001.03	59.571
1001.19	59.693
1001.36	58.981
1001.52	58.598
1001.68	58.127
1001.84	58.583
1002.00	57.488
1002.16	57.540
1002.32	56.890
1002.49	55.263
1002.65	54.933
1002.81	54.160
1002.97	54.207
1003.13	54.070
1003.29	55.200
1003.45	55.080
1003.62	55.912
1003.78	55.584
1003.94	55.876
1004.10	54.807
1004.26	55.043
1004.42	54.718
1004.58	54.512
1004.74	55.167
1004.90	56.793
1005.07	56.547
1005.23	55.331
1005.39	56.593
1005.55	57.308
1005.71	56.604
1005.87	57.884
1006.03	58.760
1006.19	58.945
1006.35	58.563
1006.51	59.547
1006.67	59.105
1006.84	58.900
1007.00	58.405
1007.16	59.962
1007.32	58.444
1007.48	59.103
1007.64	60.466
1007.80	60.078
1007.96	59.015
1008.12	59.457
1008.28	57.510
1008.44	58.619
1008.60	59.139
1008.76	57.664
1008.92	56.691
1009.09	57.068
1009.25	56.699
1009.41	56.143
1009.57	56.831
1009.73	57.288
1009.89	58.026
1010.05	59.176
1010.21	60.864
1010.37	60.389
1010.53	61.394
1010.69	63.333
1010.85	62.920
1011.01	61.590
1011.17	60.912
1011.33	62.633
1011.49	62.815
1011.65	63.106
1011.81	62.663
1011.97	63.249
1012.13	65.657
1012.29	67.173
1012.45	68.370
1012.61	71.890
1012.77	69.368
1012.93	68.699
1013.09	67.592
1013.25	67.480
1013.41	66.915
1013.57	63.999
1013.73	63.864
1013.89	59.762
1014.05	61.583
1014.21	59.834
1014.37	58.165
1014.53	57.222
1014.69	57.384
1014.85	57.545
1015.01	59.415
1015.17	62.039
1015.33	61.927
1015.49	60.596
1015.65	62.476
1015.81	63.404
1015.97	59.726
1016.13	63.545
1016.29	63.432
1016.45	64.512
1016.61	65.088
1016.77	62.444
1016.93	63.684
1017.09	63.034
1017.25	64.246
1017.41	62.741
1017.56	64.780
1017.72	70.804
1017.88	73.194
1018.04	74.430
1018.20	71.555
1018.36	71.468
1018.52	68.076
1018.68	69.851
1018.84	71.437
1019.00	68.721
1019.16	69.973
1019.32	73.291
1019.48	73.382
1019.64	75.137
1019.79	72.998
1019.95	68.998
1020.11	73.979
1020.27	73.201
1020.43	77.480
1020.59	80.287
1020.75	77.488
1020.91	81.802
1021.07	75.445
1021.23	74.295
1021.39	70.861
1021.54	76.910
1021.70	74.014
1021.86	73.103
1022.02	70.770
1022.18	67.095
1022.34	69.173
1022.50	68.207
1022.66	64.773
1022.82	64.448
1022.97	64.661
1023.13	67.604
1023.29	72.755
1023.45	71.464
1023.61	72.353
1023.77	71.348
1023.93	72.169
1024.08	73.085
1024.24	69.375
1024.40	69.958
1024.56	78.015
1024.72	77.437
1024.88	66.881
1025.04	70.325
1025.19	70.145
1025.35	68.058
1025.51	72.466
1025.67	75.782
1025.83	71.367
1025.99	74.049
1026.14	72.401
1026.30	77.255
1026.46	79.368
1026.62	73.149
1026.78	68.008
1026.94	66.151
1027.09	64.368
1027.25	61.153
1027.41	60.564
1027.57	59.684
1027.73	59.264
1027.89	54.138
1028.04	54.565
1028.20	53.153
1028.36	53.246
1028.52	52.418
1028.68	51.744
1028.83	52.577
1028.99	51.094
1029.15	52.281
1029.31	51.400
1029.47	52.564
1029.62	52.489
1029.78	51.591
1029.94	51.497
1030.10	52.896
1030.25	54.099
1030.41	57.821
1030.57	59.587
1030.73	62.890
1030.89	62.634
1031.04	65.508
1031.20	69.669
1031.36	76.591
1031.52	83.718
1031.67	87.867
1031.83	91.099
1031.99	102.885
1032.15	90.706
1032.30	97.274
1032.46	107.570
1032.62	99.457
1032.78	89.702
1032.93	97.918
1033.09	86.700
1033.25	77.076
1033.41	70.853
1033.56	64.169
1033.72	4.461
1033.88	77.738
1034.04	36.329
1034.19	45.424
1034.35	65.180
1034.51	-10.435
1034.66	58.723
1034.82	2907.500
1034.98	2907.500
1035.14	2907.500
