345.22	44.388
345.43	44.388
345.65	44.388
345.86	43.667
346.08	130.530
346.29	1.087
346.51	37.087
346.72	10.909
346.94	-291.923
347.15	-72.455
347.37	186.704
347.58	220.641
347.80	247.554
348.01	211.147
348.23	142.302
348.44	133.686
348.66	119.853
348.87	119.756
349.09	111.292
349.30	97.997
349.52	91.629
349.73	94.497
349.95	93.462
350.16	95.167
350.38	91.496
350.59	85.382
350.81	83.679
351.02	82.582
351.24	81.384
351.45	80.458
351.67	82.915
351.88	81.893
352.10	78.246
352.31	77.316
352.53	80.862
352.74	82.906
352.96	83.237
353.17	82.871
353.39	84.413
353.60	86.682
353.82	88.122
354.03	88.594
354.25	83.801
354.46	79.240
354.67	75.988
354.89	74.391
355.10	78.367
355.32	77.141
355.53	78.497
355.75	80.560
355.96	82.028
356.18	81.659
356.39	81.470
356.61	85.449
356.82	85.262
357.04	81.175
357.25	81.018
357.46	80.525
357.68	79.528
357.89	78.100
358.11	76.536
358.32	79.263
358.54	77.242
358.75	78.529
358.97	80.212
359.18	83.455
359.40	82.600
359.61	82.927
359.82	84.089
360.04	83.781
360.25	81.658
360.47	77.388
360.68	76.667
360.90	77.330
361.11	75.096
361.32	75.286
361.54	78.844
361.75	78.040
361.97	79.580
362.18	80.842
362.40	82.312
362.61	83.573
362.83	83.441
363.04	84.575
363.25	86.096
363.47	87.880
363.68	85.189
363.90	89.530
364.11	90.020
364.32	90.429
364.54	88.481
364.75	85.658
364.97	90.153
365.18	88.832
365.40	86.243
365.61	86.576
365.82	87.144
366.04	85.984
366.25	86.091
366.47	84.482
366.68	82.561
366.89	83.317
367.11	81.375
367.32	81.506
367.54	78.990
367.75	78.405
367.96	77.239
368.18	78.696
368.39	77.417
368.61	77.375
368.82	78.291
369.03	80.642
369.25	84.535
369.46	85.005
369.68	85.613
369.89	86.439
370.10	86.789
370.32	87.078
370.53	86.725
370.75	83.110
370.96	84.703
371.17	85.735
371.39	83.495
371.60	83.591
371.81	84.352
372.03	86.240
372.24	86.954
372.46	89.839
372.67	90.737
372.88	89.558
373.10	88.918
373.31	87.573
373.52	87.482
373.74	86.155
373.95	84.828
374.17	86.175
374.38	88.655
374.59	88.899
374.81	87.589
375.02	85.941
375.23	89.095
375.45	86.985
375.66	84.609
375.87	85.779
376.09	86.348
376.30	85.245
376.52	86.751
376.73	84.070
376.94	82.326
377.16	83.253
377.37	86.644
377.58	86.914
377.80	88.264
378.01	89.446
378.22	90.873
378.44	92.120
378.65	93.979
378.86	94.128
379.08	94.629
379.29	94.792
379.50	97.807
379.72	97.855
379.93	101.170
380.14	104.544
380.36	105.428
380.57	106.978
380.78	107.153
381.00	108.059
381.21	109.906
381.42	110.950
381.64	111.238
381.85	110.880
382.06	111.070
382.28	111.103
382.49	110.653
382.70	111.127
382.92	111.314
383.13	110.584
383.34	110.957
383.56	111.943
383.77	113.187
383.98	112.835
384.20	113.884
384.41	113.952
384.62	114.137
384.83	114.654
385.05	115.023
385.26	115.923
385.47	116.749
385.69	117.564
385.90	118.402
386.11	119.096
386.33	120.059
386.54	120.915
386.75	121.553
386.97	122.672
387.18	123.412
387.39	124.259
387.60	124.705
387.82	125.183
388.03	125.545
388.24	126.096
388.46	126.480
388.67	126.594
388.88	126.586
389.09	126.489
389.31	126.259
389.52	126.005
389.73	125.446
389.95	124.957
390.16	124.417
390.37	123.964
390.58	123.488
390.80	122.742
391.01	122.174
391.22	121.614
391.44	120.707
391.65	119.941
391.86	119.241
392.07	118.906
392.29	118.435
392.50	117.912
392.71	117.377
392.92	117.093
393.14	116.711
393.35	116.528
393.56	116.522
393.78	116.568
393.99	116.836
394.20	117.230
394.41	117.545
394.63	117.865
394.84	118.417
395.05	119.124
395.26	119.778
395.48	120.479
395.69	121.160
395.90	122.109
396.11	122.994
396.33	123.805
396.54	124.683
396.75	125.403
396.96	126.160
397.18	126.820
397.39	127.457
397.60	128.118
397.81	128.630
398.03	128.979
398.24	129.257
398.45	129.362
398.66	129.388
398.87	129.370
399.09	129.235
399.30	128.871
399.51	128.307
399.72	127.817
399.94	127.214
400.15	126.528
400.36	125.703
400.57	124.825
400.79	123.961
401.00	122.955
401.21	122.044
401.42	121.090
401.63	120.160
401.85	119.270
402.06	118.491
402.27	117.735
402.48	117.088
402.69	116.530
402.91	115.985
403.12	115.508
403.33	115.248
403.54	115.146
403.76	114.991
403.97	115.068
404.18	115.257
404.39	115.559
404.60	115.983
404.82	116.517
405.03	117.169
405.24	117.826
405.45	118.575
405.66	119.400
405.88	120.247
406.09	121.167
406.30	121.987
406.51	122.731
406.72	123.528
406.94	124.287
407.15	124.982
407.36	125.706
407.57	126.363
407.78	126.874
407.99	127.226
408.21	127.576
408.42	127.805
408.63	127.959
408.84	127.916
409.05	127.814
409.27	127.508
409.48	127.040
409.69	126.512
409.90	125.969
410.11	125.308
410.32	124.596
410.54	123.735
410.75	122.818
410.96	121.870
411.17	120.879
411.38	119.882
411.59	118.891
411.81	117.842
412.02	116.814
412.23	115.835
412.44	114.947
412.65	114.177
412.86	113.490
413.08	112.801
413.29	112.198
413.50	111.764
413.71	111.456
413.92	111.236
414.13	111.130
414.34	111.111
414.56	111.130
414.77	111.312
414.98	111.576
415.19	112.063
415.40	112.642
415.61	113.280
415.82	113.948
416.04	114.727
416.25	115.485
416.46	116.330
416.67	117.241
416.88	118.103
417.09	118.967
417.30	119.747
417.52	120.582
417.73	121.316
417.94	121.999
418.15	122.624
418.36	123.261
418.57	123.712
418.78	124.075
418.99	124.426
419.21	124.641
419.42	124.782
419.63	124.777
419.84	124.655
420.05	124.416
420.26	124.055
420.47	123.533
420.68	123.046
420.89	122.438
421.11	121.672
421.32	120.943
421.53	120.093
421.74	119.236
421.95	118.347
422.16	117.473
422.37	116.571
422.58	115.594
422.79	114.623
423.01	113.748
423.22	112.880
423.43	112.096
423.64	111.354
423.85	110.703
424.06	110.147
424.27	109.645
424.48	109.247
424.69	109.026
424.90	108.886
425.11	108.829
425.33	108.890
425.54	109.041
425.75	109.264
425.96	109.582
426.17	110.016
426.38	110.534
426.59	111.123
426.80	111.773
427.01	112.527
427.22	113.359
427.43	114.282
427.64	115.160
427.85	116.008
428.07	116.910
428.28	117.759
428.49	118.618
428.70	119.463
428.91	120.264
429.12	120.963
429.33	121.655
429.54	122.280
429.75	122.818
429.96	123.334
430.17	123.742
430.38	124.064
430.59	124.219
430.80	124.260
431.01	124.224
431.22	124.131
431.44	123.908
431.65	123.601
431.86	123.149
432.07	122.662
432.28	122.098
432.49	121.437
432.70	120.706
432.91	119.872
433.12	118.968
433.33	118.039
433.54	117.141
433.75	116.213
433.96	115.277
434.17	114.257
434.38	113.308
434.59	112.384
434.80	111.488
435.01	110.733
435.22	110.032
435.43	109.398
435.64	108.798
435.85	108.284
436.06	107.843
436.27	107.529
436.48	107.316
436.69	107.163
436.90	107.135
437.11	107.219
437.33	107.398
437.54	107.698
437.75	108.116
437.96	108.546
438.17	109.056
438.38	109.594
438.59	110.272
438.80	110.952
439.01	111.760
439.22	112.620
439.43	113.354
439.64	114.150
439.85	114.962
440.06	115.749
440.27	116.576
440.48	117.328
440.69	118.049
440.90	118.718
441.11	119.391
441.32	119.973
441.53	120.482
441.74	120.899
441.95	121.278
442.16	121.540
442.37	121.691
442.58	121.793
442.79	121.823
443.00	121.754
443.21	121.611
443.42	121.285
443.62	120.820
443.83	120.451
444.04	119.948
444.25	119.376
444.46	118.720
444.67	117.980
444.88	117.223
445.09	116.392
445.30	115.518
445.51	114.587
445.72	113.635
445.93	112.735
446.14	111.806
446.35	110.843
446.56	109.960
446.77	109.111
446.98	108.255
447.19	107.430
447.40	106.690
447.61	105.962
447.82	105.337
448.03	104.816
448.24	104.315
448.45	103.913
448.66	103.602
448.87	103.374
449.08	103.253
449.29	103.206
449.49	103.252
449.70	103.405
449.91	103.623
450.12	103.948
450.33	104.298
450.54	104.749
450.75	105.286
450.96	105.844
451.17	106.476
451.38	107.133
451.59	107.847
451.80	108.551
452.01	109.307
452.22	110.090
452.43	110.827
452.64	111.557
452.84	112.296
453.05	112.985
453.26	113.683
453.47	114.302
453.68	114.903
453.89	115.453
454.10	115.896
454.31	116.319
454.52	116.640
454.73	116.922
454.94	117.089
455.15	117.165
455.36	117.150
455.56	117.065
455.77	116.898
455.98	116.676
456.19	116.381
456.40	116.021
456.61	115.589
456.82	115.063
457.03	114.483
457.24	113.819
457.45	113.130
457.65	112.334
457.86	111.537
458.07	110.711
458.28	109.796
458.49	108.934
458.70	108.004
458.91	107.097
459.12	106.184
459.33	105.258
459.54	104.393
459.74	103.550
459.95	102.724
460.16	101.989
460.37	101.291
460.58	100.656
460.79	100.056
461.00	99.493
461.21	99.036
461.41	98.646
461.62	98.335
461.83	98.127
462.04	98.004
462.25	97.910
462.46	97.926
462.67	98.043
462.88	98.234
463.08	98.521
463.29	98.845
463.50	99.242
463.71	99.735
463.92	100.250
464.13	100.799
464.34	101.406
464.54	102.064
464.75	102.752
464.96	103.442
465.17	104.153
465.38	104.851
465.59	105.589
465.80	106.302
466.00	106.991
466.21	107.653
466.42	108.278
466.63	108.928
466.84	109.516
467.05	110.053
467.26	110.532
467.46	110.901
467.67	111.254
467.88	111.565
468.09	111.770
468.30	111.942
468.51	112.045
468.71	112.053
468.92	111.998
469.13	111.860
469.34	111.669
469.55	111.380
469.76	111.062
469.96	110.645
470.17	110.175
470.38	109.659
470.59	109.066
470.80	108.419
471.00	107.764
471.21	107.037
471.42	106.296
471.63	105.523
471.84	104.747
472.05	103.932
472.25	103.099
472.46	102.278
472.67	101.415
472.88	100.614
473.09	99.801
473.29	98.989
473.50	98.238
473.71	97.494
473.92	96.796
474.13	96.142
474.33	95.556
474.54	95.017
474.75	94.538
474.96	94.111
475.17	93.757
475.37	93.426
475.58	93.191
475.79	93.031
476.00	92.937
476.21	92.927
476.41	92.978
476.62	93.109
476.83	93.291
477.04	93.582
477.24	93.892
477.45	94.275
477.66	94.701
477.87	95.159
478.08	95.691
478.28	96.230
478.49	96.824
478.70	97.453
478.91	98.079
479.11	98.716
479.32	99.398
479.53	100.054
479.74	100.748
479.94	101.398
480.15	102.016
480.36	102.619
480.57	103.199
480.78	103.775
480.98	104.263
481.19	104.724
481.40	105.127
481.61	105.519
481.81	105.847
482.02	106.116
482.23	106.360
482.44	106.501
482.64	106.618
482.85	106.655
483.06	106.606
483.27	106.535
483.47	106.417
483.68	106.212
483.89	105.952
484.10	105.620
484.30	105.249
484.51	104.804
484.72	104.342
484.92	103.793
485.13	103.225
485.34	102.630
485.55	101.986
485.75	101.320
485.96	100.595
486.17	99.861
486.38	99.126
486.58	98.355
486.79	97.598
487.00	96.827
487.20	96.055
487.41	95.314
487.62	94.577
487.83	93.848
488.03	93.141
488.24	92.472
488.45	91.820
488.65	91.201
488.86	90.637
489.07	90.104
489.28	89.631
489.48	89.194
489.69	88.849
489.90	88.531
490.10	88.284
490.31	88.100
490.52	87.950
490.73	87.869
490.93	87.853
491.14	87.890
491.35	87.990
491.55	88.140
491.76	88.342
491.97	88.592
492.17	88.880
492.38	89.229
492.59	89.617
492.79	90.062
493.00	90.540
493.21	91.049
493.41	91.576
493.62	92.126
493.83	92.702
494.04	93.252
494.24	93.837
494.45	94.424
494.66	94.988
494.86	95.585
495.07	96.140
495.28	96.706
495.48	97.234
495.69	97.744
495.90	98.238
496.10	98.699
496.31	99.113
496.52	99.487
496.72	99.851
496.93	100.167
497.14	100.424
497.34	100.618
497.55	100.792
497.76	100.909
497.96	100.972
498.17	100.979
498.37	100.948
498.58	100.841
498.79	100.683
498.99	100.500
499.20	100.245
499.41	99.944
499.61	99.575
499.82	99.182
500.03	98.728
500.23	98.260
500.44	97.729
500.65	97.176
500.85	96.603
501.06	95.969
501.26	95.324
501.47	94.654
501.68	93.987
501.88	93.279
502.09	92.577
502.30	91.862
502.50	91.150
502.71	90.445
502.91	89.751
503.12	89.063
503.33	88.386
503.53	87.745
503.74	87.112
503.95	86.501
504.15	85.924
504.36	85.377
504.56	84.856
504.77	84.396
504.98	83.955
505.18	83.570
505.39	83.226
505.59	82.929
505.80	82.683
506.01	82.486
506.21	82.346
506.42	82.253
506.62	82.205
506.83	82.206
507.04	82.265
507.24	82.362
507.45	82.519
507.65	82.718
507.86	82.943
508.07	83.224
508.27	83.549
508.48	83.901
508.68	84.305
508.89	84.725
509.10	85.163
509.30	85.630
509.51	86.105
509.71	86.600
509.92	87.107
510.12	87.619
510.33	88.139
510.54	88.654
510.74	89.174
510.95	89.682
511.15	90.182
511.36	90.680
511.56	91.164
511.77	91.615
511.98	92.050
512.18	92.470
512.39	92.860
512.59	93.217
512.80	93.539
513.00	93.823
513.21	94.068
513.42	94.287
513.62	94.461
513.83	94.604
514.03	94.694
514.24	94.735
514.44	94.729
514.65	94.695
514.85	94.618
515.06	94.501
515.26	94.331
515.47	94.127
515.68	93.870
515.88	93.576
516.09	93.242
516.29	92.874
516.50	92.464
516.70	92.016
516.91	91.539
517.11	91.039
517.32	90.514
517.52	89.966
517.73	89.411
517.93	88.827
518.14	88.226
518.34	87.622
518.55	87.011
518.76	86.400
518.96	85.765
519.17	85.129
519.37	84.493
519.58	83.886
519.78	83.272
519.99	82.660
520.19	82.071
520.40	81.517
520.60	80.972
520.81	80.453
521.01	79.953
521.22	79.498
521.42	79.069
521.63	78.669
521.83	78.303
522.04	77.964
522.24	77.684
522.45	77.441
522.65	77.241
522.86	77.087
523.06	76.968
523.27	76.901
523.47	76.871
523.68	76.883
523.88	76.927
524.09	77.019
524.29	77.158
524.50	77.335
524.70	77.542
524.91	77.783
525.11	78.071
525.32	78.397
525.52	78.740
525.72	79.128
525.93	79.536
526.13	79.972
526.34	80.409
526.54	80.883
526.75	81.346
526.95	81.830
527.16	82.312
527.36	82.808
527.57	83.300
527.77	83.793
527.98	84.295
528.18	84.789
528.39	85.264
528.59	85.742
528.79	86.194
529.00	86.642
529.20	87.067
529.41	87.492
529.61	87.882
529.82	88.235
530.02	88.556
530.23	88.859
530.43	89.121
530.64	89.366
530.84	89.560
531.04	89.720
531.25	89.868
531.45	89.983
531.66	90.058
531.86	90.092
532.07	90.081
532.27	90.032
532.47	89.957
532.68	89.861
532.88	89.724
533.09	89.553
533.29	89.328
533.50	89.075
533.70	88.755
533.90	88.431
534.11	88.091
534.31	87.718
534.52	87.307
534.72	86.900
534.93	86.464
535.13	85.992
535.33	85.526
535.54	85.008
535.74	84.489
535.95	83.945
536.15	83.419
536.35	82.882
536.56	82.339
536.76	81.774
536.97	81.227
537.17	80.669
537.37	80.119
537.58	79.594
537.78	79.074
537.99	78.575
538.19	78.071
538.39	77.583
538.60	77.118
538.80	76.692
539.01	76.259
539.21	75.863
539.41	75.506
539.62	75.162
539.82	74.860
540.03	74.579
540.23	74.351
540.43	74.138
540.64	73.981
540.84	73.846
541.04	73.759
541.25	73.714
541.45	73.699
541.66	73.715
541.86	73.771
542.06	73.867
542.27	73.996
542.47	74.175
542.67	74.366
542.88	74.598
543.08	74.855
543.28	75.156
543.49	75.472
543.69	75.818
543.90	76.201
544.10	76.584
544.30	77.018
544.51	77.448
544.71	77.921
544.91	78.376
545.12	78.858
545.32	79.356
545.52	79.831
545.73	80.337
545.93	80.840
546.13	81.318
546.34	81.792
546.54	82.266
546.74	82.725
546.95	83.201
547.15	83.661
547.35	84.091
547.56	84.528
547.76	84.956
547.96	85.352
548.17	85.736
548.37	86.112
548.57	86.429
548.78	86.734
548.98	87.004
549.18	87.242
549.39	87.452
549.59	87.631
549.79	87.805
550.00	87.929
550.20	88.053
550.40	88.126
550.61	88.177
550.81	88.191
551.01	88.176
551.22	88.129
551.42	88.041
551.62	87.930
551.82	87.770
552.03	87.594
552.23	87.388
552.43	87.148
552.64	86.883
552.84	86.592
553.04	86.270
553.25	85.928
553.45	85.556
553.65	85.168
553.85	84.779
554.06	84.361
554.26	83.920
554.46	83.445
554.67	82.978
554.87	82.491
555.07	82.013
555.27	81.514
555.48	81.009
555.68	80.513
555.88	80.006
556.09	79.508
556.29	78.989
556.49	78.492
556.69	77.983
556.90	77.486
557.10	77.022
557.30	76.581
557.50	76.130
557.71	75.722
557.91	75.326
558.11	74.926
558.31	74.560
558.52	74.221
558.72	73.913
558.92	73.629
559.13	73.375
559.33	73.141
559.53	72.930
559.73	72.763
559.94	72.616
560.14	72.499
560.34	72.407
560.54	72.354
560.75	72.340
560.95	72.351
561.15	72.408
561.35	72.478
561.55	72.569
561.76	72.704
561.96	72.849
562.16	73.044
562.36	73.275
562.57	73.519
562.77	73.790
562.97	74.087
563.17	74.398
563.38	74.726
563.58	75.084
563.78	75.465
563.98	75.855
564.18	76.258
564.39	76.684
564.59	77.116
564.79	77.572
564.99	78.017
565.20	78.469
565.40	78.905
565.60	79.351
565.80	79.819
566.00	80.267
566.21	80.718
566.41	81.145
566.61	81.576
566.81	82.005
567.01	82.422
567.22	82.834
567.42	83.232
567.62	83.602
567.82	83.959
568.02	84.301
568.23	84.620
568.43	84.920
568.63	85.210
568.83	85.460
569.03	85.679
569.24	85.884
569.44	86.077
569.64	86.249
569.84	86.403
570.04	86.501
570.24	86.591
570.45	86.658
570.65	86.700
570.85	86.709
571.05	86.680
571.25	86.622
571.45	86.530
571.66	86.432
571.86	86.314
572.06	86.150
572.26	85.972
572.46	85.776
572.66	85.564
572.87	85.308
573.07	85.049
573.27	84.765
573.47	84.465
573.67	84.133
573.87	83.778
574.08	83.398
574.28	83.029
574.48	82.634
574.68	82.218
574.88	81.795
575.08	81.343
575.28	80.897
575.49	80.453
575.69	80.002
575.89	79.527
576.09	79.071
576.29	78.600
576.49	78.128
576.69	77.653
576.90	77.186
577.10	76.731
577.30	76.280
577.50	75.845
577.70	75.405
577.90	74.984
578.10	74.593
578.30	74.210
578.51	73.839
578.71	73.495
578.91	73.164
579.11	72.847
579.31	72.559
579.51	72.287
579.71	72.045
579.91	71.815
580.12	71.622
580.32	71.451
580.52	71.319
580.72	71.195
580.92	71.100
581.12	71.019
581.32	70.977
581.52	70.975
581.72	70.980
581.92	71.017
582.13	71.092
582.33	71.170
582.53	71.289
582.73	71.422
582.93	71.585
583.13	71.778
583.33	72.003
583.53	72.245
583.73	72.512
583.93	72.799
584.13	73.111
584.34	73.451
584.54	73.775
584.74	74.110
584.94	74.487
585.14	74.870
585.34	75.267
585.54	75.640
585.74	76.030
585.94	76.446
586.14	76.877
586.34	77.292
586.54	77.732
586.74	78.169
586.94	78.612
587.15	79.060
587.35	79.491
587.55	79.915
587.75	80.341
587.95	80.745
588.15	81.139
588.35	81.521
588.55	81.900
588.75	82.279
588.95	82.648
589.15	82.995
589.35	83.331
589.55	83.649
589.75	83.986
589.95	84.276
590.15	84.548
590.35	84.790
590.55	85.026
590.75	85.229
590.95	85.407
591.15	85.567
591.35	85.692
591.56	85.798
591.76	85.884
591.96	85.943
592.16	85.993
592.36	86.013
592.56	86.022
592.76	85.991
592.96	85.952
593.16	85.869
593.36	85.773
593.56	85.663
593.76	85.538
593.96	85.368
594.16	85.198
594.36	85.004
594.56	84.786
594.76	84.549
594.96	84.304
595.16	84.024
595.36	83.735
595.56	83.418
595.76	83.084
595.96	82.725
596.16	82.377
596.36	82.003
596.56	81.631
596.76	81.225
596.96	80.819
597.16	80.409
597.36	80.007
597.56	79.584
597.76	79.147
597.96	78.710
598.16	78.276
598.36	77.841
598.56	77.397
598.76	76.968
598.96	76.545
599.16	76.123
599.36	75.729
599.56	75.332
599.76	74.941
599.96	74.566
600.15	74.204
600.35	73.852
600.55	73.519
600.75	73.177
600.95	72.870
601.15	72.567
601.35	72.272
601.55	72.000
601.75	71.762
601.95	71.534
602.15	71.335
602.35	71.136
602.55	70.969
602.75	70.830
602.95	70.701
603.15	70.585
603.35	70.506
603.55	70.438
603.75	70.386
603.95	70.366
604.15	70.369
604.35	70.405
604.54	70.449
604.74	70.538
604.94	70.639
605.14	70.754
605.34	70.898
605.54	71.074
605.74	71.271
605.94	71.475
606.14	71.709
606.34	71.952
606.54	72.226
606.74	72.516
606.94	72.818
607.14	73.146
607.33	73.496
607.53	73.841
607.73	74.192
607.93	74.550
608.13	74.923
608.33	75.308
608.53	75.683
608.73	76.079
608.93	76.453
609.13	76.850
609.33	77.254
609.52	77.661
609.72	78.060
609.92	78.449
610.12	78.846
610.32	79.240
610.52	79.645
610.72	80.026
610.92	80.404
611.12	80.777
611.31	81.139
611.51	81.492
611.71	81.836
611.91	82.187
612.11	82.534
612.31	82.869
612.51	83.176
612.71	83.485
612.91	83.762
613.10	84.040
613.30	84.324
613.50	84.573
613.70	84.800
613.90	85.001
614.10	85.186
614.30	85.340
614.50	85.484
614.69	85.585
614.89	85.686
615.09	85.767
615.29	85.829
615.49	85.870
615.69	85.887
615.89	85.895
616.08	85.881
616.28	85.838
616.48	85.776
616.68	85.691
616.88	85.588
617.08	85.466
617.27	85.339
617.47	85.171
617.67	84.991
617.87	84.788
618.07	84.584
618.27	84.364
618.47	84.139
618.66	83.884
618.86	83.632
619.06	83.348
619.26	83.063
619.46	82.762
619.66	82.436
619.85	82.101
620.05	81.753
620.25	81.380
620.45	81.014
620.65	80.631
620.84	80.270
621.04	79.892
621.24	79.531
621.44	79.129
621.64	78.718
621.84	78.325
622.03	77.927
622.23	77.535
622.43	77.140
622.63	76.750
622.83	76.361
623.02	75.976
623.22	75.603
623.42	75.212
623.62	74.842
623.82	74.494
624.01	74.142
624.21	73.797
624.41	73.474
624.61	73.162
624.81	72.872
625.00	72.573
625.20	72.292
625.40	72.013
625.60	71.766
625.79	71.543
625.99	71.341
626.19	71.144
626.39	70.965
626.59	70.802
626.78	70.670
626.98	70.553
627.18	70.446
627.38	70.369
627.57	70.334
627.77	70.299
627.97	70.278
628.17	70.291
628.37	70.317
628.56	70.376
628.76	70.440
628.96	70.520
629.16	70.620
629.35	70.762
629.55	70.913
629.75	71.085
629.95	71.274
630.14	71.468
630.34	71.693
630.54	71.930
630.74	72.176
630.93	72.436
631.13	72.705
631.33	72.987
631.53	73.262
631.72	73.551
631.92	73.864
632.12	74.195
632.31	74.522
632.51	74.882
632.71	75.235
632.91	75.592
633.10	75.959
633.30	76.346
633.50	76.703
633.70	77.088
633.89	77.461
634.09	77.848
634.29	78.229
634.48	78.606
634.68	78.996
634.88	79.383
635.08	79.771
635.27	80.165
635.47	80.554
635.67	80.948
635.86	81.335
636.06	81.705
636.26	82.055
636.46	82.408
636.65	82.742
636.85	83.085
637.05	83.414
637.24	83.715
637.44	84.011
637.64	84.302
637.83	84.588
638.03	84.865
638.23	85.100
638.43	85.339
638.62	85.554
638.82	85.738
639.02	85.919
639.21	86.075
639.41	86.211
639.61	86.347
639.80	86.463
640.00	86.556
640.20	86.657
640.39	86.748
640.59	86.809
640.79	86.857
640.98	86.873
641.18	86.883
641.38	86.890
641.57	86.859
641.77	86.814
641.97	86.735
642.16	86.647
642.36	86.555
642.56	86.444
642.75	86.334
642.95	86.195
643.15	86.043
643.34	85.889
643.54	85.713
643.74	85.506
643.93	85.293
644.13	85.046
644.33	84.777
644.52	84.507
644.72	84.236
644.91	83.948
645.11	83.638
645.31	83.329
645.50	83.018
645.70	82.703
645.90	82.385
646.09	82.050
646.29	81.703
646.48	81.349
646.68	80.980
646.88	80.612
647.07	80.248
647.27	79.876
647.47	79.493
647.66	79.124
647.86	78.746
648.05	78.379
648.25	78.022
648.45	77.661
648.64	77.290
648.84	76.936
649.04	76.572
649.23	76.216
649.43	75.870
649.62	75.519
649.82	75.168
650.02	74.833
650.21	74.511
650.41	74.216
650.60	73.929
650.80	73.670
651.00	73.390
651.19	73.140
651.39	72.896
651.58	72.663
651.78	72.451
651.97	72.270
652.17	72.085
652.37	71.908
652.56	71.768
652.76	71.634
652.95	71.513
653.15	71.433
653.35	71.356
653.54	71.287
653.74	71.228
653.93	71.197
654.13	71.184
654.32	71.174
654.52	71.165
654.72	71.189
654.91	71.222
655.11	71.284
655.30	71.365
655.50	71.462
655.69	71.577
655.89	71.688
656.08	71.812
656.28	71.963
656.48	72.137
656.67	72.312
656.87	72.507
657.06	72.698
657.26	72.899
657.45	73.130
657.65	73.377
657.84	73.647
658.04	73.912
658.23	74.195
658.43	74.498
658.62	74.815
658.82	75.130
659.02	75.452
659.21	75.794
659.41	76.125
659.60	76.467
659.80	76.815
659.99	77.194
660.19	77.563
660.38	77.938
660.58	78.299
660.77	78.680
660.97	79.044
661.16	79.417
661.36	79.778
661.55	80.154
661.75	80.523
661.94	80.879
662.14	81.251
662.33	81.623
662.53	81.980
662.72	82.335
662.92	82.679
663.11	83.008
663.31	83.348
663.50	83.686
663.70	84.023
663.89	84.351
664.09	84.652
664.28	84.963
664.48	85.248
664.67	85.550
664.87	85.808
665.06	86.081
665.26	86.331
665.45	86.578
665.65	86.804
665.84	87.035
666.04	87.245
666.23	87.416
666.43	87.566
666.62	87.714
666.82	87.842
667.01	87.964
667.21	88.079
667.40	88.160
667.59	88.249
667.79	88.299
667.98	88.324
668.18	88.341
668.37	88.336
668.57	88.349
668.76	88.324
668.96	88.284
669.15	88.230
669.35	88.188
669.54	88.107
669.73	88.024
669.93	87.917
670.12	87.809
670.32	87.711
670.51	87.583
670.71	87.447
670.90	87.304
671.10	87.148
671.29	86.967
671.48	86.772
671.68	86.559
671.87	86.349
672.07	86.124
672.26	85.924
672.46	85.688
672.65	85.434
672.84	85.172
673.04	84.915
673.23	84.644
673.43	84.350
673.62	84.069
673.82	83.776
674.01	83.449
674.20	83.131
674.40	82.793
674.59	82.467
674.79	82.144
674.98	81.807
675.17	81.468
675.37	81.140
675.56	80.808
675.76	80.470
675.95	80.111
676.14	79.778
676.34	79.408
676.53	79.064
676.73	78.709
676.92	78.352
677.11	78.001
677.31	77.653
677.50	77.323
677.70	76.984
677.89	76.643
678.08	76.335
678.28	76.030
678.47	75.741
678.66	75.460
678.86	75.185
679.05	74.911
679.25	74.658
679.44	74.412
679.63	74.192
679.83	73.965
680.02	73.770
680.21	73.577
680.41	73.396
680.60	73.209
680.79	73.044
680.99	72.898
681.18	72.752
681.38	72.631
681.57	72.534
681.76	72.454
681.96	72.388
682.15	72.324
682.34	72.259
682.54	72.209
682.73	72.184
682.92	72.156
683.12	72.166
683.31	72.182
683.50	72.211
683.70	72.250
683.89	72.292
684.08	72.359
684.28	72.441
684.47	72.534
684.66	72.654
684.86	72.786
685.05	72.935
685.24	73.102
685.44	73.266
685.63	73.437
685.82	73.629
686.02	73.819
686.21	74.055
686.40	74.292
686.60	74.550
686.79	74.810
686.98	75.083
687.18	75.362
687.37	75.642
687.56	75.922
687.75	76.219
687.95	76.527
688.14	76.832
688.33	77.155
688.53	77.480
688.72	77.825
688.91	78.165
689.11	78.496
689.30	78.862
689.49	79.229
689.68	79.591
689.88	79.940
690.07	80.299
690.26	80.635
690.46	80.992
690.65	81.326
690.84	81.670
691.03	82.022
691.23	82.361
691.42	82.706
691.61	83.057
691.80	83.385
692.00	83.718
692.19	84.037
692.38	84.354
692.58	84.675
692.77	84.976
692.96	85.267
693.15	85.567
693.35	85.840
693.54	86.131
693.73	86.418
693.92	86.681
694.12	86.954
694.31	87.201
694.50	87.463
694.69	87.693
694.89	87.911
695.08	88.113
695.27	88.332
695.46	88.523
695.66	88.713
695.85	88.898
696.04	89.075
696.23	89.262
696.43	89.419
696.62	89.544
696.81	89.666
697.00	89.788
697.19	89.899
697.39	89.984
697.58	90.053
697.77	90.097
697.96	90.159
698.16	90.188
698.35	90.242
698.54	90.245
698.73	90.276
698.92	90.259
699.12	90.246
699.31	90.207
699.50	90.163
699.69	90.110
699.89	90.040
700.08	89.965
700.27	89.859
700.46	89.762
700.65	89.654
700.85	89.551
701.04	89.422
701.23	89.270
701.42	89.116
701.61	88.950
701.81	88.774
702.00	88.582
702.19	88.386
702.38	88.155
702.57	87.945
702.76	87.696
702.96	87.470
703.15	87.218
703.34	86.951
703.53	86.681
703.72	86.383
703.92	86.087
704.11	85.784
704.30	85.471
704.49	85.158
704.68	84.851
704.87	84.509
705.07	84.180
705.26	83.854
705.45	83.555
705.64	83.220
705.83	82.911
706.02	82.588
706.21	82.281
706.41	81.960
706.60	81.621
706.79	81.310
706.98	80.999
707.17	80.677
707.36	80.366
707.56	80.072
707.75	79.775
707.94	79.482
708.13	79.197
708.32	78.931
708.51	78.648
708.70	78.389
708.89	78.128
709.09	77.867
709.28	77.620
709.47	77.332
709.66	77.070
709.85	76.813
710.04	76.564
710.23	76.299
710.42	76.082
710.62	75.860
710.81	75.619
711.00	75.394
711.19	75.196
711.38	74.997
711.57	74.796
711.76	74.613
711.95	74.457
712.15	74.306
712.34	74.158
712.53	74.023
712.72	73.890
712.91	73.795
713.10	73.699
713.29	73.614
713.48	73.543
713.67	73.507
713.86	73.481
714.05	73.455
714.25	73.447
714.44	73.425
714.63	73.429
714.82	73.473
715.01	73.518
715.20	73.590
715.39	73.654
715.58	73.738
715.77	73.841
715.96	73.941
716.15	74.043
716.34	74.143
716.54	74.268
716.73	74.405
716.92	74.532
717.11	74.683
717.30	74.847
717.49	75.030
717.68	75.221
717.87	75.381
718.06	75.598
718.25	75.825
718.44	76.057
718.63	76.304
718.82	76.539
719.01	76.779
719.20	77.027
719.39	77.295
719.58	77.562
719.77	77.821
719.96	78.074
720.16	78.349
720.35	78.645
720.54	78.930
720.73	79.224
720.92	79.523
721.11	79.845
721.30	80.153
721.49	80.464
721.68	80.783
721.87	81.128
722.06	81.444
722.25	81.758
722.44	82.086
722.63	82.397
722.82	82.704
723.01	83.003
723.20	83.291
723.39	83.595
723.58	83.923
723.77	84.250
723.96	84.582
724.15	84.921
724.34	85.238
724.53	85.557
724.72	85.846
724.91	86.164
725.10	86.475
725.29	86.765
725.48	87.084
725.67	87.348
725.86	87.597
726.05	87.861
726.24	88.112
726.43	88.349
726.62	88.590
726.81	88.859
727.00	89.109
727.19	89.367
727.38	89.605
727.57	89.813
727.76	90.012
727.95	90.205
728.14	90.363
728.33	90.528
728.52	90.684
728.71	90.840
728.90	90.985
729.09	91.091
729.28	91.187
729.47	91.269
729.65	91.364
729.84	91.465
730.03	91.549
730.22	91.626
730.41	91.704
730.60	91.772
730.79	91.787
730.98	91.819
731.17	91.851
731.36	91.847
731.55	91.830
731.74	91.815
731.93	91.788
732.12	91.756
732.31	91.731
732.50	91.711
732.69	91.689
732.88	91.618
733.06	91.544
733.25	91.481
733.44	91.411
733.63	91.307
733.82	91.199
734.01	91.063
734.20	90.926
734.39	90.762
734.58	90.608
734.77	90.471
734.96	90.298
735.15	90.104
735.33	89.910
735.52	89.728
735.71	89.526
735.90	89.309
736.09	89.082
736.28	88.828
736.47	88.568
736.66	88.298
736.85	88.039
737.04	87.751
737.23	87.476
737.41	87.174
737.60	86.915
737.79	86.614
737.98	86.336
738.17	86.054
738.36	85.796
738.55	85.518
738.74	85.236
738.92	84.952
739.11	84.672
739.30	84.377
739.49	84.066
739.68	83.779
739.87	83.514
740.06	83.250
740.25	82.960
740.43	82.688
740.62	82.399
740.81	82.102
741.00	81.842
741.19	81.548
741.38	81.258
741.57	80.959
741.75	80.696
741.94	80.408
742.13	80.118
742.32	79.812
742.51	79.530
742.70	79.256
742.89	78.994
743.07	78.723
743.26	78.465
743.45	78.192
743.64	77.948
743.83	77.679
744.02	77.394
744.20	77.160
744.39	76.917
744.58	76.695
744.77	76.493
744.96	76.306
745.15	76.150
745.33	75.999
745.52	75.848
745.71	75.693
745.90	75.551
746.09	75.437
746.28	75.327
746.46	75.192
746.65	75.060
746.84	74.954
747.03	74.848
747.22	74.768
747.40	74.715
747.59	74.642
747.78	74.588
747.97	74.579
748.16	74.560
748.34	74.524
748.53	74.517
748.72	74.516
748.91	74.499
749.10	74.486
749.28	74.497
749.47	74.533
749.66	74.562
749.85	74.587
750.04	74.618
750.22	74.658
750.41	74.728
750.60	74.817
750.79	74.882
750.97	74.968
751.16	75.073
751.35	75.168
751.54	75.269
751.73	75.403
751.91	75.519
752.10	75.678
752.29	75.820
752.48	75.983
752.66	76.153
752.85	76.328
753.04	76.509
753.23	76.715
753.41	76.888
753.60	77.106
753.79	77.335
753.98	77.549
754.16	77.780
754.35	78.004
754.54	78.226
754.73	78.483
754.91	78.743
755.10	78.995
755.29	79.269
755.48	79.527
755.66	79.791
755.85	80.066
756.04	80.310
756.22	80.593
756.41	80.853
756.60	81.117
756.79	81.410
756.97	81.703
757.16	81.951
757.35	82.244
757.54	82.526
757.72	82.803
757.91	83.097
758.10	83.387
758.28	83.673
758.47	83.954
758.66	84.261
758.85	84.546
759.03	84.836
759.22	85.121
759.41	85.417
759.59	85.705
759.78	85.986
759.97	86.257
760.15	86.521
760.34	86.818
760.53	87.083
760.71	87.326
760.90	87.597
761.09	87.862
761.28	88.120
761.46	88.367
761.65	88.621
761.84	88.877
762.02	89.125
762.21	89.389
762.40	89.611
762.58	89.808
762.77	90.011
762.96	90.219
763.14	90.441
763.33	90.638
763.52	90.802
763.70	90.954
763.89	91.127
764.08	91.304
764.26	91.422
764.45	91.582
764.64	91.740
764.82	91.853
765.01	91.970
765.20	92.058
765.38	92.157
765.57	92.223
765.75	92.295
765.94	92.336
766.13	92.393
766.31	92.467
766.50	92.516
766.69	92.595
766.87	92.660
767.06	92.688
767.25	92.729
767.43	92.789
767.62	92.846
767.80	92.879
767.99	92.878
768.18	92.878
768.36	92.861
768.55	92.835
768.74	92.800
768.92	92.767
769.11	92.762
769.29	92.717
769.48	92.696
769.67	92.622
769.85	92.582
770.04	92.458
770.22	92.349
770.41	92.217
770.60	92.060
770.78	91.887
770.97	91.729
771.15	91.571
771.34	91.372
771.53	91.204
771.71	91.023
771.90	90.862
772.08	90.746
772.27	90.573
772.46	90.376
772.64	90.185
772.83	89.986
773.01	89.731
773.20	89.501
773.39	89.274
773.57	89.044
773.76	88.799
773.94	88.613
774.13	88.376
774.31	88.127
774.50	87.913
774.68	87.670
774.87	87.422
775.06	87.128
775.24	86.871
775.43	86.576
775.61	86.284
775.80	86.003
775.98	85.682
776.17	85.378
776.36	85.088
776.54	84.803
776.73	84.501
776.91	84.226
777.10	83.949
777.28	83.633
777.47	83.350
777.65	83.058
777.84	82.753
778.02	82.478
778.21	82.212
778.39	81.909
778.58	81.638
778.77	81.373
778.95	81.136
779.14	80.896
779.32	80.664
779.51	80.432
779.69	80.176
779.88	79.943
780.06	79.716
780.25	79.478
780.43	79.235
780.62	79.024
780.80	78.794
780.99	78.563
781.17	78.338
781.36	78.108
781.54	77.899
781.73	77.655
781.91	77.446
782.10	77.250
782.28	77.053
782.47	76.858
782.65	76.640
782.84	76.439
783.02	76.251
783.21	76.081
783.39	75.917
783.58	75.757
783.76	75.582
783.95	75.434
784.13	75.325
784.32	75.212
784.50	75.088
784.69	75.008
784.87	74.922
785.05	74.858
785.24	74.795
785.42	74.744
785.61	74.698
785.79	74.661
785.98	74.633
786.16	74.588
786.35	74.580
786.53	74.575
786.72	74.562
786.90	74.557
787.09	74.536
787.27	74.547
787.45	74.579
787.64	74.606
787.82	74.623
788.01	74.645
788.19	74.687
788.38	74.733
788.56	74.724
788.75	74.778
788.93	74.849
789.11	74.886
789.30	74.921
789.48	74.996
789.67	75.077
789.85	75.145
790.04	75.268
790.22	75.364
790.40	75.484
790.59	75.594
790.77	75.717
790.96	75.871
791.14	76.011
791.32	76.140
791.51	76.291
791.69	76.461
791.88	76.630
792.06	76.802
792.25	76.966
792.43	77.188
792.61	77.375
792.80	77.538
792.98	77.763
793.17	77.967
793.35	78.142
793.53	78.331
793.72	78.570
793.90	78.781
794.08	78.989
794.27	79.203
794.45	79.446
794.64	79.668
794.82	79.888
795.00	80.080
795.19	80.313
795.37	80.534
795.55	80.713
795.74	80.944
795.92	81.179
796.11	81.438
796.29	81.683
796.47	81.922
796.66	82.152
796.84	82.409
797.02	82.673
797.21	82.956
797.39	83.220
797.58	83.464
797.76	83.696
797.94	83.963
798.13	84.220
798.31	84.495
798.49	84.732
798.68	84.968
798.86	85.255
799.04	85.479
799.23	85.733
799.41	86.001
799.59	86.229
799.78	86.421
799.96	86.636
800.14	86.863
800.33	87.090
800.51	87.343
800.69	87.528
800.88	87.746
801.06	87.971
801.24	88.142
801.43	88.329
801.61	88.502
801.79	88.663
801.98	88.827
802.16	89.001
802.34	89.200
802.52	89.384
802.71	89.514
802.89	89.694
803.07	89.852
803.26	89.991
803.44	90.113
803.62	90.260
803.81	90.386
803.99	90.469
804.17	90.547
804.35	90.619
804.54	90.692
804.72	90.784
804.90	90.857
805.09	90.971
805.27	91.075
805.45	91.177
805.63	91.241
805.82	91.305
806.00	91.297
806.18	91.326
806.37	91.366
806.55	91.370
806.73	91.393
806.91	91.394
807.10	91.421
807.28	91.436
807.46	91.446
807.64	91.430
807.83	91.429
808.01	91.424
808.19	91.359
808.37	91.311
808.56	91.238
808.74	91.178
808.92	91.108
809.10	90.991
809.29	90.919
809.47	90.841
809.65	90.715
809.83	90.660
810.02	90.540
810.20	90.433
810.38	90.341
810.56	90.210
810.75	90.120
810.93	90.007
811.11	89.880
811.29	89.756
811.47	89.626
811.66	89.465
811.84	89.322
812.02	89.253
812.20	89.135
812.39	89.019
812.57	88.883
812.75	88.750
812.93	88.653
813.11	88.501
813.30	88.371
813.48	88.266
813.66	88.099
813.84	87.946
814.02	87.772
814.21	87.620
814.39	87.421
814.57	87.226
814.75	87.017
814.93	86.820
815.12	86.605
815.30	86.395
815.48	86.193
815.66	85.969
815.84	85.713
816.03	85.471
816.21	85.192
816.39	84.947
816.57	84.647
816.75	84.340
816.93	84.057
817.12	83.746
817.30	83.430
817.48	83.133
817.66	82.878
817.84	82.618
818.02	82.374
818.21	82.105
818.39	81.849
818.57	81.586
818.75	81.367
818.93	81.110
819.11	80.848
819.30	80.602
819.48	80.378
819.66	80.163
819.84	79.969
820.02	79.752
820.20	79.526
820.38	79.308
820.57	79.101
820.75	78.917
820.93	78.727
821.11	78.536
821.29	78.357
821.47	78.145
821.65	77.934
821.83	77.714
822.02	77.531
822.20	77.326
822.38	77.160
822.56	76.912
822.74	76.700
822.92	76.466
823.10	76.269
823.28	76.032
823.46	75.806
823.65	75.572
823.83	75.378
824.01	75.170
824.19	74.968
824.37	74.763
824.55	74.536
824.73	74.351
824.91	74.163
825.09	73.977
825.27	73.800
825.46	73.603
825.64	73.408
825.82	73.248
826.00	73.065
826.18	72.906
826.36	72.773
826.54	72.652
826.72	72.582
826.90	72.484
827.08	72.411
827.26	72.340
827.44	72.252
827.63	72.170
827.81	72.114
827.99	72.083
828.17	72.027
828.35	71.988
828.53	71.943
828.71	71.935
828.89	71.906
829.07	71.886
829.25	71.869
829.43	71.882
829.61	71.870
829.79	71.866
829.97	71.869
830.15	71.848
830.33	71.855
830.51	71.843
830.69	71.849
830.87	71.803
831.06	71.818
831.24	71.838
831.42	71.858
831.60	71.854
831.78	71.891
831.96	71.948
832.14	72.014
832.32	72.082
832.50	72.128
832.68	72.174
832.86	72.214
833.04	72.307
833.22	72.364
833.40	72.458
833.58	72.537
833.76	72.606
833.94	72.732
834.12	72.854
834.30	72.981
834.48	73.086
834.66	73.257
834.84	73.348
835.02	73.494
835.20	73.641
835.38	73.810
835.56	73.962
835.74	74.127
835.92	74.294
836.10	74.442
836.28	74.598
836.46	74.785
836.64	74.962
836.82	75.100
837.00	75.270
837.18	75.433
837.36	75.626
837.54	75.808
837.72	75.994
837.90	76.179
838.08	76.364
838.26	76.550
838.43	76.719
838.61	76.930
838.79	77.125
838.97	77.322
839.15	77.517
839.33	77.704
839.51	77.849
839.69	78.019
839.87	78.212
840.05	78.426
840.23	78.616
840.41	78.806
840.59	78.977
840.77	79.177
840.95	79.352
841.13	79.519
841.31	79.688
841.49	79.827
841.67	79.961
841.84	80.133
842.02	80.261
842.20	80.461
842.38	80.592
842.56	80.733
842.74	80.886
842.92	80.984
843.10	81.121
843.28	81.310
843.46	81.448
843.64	81.536
843.82	81.668
843.99	81.780
844.17	81.948
844.35	82.178
844.53	82.340
844.71	82.534
844.89	82.657
845.07	82.841
845.25	83.033
845.43	83.215
845.61	83.371
845.78	83.587
845.96	83.747
846.14	83.936
846.32	84.125
846.50	84.273
846.68	84.499
846.86	84.661
847.04	84.809
847.22	84.902
847.39	85.085
847.57	85.196
847.75	85.312
847.93	85.376
848.11	85.456
848.29	85.589
848.47	85.643
848.65	85.783
848.82	85.827
849.00	85.897
849.18	85.933
849.36	85.966
849.54	86.023
849.72	86.007
849.89	86.052
850.07	86.110
850.25	86.116
850.43	86.088
850.61	86.084
850.79	86.045
850.97	86.116
851.14	86.136
851.32	86.131
851.50	86.153
851.68	86.205
851.86	86.257
852.04	86.224
852.21	86.255
852.39	86.266
852.57	86.325
852.75	86.336
852.93	86.348
853.10	86.340
853.28	86.296
853.46	86.296
853.64	86.236
853.82	86.146
854.00	86.162
854.17	86.105
854.35	86.029
854.53	85.996
854.71	85.910
854.89	85.789
855.06	85.751
855.24	85.694
855.42	85.607
855.60	85.464
855.78	85.375
855.95	85.260
856.13	85.151
856.31	84.972
856.49	84.822
856.66	84.726
856.84	84.565
857.02	84.497
857.20	84.424
857.38	84.260
857.55	84.129
857.73	83.911
857.91	83.810
858.09	83.648
858.26	83.499
858.44	83.364
858.62	83.239
858.80	83.055
858.97	82.890
859.15	82.708
859.33	82.498
859.51	82.341
859.68	82.161
859.86	81.974
860.04	81.805
860.22	81.614
860.39	81.409
860.57	81.200
860.75	80.927
860.93	80.699
861.10	80.570
861.28	80.394
861.46	80.189
861.64	79.992
861.81	79.844
861.99	79.634
862.17	79.418
862.35	79.221
862.52	79.069
862.70	78.863
862.88	78.701
863.05	78.504
863.23	78.282
863.41	78.092
863.59	77.874
863.76	77.716
863.94	77.516
864.12	77.323
864.29	77.164
864.47	76.959
864.65	76.774
864.83	76.513
865.00	76.282
865.18	76.115
865.36	75.925
865.53	75.727
865.71	75.582
865.89	75.382
866.06	75.172
866.24	74.928
866.42	74.723
866.59	74.479
866.77	74.326
866.95	74.126
867.12	73.886
867.30	73.718
867.48	73.483
867.65	73.291
867.83	73.075
868.01	72.898
868.18	72.700
868.36	72.495
868.54	72.347
868.71	72.199
868.89	72.040
869.07	71.855
869.24	71.679
869.42	71.478
869.60	71.321
869.77	71.202
869.95	71.047
870.13	70.901
870.30	70.793
870.48	70.596
870.66	70.447
870.83	70.337
871.01	70.148
871.18	70.025
871.36	69.900
871.54	69.759
871.71	69.631
871.89	69.533
872.07	69.368
872.24	69.235
872.42	69.143
872.59	69.027
872.77	68.896
872.95	68.800
873.12	68.667
873.30	68.535
873.48	68.430
873.65	68.336
873.83	68.232
874.00	68.112
874.18	68.035
874.36	67.972
874.53	67.895
874.71	67.823
874.88	67.752
875.06	67.709
875.24	67.704
875.41	67.650
875.59	67.613
875.76	67.628
875.94	67.586
876.11	67.469
876.29	67.372
876.47	67.345
876.64	67.284
876.82	67.232
876.99	67.200
877.17	67.156
877.35	67.128
877.52	67.090
877.70	67.049
877.87	67.037
878.05	67.032
878.22	67.038
878.40	67.072
878.57	67.058
878.75	67.023
878.93	66.978
879.10	66.993
879.28	67.003
879.45	67.011
879.63	66.996
879.80	67.001
879.98	67.058
880.15	67.066
880.33	67.113
880.50	67.163
880.68	67.257
880.86	67.326
881.03	67.403
881.21	67.488
881.38	67.574
881.56	67.735
881.73	67.789
881.91	67.845
882.08	67.912
882.26	68.047
882.43	68.173
882.61	68.342
882.78	68.441
882.96	68.579
883.13	68.698
883.31	68.845
883.48	69.032
883.66	69.183
883.83	69.346
884.01	69.461
884.18	69.681
884.36	69.832
884.53	69.946
884.71	70.088
884.88	70.190
885.06	70.341
885.23	70.410
885.41	70.549
885.58	70.670
885.76	70.821
885.93	70.894
886.11	71.058
886.28	71.155
886.46	71.287
886.63	71.409
886.81	71.524
886.98	71.703
887.15	71.809
887.33	71.975
887.50	72.169
887.68	72.317
887.85	72.399
888.03	72.534
888.20	72.701
888.38	72.857
888.55	73.031
888.73	73.113
888.90	73.240
889.08	73.372
889.25	73.494
889.42	73.632
889.60	73.825
889.77	73.892
889.95	74.028
890.12	74.107
890.30	74.191
890.47	74.267
890.64	74.391
890.82	74.534
890.99	74.638
891.17	74.724
891.34	74.858
891.52	74.968
891.69	75.102
891.86	75.217
892.04	75.312
892.21	75.468
892.39	75.703
892.56	75.871
892.73	75.968
892.91	76.105
893.08	76.306
893.26	76.390
893.43	76.566
893.60	76.666
893.78	76.843
893.95	77.011
894.13	77.256
894.30	77.404
894.47	77.605
894.65	77.737
894.82	77.895
895.00	78.019
895.17	78.197
895.34	78.356
895.52	78.528
895.69	78.645
895.86	78.769
896.04	78.814
896.21	78.961
896.39	79.152
896.56	79.328
896.73	79.324
896.91	79.390
897.08	79.475
897.25	79.651
897.43	79.709
897.60	79.804
897.77	79.821
897.95	79.815
898.12	79.808
898.30	79.915
898.47	79.925
898.64	79.971
898.82	79.980
898.99	79.964
899.16	79.954
899.34	79.952
899.51	79.885
899.68	79.859
899.86	79.814
900.03	79.743
900.20	79.691
900.38	79.739
900.55	79.815
900.72	79.770
900.90	79.704
901.07	79.795
901.24	79.760
901.41	79.777
901.59	79.802
901.76	79.805
901.93	79.763
902.11	79.708
902.28	79.719
902.45	79.823
902.63	79.868
902.80	79.840
902.97	79.851
903.15	79.939
903.32	80.021
903.49	80.024
903.66	80.070
903.84	80.095
904.01	80.077
904.18	80.061
904.36	80.091
904.53	80.069
904.70	80.003
904.87	79.993
905.05	79.914
905.22	79.930
905.39	79.902
905.56	79.830
905.74	79.793
905.91	79.702
906.08	79.568
906.26	79.461
906.43	79.380
906.60	79.273
906.77	79.110
906.95	78.995
907.12	78.872
907.29	78.716
907.46	78.681
907.64	78.572
907.81	78.458
907.98	78.272
908.15	78.170
908.33	78.053
908.50	77.926
908.67	77.830
908.84	77.698
909.01	77.549
909.19	77.475
909.36	77.354
909.53	77.228
909.70	77.010
909.88	76.909
910.05	76.745
910.22	76.673
910.39	76.564
910.57	76.462
910.74	76.375
910.91	76.318
911.08	76.113
911.25	75.979
911.43	75.856
911.60	75.743
911.77	75.596
911.94	75.375
912.11	75.232
912.29	75.027
912.46	74.792
912.63	74.579
912.80	74.354
912.97	74.172
913.15	74.030
913.32	73.906
913.49	73.697
913.66	73.616
913.83	73.398
914.00	73.191
914.18	72.997
914.35	72.804
914.52	72.540
914.69	72.329
914.86	72.123
915.03	71.913
915.21	71.768
915.38	71.560
915.55	71.479
915.72	71.301
915.89	71.179
916.06	71.096
916.24	71.012
916.41	70.855
916.58	70.753
916.75	70.550
916.92	70.389
917.09	70.188
917.26	69.921
917.44	69.726
917.61	69.600
917.78	69.384
917.95	69.222
918.12	69.045
918.29	68.941
918.46	68.745
918.64	68.590
918.81	68.464
918.98	68.322
919.15	68.139
919.32	67.989
919.49	67.760
919.66	67.554
919.83	67.364
920.00	67.178
920.18	67.016
920.35	66.979
920.52	66.852
920.69	66.812
920.86	66.791
921.03	66.681
921.20	66.525
921.37	66.419
921.54	66.171
921.71	66.065
921.89	65.907
922.06	65.852
922.23	65.734
922.40	65.589
922.57	65.402
922.74	65.297
922.91	65.215
923.08	65.151
923.25	65.072
923.42	64.984
923.59	64.962
923.76	64.765
923.93	64.556
924.11	64.386
924.28	64.235
924.45	64.111
924.62	64.091
924.79	64.006
924.96	63.840
925.13	63.810
925.30	63.711
925.47	63.552
925.64	63.455
925.81	63.378
925.98	63.332
926.15	63.303
926.32	63.149
926.49	63.040
926.66	62.958
926.83	62.844
927.00	62.800
927.17	62.684
927.34	62.723
927.51	62.688
927.69	62.736
927.86	62.708
928.03	62.581
928.20	62.529
928.37	62.453
928.54	62.500
928.71	62.467
928.88	62.472
929.05	62.508
929.22	62.501
929.39	62.457
929.56	62.372
929.73	62.328
929.90	62.376
930.07	62.368
930.24	62.334
930.41	62.341
930.58	62.387
930.75	62.436
930.92	62.384
931.09	62.369
931.26	62.319
931.43	62.278
931.60	62.292
931.77	62.247
931.94	62.306
932.11	62.327
932.27	62.351
932.44	62.373
932.61	62.401
932.78	62.358
932.95	62.464
933.12	62.414
933.29	62.455
933.46	62.460
933.63	62.404
933.80	62.422
933.97	62.442
934.14	62.407
934.31	62.350
934.48	62.388
934.65	62.414
934.82	62.474
934.99	62.521
935.16	62.582
935.33	62.657
935.50	62.786
935.67	62.857
935.84	62.906
936.00	62.926
936.17	62.994
936.34	63.111
936.51	63.074
936.68	63.148
936.85	63.172
937.02	63.281
937.19	63.343
937.36	63.477
937.53	63.475
937.70	63.577
937.87	63.673
938.03	63.685
938.20	63.744
938.37	63.821
938.54	63.882
938.71	63.943
938.88	64.060
939.05	63.976
939.22	63.921
939.39	63.999
939.56	64.159
939.72	64.214
939.89	64.267
940.06	64.352
940.23	64.417
940.40	64.520
940.57	64.656
940.74	64.800
940.91	64.864
941.08	65.051
941.24	65.121
941.41	65.291
941.58	65.520
941.75	65.659
941.92	65.811
942.09	65.938
942.26	66.027
942.42	66.062
942.59	66.288
942.76	66.648
942.93	66.808
943.10	66.839
943.27	66.997
943.44	67.122
943.60	67.284
943.77	67.304
943.94	67.513
944.11	67.546
944.28	67.622
944.45	67.747
944.61	67.828
944.78	67.859
944.95	67.897
945.12	68.092
945.29	68.212
945.46	68.164
945.62	68.201
945.79	68.427
945.96	68.711
946.13	68.841
946.30	68.843
946.46	68.989
946.63	69.099
946.80	69.223
946.97	69.399
947.14	69.505
947.31	70.010
947.47	70.226
947.64	70.402
947.81	70.581
947.98	70.752
948.15	70.858
948.31	71.112
948.48	71.256
948.65	71.231
948.82	71.352
948.98	71.517
949.15	71.812
949.32	71.844
949.49	71.834
949.66	71.920
949.82	71.981
949.99	72.117
950.16	72.216
950.33	72.184
950.49	72.241
950.66	72.185
950.83	72.032
951.00	71.861
951.16	71.662
951.33	71.686
951.50	71.617
951.67	71.695
951.83	71.694
952.00	71.710
952.17	71.664
952.34	71.681
952.50	71.843
952.67	71.796
952.84	71.841
953.01	71.780
953.17	71.800
953.34	71.901
953.51	71.801
953.68	71.741
953.84	71.688
954.01	71.660
954.18	71.621
954.34	71.686
954.51	71.796
954.68	71.951
954.85	71.979
955.01	72.155
955.18	72.368
955.35	72.146
955.51	72.114
955.68	72.212
955.85	72.388
956.02	72.256
956.18	72.296
956.35	72.230
956.52	72.286
956.68	72.265
956.85	72.113
957.02	72.176
957.18	72.210
957.35	72.230
957.52	72.311
957.69	72.408
957.85	72.462
958.02	72.336
958.19	72.236
958.35	72.220
958.52	71.952
958.69	71.628
958.85	71.822
959.02	71.866
959.19	71.652
959.35	71.507
959.52	71.556
959.69	71.538
959.85	71.576
960.02	71.588
960.19	71.485
960.35	71.484
960.52	71.372
960.68	71.330
960.85	71.438
961.02	71.163
961.18	71.171
961.35	70.967
961.52	70.994
961.68	71.046
961.85	70.917
962.02	71.001
962.18	71.031
962.35	70.782
962.51	70.653
962.68	70.692
962.85	70.617
963.01	70.353
963.18	70.268
963.35	69.905
963.51	69.725
963.68	69.691
963.84	69.420
964.01	69.500
964.18	69.356
964.34	69.126
964.51	68.967
964.67	68.759
964.84	68.662
965.01	68.456
965.17	68.152
965.34	68.197
965.50	67.908
965.67	67.872
965.84	67.882
966.00	67.982
966.17	68.082
966.33	67.888
966.50	67.791
966.66	67.711
966.83	67.786
967.00	67.701
967.16	67.538
967.33	67.486
967.49	67.278
967.66	67.474
967.82	67.320
967.99	67.514
968.16	67.518
968.32	67.419
968.49	67.217
968.65	67.406
968.82	67.256
968.98	67.327
969.15	66.990
969.31	66.723
969.48	66.487
969.64	66.147
969.81	66.199
969.98	66.140
970.14	65.790
970.31	65.757
970.47	65.494
970.64	65.314
970.80	65.390
970.97	64.852
971.13	64.511
971.30	64.379
971.46	64.154
971.63	63.955
971.79	64.044
971.96	64.064
972.12	63.759
972.29	63.365
972.45	63.232
972.62	63.244
972.78	63.308
972.95	62.901
973.11	62.715
973.28	62.549
973.44	62.590
973.61	62.834
973.77	62.627
973.94	62.629
974.10	62.722
974.27	62.686
974.43	62.986
974.60	62.944
974.76	62.942
974.93	62.945
975.09	62.797
975.26	62.524
975.42	62.486
975.59	62.340
975.75	62.705
975.92	62.622
976.08	62.189
976.24	62.027
976.41	61.868
976.57	61.874
976.74	61.731
976.90	61.363
977.07	60.842
977.23	60.822
977.40	60.694
977.56	60.153
977.73	59.795
977.89	59.546
978.05	59.231
978.22	59.050
978.38	58.729
978.55	58.445
978.71	58.201
978.88	58.201
979.04	58.100
979.20	57.877
979.37	57.768
979.53	57.719
979.70	57.789
979.86	58.072
980.03	57.933
980.19	57.829
980.35	57.820
980.52	57.669
980.68	57.669
980.85	57.673
981.01	57.792
981.17	57.729
981.34	57.557
981.50	57.407
981.67	57.493
981.83	57.320
981.99	57.351
982.16	57.263
982.32	56.403
982.49	56.468
982.65	56.251
982.81	56.428
982.98	56.488
983.14	56.402
983.30	55.973
983.47	55.992
983.63	55.782
983.80	55.634
983.96	55.563
984.12	56.034
984.29	56.079
984.45	56.244
984.61	56.042
984.78	56.327
984.94	56.616
985.10	56.991
985.27	56.898
985.43	57.363
985.59	57.730
985.76	58.371
985.92	58.612
986.08	58.958
986.25	58.447
986.41	59.058
986.57	58.485
986.74	58.825
986.90	58.781
987.06	58.663
987.23	58.666
987.39	58.429
987.55	57.405
987.72	57.115
987.88	56.319
988.04	56.714
988.21	57.059
988.37	56.821
988.53	56.164
988.70	56.562
988.86	55.934
989.02	55.520
989.19	55.084
989.35	55.033
989.51	54.328
989.67	54.282
989.84	53.687
990.00	53.761
990.16	54.113
990.33	54.164
990.49	54.599
990.65	54.750
990.82	55.106
990.98	55.278
991.14	55.288
991.30	56.175
991.47	55.626
991.63	55.582
991.79	56.449
991.95	56.634
992.12	56.639
992.28	56.890
992.44	57.072
992.61	57.282
992.77	57.202
992.93	57.796
993.09	57.987
993.26	58.108
993.42	58.779
993.58	58.261
993.74	57.999
993.91	57.637
994.07	57.357
994.23	57.735
994.39	57.898
994.55	58.094
994.72	57.652
994.88	57.735
995.04	57.274
995.20	56.961
995.37	56.616
995.53	56.757
995.69	56.636
995.85	56.176
996.02	56.333
996.18	56.887
996.34	56.572
996.50	56.667
996.66	57.663
996.83	57.059
996.99	56.379
997.15	57.143
997.31	57.136
997.47	57.637
997.64	57.415
997.80	57.596
997.96	58.141
998.12	58.471
998.28	59.401
998.45	59.961
998.61	59.763
998.77	59.665
998.93	59.888
999.09	61.070
999.25	61.426
999.42	62.473
999.58	62.170
999.74	62.099
999.90	61.931
1000.06	61.190
1000.22	61.764
1000.39	62.669
1000.55	62.278
1000.71	63.212
1000.87	62.986
1001.03	62.713
1001.19	62.667
1001.36	62.232
1001.52	61.698
1001.68	61.292
1001.84	61.694
1002.00	60.743
1002.16	60.931
1002.32	60.111
1002.49	58.418
1002.65	58.521
1002.81	57.968
1002.97	57.834
1003.13	57.603
1003.29	58.585
1003.45	58.351
1003.62	58.801
1003.78	58.540
1003.94	59.153
1004.10	57.953
1004.26	58.196
1004.42	58.318
1004.58	58.529
1004.74	59.113
1004.90	60.832
1005.07	60.714
1005.23	59.525
1005.39	60.942
1005.55	61.720
1005.71	61.539
1005.87	62.907
1006.03	63.592
1006.19	63.632
1006.35	62.987
1006.51	64.093
1006.67	63.958
1006.84	63.817
1007.00	63.392
1007.16	64.668
1007.32	62.932
1007.48	64.141
1007.64	65.321
1007.80	65.133
1007.96	63.913
1008.12	64.034
1008.28	62.242
1008.44	63.319
1008.60	64.012
1008.76	62.529
1008.92	61.162
1009.09	61.121
1009.25	60.434
1009.41	59.781
1009.57	60.440
1009.73	61.279
1009.89	61.977
1010.05	62.540
1010.21	64.257
1010.37	63.896
1010.53	64.908
1010.69	66.948
1010.85	66.572
1011.01	65.235
1011.17	64.467
1011.33	66.898
1011.49	67.122
1011.65	67.088
1011.81	66.628
1011.97	66.841
1012.13	69.568
1012.29	71.667
1012.45	73.390
1012.61	77.365
1012.77	75.402
1012.93	75.099
1013.09	74.292
1013.25	74.022
1013.41	75.117
1013.57	72.468
1013.73	72.330
1013.89	68.431
1014.05	70.084
1014.21	67.751
1014.37	66.047
1014.53	64.916
1014.69	64.409
1014.85	64.595
1015.01	67.361
1015.17	69.723
1015.33	70.645
1015.49	69.282
1015.65	70.417
1015.81	70.958
1015.97	67.119
1016.13	70.005
1016.29	68.551
1016.45	69.646
1016.61	70.477
1016.77	67.417
1016.93	68.500
1017.09	67.969
1017.25	69.253
1017.41	68.028
1017.56	70.330
1017.72	77.534
1017.88	79.531
1018.04	80.659
1018.20	79.161
1018.36	78.376
1018.52	75.603
1018.68	77.160
1018.84	78.742
1019.00	77.167
1019.16	78.356
1019.32	81.859
1019.48	82.711
1019.64	86.874
1019.79	83.597
1019.95	79.562
1020.11	84.727
1020.27	85.242
1020.43	91.408
1020.59	93.641
1020.75	91.839
1020.91	95.309
1021.07	86.855
1021.23	87.266
1021.39	83.110
1021.54	88.259
1021.70	86.183
1021.86	86.028
1022.02	83.764
1022.18	80.719
1022.34	83.076
1022.50	81.524
1022.66	78.409
1022.82	78.436
1022.97	76.667
1023.13	79.873
1023.29	85.395
1023.45	84.728
1023.61	85.079
1023.77	83.222
1023.93	83.423
1024.08	84.248
1024.24	82.010
1024.40	84.497
1024.56	92.782
1024.72	96.636
1024.88	85.276
1025.04	91.368
1025.19	87.328
1025.35	83.957
1025.51	87.311
1025.67	91.015
1025.83	86.880
1025.99	90.505
1026.14	87.471
1026.30	97.151
1026.46	99.992
1026.62	92.210
1026.78	82.987
1026.94	79.027
1027.09	76.275
1027.25	74.473
1027.41	74.876
1027.57	73.783
1027.73	72.387
1027.89	67.006
1028.04	65.638
1028.20	64.684
1028.36	65.167
1028.52	64.954
1028.68	64.091
1028.83	65.378
1028.99	61.802
1029.15	63.094
1029.31	62.353
1029.47	65.023
1029.62	63.913
1029.78	63.836
1029.94	64.703
1030.10	67.586
1030.25	70.131
1030.41	73.843
1030.57	76.195
1030.73	78.887
1030.89	80.272
1031.04	83.319
1031.20	87.980
1031.36	96.158
1031.52	103.186
1031.67	105.433
1031.83	111.114
1031.99	125.592
1032.15	110.041
1032.30	123.039
1032.46	141.460
1032.62	129.509
1032.78	116.218
1032.93	132.381
1033.09	113.350
1033.25	108.373
1033.41	111.704
1033.56	110.979
1033.72	21.029
1033.88	255.595
1034.04	63.502
1034.19	47.485
1034.35	84.854
1034.51	-35.942
1034.66	50.496
1034.82	1017.500
1034.98	1017.500
1035.14	1017.500
