345.22	43.494
345.43	43.494
345.65	43.494
345.86	46.008
346.08	126.420
346.29	8.261
346.51	24.204
346.72	25.682
346.94	-252.051
347.15	-62.993
347.37	145.725
347.58	177.453
347.80	204.749
348.01	176.045
348.23	123.581
348.44	114.446
348.66	105.564
348.87	107.118
349.09	99.965
349.30	88.860
349.52	83.606
349.73	86.716
349.95	86.173
350.16	88.625
350.38	85.194
350.59	79.070
350.81	78.610
351.02	77.599
351.24	76.788
351.45	76.002
351.67	78.327
351.88	77.169
352.10	73.541
352.31	72.648
352.53	75.956
352.74	77.278
352.96	78.527
353.17	77.465
353.39	78.545
353.60	81.116
353.82	82.104
354.03	82.159
354.25	78.163
354.46	73.597
354.67	70.743
354.89	69.158
355.10	73.204
355.32	72.052
355.53	73.696
355.75	75.681
355.96	77.194
356.18	76.587
356.39	76.456
356.61	80.350
356.82	79.832
357.04	75.943
357.25	76.271
357.46	75.536
357.68	75.069
357.89	73.510
358.11	71.748
358.32	74.474
358.54	72.641
358.75	73.803
358.97	76.046
359.18	78.976
359.40	78.536
359.61	79.245
359.82	80.538
360.04	80.056
360.25	77.762
360.47	73.662
360.68	72.791
360.90	73.394
361.11	71.344
361.32	71.586
361.54	75.065
361.75	74.723
361.97	75.918
362.18	76.915
362.40	78.324
362.61	79.798
362.83	79.624
363.04	80.522
363.25	82.044
363.47	83.183
363.68	80.327
363.90	83.924
364.11	83.789
364.32	83.924
364.54	82.557
364.75	79.767
364.97	83.586
365.18	82.810
365.40	80.127
365.61	80.304
365.82	81.181
366.04	79.966
366.25	79.642
366.47	78.120
366.68	76.700
366.89	77.181
367.11	75.151
367.32	75.875
367.54	73.778
367.75	73.346
367.96	72.074
368.18	72.794
368.39	71.883
368.61	72.163
368.82	73.215
369.03	75.487
369.25	79.063
369.46	79.554
369.68	80.137
369.89	81.379
370.10	81.728
370.32	81.673
370.53	81.478
370.75	77.904
370.96	79.771
371.17	80.547
371.39	78.773
371.60	79.120
371.81	79.386
372.03	81.748
372.24	82.393
372.46	85.345
372.67	86.822
372.88	85.604
373.10	85.087
373.31	83.426
373.52	82.948
373.74	81.434
373.95	80.785
374.17	82.186
374.38	84.165
374.59	84.848
374.81	83.229
375.02	81.729
375.23	84.604
375.45	82.266
375.66	80.092
375.87	81.075
376.09	81.390
376.30	79.893
376.52	81.078
376.73	78.306
376.94	76.951
377.16	77.691
377.37	81.196
377.58	81.313
377.80	82.987
378.01	84.361
378.22	86.126
378.44	87.062
378.65	88.902
378.86	89.001
379.08	89.448
379.29	90.140
379.50	93.240
379.72	93.641
379.93	97.103
380.14	100.500
380.36	101.737
380.57	103.417
380.78	104.133
381.00	105.141
381.21	107.074
381.42	108.152
381.64	108.655
381.85	108.565
382.06	108.897
382.28	108.999
382.49	108.713
382.70	109.298
382.92	109.588
383.13	109.078
383.34	109.749
383.56	110.750
383.77	112.063
383.98	111.765
384.20	112.931
384.41	113.084
384.62	113.373
384.83	114.021
385.05	114.492
385.26	115.436
385.47	116.281
385.69	117.197
385.90	118.122
386.11	118.875
386.33	119.813
386.54	120.663
386.75	121.375
386.97	122.504
387.18	123.270
387.39	124.165
387.60	124.605
387.82	125.101
388.03	125.505
388.24	126.008
388.46	126.408
388.67	126.523
388.88	126.476
389.09	126.357
389.31	126.085
389.52	125.810
389.73	125.279
389.95	124.820
390.16	124.293
390.37	123.805
390.58	123.312
390.80	122.582
391.01	122.039
391.22	121.472
391.44	120.581
391.65	119.839
391.86	119.128
392.07	118.818
392.29	118.330
392.50	117.837
392.71	117.340
392.92	117.082
393.14	116.728
393.35	116.580
393.56	116.591
393.78	116.664
393.99	116.955
394.20	117.345
394.41	117.653
394.63	117.981
394.84	118.558
395.05	119.283
395.26	119.955
395.48	120.659
395.69	121.334
395.90	122.286
396.11	123.150
396.33	123.978
396.54	124.841
396.75	125.563
396.96	126.293
397.18	126.948
397.39	127.565
397.60	128.188
397.81	128.690
398.03	129.019
398.24	129.279
398.45	129.363
398.66	129.378
398.87	129.342
399.09	129.185
399.30	128.794
399.51	128.226
399.72	127.718
399.94	127.106
400.15	126.420
400.36	125.574
400.57	124.705
400.79	123.828
401.00	122.815
401.21	121.909
401.42	120.983
401.63	120.046
401.85	119.162
402.06	118.402
402.27	117.654
402.48	117.028
402.69	116.483
402.91	115.969
403.12	115.499
403.33	115.259
403.54	115.171
403.76	115.050
403.97	115.126
404.18	115.338
404.39	115.657
404.60	116.099
404.82	116.667
405.03	117.321
405.24	117.985
405.45	118.747
405.66	119.561
405.88	120.400
406.09	121.328
406.30	122.153
406.51	122.894
406.72	123.699
406.94	124.446
407.15	125.131
407.36	125.848
407.57	126.496
407.78	126.986
407.99	127.325
408.21	127.646
408.42	127.865
408.63	127.994
408.84	127.929
409.05	127.804
409.27	127.465
409.48	126.989
409.69	126.433
409.90	125.877
410.11	125.214
410.32	124.489
410.54	123.617
410.75	122.694
410.96	121.746
411.17	120.745
411.38	119.747
411.59	118.770
411.81	117.711
412.02	116.695
412.23	115.727
412.44	114.846
412.65	114.105
412.86	113.426
413.08	112.756
413.29	112.170
413.50	111.747
413.71	111.461
413.92	111.255
414.13	111.177
414.34	111.173
414.56	111.211
414.77	111.407
414.98	111.691
415.19	112.185
415.40	112.776
415.61	113.426
415.82	114.107
416.04	114.872
416.25	115.642
416.46	116.478
416.67	117.388
416.88	118.245
417.09	119.092
417.30	119.873
417.52	120.698
417.73	121.424
417.94	122.087
418.15	122.700
418.36	123.326
418.57	123.766
418.78	124.116
418.99	124.450
419.21	124.649
419.42	124.777
419.63	124.756
419.84	124.618
420.05	124.361
420.26	123.980
420.47	123.454
420.68	122.943
420.89	122.324
421.11	121.552
421.32	120.823
421.53	119.968
421.74	119.113
421.95	118.225
422.16	117.356
422.37	116.470
422.58	115.502
422.79	114.538
423.01	113.671
423.22	112.814
423.43	112.046
423.64	111.320
423.85	110.681
424.06	110.139
424.27	109.653
424.48	109.275
424.69	109.076
424.90	108.959
425.11	108.929
425.33	109.021
425.54	109.186
425.75	109.411
425.96	109.743
426.17	110.189
426.38	110.709
426.59	111.301
426.80	111.962
427.01	112.716
427.22	113.548
427.43	114.472
427.64	115.347
427.85	116.191
428.07	117.084
428.28	117.925
428.49	118.767
428.70	119.596
428.91	120.376
429.12	121.062
429.33	121.739
429.54	122.341
429.75	122.849
429.96	123.358
430.17	123.762
430.38	124.070
430.59	124.208
430.80	124.244
431.01	124.199
431.22	124.080
431.44	123.841
431.65	123.511
431.86	123.046
432.07	122.543
432.28	121.968
432.49	121.305
432.70	120.571
432.91	119.739
433.12	118.847
433.33	117.925
433.54	117.029
433.75	116.101
433.96	115.182
434.17	114.172
434.38	113.228
434.59	112.318
434.80	111.427
435.01	110.681
435.22	109.990
435.43	109.366
435.64	108.790
435.85	108.297
436.06	107.886
436.27	107.590
436.48	107.397
436.69	107.253
436.90	107.243
437.11	107.343
437.33	107.540
437.54	107.844
437.75	108.276
437.96	108.710
438.17	109.228
438.38	109.773
438.59	110.460
438.80	111.150
439.01	111.949
439.22	112.820
439.43	113.555
439.64	114.350
439.85	115.159
440.06	115.938
440.27	116.757
440.48	117.498
440.69	118.205
440.90	118.866
441.11	119.536
441.32	120.094
441.53	120.584
441.74	120.982
441.95	121.342
442.16	121.588
442.37	121.729
442.58	121.816
442.79	121.830
443.00	121.742
443.21	121.579
443.42	121.248
443.62	120.764
443.83	120.380
444.04	119.867
444.25	119.282
444.46	118.622
444.67	117.868
444.88	117.100
445.09	116.265
445.30	115.390
445.51	114.456
445.72	113.506
445.93	112.609
446.14	111.686
446.35	110.731
446.56	109.858
446.77	109.016
446.98	108.173
447.19	107.358
447.40	106.634
447.61	105.917
447.82	105.299
448.03	104.794
448.24	104.314
448.45	103.926
448.66	103.639
448.87	103.425
449.08	103.327
449.29	103.303
449.49	103.370
449.70	103.535
449.91	103.765
450.12	104.104
450.33	104.466
450.54	104.929
450.75	105.477
450.96	106.035
451.17	106.666
451.38	107.326
451.59	108.041
451.80	108.740
452.01	109.492
452.22	110.271
452.43	111.010
452.64	111.732
452.84	112.461
453.05	113.137
453.26	113.821
453.47	114.425
453.68	115.008
453.89	115.536
454.10	115.966
454.31	116.377
454.52	116.683
454.73	116.954
454.94	117.105
455.15	117.163
455.36	117.135
455.56	117.047
455.77	116.866
455.98	116.624
456.19	116.319
456.40	115.947
456.61	115.509
456.82	114.963
457.03	114.373
457.24	113.704
457.45	113.009
457.65	112.211
457.86	111.415
458.07	110.586
458.28	109.671
458.49	108.808
458.70	107.880
458.91	106.976
459.12	106.063
459.33	105.148
459.54	104.287
459.74	103.454
459.95	102.633
460.16	101.909
460.37	101.231
460.58	100.609
460.79	100.022
461.00	99.477
461.21	99.037
461.41	98.665
461.62	98.370
461.83	98.175
462.04	98.066
462.25	97.984
462.46	98.016
462.67	98.153
462.88	98.359
463.08	98.662
463.29	98.991
463.50	99.402
463.71	99.902
463.92	100.429
464.13	100.981
464.34	101.591
464.54	102.252
464.75	102.940
464.96	103.634
465.17	104.350
465.38	105.045
465.59	105.782
465.80	106.492
466.00	107.168
466.21	107.820
466.42	108.436
466.63	109.071
466.84	109.650
467.05	110.168
467.26	110.632
467.46	110.984
467.67	111.330
467.88	111.627
468.09	111.816
468.30	111.974
468.51	112.068
468.71	112.066
468.92	111.993
469.13	111.846
469.34	111.640
469.55	111.337
469.76	111.008
469.96	110.580
470.17	110.093
470.38	109.575
470.59	108.974
470.80	108.326
471.00	107.672
471.21	106.945
471.42	106.208
471.63	105.435
471.84	104.658
472.05	103.842
472.25	103.011
472.46	102.192
472.67	101.332
472.88	100.535
473.09	99.725
473.29	98.923
473.50	98.179
473.71	97.449
473.92	96.763
474.13	96.118
474.33	95.542
474.54	95.016
474.75	94.548
474.96	94.137
475.17	93.791
475.37	93.474
475.58	93.248
475.79	93.099
476.00	93.020
476.21	93.027
476.41	93.089
476.62	93.231
476.83	93.425
477.04	93.728
477.24	94.044
477.45	94.434
477.66	94.873
477.87	95.334
478.08	95.866
478.28	96.407
478.49	97.004
478.70	97.637
478.91	98.265
479.11	98.906
479.32	99.585
479.53	100.234
479.74	100.922
479.94	101.567
480.15	102.176
480.36	102.765
480.57	103.333
480.78	103.900
480.98	104.376
481.19	104.826
481.40	105.217
481.61	105.600
481.81	105.916
482.02	106.171
482.23	106.401
482.44	106.529
482.64	106.632
482.85	106.658
483.06	106.597
483.27	106.514
483.47	106.385
483.68	106.171
483.89	105.903
484.10	105.560
484.30	105.184
484.51	104.733
484.72	104.268
484.92	103.712
485.13	103.139
485.34	102.540
485.55	101.893
485.75	101.225
485.96	100.499
486.17	99.766
486.38	99.029
486.58	98.260
486.79	97.510
487.00	96.742
487.20	95.973
487.41	95.236
487.62	94.507
487.83	93.779
488.03	93.078
488.24	92.417
488.45	91.776
488.65	91.162
488.86	90.610
489.07	90.087
489.28	89.625
489.48	89.200
489.69	88.866
489.90	88.559
490.10	88.323
490.31	88.146
490.52	88.008
490.73	87.940
490.93	87.933
491.14	87.981
491.35	88.092
491.55	88.254
491.76	88.467
491.97	88.722
492.17	89.020
492.38	89.376
492.59	89.772
492.79	90.220
493.00	90.701
493.21	91.214
493.41	91.741
493.62	92.293
493.83	92.870
494.04	93.421
494.24	94.005
494.45	94.584
494.66	95.151
494.86	95.744
495.07	96.293
495.28	96.855
495.48	97.374
495.69	97.873
495.90	98.353
496.10	98.804
496.31	99.206
496.52	99.569
496.72	99.924
496.93	100.229
497.14	100.474
497.34	100.659
497.55	100.820
497.76	100.928
497.96	100.980
498.17	100.977
498.37	100.935
498.58	100.817
498.79	100.652
498.99	100.457
499.20	100.189
499.41	99.880
499.61	99.502
499.82	99.099
500.03	98.640
500.23	98.169
500.44	97.632
500.65	97.079
500.85	96.501
501.06	95.862
501.26	95.213
501.47	94.544
501.68	93.874
501.88	93.168
502.09	92.467
502.30	91.756
502.50	91.046
502.71	90.345
502.91	89.658
503.12	88.975
503.33	88.304
503.53	87.671
503.74	87.046
503.95	86.444
504.15	85.877
504.36	85.338
504.56	84.827
504.77	84.377
504.98	83.946
505.18	83.575
505.39	83.240
505.59	82.953
505.80	82.718
506.01	82.535
506.21	82.403
506.42	82.322
506.62	82.284
506.83	82.291
507.04	82.356
507.24	82.461
507.45	82.623
507.65	82.829
507.86	83.061
508.07	83.347
508.27	83.676
508.48	84.034
508.68	84.444
508.89	84.868
509.10	85.308
509.30	85.776
509.51	86.254
509.71	86.750
509.92	87.256
510.12	87.769
510.33	88.285
510.54	88.797
510.74	89.312
510.95	89.813
511.15	90.311
511.36	90.805
511.56	91.283
511.77	91.724
511.98	92.154
512.18	92.567
512.39	92.947
512.59	93.295
512.80	93.608
513.00	93.880
513.21	94.115
513.42	94.324
513.62	94.487
513.83	94.619
514.03	94.698
514.24	94.731
514.44	94.715
514.65	94.670
514.85	94.584
515.06	94.457
515.26	94.283
515.47	94.070
515.68	93.805
515.88	93.504
516.09	93.164
516.29	92.788
516.50	92.374
516.70	91.925
516.91	91.446
517.11	90.943
517.32	90.416
517.52	89.863
517.73	89.307
517.93	88.724
518.14	88.122
518.34	87.520
518.55	86.910
518.76	86.299
518.96	85.667
519.17	85.033
519.37	84.400
519.58	83.795
519.78	83.182
519.99	82.579
520.19	81.995
520.40	81.452
520.60	80.918
520.81	80.407
521.01	79.912
521.22	79.465
521.42	79.045
521.63	78.653
521.83	78.298
522.04	77.969
522.24	77.698
522.45	77.463
522.65	77.275
522.86	77.129
523.06	77.019
523.27	76.960
523.47	76.942
523.68	76.961
523.88	77.012
524.09	77.113
524.29	77.261
524.50	77.443
524.70	77.653
524.91	77.896
525.11	78.187
525.32	78.519
525.52	78.866
525.72	79.258
525.93	79.670
526.13	80.109
526.34	80.550
526.54	81.022
526.75	81.485
526.95	81.968
527.16	82.445
527.36	82.941
527.57	83.431
527.77	83.915
527.98	84.414
528.18	84.904
528.39	85.374
528.59	85.844
528.79	86.292
529.00	86.733
529.20	87.151
529.41	87.570
529.61	87.952
529.82	88.298
530.02	88.607
530.23	88.903
530.43	89.154
530.64	89.389
530.84	89.575
531.04	89.726
531.25	89.864
531.45	89.972
531.66	90.039
531.86	90.065
532.07	90.049
532.27	89.993
532.47	89.907
532.68	89.805
532.88	89.665
533.09	89.485
533.29	89.254
533.50	88.998
533.70	88.671
533.90	88.342
534.11	87.999
534.31	87.624
534.52	87.209
534.72	86.798
534.93	86.361
535.13	85.887
535.33	85.420
535.54	84.904
535.74	84.388
535.95	83.839
536.15	83.317
536.35	82.780
536.56	82.241
536.76	81.683
536.97	81.138
537.17	80.581
537.37	80.038
537.58	79.518
537.78	79.005
537.99	78.512
538.19	78.013
538.39	77.529
538.60	77.073
538.80	76.653
539.01	76.231
539.21	75.842
539.41	75.493
539.62	75.158
539.82	74.864
540.03	74.591
540.23	74.372
540.43	74.167
540.64	74.022
540.84	73.892
541.04	73.812
541.25	73.773
541.45	73.766
541.66	73.788
541.86	73.850
542.06	73.951
542.27	74.087
542.47	74.274
542.67	74.471
542.88	74.707
543.08	74.971
543.28	75.274
543.49	75.594
543.69	75.942
543.90	76.328
544.10	76.714
544.30	77.148
544.51	77.581
544.71	78.053
544.91	78.507
545.12	78.989
545.32	79.483
545.52	79.957
545.73	80.462
545.93	80.962
546.13	81.437
546.34	81.908
546.54	82.377
546.74	82.831
546.95	83.302
547.15	83.754
547.35	84.175
547.56	84.604
547.76	85.025
547.96	85.413
548.17	85.792
548.37	86.160
548.57	86.469
548.78	86.762
548.98	87.024
549.18	87.255
549.39	87.459
549.59	87.633
549.79	87.799
550.00	87.916
550.20	88.033
550.40	88.096
550.61	88.140
550.81	88.145
551.01	88.121
551.22	88.064
551.42	87.973
551.62	87.856
551.82	87.692
552.03	87.513
552.23	87.303
552.43	87.054
552.64	86.784
552.84	86.491
553.04	86.168
553.25	85.822
553.45	85.445
553.65	85.055
553.85	84.664
554.06	84.245
554.26	83.803
554.46	83.328
554.67	82.864
554.87	82.378
555.07	81.901
555.27	81.404
555.48	80.901
555.68	80.406
555.88	79.903
556.09	79.408
556.29	78.892
556.49	78.397
556.69	77.893
556.90	77.401
557.10	76.940
557.30	76.505
557.50	76.061
557.71	75.660
557.91	75.270
558.11	74.877
558.31	74.518
558.52	74.185
558.72	73.885
558.92	73.609
559.13	73.363
559.33	73.140
559.53	72.938
559.73	72.779
559.94	72.641
560.14	72.530
560.34	72.446
560.54	72.400
560.75	72.393
560.95	72.414
561.15	72.476
561.35	72.553
561.55	72.649
561.76	72.790
561.96	72.941
562.16	73.137
562.36	73.374
562.57	73.621
562.77	73.897
562.97	74.196
563.17	74.510
563.38	74.840
563.58	75.201
563.78	75.584
563.98	75.974
564.18	76.374
564.39	76.801
564.59	77.233
564.79	77.687
564.99	78.130
565.20	78.578
565.40	79.015
565.60	79.458
565.80	79.924
566.00	80.368
566.21	80.818
566.41	81.243
566.61	81.669
566.81	82.095
567.01	82.505
567.22	82.910
567.42	83.303
567.62	83.666
567.82	84.015
568.02	84.346
568.23	84.663
568.43	84.961
568.63	85.244
568.83	85.491
569.03	85.704
569.24	85.904
569.44	86.089
569.64	86.252
569.84	86.398
570.04	86.490
570.24	86.573
570.45	86.630
570.65	86.665
570.85	86.663
571.05	86.629
571.25	86.566
571.45	86.469
571.66	86.367
571.86	86.243
572.06	86.073
572.26	85.889
572.46	85.687
572.66	85.468
572.87	85.209
573.07	84.946
573.27	84.656
573.47	84.350
573.67	84.017
573.87	83.659
574.08	83.277
574.28	82.904
574.48	82.511
574.68	82.094
574.88	81.671
575.08	81.223
575.28	80.777
575.49	80.333
575.69	79.883
575.89	79.408
576.09	78.954
576.29	78.487
576.49	78.020
576.69	77.549
576.90	77.089
577.10	76.638
577.30	76.190
577.50	75.761
577.70	75.327
577.90	74.909
578.10	74.524
578.30	74.148
578.51	73.784
578.71	73.445
578.91	73.123
579.11	72.813
579.31	72.533
579.51	72.266
579.71	72.030
579.91	71.807
580.12	71.623
580.32	71.459
580.52	71.334
580.72	71.217
580.92	71.130
581.12	71.052
581.32	71.015
581.52	71.020
581.72	71.033
581.92	71.077
582.13	71.161
582.33	71.244
582.53	71.366
582.73	71.504
582.93	71.674
583.13	71.870
583.33	72.098
583.53	72.338
583.73	72.610
583.93	72.900
584.13	73.214
584.34	73.553
584.54	73.877
584.74	74.211
584.94	74.588
585.14	74.972
585.34	75.371
585.54	75.748
585.74	76.137
585.94	76.552
586.14	76.982
586.34	77.394
586.54	77.832
586.74	78.268
586.94	78.710
587.15	79.152
587.35	79.580
587.55	80.000
587.75	80.423
587.95	80.822
588.15	81.211
588.35	81.588
588.55	81.961
588.75	82.338
588.95	82.704
589.15	83.044
589.35	83.374
589.55	83.683
589.75	84.011
589.95	84.297
590.15	84.560
590.35	84.795
590.55	85.026
590.75	85.222
590.95	85.393
591.15	85.544
591.35	85.662
591.56	85.763
591.76	85.842
591.96	85.898
592.16	85.942
592.36	85.960
592.56	85.964
592.76	85.931
592.96	85.886
593.16	85.798
593.36	85.696
593.56	85.579
593.76	85.454
593.96	85.279
594.16	85.104
594.36	84.907
594.56	84.688
594.76	84.446
594.96	84.199
595.16	83.914
595.36	83.623
595.56	83.306
595.76	82.967
595.96	82.610
596.16	82.257
596.36	81.884
596.56	81.510
596.76	81.103
596.96	80.696
597.16	80.286
597.36	79.886
597.56	79.465
597.76	79.031
597.96	78.594
598.16	78.163
598.36	77.726
598.56	77.285
598.76	76.855
598.96	76.438
599.16	76.018
599.36	75.631
599.56	75.237
599.76	74.849
599.96	74.480
600.15	74.122
600.35	73.778
600.55	73.446
600.75	73.112
600.95	72.813
601.15	72.514
601.35	72.226
601.55	71.956
601.75	71.723
601.95	71.499
602.15	71.306
602.35	71.112
602.55	70.955
602.75	70.825
602.95	70.704
603.15	70.592
603.35	70.517
603.55	70.455
603.75	70.409
603.95	70.397
604.15	70.406
604.35	70.446
604.54	70.495
604.74	70.591
604.94	70.696
605.14	70.812
605.34	70.961
605.54	71.141
605.74	71.345
605.94	71.554
606.14	71.792
606.34	72.039
606.54	72.315
606.74	72.609
606.94	72.911
607.14	73.238
607.33	73.588
607.53	73.935
607.73	74.287
607.93	74.646
608.13	75.017
608.33	75.404
608.53	75.777
608.73	76.175
608.93	76.548
609.13	76.942
609.33	77.345
609.52	77.747
609.72	78.142
609.92	78.526
610.12	78.921
610.32	79.312
610.52	79.710
610.72	80.086
610.92	80.459
611.12	80.827
611.31	81.189
611.51	81.540
611.71	81.880
611.91	82.224
612.11	82.567
612.31	82.897
612.51	83.197
612.71	83.501
612.91	83.772
613.10	84.043
613.30	84.321
613.50	84.567
613.70	84.792
613.90	84.989
614.10	85.169
614.30	85.316
614.50	85.455
614.69	85.555
614.89	85.654
615.09	85.728
615.29	85.787
615.49	85.821
615.69	85.832
615.89	85.835
616.08	85.817
616.28	85.769
616.48	85.701
616.68	85.612
616.88	85.506
617.08	85.381
617.27	85.252
617.47	85.079
617.67	84.889
617.87	84.682
618.07	84.474
618.27	84.252
618.47	84.025
618.66	83.770
618.86	83.513
619.06	83.226
619.26	82.938
619.46	82.634
619.66	82.307
619.85	81.972
620.05	81.623
620.25	81.248
620.45	80.880
620.65	80.499
620.84	80.140
621.04	79.763
621.24	79.403
621.44	79.004
621.64	78.595
621.84	78.209
622.03	77.813
622.23	77.421
622.43	77.030
622.63	76.643
622.83	76.256
623.02	75.871
623.22	75.503
623.42	75.118
623.62	74.752
623.82	74.406
624.01	74.057
624.21	73.718
624.41	73.402
624.61	73.099
624.81	72.814
625.00	72.517
625.20	72.238
625.40	71.963
625.60	71.719
625.79	71.503
625.99	71.306
626.19	71.116
626.39	70.944
626.59	70.786
626.78	70.659
626.98	70.547
627.18	70.448
627.38	70.374
627.57	70.345
627.77	70.315
627.97	70.301
628.17	70.321
628.37	70.350
628.56	70.413
628.76	70.481
628.96	70.566
629.16	70.670
629.35	70.820
629.55	70.975
629.75	71.150
629.95	71.343
630.14	71.540
630.34	71.770
630.54	72.011
630.74	72.259
630.93	72.523
631.13	72.796
631.33	73.078
631.53	73.356
631.72	73.642
631.92	73.957
632.12	74.289
632.31	74.617
632.51	74.977
632.71	75.331
632.91	75.686
633.10	76.052
633.30	76.439
633.50	76.794
633.70	77.177
633.89	77.550
634.09	77.933
634.29	78.313
634.48	78.683
634.68	79.070
634.88	79.454
635.08	79.836
635.27	80.228
635.47	80.613
635.67	81.006
635.86	81.392
636.06	81.761
636.26	82.106
636.46	82.455
636.65	82.788
636.85	83.128
637.05	83.453
637.24	83.749
637.44	84.040
637.64	84.326
637.83	84.603
638.03	84.877
638.23	85.106
638.43	85.337
638.62	85.550
638.82	85.730
639.02	85.908
639.21	86.058
639.41	86.183
639.61	86.314
639.80	86.420
640.00	86.508
640.20	86.602
640.39	86.686
640.59	86.741
640.79	86.782
640.98	86.792
641.18	86.794
641.38	86.796
641.57	86.761
641.77	86.709
641.97	86.627
642.16	86.537
642.36	86.443
642.56	86.328
642.75	86.215
642.95	86.070
643.15	85.914
643.34	85.760
643.54	85.586
643.74	85.376
643.93	85.162
644.13	84.914
644.33	84.641
644.52	84.373
644.72	84.102
644.91	83.812
645.11	83.501
645.31	83.196
645.50	82.884
645.70	82.571
645.90	82.254
646.09	81.920
646.29	81.573
646.48	81.220
646.68	80.852
646.88	80.483
647.07	80.120
647.27	79.750
647.47	79.369
647.66	79.002
647.86	78.625
648.05	78.260
648.25	77.905
648.45	77.548
648.64	77.180
648.84	76.827
649.04	76.466
649.23	76.115
649.43	75.771
649.62	75.426
649.82	75.076
650.02	74.747
650.21	74.431
650.41	74.141
650.60	73.858
650.80	73.605
651.00	73.330
651.19	73.084
651.39	72.843
651.58	72.614
651.78	72.407
651.97	72.233
652.17	72.058
652.37	71.888
652.56	71.750
652.76	71.622
652.95	71.506
653.15	71.430
653.35	71.358
653.54	71.292
653.74	71.237
653.93	71.212
654.13	71.203
654.32	71.197
654.52	71.189
654.72	71.214
654.91	71.253
655.11	71.318
655.30	71.404
655.50	71.508
655.69	71.626
655.89	71.742
656.08	71.871
656.28	72.023
656.48	72.201
656.67	72.381
656.87	72.577
657.06	72.772
657.26	72.979
657.45	73.213
657.65	73.464
657.84	73.735
658.04	74.005
658.23	74.292
658.43	74.595
658.62	74.915
658.82	75.232
659.02	75.556
659.21	75.898
659.41	76.231
659.60	76.571
659.80	76.922
659.99	77.298
660.19	77.664
660.38	78.036
660.58	78.395
660.77	78.772
660.97	79.135
661.16	79.505
661.36	79.863
661.55	80.235
661.75	80.599
661.94	80.953
662.14	81.320
662.33	81.687
662.53	82.044
662.72	82.396
662.92	82.739
663.11	83.065
663.31	83.400
663.50	83.734
663.70	84.068
663.89	84.388
664.09	84.685
664.28	84.992
664.48	85.273
664.67	85.568
664.87	85.823
665.06	86.090
665.26	86.337
665.45	86.580
665.65	86.801
665.84	87.028
666.04	87.233
666.23	87.400
666.43	87.546
666.62	87.685
666.82	87.809
667.01	87.926
667.21	88.033
667.40	88.111
667.59	88.194
667.79	88.241
667.98	88.262
668.18	88.274
668.37	88.263
668.57	88.272
668.76	88.244
668.96	88.199
669.15	88.144
669.35	88.095
669.54	88.012
669.73	87.925
669.93	87.816
670.12	87.705
670.32	87.604
670.51	87.473
670.71	87.334
670.90	87.187
671.10	87.026
671.29	86.845
671.48	86.647
671.68	86.432
671.87	86.217
672.07	85.989
672.26	85.788
672.46	85.553
672.65	85.299
672.84	85.037
673.04	84.780
673.23	84.504
673.43	84.211
673.62	83.930
673.82	83.635
674.01	83.307
674.20	82.988
674.40	82.650
674.59	82.325
674.79	82.002
674.98	81.667
675.17	81.331
675.37	81.006
675.56	80.675
675.76	80.337
675.95	79.981
676.14	79.650
676.34	79.284
676.53	78.941
676.73	78.587
676.92	78.234
677.11	77.886
677.31	77.542
677.50	77.214
677.70	76.878
677.89	76.542
678.08	76.239
678.28	75.936
678.47	75.652
678.66	75.375
678.86	75.106
679.05	74.840
679.25	74.589
679.44	74.348
679.63	74.132
679.83	73.913
680.02	73.722
680.21	73.534
680.41	73.358
680.60	73.178
680.79	73.019
680.99	72.878
681.18	72.737
681.38	72.623
681.57	72.531
681.76	72.456
681.96	72.396
682.15	72.337
682.34	72.280
682.54	72.235
682.73	72.213
682.92	72.188
683.12	72.198
683.31	72.222
683.50	72.253
683.70	72.299
683.89	72.347
684.08	72.419
684.28	72.505
684.47	72.603
684.66	72.725
684.86	72.856
685.05	73.007
685.24	73.175
685.44	73.342
685.63	73.513
685.82	73.706
686.02	73.900
686.21	74.133
686.40	74.370
686.60	74.630
686.79	74.892
686.98	75.163
687.18	75.443
687.37	75.721
687.56	76.003
687.75	76.298
687.95	76.605
688.14	76.910
688.33	77.233
688.53	77.559
688.72	77.904
688.91	78.246
689.11	78.576
689.30	78.941
689.49	79.311
689.68	79.674
689.88	80.026
690.07	80.379
690.26	80.717
690.46	81.072
690.65	81.405
690.84	81.744
691.03	82.096
691.23	82.434
691.42	82.775
691.61	83.122
691.80	83.446
692.00	83.778
692.19	84.092
692.38	84.403
692.58	84.717
692.77	85.013
692.96	85.301
693.15	85.595
693.35	85.865
693.54	86.149
693.73	86.431
693.92	86.686
694.12	86.956
694.31	87.196
694.50	87.451
694.69	87.677
694.89	87.894
695.08	88.089
695.27	88.306
695.46	88.491
695.66	88.678
695.85	88.860
696.04	89.031
696.23	89.213
696.43	89.370
696.62	89.496
696.81	89.612
697.00	89.733
697.19	89.840
697.39	89.919
697.58	89.983
697.77	90.023
697.96	90.084
698.16	90.113
698.35	90.166
698.54	90.166
698.73	90.191
698.92	90.173
699.12	90.155
699.31	90.111
699.50	90.070
699.69	90.012
699.89	89.938
700.08	89.860
700.27	89.751
700.46	89.648
700.65	89.534
700.85	89.431
701.04	89.297
701.23	89.142
701.42	88.987
701.61	88.822
701.81	88.644
702.00	88.448
702.19	88.253
702.38	88.019
702.57	87.806
702.76	87.561
702.96	87.331
703.15	87.084
703.34	86.816
703.53	86.543
703.72	86.248
703.92	85.951
704.11	85.649
704.30	85.340
704.49	85.030
704.68	84.722
704.87	84.379
705.07	84.051
705.26	83.730
705.45	83.432
705.64	83.094
705.83	82.789
706.02	82.466
706.21	82.153
706.41	81.837
706.60	81.502
706.79	81.189
706.98	80.881
707.17	80.554
707.36	80.244
707.56	79.954
707.75	79.659
707.94	79.371
708.13	79.088
708.32	78.821
708.51	78.541
708.70	78.286
708.89	78.028
709.09	77.772
709.28	77.527
709.47	77.245
709.66	76.989
709.85	76.738
710.04	76.494
710.23	76.235
710.42	76.020
710.62	75.800
710.81	75.564
711.00	75.342
711.19	75.151
711.38	74.960
711.57	74.757
711.76	74.578
711.95	74.423
712.15	74.277
712.34	74.135
712.53	74.003
712.72	73.876
712.91	73.786
713.10	73.697
713.29	73.617
713.48	73.550
713.67	73.515
713.86	73.492
714.05	73.470
714.25	73.466
714.44	73.447
714.63	73.456
714.82	73.503
715.01	73.551
715.20	73.628
715.39	73.692
715.58	73.781
715.77	73.884
715.96	73.991
716.15	74.094
716.34	74.196
716.54	74.324
716.73	74.465
716.92	74.596
717.11	74.750
717.30	74.916
717.49	75.099
717.68	75.293
717.87	75.454
718.06	75.668
718.25	75.896
718.44	76.129
718.63	76.374
718.82	76.610
719.01	76.854
719.20	77.100
719.39	77.372
719.58	77.641
719.77	77.903
719.96	78.153
720.16	78.426
720.35	78.722
720.54	79.007
720.73	79.298
720.92	79.595
721.11	79.912
721.30	80.219
721.49	80.533
721.68	80.849
721.87	81.195
722.06	81.513
722.25	81.827
722.44	82.154
722.63	82.462
722.82	82.773
723.01	83.072
723.20	83.360
723.39	83.658
723.58	83.985
723.77	84.309
723.96	84.638
724.15	84.973
724.34	85.292
724.53	85.609
724.72	85.898
724.91	86.213
725.10	86.523
725.29	86.810
725.48	87.123
725.67	87.382
725.86	87.628
726.05	87.886
726.24	88.131
726.43	88.366
726.62	88.607
726.81	88.868
727.00	89.107
727.19	89.359
727.38	89.591
727.57	89.793
727.76	89.989
727.95	90.177
728.14	90.336
728.33	90.494
728.52	90.646
728.71	90.792
728.90	90.929
729.09	91.030
729.28	91.123
729.47	91.199
729.65	91.289
729.84	91.380
730.03	91.460
730.22	91.532
730.41	91.606
730.60	91.667
730.79	91.679
730.98	91.712
731.17	91.742
731.36	91.740
731.55	91.717
731.74	91.696
731.93	91.666
732.12	91.630
732.31	91.603
732.50	91.580
732.69	91.561
732.88	91.490
733.06	91.413
733.25	91.344
733.44	91.271
733.63	91.167
733.82	91.061
734.01	90.919
734.20	90.784
734.39	90.618
734.58	90.465
734.77	90.323
734.96	90.147
735.15	89.950
735.33	89.755
735.52	89.576
735.71	89.374
735.90	89.156
736.09	88.926
736.28	88.668
736.47	88.410
736.66	88.138
736.85	87.877
737.04	87.589
737.23	87.316
737.41	87.018
737.60	86.763
737.79	86.462
737.98	86.187
738.17	85.900
738.36	85.637
738.55	85.361
738.74	85.085
738.92	84.801
739.11	84.525
739.30	84.228
739.49	83.918
739.68	83.631
739.87	83.370
740.06	83.105
740.25	82.817
740.43	82.542
740.62	82.254
740.81	81.957
741.00	81.695
741.19	81.405
741.38	81.115
741.57	80.817
741.75	80.553
741.94	80.268
742.13	79.987
742.32	79.691
742.51	79.410
742.70	79.134
742.89	78.877
743.07	78.608
743.26	78.355
743.45	78.082
743.64	77.842
743.83	77.578
744.02	77.300
744.20	77.067
744.39	76.830
744.58	76.610
744.77	76.410
744.96	76.231
745.15	76.075
745.33	75.926
745.52	75.777
745.71	75.628
745.90	75.492
746.09	75.376
746.28	75.268
746.46	75.137
746.65	75.011
746.84	74.908
747.03	74.806
747.22	74.727
747.40	74.681
747.59	74.611
747.78	74.562
747.97	74.556
748.16	74.541
748.34	74.508
748.53	74.505
748.72	74.513
748.91	74.497
749.10	74.490
749.28	74.509
749.47	74.548
749.66	74.577
749.85	74.600
750.04	74.639
750.22	74.682
750.41	74.754
750.60	74.841
750.79	74.906
750.97	74.995
751.16	75.102
751.35	75.199
751.54	75.300
751.73	75.434
751.91	75.555
752.10	75.715
752.29	75.858
752.48	76.025
752.66	76.194
752.85	76.375
753.04	76.557
753.23	76.761
753.41	76.935
753.60	77.156
753.79	77.388
753.98	77.601
754.16	77.826
754.35	78.049
754.54	78.275
754.73	78.535
754.91	78.796
755.10	79.048
755.29	79.320
755.48	79.580
755.66	79.844
755.85	80.112
756.04	80.356
756.22	80.640
756.41	80.890
756.60	81.156
756.79	81.439
756.97	81.728
757.16	81.975
757.35	82.265
757.54	82.550
757.72	82.827
757.91	83.119
758.10	83.410
758.28	83.696
758.47	83.976
758.66	84.278
758.85	84.556
759.03	84.844
759.22	85.130
759.41	85.422
759.59	85.708
759.78	85.992
759.97	86.259
760.15	86.522
760.34	86.820
760.53	87.081
760.71	87.327
760.90	87.599
761.09	87.858
761.28	88.117
761.46	88.357
761.65	88.605
761.84	88.861
762.02	89.107
762.21	89.371
762.40	89.596
762.58	89.788
762.77	89.991
762.96	90.201
763.14	90.418
763.33	90.610
763.52	90.771
763.70	90.914
763.89	91.087
764.08	91.258
764.26	91.379
764.45	91.531
764.64	91.686
764.82	91.792
765.01	91.904
765.20	91.988
765.38	92.088
765.57	92.154
765.75	92.218
765.94	92.258
766.13	92.312
766.31	92.379
766.50	92.428
766.69	92.502
766.87	92.566
767.06	92.586
767.25	92.623
767.43	92.675
767.62	92.736
767.80	92.761
767.99	92.760
768.18	92.752
768.36	92.737
768.55	92.710
768.74	92.680
768.92	92.649
769.11	92.639
769.29	92.585
769.48	92.558
769.67	92.480
769.85	92.431
770.04	92.304
770.22	92.190
770.41	92.053
770.60	91.896
770.78	91.717
770.97	91.563
771.15	91.406
771.34	91.210
771.53	91.040
771.71	90.858
771.90	90.696
772.08	90.581
772.27	90.408
772.46	90.204
772.64	90.006
772.83	89.805
773.01	89.556
773.20	89.330
773.39	89.106
773.57	88.875
773.76	88.636
773.94	88.445
774.13	88.213
774.31	87.963
774.50	87.750
774.68	87.504
774.87	87.255
775.06	86.959
775.24	86.704
775.43	86.410
775.61	86.123
775.80	85.840
775.98	85.518
776.17	85.217
776.36	84.931
776.54	84.642
776.73	84.343
776.91	84.069
777.10	83.787
777.28	83.472
777.47	83.195
777.65	82.903
777.84	82.602
778.02	82.328
778.21	82.070
778.39	81.769
778.58	81.500
778.77	81.236
778.95	81.001
779.14	80.755
779.32	80.522
779.51	80.289
779.69	80.035
779.88	79.807
780.06	79.581
780.25	79.345
780.43	79.108
780.62	78.898
780.80	78.670
780.99	78.439
781.17	78.221
781.36	77.993
781.54	77.785
781.73	77.545
781.91	77.334
782.10	77.139
782.28	76.941
782.47	76.746
782.65	76.532
782.84	76.333
783.02	76.157
783.21	75.993
783.39	75.832
783.58	75.679
783.76	75.507
783.95	75.356
784.13	75.253
784.32	75.143
784.50	75.024
784.69	74.947
784.87	74.869
785.05	74.801
785.24	74.739
785.42	74.693
785.61	74.650
785.79	74.615
785.98	74.587
786.16	74.550
786.35	74.550
786.53	74.549
786.72	74.542
786.90	74.534
787.09	74.514
787.27	74.527
787.45	74.559
787.64	74.589
787.82	74.613
788.01	74.633
788.19	74.679
788.38	74.725
788.56	74.716
788.75	74.773
788.93	74.845
789.11	74.888
789.30	74.930
789.48	75.005
789.67	75.087
789.85	75.156
790.04	75.278
790.22	75.377
790.40	75.498
790.59	75.606
790.77	75.730
790.96	75.887
791.14	76.032
791.32	76.162
791.51	76.308
791.69	76.474
791.88	76.642
792.06	76.816
792.25	76.976
792.43	77.197
792.61	77.380
792.80	77.540
792.98	77.764
793.17	77.965
793.35	78.139
793.53	78.332
793.72	78.575
793.90	78.788
794.08	78.988
794.27	79.202
794.45	79.446
794.64	79.665
794.82	79.887
795.00	80.076
795.19	80.309
795.37	80.538
795.55	80.721
795.74	80.954
795.92	81.181
796.11	81.441
796.29	81.688
796.47	81.926
796.66	82.158
796.84	82.417
797.02	82.682
797.21	82.962
797.39	83.222
797.58	83.461
797.76	83.688
797.94	83.954
798.13	84.208
798.31	84.479
798.49	84.715
798.68	84.949
798.86	85.237
799.04	85.461
799.23	85.709
799.41	85.972
799.59	86.199
799.78	86.389
799.96	86.602
800.14	86.823
800.33	87.053
800.51	87.306
800.69	87.485
800.88	87.696
801.06	87.923
801.24	88.095
801.43	88.278
801.61	88.449
801.79	88.611
801.98	88.775
802.16	88.951
802.34	89.152
802.52	89.329
802.71	89.453
802.89	89.631
803.07	89.778
803.26	89.915
803.44	90.030
803.62	90.174
803.81	90.295
803.99	90.373
804.17	90.447
804.35	90.514
804.54	90.581
804.72	90.676
804.90	90.742
805.09	90.860
805.27	90.960
805.45	91.061
805.63	91.122
805.82	91.183
806.00	91.171
806.18	91.193
806.37	91.229
806.55	91.235
806.73	91.248
806.91	91.255
807.10	91.281
807.28	91.298
807.46	91.305
807.64	91.293
807.83	91.293
808.01	91.286
808.19	91.225
808.37	91.173
808.56	91.095
808.74	91.030
808.92	90.952
809.10	90.836
809.29	90.767
809.47	90.690
809.65	90.561
809.83	90.504
810.02	90.389
810.20	90.282
810.38	90.185
810.56	90.056
810.75	89.963
810.93	89.848
811.11	89.715
811.29	89.590
811.47	89.457
811.66	89.295
811.84	89.148
812.02	89.071
812.20	88.958
812.39	88.840
812.57	88.703
812.75	88.573
812.93	88.473
813.11	88.313
813.30	88.183
813.48	88.070
813.66	87.903
813.84	87.750
814.02	87.575
814.21	87.424
814.39	87.225
814.57	87.028
814.75	86.827
814.93	86.635
815.12	86.420
815.30	86.208
815.48	86.011
815.66	85.786
815.84	85.531
816.03	85.286
816.21	85.008
816.39	84.766
816.57	84.459
816.75	84.152
816.93	83.866
817.12	83.560
817.30	83.256
817.48	82.958
817.66	82.698
817.84	82.440
818.02	82.195
818.21	81.929
818.39	81.678
818.57	81.410
818.75	81.190
818.93	80.937
819.11	80.680
819.30	80.438
819.48	80.214
819.66	80.003
819.84	79.809
820.02	79.592
820.20	79.367
820.38	79.157
820.57	78.953
820.75	78.779
820.93	78.582
821.11	78.392
821.29	78.217
821.47	78.008
821.65	77.800
821.83	77.580
822.02	77.398
822.20	77.183
822.38	77.020
822.56	76.776
822.74	76.568
822.92	76.333
823.10	76.131
823.28	75.903
823.46	75.682
823.65	75.452
823.83	75.261
824.01	75.057
824.19	74.856
824.37	74.656
824.55	74.431
824.73	74.252
824.91	74.063
825.09	73.874
825.27	73.701
825.46	73.508
825.64	73.315
825.82	73.159
826.00	72.984
826.18	72.827
826.36	72.701
826.54	72.584
826.72	72.519
826.90	72.424
827.08	72.348
827.26	72.270
827.44	72.191
827.63	72.107
827.81	72.052
827.99	72.019
828.17	71.967
828.35	71.927
828.53	71.886
828.71	71.881
828.89	71.860
829.07	71.844
829.25	71.827
829.43	71.850
829.61	71.833
829.79	71.830
829.97	71.837
830.15	71.811
830.33	71.817
830.51	71.802
830.69	71.810
830.87	71.774
831.06	71.795
831.24	71.813
831.42	71.837
831.60	71.838
831.78	71.877
831.96	71.932
832.14	71.997
832.32	72.059
832.50	72.104
832.68	72.146
832.86	72.190
833.04	72.285
833.22	72.338
833.40	72.435
833.58	72.512
833.76	72.580
833.94	72.706
834.12	72.826
834.30	72.957
834.48	73.061
834.66	73.226
834.84	73.321
835.02	73.468
835.20	73.621
835.38	73.788
835.56	73.944
835.74	74.114
835.92	74.286
836.10	74.433
836.28	74.587
836.46	74.773
836.64	74.944
836.82	75.080
837.00	75.248
837.18	75.416
837.36	75.616
837.54	75.791
837.72	75.985
837.90	76.177
838.08	76.363
838.26	76.558
838.43	76.739
838.61	76.947
838.79	77.136
838.97	77.333
839.15	77.523
839.33	77.714
839.51	77.855
839.69	78.025
839.87	78.222
840.05	78.444
840.23	78.625
840.41	78.814
840.59	78.976
840.77	79.184
840.95	79.360
841.13	79.525
841.31	79.696
841.49	79.837
841.67	79.959
841.84	80.130
842.02	80.258
842.20	80.445
842.38	80.566
842.56	80.702
842.74	80.848
842.92	80.954
843.10	81.088
843.28	81.275
843.46	81.410
843.64	81.501
843.82	81.623
843.99	81.749
844.17	81.916
844.35	82.150
844.53	82.298
844.71	82.480
844.89	82.599
845.07	82.775
845.25	82.956
845.43	83.137
845.61	83.285
845.78	83.488
845.96	83.639
846.14	83.835
846.32	84.028
846.50	84.172
846.68	84.396
846.86	84.554
847.04	84.695
847.22	84.791
847.39	84.964
847.57	85.078
847.75	85.193
847.93	85.251
848.11	85.331
848.29	85.471
848.47	85.525
848.65	85.656
848.82	85.706
849.00	85.773
849.18	85.812
849.36	85.842
849.54	85.898
849.72	85.891
849.89	85.935
850.07	85.997
850.25	85.993
850.43	85.957
850.61	85.949
850.79	85.910
850.97	85.978
851.14	85.989
851.32	85.977
851.50	85.991
851.68	86.045
851.86	86.095
852.04	86.057
852.21	86.088
852.39	86.100
852.57	86.158
852.75	86.165
852.93	86.171
853.10	86.161
853.28	86.115
853.46	86.109
853.64	86.044
853.82	85.947
854.00	85.975
854.17	85.916
854.35	85.845
854.53	85.807
854.71	85.715
854.89	85.606
855.06	85.568
855.24	85.517
855.42	85.424
855.60	85.283
855.78	85.195
855.95	85.079
856.13	84.973
856.31	84.799
856.49	84.653
856.66	84.556
856.84	84.403
857.02	84.338
857.20	84.265
857.38	84.109
857.55	83.972
857.73	83.746
857.91	83.647
858.09	83.478
858.26	83.328
858.44	83.193
858.62	83.063
858.80	82.889
858.97	82.715
859.15	82.537
859.33	82.326
859.51	82.160
859.68	81.979
859.86	81.782
860.04	81.601
860.22	81.406
860.39	81.200
860.57	80.986
860.75	80.710
860.93	80.474
861.10	80.340
861.28	80.168
861.46	79.956
861.64	79.747
861.81	79.596
861.99	79.389
862.17	79.169
862.35	78.977
862.52	78.811
862.70	78.607
862.88	78.441
863.05	78.244
863.23	78.032
863.41	77.844
863.59	77.636
863.76	77.484
863.94	77.293
864.12	77.111
864.29	76.955
864.47	76.754
864.65	76.570
864.83	76.311
865.00	76.083
865.18	75.925
865.36	75.743
865.53	75.544
865.71	75.405
865.89	75.207
866.06	75.002
866.24	74.761
866.42	74.562
866.59	74.335
866.77	74.180
866.95	73.974
867.12	73.734
867.30	73.570
867.48	73.337
867.65	73.146
867.83	72.929
868.01	72.745
868.18	72.544
868.36	72.349
868.54	72.197
868.71	72.048
868.89	71.897
869.07	71.716
869.24	71.554
869.42	71.354
869.60	71.201
869.77	71.083
869.95	70.931
870.13	70.773
870.30	70.656
870.48	70.463
870.66	70.320
870.83	70.209
871.01	70.017
871.18	69.893
871.36	69.758
871.54	69.615
871.71	69.502
871.89	69.404
872.07	69.237
872.24	69.113
872.42	69.028
872.59	68.906
872.77	68.778
872.95	68.675
873.12	68.537
873.30	68.407
873.48	68.297
873.65	68.202
873.83	68.114
874.00	67.994
874.18	67.917
874.36	67.853
874.53	67.775
874.71	67.700
874.88	67.638
875.06	67.601
875.24	67.594
875.41	67.539
875.59	67.512
875.76	67.534
875.94	67.489
876.11	67.377
876.29	67.292
876.47	67.263
876.64	67.209
876.82	67.160
876.99	67.128
877.17	67.089
877.35	67.057
877.52	67.016
877.70	66.984
877.87	66.975
878.05	66.967
878.22	66.976
878.40	67.016
878.57	67.001
878.75	66.976
878.93	66.936
879.10	66.938
879.28	66.950
879.45	66.958
879.63	66.931
879.80	66.928
879.98	66.973
880.15	66.997
880.33	67.037
880.50	67.093
880.68	67.200
880.86	67.261
881.03	67.346
881.21	67.435
881.38	67.518
881.56	67.690
881.73	67.749
881.91	67.801
882.08	67.870
882.26	68.000
882.43	68.117
882.61	68.284
882.78	68.396
882.96	68.527
883.13	68.650
883.31	68.803
883.48	68.998
883.66	69.149
883.83	69.302
884.01	69.410
884.18	69.618
884.36	69.754
884.53	69.872
884.71	70.012
884.88	70.117
885.06	70.267
885.23	70.320
885.41	70.461
885.58	70.587
885.76	70.746
885.93	70.813
886.11	70.984
886.28	71.084
886.46	71.209
886.63	71.336
886.81	71.441
886.98	71.624
887.15	71.724
887.33	71.894
887.50	72.088
887.68	72.250
887.85	72.342
888.03	72.475
888.20	72.637
888.38	72.784
888.55	72.947
888.73	73.031
888.90	73.167
889.08	73.302
889.25	73.428
889.42	73.549
889.60	73.751
889.77	73.819
889.95	73.952
890.12	74.029
890.30	74.113
890.47	74.201
890.64	74.318
890.82	74.451
890.99	74.553
891.17	74.628
891.34	74.741
891.52	74.844
891.69	74.968
891.86	75.078
892.04	75.187
892.21	75.340
892.39	75.561
892.56	75.720
892.73	75.820
892.91	75.965
893.08	76.171
893.26	76.245
893.43	76.403
893.60	76.504
893.78	76.678
893.95	76.837
894.13	77.075
894.30	77.222
894.47	77.415
894.65	77.546
894.82	77.709
895.00	77.845
895.17	78.026
895.34	78.201
895.52	78.371
895.69	78.484
895.86	78.608
896.04	78.645
896.21	78.800
896.39	78.983
896.56	79.151
896.73	79.156
896.91	79.221
897.08	79.316
897.25	79.492
897.43	79.545
897.60	79.630
897.77	79.627
897.95	79.623
898.12	79.620
898.30	79.727
898.47	79.730
898.64	79.794
898.82	79.814
898.99	79.799
899.16	79.804
899.34	79.797
899.51	79.726
899.68	79.709
899.86	79.650
900.03	79.572
900.20	79.518
900.38	79.549
900.55	79.644
900.72	79.581
900.90	79.513
901.07	79.617
901.24	79.588
901.41	79.620
901.59	79.642
901.76	79.648
901.93	79.597
902.11	79.539
902.28	79.528
902.45	79.622
902.63	79.654
902.80	79.620
902.97	79.622
903.15	79.719
903.32	79.803
903.49	79.808
903.66	79.848
903.84	79.864
904.01	79.836
904.18	79.799
904.36	79.845
904.53	79.808
904.70	79.736
904.87	79.721
905.05	79.633
905.22	79.649
905.39	79.617
905.56	79.544
905.74	79.514
905.91	79.425
906.08	79.287
906.26	79.170
906.43	79.079
906.60	78.986
906.77	78.812
906.95	78.692
907.12	78.579
907.29	78.417
907.46	78.390
907.64	78.289
907.81	78.184
907.98	77.988
908.15	77.885
908.33	77.764
908.50	77.632
908.67	77.542
908.84	77.411
909.01	77.262
909.19	77.197
909.36	77.078
909.53	76.950
909.70	76.740
909.88	76.652
910.05	76.489
910.22	76.414
910.39	76.305
910.57	76.206
910.74	76.118
910.91	76.070
911.08	75.854
911.25	75.720
911.43	75.582
911.60	75.478
911.77	75.345
911.94	75.134
912.11	74.985
912.29	74.783
912.46	74.548
912.63	74.338
912.80	74.098
912.97	73.922
913.15	73.780
913.32	73.645
913.49	73.441
913.66	73.367
913.83	73.141
914.00	72.942
914.18	72.742
914.35	72.543
914.52	72.287
914.69	72.089
914.86	71.887
915.03	71.699
915.21	71.569
915.38	71.352
915.55	71.258
915.72	71.086
915.89	70.972
916.06	70.884
916.24	70.810
916.41	70.663
916.58	70.531
916.75	70.336
916.92	70.172
917.09	69.970
917.26	69.697
917.44	69.492
917.61	69.368
917.78	69.160
917.95	68.996
918.12	68.821
918.29	68.723
918.46	68.534
918.64	68.364
918.81	68.204
918.98	68.066
919.15	67.885
919.32	67.743
919.49	67.498
919.66	67.298
919.83	67.108
920.00	66.931
920.18	66.785
920.35	66.737
920.52	66.614
920.69	66.555
920.86	66.539
921.03	66.456
921.20	66.306
921.37	66.200
921.54	65.962
921.71	65.852
921.89	65.683
922.06	65.630
922.23	65.508
922.40	65.397
922.57	65.205
922.74	65.120
922.91	65.040
923.08	64.986
923.25	64.895
923.42	64.808
923.59	64.791
923.76	64.589
923.93	64.396
924.11	64.240
924.28	64.122
924.45	64.001
924.62	63.974
924.79	63.886
924.96	63.731
925.13	63.707
925.30	63.601
925.47	63.446
925.64	63.345
925.81	63.291
925.98	63.224
926.15	63.209
926.32	63.051
926.49	62.944
926.66	62.865
926.83	62.771
927.00	62.735
927.17	62.597
927.34	62.663
927.51	62.620
927.69	62.653
927.86	62.609
928.03	62.479
928.20	62.425
928.37	62.329
928.54	62.346
928.71	62.311
928.88	62.327
929.05	62.358
929.22	62.339
929.39	62.278
929.56	62.201
929.73	62.159
929.90	62.202
930.07	62.193
930.24	62.143
930.41	62.156
930.58	62.191
930.75	62.258
930.92	62.199
931.09	62.187
931.26	62.148
931.43	62.124
931.60	62.147
931.77	62.090
931.94	62.153
932.11	62.188
932.27	62.197
932.44	62.212
932.61	62.241
932.78	62.204
932.95	62.305
933.12	62.269
933.29	62.302
933.46	62.303
933.63	62.250
933.80	62.275
933.97	62.280
934.14	62.262
934.31	62.197
934.48	62.234
934.65	62.258
934.82	62.329
934.99	62.363
935.16	62.408
935.33	62.496
935.50	62.634
935.67	62.725
935.84	62.764
936.00	62.798
936.17	62.863
936.34	62.997
936.51	62.977
936.68	63.043
936.85	63.076
937.02	63.191
937.19	63.248
937.36	63.399
937.53	63.407
937.70	63.495
937.87	63.591
938.03	63.599
938.20	63.656
938.37	63.719
938.54	63.797
938.71	63.872
938.88	63.970
939.05	63.881
939.22	63.830
939.39	63.922
939.56	64.101
939.72	64.160
939.89	64.196
940.06	64.246
940.23	64.320
940.40	64.431
940.57	64.564
940.74	64.723
940.91	64.751
941.08	64.924
941.24	64.998
941.41	65.164
941.58	65.404
941.75	65.562
941.92	65.699
942.09	65.793
942.26	65.871
942.42	65.930
942.59	66.155
942.76	66.502
942.93	66.676
943.10	66.677
943.27	66.825
943.44	66.956
943.60	67.148
943.77	67.139
943.94	67.328
944.11	67.360
944.28	67.445
944.45	67.580
944.61	67.675
944.78	67.708
944.95	67.734
945.12	67.912
945.29	68.026
945.46	68.006
945.62	68.056
945.79	68.258
945.96	68.545
946.13	68.693
946.30	68.652
946.46	68.811
946.63	68.900
946.80	69.026
946.97	69.198
947.14	69.284
947.31	69.815
947.47	70.021
947.64	70.193
947.81	70.344
947.98	70.534
948.15	70.638
948.31	70.851
948.48	71.016
948.65	70.999
948.82	71.091
948.98	71.241
949.15	71.558
949.32	71.608
949.49	71.592
949.66	71.651
949.82	71.733
949.99	71.821
950.16	71.941
950.33	71.906
950.49	71.979
950.66	71.939
950.83	71.785
951.00	71.626
951.16	71.416
951.33	71.461
951.50	71.381
951.67	71.448
951.83	71.471
952.00	71.465
952.17	71.405
952.34	71.432
952.50	71.579
952.67	71.497
952.84	71.530
953.01	71.455
953.17	71.470
953.34	71.583
953.51	71.487
953.68	71.398
953.84	71.381
954.01	71.311
954.18	71.256
954.34	71.304
954.51	71.377
954.68	71.546
954.85	71.531
955.01	71.670
955.18	71.861
955.35	71.623
955.51	71.560
955.68	71.649
955.85	71.798
956.02	71.652
956.18	71.685
956.35	71.631
956.52	71.708
956.68	71.714
956.85	71.570
957.02	71.639
957.18	71.692
957.35	71.691
957.52	71.773
957.69	71.862
957.85	71.864
958.02	71.768
958.19	71.661
958.35	71.656
958.52	71.410
958.69	71.121
958.85	71.330
959.02	71.450
959.19	71.194
959.35	71.078
959.52	71.148
959.69	71.127
959.85	71.158
960.02	71.168
960.19	71.035
960.35	70.998
960.52	70.895
960.68	70.899
960.85	70.979
961.02	70.733
961.18	70.734
961.35	70.537
961.52	70.561
961.68	70.568
961.85	70.454
962.02	70.520
962.18	70.529
962.35	70.273
962.51	70.139
962.68	70.193
962.85	70.095
963.01	69.816
963.18	69.752
963.35	69.423
963.51	69.208
963.68	69.233
963.84	68.988
964.01	69.043
964.18	68.853
964.34	68.589
964.51	68.432
964.67	68.199
964.84	68.190
965.01	67.978
965.17	67.705
965.34	67.727
965.50	67.512
965.67	67.441
965.84	67.442
966.00	67.518
966.17	67.622
966.33	67.449
966.50	67.316
966.66	67.218
966.83	67.268
967.00	67.151
967.16	66.892
967.33	66.825
967.49	66.573
967.66	66.774
967.82	66.670
967.99	66.821
968.16	66.866
968.32	66.706
968.49	66.490
968.65	66.648
968.82	66.525
968.98	66.569
969.15	66.236
969.31	65.971
969.48	65.721
969.64	65.379
969.81	65.404
969.98	65.384
970.14	65.071
970.31	65.040
970.47	64.790
970.64	64.637
970.80	64.703
970.97	64.211
971.13	63.887
971.30	63.723
971.46	63.527
971.63	63.336
971.79	63.460
971.96	63.510
972.12	63.245
972.29	62.780
972.45	62.623
972.62	62.682
972.78	62.708
972.95	62.288
973.11	62.090
973.28	61.943
973.44	62.017
973.61	62.154
973.77	61.904
973.94	61.899
974.10	62.001
974.27	61.954
974.43	62.324
974.60	62.224
974.76	62.200
974.93	62.171
975.09	62.002
975.26	61.604
975.42	61.541
975.59	61.357
975.75	61.761
975.92	61.683
976.08	61.206
976.24	61.065
976.41	60.850
976.57	60.977
976.74	60.843
976.90	60.427
977.07	59.988
977.23	60.011
977.40	59.895
977.56	59.279
977.73	58.907
977.89	58.584
978.05	58.267
978.22	58.138
978.38	57.816
978.55	57.567
978.71	57.483
978.88	57.514
979.04	57.540
979.20	57.319
979.37	57.206
979.53	57.215
979.70	57.285
979.86	57.611
980.03	57.391
980.19	57.225
980.35	57.222
980.52	57.082
980.68	57.048
980.85	56.957
981.01	57.129
981.17	57.067
981.34	56.904
981.50	56.850
981.67	56.773
981.83	56.644
981.99	56.570
982.16	56.348
982.32	55.463
982.49	55.392
982.65	55.224
982.81	55.329
982.98	55.347
983.14	55.281
983.30	54.912
983.47	54.841
983.63	54.596
983.80	54.406
983.96	54.281
984.12	54.618
984.29	54.786
984.45	54.988
984.61	54.860
984.78	55.079
984.94	55.335
985.10	55.837
985.27	55.746
985.43	56.177
985.59	56.500
985.76	57.115
985.92	57.287
986.08	57.678
986.25	57.207
986.41	57.798
986.57	57.225
986.74	57.527
986.90	57.463
987.06	57.347
987.23	57.356
987.39	57.116
987.55	56.202
987.72	55.893
987.88	55.060
988.04	55.342
988.21	55.671
988.37	55.399
988.53	54.692
988.70	55.052
988.86	54.430
989.02	54.082
989.19	53.602
989.35	53.614
989.51	52.792
989.67	52.739
989.84	52.235
990.00	52.349
990.16	52.674
990.33	52.885
990.49	53.432
990.65	53.634
990.82	54.060
990.98	54.228
991.14	54.293
991.30	55.313
991.47	54.809
991.63	54.708
991.79	55.551
991.95	55.870
992.12	55.829
992.28	56.250
992.44	56.446
992.61	56.717
992.77	56.622
992.93	57.263
993.09	57.515
993.26	57.706
993.42	58.223
993.58	57.770
993.74	57.551
993.91	57.068
994.07	56.795
994.23	56.993
994.39	57.037
994.55	57.118
994.72	56.523
994.88	56.630
995.04	56.263
995.20	55.930
995.37	55.370
995.53	55.387
995.69	55.156
995.85	54.782
996.02	54.848
996.18	55.399
996.34	55.018
996.50	55.126
996.66	55.932
996.83	55.360
996.99	54.455
997.15	55.171
997.31	55.211
997.47	55.445
997.64	55.240
997.80	55.671
997.96	56.342
998.12	56.506
998.28	57.324
998.45	57.999
998.61	57.585
998.77	57.739
998.93	57.976
999.09	59.172
999.25	59.459
999.42	60.613
999.58	60.341
999.74	59.918
999.90	59.634
1000.06	58.766
1000.22	59.264
1000.39	60.143
1000.55	59.647
1000.71	60.137
1000.87	59.964
1001.03	59.902
1001.19	60.062
1001.36	59.436
1001.52	59.140
1001.68	58.765
1001.84	59.111
1002.00	58.288
1002.16	58.266
1002.32	57.677
1002.49	55.833
1002.65	55.626
1002.81	54.700
1002.97	54.250
1003.13	54.676
1003.29	55.596
1003.45	55.291
1003.62	55.868
1003.78	55.792
1003.94	56.249
1004.10	55.715
1004.26	56.053
1004.42	55.972
1004.58	55.665
1004.74	56.053
1004.90	57.586
1005.07	57.581
1005.23	56.215
1005.39	57.422
1005.55	57.953
1005.71	57.442
1005.87	58.737
1006.03	59.681
1006.19	60.161
1006.35	60.029
1006.51	60.534
1006.67	60.156
1006.84	59.996
1007.00	59.355
1007.16	60.609
1007.32	58.905
1007.48	59.530
1007.64	60.810
1007.80	60.715
1007.96	59.876
1008.12	60.349
1008.28	58.598
1008.44	59.734
1008.60	60.598
1008.76	59.356
1008.92	58.406
1009.09	58.528
1009.25	58.239
1009.41	57.399
1009.57	57.632
1009.73	58.314
1009.89	58.842
1010.05	59.545
1010.21	61.391
1010.37	61.063
1010.53	62.230
1010.69	64.373
1010.85	64.028
1011.01	62.741
1011.17	61.553
1011.33	63.421
1011.49	63.720
1011.65	64.081
1011.81	63.460
1011.97	63.586
1012.13	66.300
1012.29	67.802
1012.45	68.976
1012.61	71.865
1012.77	69.567
1012.93	69.045
1013.09	67.731
1013.25	67.864
1013.41	68.472
1013.57	65.739
1013.73	65.515
1013.89	61.380
1014.05	62.862
1014.21	60.934
1014.37	58.648
1014.53	57.993
1014.69	57.671
1014.85	57.939
1015.01	59.406
1015.17	61.684
1015.33	62.259
1015.49	60.759
1015.65	62.839
1015.81	63.974
1015.97	60.886
1016.13	64.693
1016.29	64.419
1016.45	65.752
1016.61	66.508
1016.77	63.624
1016.93	64.467
1017.09	64.521
1017.25	65.925
1017.41	64.688
1017.56	66.870
1017.72	73.751
1017.88	75.735
1018.04	77.331
1018.20	74.620
1018.36	75.026
1018.52	72.346
1018.68	72.859
1018.84	73.531
1019.00	71.135
1019.16	72.333
1019.32	75.610
1019.48	75.672
1019.64	77.728
1019.79	74.608
1019.95	69.884
1020.11	75.148
1020.27	74.981
1020.43	79.958
1020.59	81.966
1020.75	79.290
1020.91	83.383
1021.07	76.759
1021.23	75.604
1021.39	71.712
1021.54	77.249
1021.70	73.805
1021.86	72.455
1022.02	70.597
1022.18	67.470
1022.34	70.431
1022.50	69.388
1022.66	65.789
1022.82	65.272
1022.97	65.456
1023.13	69.355
1023.29	75.378
1023.45	74.012
1023.61	75.188
1023.77	73.482
1023.93	75.235
1024.08	75.656
1024.24	71.524
1024.40	72.789
1024.56	80.232
1024.72	81.466
1024.88	71.373
1025.04	76.387
1025.19	75.978
1025.35	74.071
1025.51	78.974
1025.67	81.669
1025.83	76.893
1025.99	79.824
1026.14	78.243
1026.30	84.831
1026.46	86.549
1026.62	80.525
1026.78	73.524
1026.94	70.404
1027.09	66.848
1027.25	64.150
1027.41	64.215
1027.57	63.923
1027.73	62.669
1027.89	59.207
1028.04	59.705
1028.20	58.328
1028.36	58.274
1028.52	57.148
1028.68	57.226
1028.83	57.455
1028.99	55.129
1029.15	56.865
1029.31	55.186
1029.47	56.101
1029.62	55.268
1029.78	54.196
1029.94	53.628
1030.10	56.113
1030.25	57.560
1030.41	62.985
1030.57	63.734
1030.73	66.828
1030.89	66.464
1031.04	70.408
1031.20	72.360
1031.36	78.428
1031.52	87.659
1031.67	89.556
1031.83	94.353
1031.99	103.388
1032.15	92.669
1032.30	101.386
1032.46	111.169
1032.62	106.053
1032.78	99.210
1032.93	112.317
1033.09	98.791
1033.25	91.391
1033.41	87.841
1033.56	82.982
1033.72	17.157
1033.88	237.143
1034.04	41.540
1034.19	45.212
1034.35	81.171
1034.51	-23.514
1034.66	53.345
1034.82	2318.333
1034.98	2318.333
1035.14	2318.333
