345.22	41.610
345.43	41.610
345.65	41.610
345.86	43.075
346.08	148.504
346.29	6.546
346.51	30.886
346.72	47.980
346.94	-285.705
347.15	-96.254
347.37	179.182
347.58	212.599
347.80	241.472
348.01	205.014
348.23	138.756
348.44	128.583
348.66	116.806
348.87	118.311
349.09	112.220
349.30	98.877
349.52	91.540
349.73	94.276
349.95	93.834
350.16	95.374
350.38	91.510
350.59	85.608
350.81	83.911
351.02	82.071
351.24	80.787
351.45	80.078
351.67	82.829
351.88	81.452
352.10	77.980
352.31	76.770
352.53	80.724
352.74	82.627
352.96	83.320
353.17	82.416
353.39	83.905
353.60	85.670
353.82	87.038
354.03	87.335
354.25	82.704
354.46	78.120
354.67	75.203
354.89	74.024
355.10	77.621
355.32	76.376
355.53	78.177
355.75	80.019
355.96	81.488
356.18	80.417
356.39	80.453
356.61	84.421
356.82	84.206
357.04	79.667
357.25	79.523
357.46	79.070
357.68	78.583
357.89	76.842
358.11	75.331
358.32	77.767
358.54	75.746
358.75	77.180
358.97	79.167
359.18	82.223
359.40	81.661
359.61	81.901
359.82	83.440
360.04	83.105
360.25	80.953
360.47	76.607
360.68	76.095
360.90	76.716
361.11	74.569
361.32	75.220
361.54	79.028
361.75	78.678
361.97	79.935
362.18	81.023
362.40	82.229
362.61	84.204
362.83	84.522
363.04	86.029
363.25	87.663
363.47	88.663
363.68	86.354
363.90	90.336
364.11	90.645
364.32	90.864
364.54	89.095
364.75	86.474
364.97	90.647
365.18	89.614
365.40	87.249
365.61	87.479
365.82	87.957
366.04	87.167
366.25	86.868
366.47	84.889
366.68	83.322
366.89	84.286
367.11	81.582
367.32	81.575
367.54	78.764
367.75	78.259
367.96	77.328
368.18	78.173
368.39	76.874
368.61	76.969
368.82	78.379
369.03	80.924
369.25	85.058
369.46	85.666
369.68	86.186
369.89	87.165
370.10	87.529
370.32	87.769
370.53	87.221
370.75	83.597
370.96	85.945
371.17	86.923
371.39	84.435
371.60	84.944
371.81	85.913
372.03	88.072
372.24	88.846
372.46	91.888
372.67	92.585
372.88	91.119
373.10	90.663
373.31	88.883
373.52	88.634
373.74	86.930
373.95	86.027
374.17	87.274
374.38	89.447
374.59	89.947
374.81	88.237
375.02	86.521
375.23	89.800
375.45	87.495
375.66	85.222
375.87	86.725
376.09	86.702
376.30	85.512
376.52	87.183
376.73	84.127
376.94	82.376
377.16	83.551
377.37	87.211
377.58	87.446
377.80	88.640
378.01	89.862
378.22	91.240
378.44	92.009
378.65	93.534
378.86	93.723
379.08	94.247
379.29	94.720
379.50	97.657
379.72	97.770
379.93	100.726
380.14	103.843
380.36	104.608
380.57	106.078
380.78	106.387
381.00	107.312
381.21	109.182
381.42	110.317
381.64	110.721
381.85	110.495
382.06	110.642
382.28	110.826
382.49	110.389
382.70	110.941
382.92	111.122
383.13	110.559
383.34	110.968
383.56	111.860
383.77	113.098
383.98	112.760
384.20	113.821
384.41	113.976
384.62	114.220
384.83	114.771
385.05	115.228
385.26	116.141
385.47	116.934
385.69	117.783
385.90	118.594
386.11	119.318
386.33	120.217
386.54	121.058
386.75	121.692
386.97	122.847
387.18	123.567
387.39	124.468
387.60	124.914
387.82	125.407
388.03	125.770
388.24	126.269
388.46	126.676
388.67	126.784
388.88	126.735
389.09	126.610
389.31	126.344
389.52	126.077
389.73	125.534
389.95	125.063
390.16	124.533
390.37	124.086
390.58	123.572
390.80	122.841
391.01	122.291
391.22	121.736
391.44	120.818
391.65	120.095
391.86	119.376
392.07	119.050
392.29	118.554
392.50	118.045
392.71	117.516
392.92	117.199
393.14	116.822
393.35	116.654
393.56	116.649
393.78	116.707
393.99	116.954
394.20	117.320
394.41	117.636
394.63	117.951
394.84	118.513
395.05	119.231
395.26	119.880
395.48	120.585
395.69	121.241
395.90	122.184
396.11	123.050
396.33	123.857
396.54	124.719
396.75	125.452
396.96	126.200
397.18	126.860
397.39	127.507
397.60	128.152
397.81	128.669
398.03	129.021
398.24	129.313
398.45	129.425
398.66	129.467
398.87	129.440
399.09	129.315
399.30	128.936
399.51	128.369
399.72	127.877
399.94	127.265
400.15	126.597
400.36	125.756
400.57	124.880
400.79	124.013
401.00	123.014
401.21	122.101
401.42	121.155
401.63	120.223
401.85	119.331
402.06	118.561
402.27	117.791
402.48	117.139
402.69	116.566
402.91	116.033
403.12	115.540
403.33	115.271
403.54	115.150
403.76	114.991
403.97	115.057
404.18	115.247
404.39	115.551
404.60	115.974
404.82	116.517
405.03	117.175
405.24	117.838
405.45	118.581
405.66	119.389
405.88	120.226
406.09	121.152
406.30	121.993
406.51	122.735
406.72	123.553
406.94	124.317
407.15	125.004
407.36	125.736
407.57	126.398
407.78	126.907
407.99	127.267
408.21	127.634
408.42	127.874
408.63	128.030
408.84	127.997
409.05	127.895
409.27	127.580
409.48	127.097
409.69	126.567
409.90	126.013
410.11	125.374
410.32	124.669
410.54	123.804
410.75	122.875
410.96	121.924
411.17	120.922
411.38	119.923
411.59	118.952
411.81	117.887
412.02	116.864
412.23	115.879
412.44	114.983
412.65	114.203
412.86	113.514
413.08	112.822
413.29	112.204
413.50	111.759
413.71	111.456
413.92	111.239
414.13	111.127
414.34	111.119
414.56	111.122
414.77	111.294
414.98	111.565
415.19	112.042
415.40	112.619
415.61	113.261
415.82	113.937
416.04	114.698
416.25	115.466
416.46	116.301
416.67	117.222
416.88	118.085
417.09	118.952
417.30	119.739
417.52	120.581
417.73	121.329
417.94	122.011
418.15	122.647
418.36	123.287
418.57	123.748
418.78	124.105
418.99	124.469
419.21	124.690
419.42	124.831
419.63	124.838
419.84	124.722
420.05	124.481
420.26	124.112
420.47	123.593
420.68	123.096
420.89	122.495
421.11	121.725
421.32	120.998
421.53	120.141
421.74	119.278
421.95	118.391
422.16	117.505
422.37	116.601
422.58	115.622
422.79	114.652
423.01	113.773
423.22	112.907
423.43	112.117
423.64	111.376
423.85	110.721
424.06	110.154
424.27	109.650
424.48	109.251
424.69	109.023
424.90	108.882
425.11	108.821
425.33	108.878
425.54	109.027
425.75	109.239
425.96	109.560
426.17	109.992
426.38	110.497
426.59	111.082
426.80	111.737
427.01	112.487
427.22	113.311
427.43	114.234
427.64	115.115
427.85	115.969
428.07	116.872
428.28	117.722
428.49	118.581
428.70	119.424
428.91	120.224
429.12	120.937
429.33	121.639
429.54	122.275
429.75	122.807
429.96	123.339
430.17	123.760
430.38	124.083
430.59	124.241
430.80	124.300
431.01	124.273
431.22	124.183
431.44	123.954
431.65	123.655
431.86	123.204
432.07	122.713
432.28	122.145
432.49	121.484
432.70	120.752
432.91	119.923
433.12	119.029
433.33	118.105
433.54	117.203
433.75	116.273
433.96	115.339
434.17	114.325
434.38	113.367
434.59	112.445
434.80	111.547
435.01	110.794
435.22	110.077
435.43	109.433
435.64	108.834
435.85	108.323
436.06	107.877
436.27	107.559
436.48	107.341
436.69	107.180
436.90	107.149
437.11	107.233
437.33	107.409
437.54	107.695
437.75	108.109
437.96	108.529
438.17	109.028
438.38	109.558
438.59	110.236
438.80	110.918
439.01	111.719
439.22	112.583
439.43	113.317
439.64	114.125
439.85	114.941
440.06	115.724
440.27	116.545
440.48	117.298
440.69	118.019
440.90	118.698
441.11	119.377
441.32	119.962
441.53	120.470
441.74	120.887
441.95	121.269
442.16	121.537
442.37	121.699
442.58	121.812
442.79	121.844
443.00	121.776
443.21	121.629
443.42	121.309
443.62	120.845
443.83	120.473
444.04	119.965
444.25	119.394
444.46	118.740
444.67	118.004
444.88	117.251
445.09	116.421
445.30	115.550
445.51	114.623
445.72	113.668
445.93	112.770
446.14	111.840
446.35	110.876
446.56	109.989
446.77	109.131
446.98	108.275
447.19	107.449
447.40	106.708
447.61	105.980
447.82	105.343
448.03	104.817
448.24	104.317
448.45	103.911
448.66	103.595
448.87	103.363
449.08	103.245
449.29	103.195
449.49	103.245
449.70	103.394
449.91	103.605
450.12	103.927
450.33	104.274
450.54	104.725
450.75	105.263
450.96	105.820
451.17	106.447
451.38	107.101
451.59	107.811
451.80	108.515
452.01	109.273
452.22	110.062
452.43	110.808
452.64	111.537
452.84	112.281
453.05	112.975
453.26	113.673
453.47	114.290
453.68	114.891
453.89	115.440
454.10	115.885
454.31	116.315
454.52	116.637
454.73	116.926
454.94	117.099
455.15	117.182
455.36	117.166
455.56	117.093
455.77	116.931
455.98	116.714
456.19	116.425
456.40	116.068
456.61	115.642
456.82	115.108
457.03	114.532
457.24	113.864
457.45	113.177
457.65	112.379
457.86	111.589
458.07	110.760
458.28	109.844
458.49	108.980
458.70	108.050
458.91	107.144
459.12	106.227
459.33	105.297
459.54	104.423
459.74	103.577
459.95	102.748
460.16	102.011
460.37	101.314
460.58	100.675
460.79	100.066
461.00	99.501
461.21	99.039
461.41	98.645
461.62	98.333
461.83	98.119
462.04	97.998
462.25	97.896
462.46	97.911
462.67	98.027
462.88	98.216
463.08	98.499
463.29	98.821
463.50	99.218
463.71	99.705
463.92	100.223
464.13	100.774
464.34	101.379
464.54	102.033
464.75	102.719
464.96	103.409
465.17	104.125
465.38	104.819
465.59	105.561
465.80	106.277
466.00	106.964
466.21	107.625
466.42	108.251
466.63	108.898
466.84	109.497
467.05	110.035
467.26	110.514
467.46	110.883
467.67	111.237
467.88	111.551
468.09	111.760
468.30	111.935
468.51	112.044
468.71	112.056
468.92	112.001
469.13	111.866
469.34	111.674
469.55	111.390
469.76	111.080
469.96	110.668
470.17	110.196
470.38	109.688
470.59	109.100
470.80	108.460
471.00	107.815
471.21	107.085
471.42	106.348
471.63	105.574
471.84	104.803
472.05	103.991
472.25	103.159
472.46	102.337
472.67	101.473
472.88	100.667
473.09	99.851
473.29	99.040
473.50	98.286
473.71	97.542
473.92	96.842
474.13	96.182
474.33	95.592
474.54	95.050
474.75	94.565
474.96	94.136
475.17	93.775
475.37	93.436
475.58	93.198
475.79	93.032
476.00	92.938
476.21	92.922
476.41	92.971
476.62	93.097
476.83	93.275
477.04	93.567
477.24	93.876
477.45	94.256
477.66	94.686
477.87	95.144
478.08	95.672
478.28	96.206
478.49	96.799
478.70	97.428
478.91	98.055
479.11	98.694
479.32	99.372
479.53	100.027
479.74	100.718
479.94	101.372
480.15	101.990
480.36	102.595
480.57	103.176
480.78	103.754
480.98	104.248
481.19	104.714
481.40	105.122
481.61	105.515
481.81	105.844
482.02	106.111
482.23	106.355
482.44	106.500
482.64	106.623
482.85	106.664
483.06	106.619
483.27	106.552
483.47	106.437
483.68	106.238
483.89	105.983
484.10	105.658
484.30	105.292
484.51	104.850
484.72	104.388
484.92	103.840
485.13	103.272
485.34	102.675
485.55	102.031
485.75	101.363
485.96	100.640
486.17	99.907
486.38	99.172
486.58	98.399
486.79	97.643
487.00	96.868
487.20	96.094
487.41	95.350
487.62	94.614
487.83	93.879
488.03	93.170
488.24	92.496
488.45	91.840
488.65	91.213
488.86	90.646
489.07	90.110
489.28	89.635
489.48	89.194
489.69	88.844
489.90	88.524
490.10	88.274
490.31	88.083
490.52	87.932
490.73	87.852
490.93	87.833
491.14	87.869
491.35	87.971
491.55	88.118
491.76	88.320
491.97	88.565
492.17	88.855
492.38	89.202
492.59	89.593
492.79	90.035
493.00	90.514
493.21	91.024
493.41	91.552
493.62	92.106
493.83	92.685
494.04	93.236
494.24	93.819
494.45	94.407
494.66	94.976
494.86	95.575
495.07	96.131
495.28	96.698
495.48	97.227
495.69	97.736
495.90	98.228
496.10	98.689
496.31	99.103
496.52	99.475
496.72	99.844
496.93	100.158
497.14	100.419
497.34	100.611
497.55	100.787
497.76	100.902
497.96	100.964
498.17	100.974
498.37	100.946
498.58	100.843
498.79	100.684
498.99	100.505
499.20	100.250
499.41	99.950
499.61	99.581
499.82	99.186
500.03	98.735
500.23	98.271
500.44	97.743
500.65	97.193
500.85	96.622
501.06	95.987
501.26	95.343
501.47	94.674
501.68	94.008
501.88	93.301
502.09	92.601
502.30	91.888
502.50	91.171
502.71	90.466
502.91	89.773
503.12	89.082
503.33	88.403
503.53	87.759
503.74	87.125
503.95	86.513
504.15	85.939
504.36	85.388
504.56	84.866
504.77	84.402
504.98	83.956
505.18	83.573
505.39	83.225
505.59	82.925
505.80	82.676
506.01	82.481
506.21	82.337
506.42	82.243
506.62	82.194
506.83	82.192
507.04	82.248
507.24	82.346
507.45	82.500
507.65	82.698
507.86	82.920
508.07	83.198
508.27	83.522
508.48	83.868
508.68	84.273
508.89	84.692
509.10	85.130
509.30	85.598
509.51	86.074
509.71	86.569
509.92	87.075
510.12	87.589
510.33	88.109
510.54	88.620
510.74	89.140
510.95	89.647
511.15	90.150
511.36	90.651
511.56	91.133
511.77	91.587
511.98	92.023
512.18	92.446
512.39	92.839
512.59	93.198
512.80	93.522
513.00	93.808
513.21	94.054
513.42	94.276
513.62	94.453
513.83	94.597
514.03	94.688
514.24	94.734
514.44	94.732
514.65	94.697
514.85	94.626
515.06	94.511
515.26	94.345
515.47	94.145
515.68	93.884
515.88	93.592
516.09	93.260
516.29	92.893
516.50	92.488
516.70	92.039
516.91	91.564
517.11	91.066
517.32	90.544
517.52	89.995
517.73	89.440
517.93	88.857
518.14	88.257
518.34	87.655
518.55	87.042
518.76	86.428
518.96	85.794
519.17	85.155
519.37	84.516
519.58	83.905
519.78	83.288
519.99	82.680
520.19	82.088
520.40	81.535
520.60	80.990
520.81	80.469
521.01	79.967
521.22	79.509
521.42	79.078
521.63	78.676
521.83	78.309
522.04	77.966
522.24	77.684
522.45	77.437
522.65	77.236
522.86	77.080
523.06	76.957
523.27	76.886
523.47	76.858
523.68	76.869
523.88	76.912
524.09	77.001
524.29	77.140
524.50	77.315
524.70	77.518
524.91	77.756
525.11	78.038
525.32	78.361
525.52	78.703
525.72	79.092
525.93	79.495
526.13	79.931
526.34	80.371
526.54	80.843
526.75	81.305
526.95	81.791
527.16	82.269
527.36	82.769
527.57	83.265
527.77	83.755
527.98	84.258
528.18	84.754
528.39	85.233
528.59	85.710
528.79	86.163
529.00	86.614
529.20	87.041
529.41	87.469
529.61	87.865
529.82	88.223
530.02	88.544
530.23	88.854
530.43	89.114
530.64	89.360
530.84	89.555
531.04	89.719
531.25	89.868
531.45	89.987
531.66	90.063
531.86	90.099
532.07	90.094
532.27	90.049
532.47	89.976
532.68	89.879
532.88	89.745
533.09	89.578
533.29	89.352
533.50	89.101
533.70	88.783
533.90	88.457
534.11	88.118
534.31	87.746
534.52	87.334
534.72	86.927
534.93	86.495
535.13	86.023
535.33	85.555
535.54	85.040
535.74	84.521
535.95	83.976
536.15	83.451
536.35	82.909
536.56	82.367
536.76	81.799
536.97	81.250
537.17	80.691
537.37	80.139
537.58	79.616
537.78	79.097
537.99	78.597
538.19	78.092
538.39	77.597
538.60	77.130
538.80	76.703
539.01	76.270
539.21	75.870
539.41	75.509
539.62	75.167
539.82	74.861
540.03	74.578
540.23	74.346
540.43	74.130
540.64	73.976
540.84	73.838
541.04	73.749
541.25	73.703
541.45	73.686
541.66	73.702
541.86	73.753
542.06	73.847
542.27	73.972
542.47	74.151
542.67	74.344
542.88	74.575
543.08	74.833
543.28	75.131
543.49	75.444
543.69	75.792
543.90	76.170
544.10	76.555
544.30	76.987
544.51	77.419
544.71	77.890
544.91	78.343
545.12	78.825
545.32	79.321
545.52	79.797
545.73	80.305
545.93	80.805
546.13	81.284
546.34	81.760
546.54	82.237
546.74	82.696
546.95	83.175
547.15	83.635
547.35	84.064
547.56	84.501
547.76	84.932
547.96	85.324
548.17	85.715
548.37	86.091
548.57	86.409
548.78	86.714
548.98	86.986
549.18	87.227
549.39	87.440
549.59	87.621
549.79	87.796
550.00	87.921
550.20	88.048
550.40	88.121
550.61	88.175
550.81	88.189
551.01	88.175
551.22	88.129
551.42	88.046
551.62	87.935
551.82	87.778
552.03	87.607
552.23	87.406
552.43	87.165
552.64	86.900
552.84	86.613
553.04	86.293
553.25	85.951
553.45	85.579
553.65	85.194
553.85	84.807
554.06	84.392
554.26	83.951
554.46	83.478
554.67	83.013
554.87	82.523
555.07	82.044
555.27	81.544
555.48	81.033
555.68	80.535
555.88	80.030
556.09	79.532
556.29	79.011
556.49	78.513
556.69	78.003
556.90	77.508
557.10	77.040
557.30	76.598
557.50	76.147
557.71	75.734
557.91	75.336
558.11	74.931
558.31	74.564
558.52	74.222
558.72	73.914
558.92	73.630
559.13	73.377
559.33	73.144
559.53	72.934
559.73	72.769
559.94	72.620
560.14	72.500
560.34	72.408
560.54	72.352
560.75	72.336
560.95	72.347
561.15	72.400
561.35	72.471
561.55	72.556
561.76	72.690
561.96	72.834
562.16	73.024
562.36	73.257
562.57	73.499
562.77	73.769
562.97	74.063
563.17	74.370
563.38	74.697
563.58	75.053
563.78	75.433
563.98	75.822
564.18	76.222
564.39	76.649
564.59	77.080
564.79	77.534
564.99	77.979
565.20	78.430
565.40	78.869
565.60	79.314
565.80	79.785
566.00	80.233
566.21	80.689
566.41	81.118
566.61	81.547
566.81	81.978
567.01	82.394
567.22	82.807
567.42	83.209
567.62	83.580
567.82	83.939
568.02	84.280
568.23	84.603
568.43	84.907
568.63	85.197
568.83	85.450
569.03	85.672
569.24	85.881
569.44	86.077
569.64	86.249
569.84	86.404
570.04	86.505
570.24	86.598
570.45	86.664
570.65	86.709
570.85	86.722
571.05	86.694
571.25	86.641
571.45	86.549
571.66	86.452
571.86	86.335
572.06	86.171
572.26	85.996
572.46	85.798
572.66	85.587
572.87	85.333
573.07	85.076
573.27	84.792
573.47	84.488
573.67	84.157
573.87	83.803
574.08	83.424
574.28	83.052
574.48	82.659
574.68	82.242
574.88	81.818
575.08	81.367
575.28	80.920
575.49	80.474
575.69	80.025
575.89	79.550
576.09	79.094
576.29	78.623
576.49	78.150
576.69	77.675
576.90	77.208
577.10	76.753
577.30	76.301
577.50	75.866
577.70	75.427
577.90	75.004
578.10	74.611
578.30	74.226
578.51	73.857
578.71	73.509
578.91	73.179
579.11	72.861
579.31	72.569
579.51	72.297
579.71	72.053
579.91	71.820
580.12	71.625
580.32	71.449
580.52	71.314
580.72	71.189
580.92	71.091
581.12	71.007
581.32	70.962
581.52	70.958
581.72	70.961
581.92	70.997
582.13	71.073
582.33	71.148
582.53	71.266
582.73	71.395
582.93	71.557
583.13	71.748
583.33	71.970
583.53	72.210
583.73	72.477
583.93	72.762
584.13	73.074
584.34	73.413
584.54	73.738
584.74	74.073
584.94	74.449
585.14	74.834
585.34	75.232
585.54	75.605
585.74	75.996
585.94	76.414
586.14	76.846
586.34	77.261
586.54	77.703
586.74	78.140
586.94	78.588
587.15	79.037
587.35	79.468
587.55	79.895
587.75	80.321
587.95	80.726
588.15	81.121
588.35	81.506
588.55	81.884
588.75	82.267
588.95	82.638
589.15	82.986
589.35	83.324
589.55	83.640
589.75	83.977
589.95	84.271
590.15	84.542
590.35	84.784
590.55	85.019
590.75	85.223
590.95	85.404
591.15	85.563
591.35	85.687
591.56	85.797
591.76	85.882
591.96	85.946
592.16	85.998
592.36	86.021
592.56	86.031
592.76	86.002
592.96	85.961
593.16	85.882
593.36	85.784
593.56	85.673
593.76	85.551
593.96	85.380
594.16	85.210
594.36	85.016
594.56	84.805
594.76	84.569
594.96	84.326
595.16	84.045
595.36	83.757
595.56	83.441
595.76	83.103
595.96	82.747
596.16	82.394
596.36	82.023
596.56	81.651
596.76	81.245
596.96	80.840
597.16	80.430
597.36	80.026
597.56	79.604
597.76	79.169
597.96	78.731
598.16	78.299
598.36	77.863
598.56	77.420
598.76	76.983
598.96	76.560
599.16	76.131
599.36	75.737
599.56	75.338
599.76	74.945
599.96	74.572
600.15	74.209
600.35	73.860
600.55	73.521
600.75	73.181
600.95	72.873
601.15	72.567
601.35	72.275
601.55	72.002
601.75	71.761
601.95	71.534
602.15	71.335
602.35	71.135
602.55	70.967
602.75	70.826
602.95	70.697
603.15	70.579
603.35	70.500
603.55	70.428
603.75	70.376
603.95	70.359
604.15	70.360
604.35	70.393
604.54	70.436
604.74	70.523
604.94	70.620
605.14	70.733
605.34	70.877
605.54	71.050
605.74	71.246
605.94	71.450
606.14	71.679
606.34	71.922
606.54	72.196
606.74	72.487
606.94	72.788
607.14	73.112
607.33	73.460
607.53	73.806
607.73	74.161
607.93	74.520
608.13	74.891
608.33	75.277
608.53	75.653
608.73	76.050
608.93	76.428
609.13	76.822
609.33	77.228
609.52	77.633
609.72	78.032
609.92	78.420
610.12	78.820
610.32	79.214
610.52	79.618
610.72	79.999
610.92	80.379
611.12	80.752
611.31	81.118
611.51	81.474
611.71	81.818
611.91	82.167
612.11	82.514
612.31	82.847
612.51	83.153
612.71	83.462
612.91	83.739
613.10	84.015
613.30	84.302
613.50	84.552
613.70	84.782
613.90	84.986
614.10	85.174
614.30	85.327
614.50	85.474
614.69	85.579
614.89	85.684
615.09	85.763
615.29	85.830
615.49	85.873
615.69	85.893
615.89	85.901
616.08	85.890
616.28	85.851
616.48	85.793
616.68	85.708
616.88	85.607
617.08	85.486
617.27	85.363
617.47	85.197
617.67	85.015
617.87	84.813
618.07	84.607
618.27	84.387
618.47	84.166
618.66	83.915
618.86	83.659
619.06	83.376
619.26	83.088
619.46	82.788
619.66	82.462
619.85	82.126
620.05	81.780
620.25	81.407
620.45	81.038
620.65	80.654
620.84	80.295
621.04	79.916
621.24	79.555
621.44	79.154
621.64	78.741
621.84	78.350
622.03	77.952
622.23	77.557
622.43	77.165
622.63	76.771
622.83	76.381
623.02	75.995
623.22	75.621
623.42	75.231
623.62	74.857
623.82	74.507
624.01	74.154
624.21	73.808
624.41	73.483
624.61	73.173
624.81	72.885
625.00	72.583
625.20	72.300
625.40	72.021
625.60	71.771
625.79	71.548
625.99	71.344
626.19	71.147
626.39	70.970
626.59	70.804
626.78	70.673
626.98	70.552
627.18	70.445
627.38	70.366
627.57	70.329
627.77	70.294
627.97	70.274
628.17	70.287
628.37	70.309
628.56	70.369
628.76	70.431
628.96	70.508
629.16	70.606
629.35	70.749
629.55	70.898
629.75	71.066
629.95	71.253
630.14	71.444
630.34	71.671
630.54	71.904
630.74	72.150
630.93	72.409
631.13	72.679
631.33	72.960
631.53	73.234
631.72	73.520
631.92	73.833
632.12	74.163
632.31	74.489
632.51	74.851
632.71	75.205
632.91	75.559
633.10	75.927
633.30	76.314
633.50	76.674
633.70	77.058
633.89	77.434
634.09	77.821
634.29	78.205
634.48	78.581
634.68	78.975
634.88	79.361
635.08	79.746
635.27	80.142
635.47	80.532
635.67	80.928
635.86	81.318
636.06	81.691
636.26	82.039
636.46	82.395
636.65	82.730
636.85	83.073
637.05	83.406
637.24	83.708
637.44	84.006
637.64	84.297
637.83	84.583
638.03	84.862
638.23	85.097
638.43	85.335
638.62	85.551
638.82	85.733
639.02	85.919
639.21	86.079
639.41	86.209
639.61	86.348
639.80	86.464
640.00	86.559
640.20	86.661
640.39	86.752
640.59	86.813
640.79	86.861
640.98	86.877
641.18	86.885
641.38	86.893
641.57	86.863
641.77	86.815
641.97	86.736
642.16	86.650
642.36	86.561
642.56	86.449
642.75	86.341
642.95	86.202
643.15	86.049
643.34	85.895
643.54	85.726
643.74	85.520
643.93	85.308
644.13	85.062
644.33	84.792
644.52	84.523
644.72	84.253
644.91	83.966
645.11	83.657
645.31	83.349
645.50	83.039
645.70	82.727
645.90	82.412
646.09	82.076
646.29	81.728
646.48	81.376
646.68	81.007
646.88	80.639
647.07	80.276
647.27	79.902
647.47	79.519
647.66	79.147
647.86	78.768
648.05	78.402
648.25	78.044
648.45	77.683
648.64	77.313
648.84	76.956
649.04	76.591
649.23	76.234
649.43	75.886
649.62	75.534
649.82	75.178
650.02	74.841
650.21	74.521
650.41	74.224
650.60	73.934
650.80	73.675
651.00	73.392
651.19	73.139
651.39	72.896
651.58	72.660
651.78	72.447
651.97	72.265
652.17	72.080
652.37	71.905
652.56	71.763
652.76	71.630
652.95	71.511
653.15	71.429
653.35	71.352
653.54	71.283
653.74	71.223
653.93	71.193
654.13	71.177
654.32	71.167
654.52	71.156
654.72	71.177
654.91	71.210
655.11	71.272
655.30	71.354
655.50	71.452
655.69	71.567
655.89	71.681
656.08	71.801
656.28	71.951
656.48	72.118
656.67	72.292
656.87	72.483
657.06	72.674
657.26	72.874
657.45	73.103
657.65	73.351
657.84	73.620
658.04	73.884
658.23	74.169
658.43	74.471
658.62	74.789
658.82	75.102
659.02	75.424
659.21	75.767
659.41	76.099
659.60	76.438
659.80	76.787
659.99	77.164
660.19	77.532
660.38	77.907
660.58	78.270
660.77	78.652
660.97	79.015
661.16	79.389
661.36	79.753
661.55	80.129
661.75	80.499
661.94	80.858
662.14	81.232
662.33	81.605
662.53	81.965
662.72	82.322
662.92	82.669
663.11	82.999
663.31	83.335
663.50	83.674
663.70	84.016
663.89	84.346
664.09	84.648
664.28	84.962
664.48	85.249
664.67	85.552
664.87	85.810
665.06	86.085
665.26	86.337
665.45	86.580
665.65	86.807
665.84	87.034
666.04	87.245
666.23	87.417
666.43	87.566
666.62	87.712
666.82	87.843
667.01	87.965
667.21	88.084
667.40	88.169
667.59	88.258
667.79	88.309
667.98	88.334
668.18	88.353
668.37	88.349
668.57	88.360
668.76	88.338
668.96	88.300
669.15	88.247
669.35	88.204
669.54	88.129
669.73	88.047
669.93	87.945
670.12	87.837
670.32	87.738
670.51	87.612
670.71	87.476
670.90	87.333
671.10	87.177
671.29	86.995
671.48	86.799
671.68	86.587
671.87	86.375
672.07	86.150
672.26	85.949
672.46	85.712
672.65	85.457
672.84	85.195
673.04	84.938
673.23	84.667
673.43	84.375
673.62	84.095
673.82	83.800
674.01	83.474
674.20	83.158
674.40	82.821
674.59	82.495
674.79	82.173
674.98	81.834
675.17	81.496
675.37	81.167
675.56	80.835
675.76	80.494
675.95	80.137
676.14	79.803
676.34	79.431
676.53	79.085
676.73	78.731
676.92	78.375
677.11	78.024
677.31	77.675
677.50	77.343
677.70	77.004
677.89	76.665
678.08	76.359
678.28	76.050
678.47	75.761
678.66	75.479
678.86	75.202
679.05	74.930
679.25	74.674
679.44	74.428
679.63	74.208
679.83	73.982
680.02	73.784
680.21	73.588
680.41	73.407
680.60	73.221
680.79	73.055
680.99	72.907
681.18	72.759
681.38	72.637
681.57	72.536
681.76	72.451
681.96	72.380
682.15	72.313
682.34	72.247
682.54	72.197
682.73	72.170
682.92	72.138
683.12	72.144
683.31	72.160
683.50	72.189
683.70	72.228
683.89	72.269
684.08	72.336
684.28	72.417
684.47	72.512
684.66	72.630
684.86	72.758
685.05	72.904
685.24	73.072
685.44	73.237
685.63	73.407
685.82	73.599
686.02	73.791
686.21	74.025
686.40	74.263
686.60	74.519
686.79	74.779
686.98	75.052
687.18	75.331
687.37	75.610
687.56	75.889
687.75	76.182
687.95	76.488
688.14	76.793
688.33	77.116
688.53	77.442
688.72	77.786
688.91	78.127
689.11	78.460
689.30	78.826
689.49	79.194
689.68	79.558
689.88	79.910
690.07	80.266
690.26	80.605
690.46	80.958
690.65	81.295
690.84	81.637
691.03	81.992
691.23	82.334
691.42	82.679
691.61	83.030
691.80	83.360
692.00	83.698
692.19	84.017
692.38	84.335
692.58	84.657
692.77	84.961
692.96	85.254
693.15	85.552
693.35	85.828
693.54	86.121
693.73	86.409
693.92	86.673
694.12	86.947
694.31	87.197
694.50	87.463
694.69	87.694
694.89	87.917
695.08	88.118
695.27	88.338
695.46	88.526
695.66	88.717
695.85	88.906
696.04	89.083
696.23	89.271
696.43	89.432
696.62	89.560
696.81	89.678
697.00	89.805
697.19	89.918
697.39	90.001
697.58	90.070
697.77	90.115
697.96	90.178
698.16	90.211
698.35	90.264
698.54	90.265
698.73	90.296
698.92	90.281
699.12	90.267
699.31	90.230
699.50	90.193
699.69	90.142
699.89	90.072
700.08	89.998
700.27	89.893
700.46	89.796
700.65	89.683
700.85	89.584
701.04	89.452
701.23	89.297
701.42	89.143
701.61	88.977
701.81	88.799
702.00	88.608
702.19	88.413
702.38	88.184
702.57	87.973
702.76	87.726
702.96	87.497
703.15	87.251
703.34	86.985
703.53	86.713
703.72	86.414
703.92	86.117
704.11	85.813
704.30	85.502
704.49	85.190
704.68	84.885
704.87	84.542
705.07	84.215
705.26	83.894
705.45	83.593
705.64	83.256
705.83	82.951
706.02	82.626
706.21	82.316
706.41	81.994
706.60	81.656
706.79	81.341
706.98	81.032
707.17	80.704
707.36	80.390
707.56	80.096
707.75	79.799
707.94	79.506
708.13	79.219
708.32	78.949
708.51	78.664
708.70	78.405
708.89	78.143
709.09	77.879
709.28	77.634
709.47	77.346
709.66	77.085
709.85	76.827
710.04	76.573
710.23	76.305
710.42	76.088
710.62	75.865
710.81	75.625
711.00	75.392
711.19	75.195
711.38	74.998
711.57	74.794
711.76	74.611
711.95	74.455
712.15	74.304
712.34	74.158
712.53	74.020
712.72	73.886
712.91	73.792
713.10	73.697
713.29	73.610
713.48	73.539
713.67	73.502
713.86	73.474
714.05	73.448
714.25	73.442
714.44	73.417
714.63	73.421
714.82	73.465
715.01	73.512
715.20	73.584
715.39	73.643
715.58	73.728
715.77	73.827
715.96	73.928
716.15	74.031
716.34	74.126
716.54	74.251
716.73	74.387
716.92	74.515
717.11	74.665
717.30	74.829
717.49	75.013
717.68	75.201
717.87	75.364
718.06	75.579
718.25	75.806
718.44	76.044
718.63	76.289
718.82	76.524
719.01	76.768
719.20	77.018
719.39	77.287
719.58	77.557
719.77	77.816
719.96	78.068
720.16	78.340
720.35	78.639
720.54	78.925
720.73	79.220
720.92	79.519
721.11	79.841
721.30	80.148
721.49	80.458
721.68	80.776
721.87	81.121
722.06	81.438
722.25	81.754
722.44	82.076
722.63	82.386
722.82	82.695
723.01	82.994
723.20	83.282
723.39	83.587
723.58	83.917
723.77	84.247
723.96	84.576
724.15	84.915
724.34	85.232
724.53	85.551
724.72	85.842
724.91	86.161
725.10	86.471
725.29	86.763
725.48	87.078
725.67	87.341
725.86	87.592
726.05	87.857
726.24	88.105
726.43	88.345
726.62	88.586
726.81	88.854
727.00	89.099
727.19	89.359
727.38	89.600
727.57	89.802
727.76	90.005
727.95	90.202
728.14	90.363
728.33	90.531
728.52	90.690
728.71	90.846
728.90	90.988
729.09	91.098
729.28	91.198
729.47	91.283
729.65	91.381
729.84	91.479
730.03	91.565
730.22	91.643
730.41	91.721
730.60	91.791
730.79	91.806
730.98	91.841
731.17	91.870
731.36	91.865
731.55	91.850
731.74	91.830
731.93	91.803
732.12	91.773
732.31	91.747
732.50	91.727
732.69	91.705
732.88	91.636
733.06	91.562
733.25	91.496
733.44	91.424
733.63	91.323
733.82	91.219
734.01	91.082
734.20	90.944
734.39	90.781
734.58	90.628
734.77	90.489
734.96	90.316
735.15	90.125
735.33	89.931
735.52	89.748
735.71	89.548
735.90	89.335
736.09	89.107
736.28	88.850
736.47	88.588
736.66	88.318
736.85	88.059
737.04	87.767
737.23	87.495
737.41	87.198
737.60	86.937
737.79	86.636
737.98	86.356
738.17	86.074
738.36	85.814
738.55	85.538
738.74	85.263
738.92	84.980
739.11	84.701
739.30	84.406
739.49	84.100
739.68	83.812
739.87	83.542
740.06	83.277
740.25	82.991
740.43	82.719
740.62	82.429
740.81	82.133
741.00	81.872
741.19	81.578
741.38	81.286
741.57	80.988
741.75	80.719
741.94	80.433
742.13	80.147
742.32	79.846
742.51	79.555
742.70	79.278
742.89	79.015
743.07	78.739
743.26	78.480
743.45	78.201
743.64	77.956
743.83	77.687
744.02	77.399
744.20	77.161
744.39	76.916
744.58	76.692
744.77	76.487
744.96	76.301
745.15	76.139
745.33	75.986
745.52	75.834
745.71	75.682
745.90	75.541
746.09	75.420
746.28	75.305
746.46	75.175
746.65	75.043
746.84	74.932
747.03	74.830
747.22	74.750
747.40	74.700
747.59	74.626
747.78	74.572
747.97	74.565
748.16	74.547
748.34	74.511
748.53	74.501
748.72	74.503
748.91	74.484
749.10	74.477
749.28	74.492
749.47	74.525
749.66	74.549
749.85	74.572
750.04	74.607
750.22	74.643
750.41	74.713
750.60	74.800
750.79	74.867
750.97	74.950
751.16	75.054
751.35	75.149
751.54	75.249
751.73	75.380
751.91	75.495
752.10	75.648
752.29	75.791
752.48	75.956
752.66	76.122
752.85	76.298
753.04	76.478
753.23	76.679
753.41	76.857
753.60	77.074
753.79	77.301
753.98	77.515
754.16	77.745
754.35	77.971
754.54	78.194
754.73	78.452
754.91	78.714
755.10	78.966
755.29	79.241
755.48	79.500
755.66	79.762
755.85	80.035
756.04	80.284
756.22	80.574
756.41	80.830
756.60	81.099
756.79	81.390
756.97	81.677
757.16	81.926
757.35	82.215
757.54	82.502
757.72	82.783
757.91	83.075
758.10	83.369
758.28	83.650
758.47	83.934
758.66	84.238
758.85	84.518
759.03	84.808
759.22	85.092
759.41	85.387
759.59	85.677
759.78	85.965
759.97	86.236
760.15	86.494
760.34	86.797
760.53	87.062
760.71	87.310
760.90	87.591
761.09	87.858
761.28	88.117
761.46	88.361
761.65	88.613
761.84	88.870
762.02	89.119
762.21	89.388
762.40	89.609
762.58	89.812
762.77	90.022
762.96	90.234
763.14	90.455
763.33	90.654
763.52	90.823
763.70	90.974
763.89	91.148
764.08	91.330
764.26	91.452
764.45	91.610
764.64	91.768
764.82	91.874
765.01	91.990
765.20	92.081
765.38	92.189
765.57	92.258
765.75	92.329
765.94	92.371
766.13	92.428
766.31	92.504
766.50	92.544
766.69	92.623
766.87	92.688
767.06	92.717
767.25	92.760
767.43	92.815
767.62	92.872
767.80	92.902
767.99	92.902
768.18	92.896
768.36	92.879
768.55	92.854
768.74	92.826
768.92	92.799
769.11	92.797
769.29	92.750
769.48	92.729
769.67	92.658
769.85	92.611
770.04	92.488
770.22	92.379
770.41	92.257
770.60	92.099
770.78	91.928
770.97	91.771
771.15	91.617
771.34	91.421
771.53	91.252
771.71	91.070
771.90	90.910
772.08	90.793
772.27	90.625
772.46	90.422
772.64	90.221
772.83	90.018
773.01	89.762
773.20	89.527
773.39	89.302
773.57	89.072
773.76	88.834
773.94	88.646
774.13	88.409
774.31	88.162
774.50	87.948
774.68	87.700
774.87	87.453
775.06	87.155
775.24	86.895
775.43	86.603
775.61	86.321
775.80	86.038
775.98	85.721
776.17	85.415
776.36	85.128
776.54	84.849
776.73	84.551
776.91	84.277
777.10	83.997
777.28	83.681
777.47	83.397
777.65	83.105
777.84	82.796
778.02	82.520
778.21	82.253
778.39	81.948
778.58	81.677
778.77	81.407
778.95	81.171
779.14	80.932
779.32	80.694
779.51	80.459
779.69	80.202
779.88	79.968
780.06	79.736
780.25	79.500
780.43	79.256
780.62	79.038
780.80	78.808
780.99	78.574
781.17	78.351
781.36	78.118
781.54	77.909
781.73	77.668
781.91	77.457
782.10	77.257
782.28	77.060
782.47	76.862
782.65	76.647
782.84	76.442
783.02	76.254
783.21	76.087
783.39	75.912
783.58	75.753
783.76	75.574
783.95	75.424
784.13	75.315
784.32	75.202
784.50	75.080
784.69	74.996
784.87	74.916
785.05	74.846
785.24	74.786
785.42	74.729
785.61	74.684
785.79	74.646
785.98	74.617
786.16	74.575
786.35	74.565
786.53	74.558
786.72	74.543
786.90	74.538
787.09	74.516
787.27	74.528
787.45	74.560
787.64	74.586
787.82	74.608
788.01	74.623
788.19	74.664
788.38	74.709
788.56	74.698
788.75	74.752
788.93	74.821
789.11	74.864
789.30	74.902
789.48	74.974
789.67	75.052
789.85	75.121
790.04	75.243
790.22	75.343
790.40	75.466
790.59	75.579
790.77	75.700
790.96	75.852
791.14	75.991
791.32	76.120
791.51	76.273
791.69	76.438
791.88	76.610
792.06	76.783
792.25	76.940
792.43	77.169
792.61	77.352
792.80	77.518
792.98	77.737
793.17	77.941
793.35	78.117
793.53	78.311
793.72	78.547
793.90	78.755
794.08	78.961
794.27	79.173
794.45	79.417
794.64	79.639
794.82	79.861
795.00	80.059
795.19	80.292
795.37	80.521
795.55	80.703
795.74	80.935
795.92	81.168
796.11	81.432
796.29	81.673
796.47	81.908
796.66	82.138
796.84	82.399
797.02	82.667
797.21	82.948
797.39	83.207
797.58	83.452
797.76	83.685
797.94	83.949
798.13	84.209
798.31	84.478
798.49	84.719
798.68	84.955
798.86	85.241
799.04	85.466
799.23	85.717
799.41	85.980
799.59	86.213
799.78	86.412
799.96	86.629
800.14	86.854
800.33	87.088
800.51	87.339
800.69	87.518
800.88	87.738
801.06	87.970
801.24	88.146
801.43	88.337
801.61	88.512
801.79	88.677
801.98	88.839
802.16	89.016
802.34	89.211
802.52	89.391
802.71	89.520
802.89	89.703
803.07	89.853
803.26	89.991
803.44	90.108
803.62	90.250
803.81	90.369
803.99	90.452
804.17	90.530
804.35	90.605
804.54	90.679
804.72	90.773
804.90	90.838
805.09	90.951
805.27	91.048
805.45	91.147
805.63	91.210
805.82	91.283
806.00	91.275
806.18	91.304
806.37	91.351
806.55	91.360
806.73	91.376
806.91	91.386
807.10	91.418
807.28	91.427
807.46	91.438
807.64	91.425
807.83	91.421
808.01	91.419
808.19	91.358
808.37	91.310
808.56	91.232
808.74	91.176
808.92	91.109
809.10	91.000
809.29	90.933
809.47	90.855
809.65	90.723
809.83	90.668
810.02	90.555
810.20	90.446
810.38	90.351
810.56	90.224
810.75	90.131
810.93	90.021
811.11	89.903
811.29	89.781
811.47	89.661
811.66	89.506
811.84	89.355
812.02	89.282
812.20	89.168
812.39	89.050
812.57	88.911
812.75	88.782
812.93	88.684
813.11	88.528
813.30	88.397
813.48	88.288
813.66	88.121
813.84	87.972
814.02	87.794
814.21	87.648
814.39	87.453
814.57	87.259
814.75	87.055
814.93	86.856
815.12	86.642
815.30	86.427
815.48	86.226
815.66	86.007
815.84	85.751
816.03	85.504
816.21	85.225
816.39	84.983
816.57	84.676
816.75	84.371
816.93	84.087
817.12	83.776
817.30	83.467
817.48	83.169
817.66	82.908
817.84	82.655
818.02	82.410
818.21	82.132
818.39	81.876
818.57	81.605
818.75	81.387
818.93	81.133
819.11	80.875
819.30	80.630
819.48	80.403
819.66	80.187
819.84	79.999
820.02	79.788
820.20	79.560
820.38	79.348
820.57	79.135
820.75	78.954
820.93	78.764
821.11	78.577
821.29	78.403
821.47	78.187
821.65	77.970
821.83	77.742
822.02	77.559
822.20	77.355
822.38	77.191
822.56	76.947
822.74	76.725
822.92	76.488
823.10	76.290
823.28	76.057
823.46	75.833
823.65	75.596
823.83	75.394
824.01	75.188
824.19	74.982
824.37	74.785
824.55	74.561
824.73	74.371
824.91	74.175
825.09	73.981
825.27	73.808
825.46	73.611
825.64	73.411
825.82	73.254
826.00	73.068
826.18	72.905
826.36	72.767
826.54	72.654
826.72	72.586
826.90	72.480
827.08	72.402
827.26	72.326
827.44	72.235
827.63	72.153
827.81	72.088
827.99	72.056
828.17	72.000
828.35	71.954
828.53	71.912
828.71	71.903
828.89	71.874
829.07	71.850
829.25	71.837
829.43	71.857
829.61	71.841
829.79	71.835
829.97	71.842
830.15	71.815
830.33	71.819
830.51	71.803
830.69	71.817
830.87	71.780
831.06	71.798
831.24	71.821
831.42	71.838
831.60	71.842
831.78	71.877
831.96	71.925
832.14	71.996
832.32	72.065
832.50	72.115
832.68	72.170
832.86	72.210
833.04	72.309
833.22	72.367
833.40	72.463
833.58	72.546
833.76	72.618
833.94	72.747
834.12	72.866
834.30	72.989
834.48	73.086
834.66	73.252
834.84	73.340
835.02	73.492
835.20	73.644
835.38	73.808
835.56	73.963
835.74	74.133
835.92	74.297
836.10	74.443
836.28	74.589
836.46	74.766
836.64	74.941
836.82	75.074
837.00	75.238
837.18	75.408
837.36	75.602
837.54	75.775
837.72	75.956
837.90	76.144
838.08	76.337
838.26	76.527
838.43	76.696
838.61	76.903
838.79	77.088
838.97	77.280
839.15	77.478
839.33	77.664
839.51	77.807
839.69	77.977
839.87	78.173
840.05	78.396
840.23	78.585
840.41	78.783
840.59	78.947
840.77	79.160
840.95	79.330
841.13	79.492
841.31	79.665
841.49	79.816
841.67	79.948
841.84	80.118
842.02	80.257
842.20	80.452
842.38	80.587
842.56	80.730
842.74	80.883
842.92	80.987
843.10	81.127
843.28	81.314
843.46	81.445
843.64	81.537
843.82	81.670
843.99	81.791
844.17	81.956
844.35	82.188
844.53	82.340
844.71	82.532
844.89	82.657
845.07	82.842
845.25	83.027
845.43	83.210
845.61	83.360
845.78	83.562
845.96	83.722
846.14	83.923
846.32	84.113
846.50	84.262
846.68	84.494
846.86	84.656
847.04	84.810
847.22	84.919
847.39	85.094
847.57	85.203
847.75	85.323
847.93	85.384
848.11	85.468
848.29	85.599
848.47	85.656
848.65	85.792
848.82	85.834
849.00	85.909
849.18	85.950
849.36	85.984
849.54	86.047
849.72	86.042
849.89	86.084
850.07	86.146
850.25	86.154
850.43	86.111
850.61	86.113
850.79	86.071
850.97	86.137
851.14	86.155
851.32	86.146
851.50	86.159
851.68	86.208
851.86	86.259
852.04	86.236
852.21	86.267
852.39	86.277
852.57	86.343
852.75	86.354
852.93	86.359
853.10	86.352
853.28	86.311
853.46	86.312
853.64	86.246
853.82	86.155
854.00	86.179
854.17	86.125
854.35	86.052
854.53	86.018
854.71	85.932
854.89	85.813
855.06	85.779
855.24	85.734
855.42	85.644
855.60	85.497
855.78	85.404
855.95	85.289
856.13	85.190
856.31	85.010
856.49	84.860
856.66	84.766
856.84	84.604
857.02	84.528
857.20	84.446
857.38	84.289
857.55	84.162
857.73	83.934
857.91	83.830
858.09	83.658
858.26	83.513
858.44	83.377
858.62	83.248
858.80	83.072
858.97	82.898
859.15	82.725
859.33	82.518
859.51	82.356
859.68	82.170
859.86	81.980
860.04	81.803
860.22	81.610
860.39	81.406
860.57	81.203
860.75	80.930
860.93	80.702
861.10	80.573
861.28	80.392
861.46	80.188
861.64	79.989
861.81	79.840
861.99	79.623
862.17	79.399
862.35	79.215
862.52	79.053
862.70	78.846
862.88	78.676
863.05	78.476
863.23	78.258
863.41	78.076
863.59	77.859
863.76	77.698
863.94	77.503
864.12	77.312
864.29	77.159
864.47	76.952
864.65	76.763
864.83	76.499
865.00	76.275
865.18	76.115
865.36	75.935
865.53	75.730
865.71	75.593
865.89	75.395
866.06	75.182
866.24	74.946
866.42	74.750
866.59	74.516
866.77	74.365
866.95	74.163
867.12	73.915
867.30	73.748
867.48	73.514
867.65	73.315
867.83	73.105
868.01	72.922
868.18	72.727
868.36	72.529
868.54	72.370
868.71	72.212
868.89	72.047
869.07	71.857
869.24	71.685
869.42	71.483
869.60	71.329
869.77	71.208
869.95	71.050
870.13	70.896
870.30	70.781
870.48	70.592
870.66	70.447
870.83	70.346
871.01	70.159
871.18	70.035
871.36	69.905
871.54	69.757
871.71	69.619
871.89	69.521
872.07	69.352
872.24	69.225
872.42	69.131
872.59	69.016
872.77	68.893
872.95	68.804
873.12	68.669
873.30	68.540
873.48	68.430
873.65	68.326
873.83	68.223
874.00	68.104
874.18	68.028
874.36	67.962
874.53	67.878
874.71	67.800
874.88	67.739
875.06	67.712
875.24	67.710
875.41	67.656
875.59	67.620
875.76	67.635
875.94	67.593
876.11	67.478
876.29	67.390
876.47	67.352
876.64	67.288
876.82	67.242
876.99	67.202
877.17	67.172
877.35	67.156
877.52	67.125
877.70	67.088
877.87	67.070
878.05	67.059
878.22	67.056
878.40	67.095
878.57	67.081
878.75	67.039
878.93	66.987
879.10	67.000
879.28	67.011
879.45	67.025
879.63	67.005
879.80	67.011
879.98	67.056
880.15	67.075
880.33	67.123
880.50	67.159
880.68	67.252
880.86	67.305
881.03	67.380
881.21	67.469
881.38	67.555
881.56	67.721
881.73	67.779
881.91	67.843
882.08	67.907
882.26	68.036
882.43	68.158
882.61	68.334
882.78	68.441
882.96	68.578
883.13	68.686
883.31	68.828
883.48	69.032
883.66	69.188
883.83	69.338
884.01	69.442
884.18	69.658
884.36	69.815
884.53	69.940
884.71	70.069
884.88	70.172
885.06	70.332
885.23	70.393
885.41	70.530
885.58	70.653
885.76	70.810
885.93	70.885
886.11	71.050
886.28	71.144
886.46	71.265
886.63	71.384
886.81	71.502
886.98	71.681
887.15	71.777
887.33	71.948
887.50	72.144
887.68	72.310
887.85	72.408
888.03	72.542
888.20	72.709
888.38	72.857
888.55	73.022
888.73	73.093
888.90	73.226
889.08	73.360
889.25	73.476
889.42	73.603
889.60	73.789
889.77	73.861
889.95	73.998
890.12	74.090
890.30	74.185
890.47	74.278
890.64	74.412
890.82	74.541
890.99	74.640
891.17	74.730
891.34	74.845
891.52	74.950
891.69	75.059
891.86	75.176
892.04	75.276
892.21	75.421
892.39	75.655
892.56	75.822
892.73	75.919
892.91	76.070
893.08	76.272
893.26	76.359
893.43	76.532
893.60	76.632
893.78	76.797
893.95	76.955
894.13	77.188
894.30	77.339
894.47	77.547
894.65	77.681
894.82	77.837
895.00	77.974
895.17	78.144
895.34	78.336
895.52	78.496
895.69	78.626
895.86	78.761
896.04	78.810
896.21	78.968
896.39	79.157
896.56	79.323
896.73	79.330
896.91	79.390
897.08	79.481
897.25	79.652
897.43	79.722
897.60	79.809
897.77	79.817
897.95	79.810
898.12	79.803
898.30	79.915
898.47	79.926
898.64	79.980
898.82	80.000
898.99	79.979
899.16	79.985
899.34	79.977
899.51	79.891
899.68	79.861
899.86	79.806
900.03	79.738
900.20	79.692
900.38	79.714
900.55	79.803
900.72	79.750
900.90	79.679
901.07	79.782
901.24	79.768
901.41	79.791
901.59	79.808
901.76	79.807
901.93	79.757
902.11	79.699
902.28	79.690
902.45	79.788
902.63	79.811
902.80	79.778
902.97	79.789
903.15	79.896
903.32	79.974
903.49	79.976
903.66	80.030
903.84	80.046
904.01	80.035
904.18	80.007
904.36	80.036
904.53	80.019
904.70	79.945
904.87	79.934
905.05	79.854
905.22	79.875
905.39	79.854
905.56	79.784
905.74	79.758
905.91	79.680
906.08	79.556
906.26	79.478
906.43	79.383
906.60	79.276
906.77	79.112
906.95	78.999
907.12	78.874
907.29	78.704
907.46	78.667
907.64	78.574
907.81	78.463
907.98	78.283
908.15	78.182
908.33	78.063
908.50	77.925
908.67	77.837
908.84	77.707
909.01	77.545
909.19	77.457
909.36	77.343
909.53	77.211
909.70	77.000
909.88	76.900
910.05	76.745
910.22	76.678
910.39	76.565
910.57	76.476
910.74	76.393
910.91	76.346
911.08	76.143
911.25	76.002
911.43	75.875
911.60	75.755
911.77	75.610
911.94	75.388
912.11	75.237
912.29	75.038
912.46	74.798
912.63	74.603
912.80	74.384
912.97	74.195
913.15	74.070
913.32	73.930
913.49	73.712
913.66	73.634
913.83	73.416
914.00	73.206
914.18	72.997
914.35	72.806
914.52	72.549
914.69	72.345
914.86	72.150
915.03	71.963
915.21	71.830
915.38	71.622
915.55	71.544
915.72	71.382
915.89	71.243
916.06	71.161
916.24	71.080
916.41	70.922
916.58	70.801
916.75	70.592
916.92	70.425
917.09	70.223
917.26	69.961
917.44	69.751
917.61	69.626
917.78	69.413
917.95	69.252
918.12	69.062
918.29	68.967
918.46	68.773
918.64	68.601
918.81	68.459
918.98	68.325
919.15	68.135
919.32	67.977
919.49	67.749
919.66	67.545
919.83	67.359
920.00	67.187
920.18	67.039
920.35	66.984
920.52	66.868
920.69	66.813
920.86	66.782
921.03	66.700
921.20	66.555
921.37	66.437
921.54	66.185
921.71	66.087
921.89	65.918
922.06	65.847
922.23	65.735
922.40	65.608
922.57	65.410
922.74	65.295
922.91	65.204
923.08	65.141
923.25	65.049
923.42	64.943
923.59	64.919
923.76	64.722
923.93	64.521
924.11	64.361
924.28	64.233
924.45	64.103
924.62	64.063
924.79	63.975
924.96	63.831
925.13	63.801
925.30	63.682
925.47	63.533
925.64	63.439
925.81	63.372
925.98	63.302
926.15	63.277
926.32	63.123
926.49	63.022
926.66	62.935
926.83	62.831
927.00	62.799
927.17	62.670
927.34	62.723
927.51	62.684
927.69	62.717
927.86	62.668
928.03	62.558
928.20	62.513
928.37	62.428
928.54	62.459
928.71	62.424
928.88	62.454
929.05	62.470
929.22	62.460
929.39	62.402
929.56	62.333
929.73	62.296
929.90	62.358
930.07	62.343
930.24	62.316
930.41	62.330
930.58	62.370
930.75	62.427
930.92	62.362
931.09	62.344
931.26	62.301
931.43	62.282
931.60	62.295
931.77	62.249
931.94	62.306
932.11	62.328
932.27	62.362
932.44	62.381
932.61	62.406
932.78	62.352
932.95	62.445
933.12	62.407
933.29	62.446
933.46	62.448
933.63	62.397
933.80	62.415
933.97	62.407
934.14	62.387
934.31	62.324
934.48	62.358
934.65	62.380
934.82	62.424
934.99	62.445
935.16	62.493
935.33	62.560
935.50	62.693
935.67	62.765
935.84	62.795
936.00	62.818
936.17	62.898
936.34	63.030
936.51	63.014
936.68	63.054
936.85	63.069
937.02	63.166
937.19	63.234
937.36	63.359
937.53	63.361
937.70	63.447
937.87	63.535
938.03	63.546
938.20	63.616
938.37	63.690
938.54	63.764
938.71	63.813
938.88	63.933
939.05	63.851
939.22	63.825
939.39	63.907
939.56	64.078
939.72	64.126
939.89	64.173
940.06	64.230
940.23	64.337
940.40	64.441
940.57	64.606
940.74	64.758
940.91	64.812
941.08	65.024
941.24	65.085
941.41	65.277
941.58	65.501
941.75	65.642
941.92	65.806
942.09	65.919
942.26	66.035
942.42	66.079
942.59	66.309
942.76	66.646
942.93	66.800
943.10	66.810
943.27	66.971
943.44	67.098
943.60	67.297
943.77	67.283
943.94	67.503
944.11	67.522
944.28	67.597
944.45	67.743
944.61	67.836
944.78	67.881
944.95	67.914
945.12	68.114
945.29	68.199
945.46	68.165
945.62	68.214
945.79	68.403
945.96	68.705
946.13	68.835
946.30	68.823
946.46	68.985
946.63	69.094
946.80	69.232
946.97	69.410
947.14	69.491
947.31	70.006
947.47	70.220
947.64	70.405
947.81	70.576
947.98	70.735
948.15	70.826
948.31	71.050
948.48	71.193
948.65	71.180
948.82	71.354
948.98	71.514
949.15	71.840
949.32	71.912
949.49	71.867
949.66	71.955
949.82	72.014
949.99	72.123
950.16	72.236
950.33	72.199
950.49	72.272
950.66	72.239
950.83	72.083
951.00	71.912
951.16	71.708
951.33	71.728
951.50	71.687
951.67	71.720
951.83	71.759
952.00	71.752
952.17	71.705
952.34	71.695
952.50	71.848
952.67	71.774
952.84	71.791
953.01	71.761
953.17	71.758
953.34	71.876
953.51	71.810
953.68	71.742
953.84	71.680
954.01	71.632
954.18	71.585
954.34	71.635
954.51	71.699
954.68	71.861
954.85	71.875
955.01	71.981
955.18	72.249
955.35	72.016
955.51	71.955
955.68	72.069
955.85	72.246
956.02	72.116
956.18	72.174
956.35	72.150
956.52	72.202
956.68	72.206
956.85	72.069
957.02	72.138
957.18	72.185
957.35	72.220
957.52	72.281
957.69	72.378
957.85	72.426
958.02	72.307
958.19	72.221
958.35	72.239
958.52	72.026
958.69	71.717
958.85	71.877
959.02	72.004
959.19	71.776
959.35	71.667
959.52	71.723
959.69	71.677
959.85	71.669
960.02	71.679
960.19	71.575
960.35	71.540
960.52	71.455
960.68	71.380
960.85	71.483
961.02	71.277
961.18	71.284
961.35	71.074
961.52	71.149
961.68	71.128
961.85	71.025
962.02	71.099
962.18	71.119
962.35	70.898
962.51	70.732
962.68	70.791
962.85	70.693
963.01	70.404
963.18	70.344
963.35	69.988
963.51	69.806
963.68	69.794
963.84	69.523
964.01	69.513
964.18	69.399
964.34	69.143
964.51	68.963
964.67	68.749
964.84	68.671
965.01	68.458
965.17	68.200
965.34	68.195
965.50	67.966
965.67	67.908
965.84	67.920
966.00	68.075
966.17	68.163
966.33	67.973
966.50	67.927
966.66	67.860
966.83	67.947
967.00	67.871
967.16	67.689
967.33	67.654
967.49	67.482
967.66	67.716
967.82	67.549
967.99	67.677
968.16	67.662
968.32	67.595
968.49	67.375
968.65	67.546
968.82	67.438
968.98	67.488
969.15	67.200
969.31	66.892
969.48	66.636
969.64	66.297
969.81	66.326
969.98	66.298
970.14	65.916
970.31	65.902
970.47	65.568
970.64	65.327
970.80	65.393
970.97	64.884
971.13	64.474
971.30	64.380
971.46	64.218
971.63	64.019
971.79	64.094
971.96	64.112
972.12	63.881
972.29	63.447
972.45	63.309
972.62	63.302
972.78	63.365
972.95	62.918
973.11	62.634
973.28	62.440
973.44	62.423
973.61	62.681
973.77	62.445
973.94	62.465
974.10	62.603
974.27	62.524
974.43	62.845
974.60	62.813
974.76	62.839
974.93	62.779
975.09	62.634
975.26	62.357
975.42	62.359
975.59	62.110
975.75	62.495
975.92	62.395
976.08	61.920
976.24	61.824
976.41	61.681
976.57	61.780
976.74	61.729
976.90	61.343
977.07	60.896
977.23	60.869
977.40	60.742
977.56	60.148
977.73	59.866
977.89	59.549
978.05	59.150
978.22	58.938
978.38	58.650
978.55	58.470
978.71	58.346
978.88	58.334
979.04	58.381
979.20	58.103
979.37	57.991
979.53	57.945
979.70	57.964
979.86	58.257
980.03	58.079
980.19	57.967
980.35	57.981
980.52	57.746
980.68	57.856
980.85	57.796
981.01	57.990
981.17	57.976
981.34	57.793
981.50	57.786
981.67	57.777
981.83	57.661
981.99	57.518
982.16	57.247
982.32	56.314
982.49	56.281
982.65	56.062
982.81	56.087
982.98	56.170
983.14	56.148
983.30	55.702
983.47	55.690
983.63	55.489
983.80	55.294
983.96	55.096
984.12	55.417
984.29	55.584
984.45	55.741
984.61	55.422
984.78	55.799
984.94	56.111
985.10	56.555
985.27	56.464
985.43	56.894
985.59	57.279
985.76	57.868
985.92	58.055
986.08	58.488
986.25	58.185
986.41	58.795
986.57	58.251
986.74	58.603
986.90	58.531
987.06	58.363
987.23	58.311
987.39	58.190
987.55	57.108
987.72	56.854
987.88	56.028
988.04	56.540
988.21	56.862
988.37	56.603
988.53	55.914
988.70	56.259
988.86	55.717
989.02	55.332
989.19	54.950
989.35	54.930
989.51	54.134
989.67	54.055
989.84	53.495
990.00	53.601
990.16	53.931
990.33	54.116
990.49	54.631
990.65	54.855
990.82	55.217
990.98	55.406
991.14	55.373
991.30	56.406
991.47	55.749
991.63	55.755
991.79	56.509
991.95	56.830
992.12	56.915
992.28	57.225
992.44	57.474
992.61	57.818
992.77	57.813
992.93	58.447
993.09	58.569
993.26	58.831
993.42	59.350
993.58	58.955
993.74	58.785
993.91	58.280
994.07	58.167
994.23	58.332
994.39	58.560
994.55	58.853
994.72	58.307
994.88	58.548
995.04	57.964
995.20	57.632
995.37	57.136
995.53	57.091
995.69	56.723
995.85	56.293
996.02	56.282
996.18	56.538
996.34	56.298
996.50	56.470
996.66	57.304
996.83	56.853
996.99	55.992
997.15	56.606
997.31	56.758
997.47	56.991
997.64	57.007
997.80	57.479
997.96	58.002
998.12	58.306
998.28	59.224
998.45	59.776
998.61	59.707
998.77	59.665
998.93	59.850
999.09	61.307
999.25	61.569
999.42	62.824
999.58	62.533
999.74	62.211
999.90	62.084
1000.06	61.266
1000.22	61.639
1000.39	62.496
1000.55	62.234
1000.71	62.847
1000.87	62.757
1001.03	62.526
1001.19	62.437
1001.36	61.796
1001.52	61.294
1001.68	60.710
1001.84	61.213
1002.00	60.171
1002.16	60.306
1002.32	59.720
1002.49	58.118
1002.65	58.056
1002.81	57.202
1002.97	57.076
1003.13	57.165
1003.29	58.198
1003.45	57.798
1003.62	58.305
1003.78	58.028
1003.94	58.456
1004.10	57.649
1004.26	57.831
1004.42	57.859
1004.58	57.734
1004.74	58.402
1004.90	59.866
1005.07	59.766
1005.23	58.503
1005.39	60.014
1005.55	60.823
1005.71	60.467
1005.87	61.470
1006.03	62.430
1006.19	62.731
1006.35	62.551
1006.51	63.358
1006.67	63.031
1006.84	63.087
1007.00	62.887
1007.16	64.035
1007.32	62.295
1007.48	63.244
1007.64	64.620
1007.80	64.030
1007.96	63.087
1008.12	63.014
1008.28	61.399
1008.44	62.532
1008.60	62.998
1008.76	61.596
1008.92	60.407
1009.09	60.621
1009.25	60.442
1009.41	59.560
1009.57	60.184
1009.73	60.774
1009.89	61.543
1010.05	62.046
1010.21	63.645
1010.37	63.241
1010.53	64.294
1010.69	66.253
1010.85	66.141
1011.01	64.726
1011.17	64.604
1011.33	66.753
1011.49	67.616
1011.65	67.901
1011.81	67.516
1011.97	68.262
1012.13	70.896
1012.29	73.036
1012.45	74.710
1012.61	77.874
1012.77	76.026
1012.93	75.757
1013.09	75.333
1013.25	75.453
1013.41	76.850
1013.57	74.252
1013.73	73.560
1013.89	69.585
1014.05	71.799
1014.21	69.344
1014.37	67.526
1014.53	66.273
1014.69	66.605
1014.85	66.228
1015.01	69.084
1015.17	71.055
1015.33	71.928
1015.49	69.785
1015.65	71.015
1015.81	71.407
1015.97	68.244
1016.13	71.835
1016.29	70.902
1016.45	71.455
1016.61	71.724
1016.77	68.385
1016.93	69.460
1017.09	69.169
1017.25	70.616
1017.41	69.428
1017.56	71.583
1017.72	78.305
1017.88	79.922
1018.04	80.652
1018.20	78.575
1018.36	77.468
1018.52	74.782
1018.68	75.494
1018.84	77.453
1019.00	75.280
1019.16	76.878
1019.32	80.052
1019.48	80.101
1019.64	82.560
1019.79	79.750
1019.95	75.777
1020.11	81.140
1020.27	81.076
1020.43	87.211
1020.59	90.024
1020.75	87.277
1020.91	91.201
1021.07	83.979
1021.23	84.951
1021.39	80.048
1021.54	86.090
1021.70	84.476
1021.86	84.158
1022.02	82.027
1022.18	78.863
1022.34	81.409
1022.50	79.866
1022.66	77.453
1022.82	78.021
1022.97	77.342
1023.13	81.055
1023.29	86.772
1023.45	84.790
1023.61	86.274
1023.77	83.809
1023.93	84.354
1024.08	84.401
1024.24	82.332
1024.40	85.211
1024.56	93.267
1024.72	95.599
1024.88	84.251
1025.04	88.881
1025.19	85.509
1025.35	82.974
1025.51	86.660
1025.67	90.377
1025.83	85.288
1025.99	87.516
1026.14	84.876
1026.30	93.745
1026.46	94.964
1026.62	89.250
1026.78	82.893
1026.94	78.991
1027.09	76.173
1027.25	73.118
1027.41	74.627
1027.57	73.184
1027.73	72.771
1027.89	66.441
1028.04	66.386
1028.20	65.519
1028.36	66.531
1028.52	66.134
1028.68	66.988
1028.83	68.418
1028.99	65.367
1029.15	66.640
1029.31	66.864
1029.47	68.681
1029.62	66.996
1029.78	67.724
1029.94	67.955
1030.10	70.255
1030.25	72.484
1030.41	77.172
1030.57	80.136
1030.73	82.410
1030.89	84.235
1031.04	85.411
1031.20	92.256
1031.36	101.625
1031.52	108.686
1031.67	110.564
1031.83	118.079
1031.99	130.384
1032.15	116.068
1032.30	129.964
1032.46	150.684
1032.62	137.997
1032.78	124.457
1032.93	140.043
1033.09	118.892
1033.25	111.750
1033.41	112.887
1033.56	109.505
1033.72	53.235
1033.88	317.857
1034.04	65.443
1034.19	65.091
1034.35	87.703
1034.51	-19.094
1034.66	46.690
1034.82	2032.500
1034.98	2032.500
1035.14	2032.500
