345.22	41.385
345.43	41.385
345.65	41.385
345.86	43.825
346.08	123.845
346.29	10.411
346.51	21.787
346.72	73.131
346.94	-229.423
347.15	-67.312
347.37	128.619
347.58	159.321
347.80	184.109
348.01	158.005
348.23	112.778
348.44	105.226
348.66	96.859
348.87	99.132
349.09	95.876
349.30	85.357
349.52	80.077
349.73	83.569
349.95	84.036
350.16	85.665
350.38	82.481
350.59	76.943
350.81	75.815
351.02	74.947
351.24	74.306
351.45	73.355
351.67	75.311
351.88	74.608
352.10	70.922
352.31	70.488
352.53	73.733
352.74	75.350
352.96	76.098
353.17	75.759
353.39	76.686
353.60	78.337
353.82	79.287
354.03	79.154
354.25	75.006
354.46	70.358
354.67	68.227
354.89	66.488
355.10	70.024
355.32	68.764
355.53	70.129
355.75	71.606
355.96	73.475
356.18	73.147
356.39	73.054
356.61	77.111
356.82	75.966
357.04	72.480
357.25	72.260
357.46	71.960
357.68	71.761
357.89	70.225
358.11	68.945
358.32	71.848
358.54	69.769
358.75	70.763
358.97	72.657
359.18	75.317
359.40	75.120
359.61	75.375
359.82	76.891
360.04	76.786
360.25	75.224
360.47	71.121
360.68	70.509
360.90	70.426
361.11	68.298
361.32	68.851
361.54	71.847
361.75	71.601
361.97	72.506
362.18	73.027
362.40	74.787
362.61	76.243
362.83	75.899
363.04	77.536
363.25	79.145
363.47	80.104
363.68	77.627
363.90	81.425
364.11	81.755
364.32	82.105
364.54	80.450
364.75	77.771
364.97	81.126
365.18	79.790
365.40	78.044
365.61	78.241
365.82	78.565
366.04	77.927
366.25	77.717
366.47	76.172
366.68	74.857
366.89	75.368
367.11	73.286
367.32	74.036
367.54	71.758
367.75	70.844
367.96	69.928
368.18	70.592
368.39	69.421
368.61	69.829
368.82	71.221
369.03	73.606
369.25	77.244
369.46	77.913
369.68	79.035
369.89	80.617
370.10	81.050
370.32	81.182
370.53	80.681
370.75	77.094
370.96	79.434
371.17	80.033
371.39	77.633
371.60	77.467
371.81	77.770
372.03	79.444
372.24	80.757
372.46	84.118
372.67	85.249
372.88	84.153
373.10	83.363
373.31	81.596
373.52	81.357
373.74	79.600
373.95	79.005
374.17	79.865
374.38	81.325
374.59	81.646
374.81	80.479
375.02	79.094
375.23	82.426
375.45	79.894
375.66	78.235
375.87	79.699
376.09	80.453
376.30	79.019
376.52	80.583
376.73	77.836
376.94	76.059
377.16	77.371
377.37	81.079
377.58	81.518
377.80	82.707
378.01	83.936
378.22	85.584
378.44	86.461
378.65	88.568
378.86	88.980
379.08	89.564
379.29	90.269
379.50	93.367
379.72	93.686
379.93	97.175
380.14	100.146
380.36	101.310
380.57	102.641
380.78	103.259
381.00	104.313
381.21	106.254
381.42	107.527
381.64	108.034
381.85	107.884
382.06	108.241
382.28	108.575
382.49	108.419
382.70	109.136
382.92	109.482
383.13	108.874
383.34	109.412
383.56	110.468
383.77	111.842
383.98	111.548
384.20	112.679
384.41	112.862
384.62	113.277
384.83	113.882
385.05	114.425
385.26	115.397
385.47	116.328
385.69	117.218
385.90	118.088
386.11	118.864
386.33	119.830
386.54	120.646
386.75	121.287
386.97	122.420
387.18	123.146
387.39	124.067
387.60	124.539
387.82	125.025
388.03	125.410
388.24	125.899
388.46	126.289
388.67	126.403
388.88	126.356
389.09	126.226
389.31	125.941
389.52	125.693
389.73	125.151
389.95	124.662
390.16	124.154
390.37	123.719
390.58	123.203
390.80	122.470
391.01	121.918
391.22	121.394
391.44	120.517
391.65	119.814
391.86	119.079
392.07	118.764
392.29	118.298
392.50	117.811
392.71	117.332
392.92	117.095
393.14	116.732
393.35	116.577
393.56	116.588
393.78	116.673
393.99	116.959
394.20	117.354
394.41	117.684
394.63	118.009
394.84	118.567
395.05	119.291
395.26	119.945
395.48	120.668
395.69	121.313
395.90	122.248
396.11	123.111
396.33	123.944
396.54	124.809
396.75	125.534
396.96	126.272
397.18	126.895
397.39	127.505
397.60	128.146
397.81	128.647
398.03	128.970
398.24	129.234
398.45	129.317
398.66	129.313
398.87	129.264
399.09	129.108
399.30	128.706
399.51	128.130
399.72	127.630
399.94	127.018
400.15	126.341
400.36	125.494
400.57	124.611
400.79	123.727
401.00	122.718
401.21	121.802
401.42	120.867
401.63	119.944
401.85	119.061
402.06	118.296
402.27	117.544
402.48	116.928
402.69	116.391
402.91	115.874
403.12	115.433
403.33	115.204
403.54	115.119
403.76	115.000
403.97	115.098
404.18	115.314
404.39	115.633
404.60	116.092
404.82	116.651
405.03	117.322
405.24	117.998
405.45	118.755
405.66	119.580
405.88	120.416
406.09	121.347
406.30	122.176
406.51	122.917
406.72	123.726
406.94	124.474
407.15	125.161
407.36	125.880
407.57	126.516
407.78	126.997
407.99	127.341
408.21	127.661
408.42	127.871
408.63	128.003
408.84	127.937
409.05	127.795
409.27	127.462
409.48	126.968
409.69	126.412
409.90	125.854
410.11	125.178
410.32	124.464
410.54	123.592
410.75	122.658
410.96	121.703
411.17	120.707
411.38	119.709
411.59	118.740
411.81	117.686
412.02	116.676
412.23	115.724
412.44	114.845
412.65	114.108
412.86	113.445
413.08	112.785
413.29	112.208
413.50	111.804
413.71	111.530
413.92	111.337
414.13	111.259
414.34	111.254
414.56	111.303
414.77	111.504
414.98	111.796
415.19	112.302
415.40	112.907
415.61	113.561
415.82	114.245
416.04	115.008
416.25	115.784
416.46	116.617
416.67	117.518
416.88	118.365
417.09	119.210
417.30	119.983
417.52	120.793
417.73	121.519
417.94	122.174
418.15	122.774
418.36	123.388
418.57	123.822
418.78	124.172
418.99	124.501
419.21	124.694
419.42	124.808
419.63	124.782
419.84	124.634
420.05	124.369
420.26	123.978
420.47	123.438
420.68	122.914
420.89	122.295
421.11	121.522
421.32	120.799
421.53	119.942
421.74	119.068
421.95	118.184
422.16	117.308
422.37	116.418
422.58	115.453
422.79	114.496
423.01	113.634
423.22	112.777
423.43	112.011
423.64	111.292
423.85	110.659
424.06	110.123
424.27	109.642
424.48	109.273
424.69	109.087
424.90	108.978
425.11	108.951
425.33	109.041
425.54	109.217
425.75	109.450
425.96	109.795
426.17	110.250
426.38	110.775
426.59	111.375
426.80	112.040
427.01	112.799
427.22	113.641
427.43	114.567
427.64	115.446
427.85	116.291
428.07	117.178
428.28	118.019
428.49	118.864
428.70	119.690
428.91	120.464
429.12	121.143
429.33	121.816
429.54	122.420
429.75	122.922
429.96	123.418
430.17	123.802
430.38	124.097
430.59	124.231
430.80	124.259
431.01	124.199
431.22	124.077
431.44	123.833
431.65	123.500
431.86	123.030
432.07	122.524
432.28	121.942
432.49	121.276
432.70	120.538
432.91	119.696
433.12	118.801
433.33	117.879
433.54	116.981
433.75	116.056
433.96	115.134
434.17	114.132
434.38	113.190
434.59	112.290
434.80	111.411
435.01	110.676
435.22	109.993
435.43	109.382
435.64	108.808
435.85	108.316
436.06	107.903
436.27	107.615
436.48	107.435
436.69	107.306
436.90	107.302
437.11	107.411
437.33	107.617
437.54	107.926
437.75	108.358
437.96	108.798
438.17	109.316
438.38	109.869
438.59	110.553
438.80	111.244
439.01	112.049
439.22	112.918
439.43	113.653
439.64	114.443
439.85	115.245
440.06	116.026
440.27	116.846
440.48	117.585
440.69	118.286
440.90	118.938
441.11	119.598
441.32	120.161
441.53	120.648
441.74	121.042
441.95	121.395
442.16	121.638
442.37	121.771
442.58	121.857
442.79	121.856
443.00	121.770
443.21	121.601
443.42	121.256
443.62	120.770
443.83	120.379
444.04	119.862
444.25	119.280
444.46	118.605
444.67	117.851
444.88	117.083
445.09	116.247
445.30	115.371
445.51	114.435
445.72	113.478
445.93	112.580
446.14	111.652
446.35	110.702
446.56	109.833
446.77	108.997
446.98	108.154
447.19	107.347
447.40	106.626
447.61	105.922
447.82	105.315
448.03	104.814
448.24	104.333
448.45	103.956
448.66	103.661
448.87	103.461
449.08	103.370
449.29	103.347
449.49	103.419
449.70	103.591
449.91	103.830
450.12	104.171
450.33	104.535
450.54	105.004
450.75	105.556
450.96	106.119
451.17	106.751
451.38	107.412
451.59	108.127
451.80	108.828
452.01	109.577
452.22	110.354
452.43	111.083
452.64	111.809
452.84	112.535
453.05	113.212
453.26	113.899
453.47	114.491
453.68	115.070
453.89	115.597
454.10	116.019
454.31	116.426
454.52	116.726
454.73	116.991
454.94	117.135
455.15	117.194
455.36	117.159
455.56	117.060
455.77	116.872
455.98	116.625
456.19	116.314
456.40	115.938
456.61	115.497
456.82	114.950
457.03	114.355
457.24	113.684
457.45	112.992
457.65	112.185
457.86	111.396
458.07	110.569
458.28	109.651
458.49	108.790
458.70	107.859
458.91	106.959
459.12	106.049
459.33	105.137
459.54	104.274
459.74	103.441
459.95	102.632
460.16	101.914
460.37	101.244
460.58	100.629
460.79	100.051
461.00	99.512
461.21	99.082
461.41	98.716
461.62	98.429
461.83	98.235
462.04	98.136
462.25	98.055
462.46	98.091
462.67	98.237
462.88	98.446
463.08	98.754
463.29	99.090
463.50	99.506
463.71	100.011
463.92	100.542
464.13	101.099
464.34	101.710
464.54	102.370
464.75	103.060
464.96	103.750
465.17	104.455
465.38	105.143
465.59	105.875
465.80	106.581
466.00	107.252
466.21	107.903
466.42	108.511
466.63	109.144
466.84	109.722
467.05	110.236
467.26	110.697
467.46	111.040
467.67	111.379
467.88	111.666
468.09	111.847
468.30	111.996
468.51	112.083
468.71	112.075
468.92	111.996
469.13	111.839
469.34	111.633
469.55	111.331
469.76	110.998
469.96	110.564
470.17	110.074
470.38	109.551
470.59	108.954
470.80	108.303
471.00	107.646
471.21	106.910
471.42	106.170
471.63	105.396
471.84	104.621
472.05	103.807
472.25	102.979
472.46	102.165
472.67	101.313
472.88	100.513
473.09	99.708
473.29	98.910
473.50	98.173
473.71	97.445
473.92	96.761
474.13	96.123
474.33	95.556
474.54	95.040
474.75	94.578
474.96	94.170
475.17	93.833
475.37	93.522
475.58	93.304
475.79	93.159
476.00	93.085
476.21	93.096
476.41	93.167
476.62	93.311
476.83	93.507
477.04	93.809
477.24	94.136
477.45	94.531
477.66	94.973
477.87	95.434
478.08	95.972
478.28	96.513
478.49	97.110
478.70	97.740
478.91	98.364
479.11	99.002
479.32	99.679
479.53	100.328
479.74	101.008
479.94	101.652
480.15	102.260
480.36	102.845
480.57	103.410
480.78	103.972
480.98	104.448
481.19	104.893
481.40	105.284
481.61	105.664
481.81	105.972
482.02	106.219
482.23	106.445
482.44	106.567
482.64	106.667
482.85	106.686
483.06	106.620
483.27	106.533
483.47	106.395
483.68	106.176
483.89	105.903
484.10	105.563
484.30	105.181
484.51	104.726
484.72	104.254
484.92	103.695
485.13	103.118
485.34	102.516
485.55	101.866
485.75	101.194
485.96	100.465
486.17	99.735
486.38	98.997
486.58	98.229
486.79	97.479
487.00	96.710
487.20	95.946
487.41	95.213
487.62	94.487
487.83	93.769
488.03	93.070
488.24	92.412
488.45	91.774
488.65	91.165
488.86	90.612
489.07	90.097
489.28	89.641
489.48	89.222
489.69	88.892
489.90	88.593
490.10	88.364
490.31	88.194
490.52	88.059
490.73	87.999
490.93	87.999
491.14	88.051
491.35	88.167
491.55	88.330
491.76	88.546
491.97	88.806
492.17	89.103
492.38	89.463
492.59	89.861
492.79	90.314
493.00	90.799
493.21	91.313
493.41	91.843
493.62	92.396
493.83	92.973
494.04	93.521
494.24	94.104
494.45	94.683
494.66	95.242
494.86	95.832
495.07	96.380
495.28	96.935
495.48	97.451
495.69	97.949
495.90	98.430
496.10	98.877
496.31	99.276
496.52	99.635
496.72	99.987
496.93	100.284
497.14	100.523
497.34	100.704
497.55	100.860
497.76	100.957
497.96	101.003
498.17	100.992
498.37	100.947
498.58	100.823
498.79	100.650
498.99	100.458
499.20	100.187
499.41	99.873
499.61	99.493
499.82	99.084
500.03	98.620
500.23	98.145
500.44	97.607
500.65	97.050
500.85	96.472
501.06	95.831
501.26	95.182
501.47	94.511
501.68	93.841
501.88	93.136
502.09	92.441
502.30	91.732
502.50	91.023
502.71	90.323
502.91	89.636
503.12	88.960
503.33	88.291
503.53	87.659
503.74	87.038
503.95	86.441
504.15	85.879
504.36	85.347
504.56	84.841
504.77	84.394
504.98	83.968
505.18	83.601
505.39	83.271
505.59	82.987
505.80	82.758
506.01	82.581
506.21	82.456
506.42	82.377
506.62	82.343
506.83	82.354
507.04	82.425
507.24	82.539
507.45	82.703
507.65	82.911
507.86	83.146
508.07	83.435
508.27	83.767
508.48	84.127
508.68	84.535
508.89	84.957
509.10	85.397
509.30	85.865
509.51	86.342
509.71	86.835
509.92	87.342
510.12	87.853
510.33	88.367
510.54	88.875
510.74	89.390
510.95	89.891
511.15	90.387
511.36	90.877
511.56	91.348
511.77	91.786
511.98	92.213
512.18	92.622
512.39	92.998
512.59	93.341
512.80	93.648
513.00	93.919
513.21	94.149
513.42	94.357
513.62	94.519
513.83	94.648
514.03	94.724
514.24	94.755
514.44	94.735
514.65	94.685
514.85	94.595
515.06	94.463
515.26	94.283
515.47	94.067
515.68	93.796
515.88	93.493
516.09	93.152
516.29	92.777
516.50	92.358
516.70	91.907
516.91	91.426
517.11	90.922
517.32	90.397
517.52	89.845
517.73	89.288
517.93	88.701
518.14	88.098
518.34	87.498
518.55	86.888
518.76	86.277
518.96	85.649
519.17	85.016
519.37	84.387
519.58	83.785
519.78	83.181
519.99	82.583
520.19	82.003
520.40	81.460
520.60	80.926
520.81	80.419
521.01	79.929
521.22	79.487
521.42	79.069
521.63	78.681
521.83	78.330
522.04	78.002
522.24	77.734
522.45	77.505
522.65	77.315
522.86	77.172
523.06	77.066
523.27	77.010
523.47	76.994
523.68	77.019
523.88	77.072
524.09	77.172
524.29	77.325
524.50	77.510
524.70	77.724
524.91	77.971
525.11	78.263
525.32	78.594
525.52	78.942
525.72	79.336
525.93	79.746
526.13	80.186
526.34	80.629
526.54	81.104
526.75	81.568
526.95	82.052
527.16	82.529
527.36	83.023
527.57	83.512
527.77	83.997
527.98	84.491
528.18	84.980
528.39	85.450
528.59	85.915
528.79	86.359
529.00	86.799
529.20	87.212
529.41	87.626
529.61	88.007
529.82	88.352
530.02	88.659
530.23	88.954
530.43	89.198
530.64	89.431
530.84	89.612
531.04	89.757
531.25	89.893
531.45	89.999
531.66	90.062
531.86	90.085
532.07	90.066
532.27	90.011
532.47	89.922
532.68	89.815
532.88	89.668
533.09	89.486
533.29	89.248
533.50	88.990
533.70	88.664
533.90	88.332
534.11	87.985
534.31	87.607
534.52	87.188
534.72	86.777
534.93	86.336
535.13	85.863
535.33	85.393
535.54	84.877
535.74	84.358
535.95	83.813
536.15	83.288
536.35	82.750
536.56	82.209
536.76	81.650
536.97	81.105
537.17	80.553
537.37	80.008
537.58	79.493
537.78	78.982
537.99	78.490
538.19	77.994
538.39	77.513
538.60	77.059
538.80	76.643
539.01	76.224
539.21	75.837
539.41	75.490
539.62	75.160
539.82	74.868
540.03	74.600
540.23	74.384
540.43	74.182
540.64	74.036
540.84	73.911
541.04	73.837
541.25	73.802
541.45	73.797
541.66	73.826
541.86	73.888
542.06	73.992
542.27	74.128
542.47	74.317
542.67	74.518
542.88	74.755
543.08	75.020
543.28	75.325
543.49	75.648
543.69	76.000
543.90	76.385
544.10	76.773
544.30	77.208
544.51	77.641
544.71	78.115
544.91	78.574
545.12	79.056
545.32	79.548
545.52	80.022
545.73	80.526
545.93	81.025
546.13	81.500
546.34	81.970
546.54	82.439
546.74	82.892
546.95	83.363
547.15	83.814
547.35	84.233
547.56	84.660
547.76	85.077
547.96	85.461
548.17	85.837
548.37	86.201
548.57	86.508
548.78	86.799
548.98	87.057
549.18	87.284
549.39	87.484
549.59	87.654
549.79	87.816
550.00	87.932
550.20	88.046
550.40	88.108
550.61	88.150
550.81	88.151
551.01	88.123
551.22	88.063
551.42	87.969
551.62	87.851
551.82	87.684
552.03	87.502
552.23	87.289
552.43	87.040
552.64	86.768
552.84	86.471
553.04	86.147
553.25	85.799
553.45	85.421
553.65	85.031
553.85	84.640
554.06	84.220
554.26	83.777
554.46	83.303
554.67	82.837
554.87	82.349
555.07	81.873
555.27	81.377
555.48	80.874
555.68	80.380
555.88	79.878
556.09	79.383
556.29	78.870
556.49	78.379
556.69	77.877
556.90	77.388
557.10	76.932
557.30	76.498
557.50	76.056
557.71	75.655
557.91	75.269
558.11	74.879
558.31	74.524
558.52	74.195
558.72	73.895
558.92	73.621
559.13	73.377
559.33	73.157
559.53	72.958
559.73	72.803
559.94	72.667
560.14	72.557
560.34	72.474
560.54	72.430
560.75	72.427
560.95	72.449
561.15	72.516
561.35	72.593
561.55	72.691
561.76	72.833
561.96	72.986
562.16	73.184
562.36	73.421
562.57	73.667
562.77	73.943
562.97	74.244
563.17	74.560
563.38	74.891
563.58	75.252
563.78	75.634
563.98	76.026
564.18	76.428
564.39	76.857
564.59	77.294
564.79	77.747
564.99	78.189
565.20	78.637
565.40	79.071
565.60	79.514
565.80	79.977
566.00	80.422
566.21	80.873
566.41	81.293
566.61	81.717
566.81	82.142
567.01	82.549
567.22	82.953
567.42	83.343
567.62	83.704
567.82	84.051
568.02	84.382
568.23	84.691
568.43	84.983
568.63	85.262
568.83	85.503
569.03	85.714
569.24	85.910
569.44	86.093
569.64	86.254
569.84	86.400
570.04	86.492
570.24	86.572
570.45	86.628
570.65	86.663
570.85	86.662
571.05	86.624
571.25	86.561
571.45	86.460
571.66	86.354
571.86	86.229
572.06	86.058
572.26	85.873
572.46	85.672
572.66	85.454
572.87	85.194
573.07	84.931
573.27	84.641
573.47	84.333
573.67	84.000
573.87	83.641
574.08	83.258
574.28	82.884
574.48	82.489
574.68	82.069
574.88	81.648
575.08	81.197
575.28	80.753
575.49	80.311
575.69	79.863
575.89	79.389
576.09	78.937
576.29	78.472
576.49	78.007
576.69	77.537
576.90	77.075
577.10	76.626
577.30	76.179
577.50	75.751
577.70	75.321
577.90	74.906
578.10	74.524
578.30	74.147
578.51	73.786
578.71	73.450
578.91	73.129
579.11	72.818
579.31	72.541
579.51	72.279
579.71	72.043
579.91	71.823
580.12	71.642
580.32	71.481
580.52	71.358
580.72	71.243
580.92	71.156
581.12	71.085
581.32	71.051
581.52	71.056
581.72	71.070
581.92	71.117
582.13	71.201
582.33	71.287
582.53	71.413
582.73	71.552
582.93	71.723
583.13	71.922
583.33	72.153
583.53	72.396
583.73	72.669
583.93	72.960
584.13	73.275
584.34	73.617
584.54	73.943
584.74	74.278
584.94	74.657
585.14	75.043
585.34	75.442
585.54	75.814
585.74	76.206
585.94	76.620
586.14	77.050
586.34	77.464
586.54	77.898
586.74	78.330
586.94	78.773
587.15	79.214
587.35	79.641
587.55	80.059
587.75	80.480
587.95	80.878
588.15	81.265
588.35	81.642
588.55	82.012
588.75	82.386
588.95	82.748
589.15	83.086
589.35	83.414
589.55	83.721
589.75	84.051
589.95	84.333
590.15	84.596
590.35	84.827
590.55	85.051
590.75	85.247
590.95	85.418
591.15	85.567
591.35	85.680
591.56	85.778
591.76	85.855
591.96	85.907
592.16	85.948
592.36	85.962
592.56	85.961
592.76	85.925
592.96	85.876
593.16	85.785
593.36	85.680
593.56	85.561
593.76	85.432
593.96	85.252
594.16	85.080
594.36	84.881
594.56	84.661
594.76	84.421
594.96	84.171
595.16	83.885
595.36	83.590
595.56	83.272
595.76	82.932
595.96	82.573
596.16	82.220
596.36	81.846
596.56	81.476
596.76	81.073
596.96	80.667
597.16	80.258
597.36	79.857
597.56	79.438
597.76	79.005
597.96	78.569
598.16	78.140
598.36	77.706
598.56	77.266
598.76	76.838
598.96	76.418
599.16	75.999
599.36	75.612
599.56	75.224
599.76	74.839
599.96	74.472
600.15	74.117
600.35	73.774
600.55	73.445
600.75	73.110
600.95	72.809
601.15	72.514
601.35	72.229
601.55	71.967
601.75	71.736
601.95	71.517
602.15	71.327
602.35	71.138
602.55	70.982
602.75	70.853
602.95	70.735
603.15	70.629
603.35	70.557
603.55	70.498
603.75	70.455
603.95	70.445
604.15	70.457
604.35	70.498
604.54	70.554
604.74	70.649
604.94	70.758
605.14	70.880
605.34	71.030
605.54	71.213
605.74	71.416
605.94	71.625
606.14	71.863
606.34	72.110
606.54	72.388
606.74	72.681
606.94	72.984
607.14	73.311
607.33	73.662
607.53	74.007
607.73	74.360
607.93	74.720
608.13	75.091
608.33	75.477
608.53	75.853
608.73	76.248
608.93	76.624
609.13	77.013
609.33	77.417
609.52	77.821
609.72	78.213
609.92	78.596
610.12	78.989
610.32	79.378
610.52	79.777
610.72	80.154
610.92	80.525
611.12	80.892
611.31	81.252
611.51	81.598
611.71	81.939
611.91	82.282
612.11	82.622
612.31	82.947
612.51	83.245
612.71	83.549
612.91	83.815
613.10	84.085
613.30	84.362
613.50	84.605
613.70	84.824
613.90	85.019
614.10	85.199
614.30	85.345
614.50	85.481
614.69	85.575
614.89	85.671
615.09	85.742
615.29	85.797
615.49	85.829
615.69	85.842
615.89	85.840
616.08	85.818
616.28	85.767
616.48	85.700
616.68	85.607
616.88	85.496
617.08	85.368
617.27	85.235
617.47	85.063
617.67	84.871
617.87	84.662
618.07	84.451
618.27	84.225
618.47	83.996
618.66	83.742
618.86	83.484
619.06	83.195
619.26	82.906
619.46	82.603
619.66	82.274
619.85	81.936
620.05	81.590
620.25	81.218
620.45	80.852
620.65	80.471
620.84	80.114
621.04	79.738
621.24	79.381
621.44	78.983
621.64	78.573
621.84	78.184
622.03	77.788
622.23	77.400
622.43	77.010
622.63	76.623
622.83	76.238
623.02	75.858
623.22	75.492
623.42	75.109
623.62	74.745
623.82	74.404
624.01	74.058
624.21	73.719
624.41	73.403
624.61	73.100
624.81	72.818
625.00	72.523
625.20	72.248
625.40	71.974
625.60	71.732
625.79	71.520
625.99	71.327
626.19	71.141
626.39	70.969
626.59	70.814
626.78	70.691
626.98	70.578
627.18	70.481
627.38	70.411
627.57	70.383
627.77	70.356
627.97	70.344
628.17	70.368
628.37	70.400
628.56	70.469
628.76	70.539
628.96	70.623
629.16	70.730
629.35	70.881
629.55	71.039
629.75	71.216
629.95	71.410
630.14	71.608
630.34	71.837
630.54	72.077
630.74	72.327
630.93	72.591
631.13	72.866
631.33	73.149
631.53	73.425
631.72	73.714
631.92	74.025
632.12	74.355
632.31	74.682
632.51	75.042
632.71	75.395
632.91	75.749
633.10	76.116
633.30	76.504
633.50	76.861
633.70	77.242
633.89	77.614
634.09	77.996
634.29	78.374
634.48	78.745
634.68	79.134
634.88	79.517
635.08	79.898
635.27	80.287
635.47	80.670
635.67	81.062
635.86	81.446
636.06	81.816
636.26	82.159
636.46	82.503
636.65	82.831
636.85	83.168
637.05	83.493
637.24	83.789
637.44	84.076
637.64	84.357
637.83	84.634
638.03	84.905
638.23	85.131
638.43	85.363
638.62	85.573
638.82	85.749
639.02	85.925
639.21	86.076
639.41	86.202
639.61	86.332
639.80	86.438
640.00	86.524
640.20	86.618
640.39	86.703
640.59	86.759
640.79	86.803
640.98	86.810
641.18	86.812
641.38	86.810
641.57	86.771
641.77	86.719
641.97	86.634
642.16	86.541
642.36	86.449
642.56	86.332
642.75	86.218
642.95	86.074
643.15	85.917
643.34	85.758
643.54	85.581
643.74	85.369
643.93	85.152
644.13	84.900
644.33	84.627
644.52	84.355
644.72	84.081
644.91	83.789
645.11	83.476
645.31	83.165
645.50	82.853
645.70	82.543
645.90	82.226
646.09	81.889
646.29	81.541
646.48	81.186
646.68	80.817
646.88	80.450
647.07	80.087
647.27	79.715
647.47	79.337
647.66	78.970
647.86	78.597
648.05	78.234
648.25	77.883
648.45	77.527
648.64	77.160
648.84	76.810
649.04	76.450
649.23	76.101
649.43	75.761
649.62	75.416
649.82	75.069
650.02	74.741
650.21	74.428
650.41	74.140
650.60	73.858
650.80	73.605
651.00	73.332
651.19	73.087
651.39	72.853
651.58	72.626
651.78	72.420
651.97	72.244
652.17	72.069
652.37	71.902
652.56	71.768
652.76	71.641
652.95	71.526
653.15	71.454
653.35	71.384
653.54	71.322
653.74	71.268
653.93	71.245
654.13	71.237
654.32	71.232
654.52	71.227
654.72	71.258
654.91	71.296
655.11	71.364
655.30	71.451
655.50	71.553
655.69	71.674
655.89	71.792
656.08	71.923
656.28	72.079
656.48	72.253
656.67	72.432
656.87	72.629
657.06	72.827
657.26	73.031
657.45	73.263
657.65	73.514
657.84	73.787
658.04	74.055
658.23	74.343
658.43	74.649
658.62	74.969
658.82	75.284
659.02	75.611
659.21	75.952
659.41	76.286
659.60	76.626
659.80	76.974
659.99	77.348
660.19	77.713
660.38	78.087
660.58	78.448
660.77	78.825
660.97	79.187
661.16	79.556
661.36	79.915
661.55	80.289
661.75	80.652
661.94	81.007
662.14	81.376
662.33	81.742
662.53	82.098
662.72	82.450
662.92	82.788
663.11	83.109
663.31	83.440
663.50	83.772
663.70	84.106
663.89	84.427
664.09	84.721
664.28	85.026
664.48	85.305
664.67	85.599
664.87	85.854
665.06	86.118
665.26	86.363
665.45	86.603
665.65	86.820
665.84	87.047
666.04	87.250
666.23	87.412
666.43	87.555
666.62	87.688
666.82	87.806
667.01	87.924
667.21	88.032
667.40	88.110
667.59	88.192
667.79	88.237
667.98	88.255
668.18	88.269
668.37	88.256
668.57	88.260
668.76	88.231
668.96	88.182
669.15	88.125
669.35	88.074
669.54	87.990
669.73	87.903
669.93	87.792
670.12	87.681
670.32	87.579
670.51	87.447
670.71	87.307
670.90	87.165
671.10	87.003
671.29	86.819
671.48	86.620
671.68	86.405
671.87	86.188
672.07	85.963
672.26	85.760
672.46	85.524
672.65	85.269
672.84	85.004
673.04	84.748
673.23	84.477
673.43	84.183
673.62	83.902
673.82	83.608
674.01	83.281
674.20	82.963
674.40	82.627
674.59	82.305
674.79	81.988
674.98	81.651
675.17	81.313
675.37	80.988
675.56	80.660
675.76	80.323
675.95	79.969
676.14	79.636
676.34	79.271
676.53	78.929
676.73	78.578
676.92	78.223
677.11	77.876
677.31	77.529
677.50	77.205
677.70	76.870
677.89	76.533
678.08	76.229
678.28	75.925
678.47	75.639
678.66	75.364
678.86	75.091
679.05	74.825
679.25	74.578
679.44	74.339
679.63	74.125
679.83	73.907
680.02	73.718
680.21	73.533
680.41	73.357
680.60	73.181
680.79	73.026
680.99	72.891
681.18	72.752
681.38	72.641
681.57	72.547
681.76	72.475
681.96	72.418
682.15	72.362
682.34	72.307
682.54	72.264
682.73	72.245
682.92	72.226
683.12	72.242
683.31	72.266
683.50	72.299
683.70	72.344
683.89	72.392
684.08	72.466
684.28	72.550
684.47	72.649
684.66	72.770
684.86	72.904
685.05	73.055
685.24	73.226
685.44	73.396
685.63	73.570
685.82	73.762
686.02	73.953
686.21	74.188
686.40	74.427
686.60	74.686
686.79	74.944
686.98	75.215
687.18	75.493
687.37	75.773
687.56	76.055
687.75	76.350
687.95	76.658
688.14	76.962
688.33	77.288
688.53	77.614
688.72	77.960
688.91	78.298
689.11	78.628
689.30	78.994
689.49	79.360
689.68	79.722
689.88	80.074
690.07	80.429
690.26	80.765
690.46	81.119
690.65	81.453
690.84	81.796
691.03	82.149
691.23	82.487
691.42	82.830
691.61	83.178
691.80	83.503
692.00	83.834
692.19	84.144
692.38	84.453
692.58	84.769
692.77	85.064
692.96	85.350
693.15	85.643
693.35	85.910
693.54	86.191
693.73	86.471
693.92	86.726
694.12	86.993
694.31	87.234
694.50	87.489
694.69	87.712
694.89	87.926
695.08	88.118
695.27	88.332
695.46	88.511
695.66	88.694
695.85	88.875
696.04	89.042
696.23	89.226
696.43	89.381
696.62	89.501
696.81	89.616
697.00	89.735
697.19	89.842
697.39	89.920
697.58	89.986
697.77	90.028
697.96	90.086
698.16	90.114
698.35	90.161
698.54	90.159
698.73	90.184
698.92	90.164
699.12	90.146
699.31	90.101
699.50	90.059
699.69	89.999
699.89	89.922
700.08	89.843
700.27	89.734
700.46	89.630
700.65	89.513
700.85	89.409
701.04	89.272
701.23	89.115
701.42	88.958
701.61	88.789
701.81	88.607
702.00	88.410
702.19	88.212
702.38	87.980
702.57	87.767
702.76	87.518
702.96	87.288
703.15	87.038
703.34	86.771
703.53	86.496
703.72	86.201
703.92	85.907
704.11	85.607
704.30	85.295
704.49	84.985
704.68	84.684
704.87	84.344
705.07	84.018
705.26	83.698
705.45	83.401
705.64	83.067
705.83	82.763
706.02	82.443
706.21	82.136
706.41	81.816
706.60	81.482
706.79	81.173
706.98	80.865
707.17	80.542
707.36	80.232
707.56	79.946
707.75	79.653
707.94	79.361
708.13	79.081
708.32	78.816
708.51	78.538
708.70	78.282
708.89	78.023
709.09	77.765
709.28	77.522
709.47	77.240
709.66	76.983
709.85	76.730
710.04	76.485
710.23	76.227
710.42	76.018
710.62	75.802
710.81	75.568
711.00	75.348
711.19	75.159
711.38	74.969
711.57	74.770
711.76	74.592
711.95	74.442
712.15	74.296
712.34	74.157
712.53	74.026
712.72	73.899
712.91	73.812
713.10	73.723
713.29	73.643
713.48	73.574
713.67	73.542
713.86	73.522
714.05	73.500
714.25	73.496
714.44	73.477
714.63	73.487
714.82	73.533
715.01	73.579
715.20	73.654
715.39	73.718
715.58	73.804
715.77	73.911
715.96	74.015
716.15	74.120
716.34	74.221
716.54	74.348
716.73	74.488
716.92	74.618
717.11	74.774
717.30	74.940
717.49	75.128
717.68	75.319
717.87	75.483
718.06	75.699
718.25	75.925
718.44	76.162
718.63	76.406
718.82	76.646
719.01	76.893
719.20	77.141
719.39	77.411
719.58	77.683
719.77	77.944
719.96	78.199
720.16	78.471
720.35	78.766
720.54	79.052
720.73	79.345
720.92	79.645
721.11	79.964
721.30	80.271
721.49	80.579
721.68	80.897
721.87	81.241
722.06	81.558
722.25	81.877
722.44	82.196
722.63	82.507
722.82	82.810
723.01	83.105
723.20	83.392
723.39	83.690
723.58	84.013
723.77	84.337
723.96	84.661
724.15	84.995
724.34	85.311
724.53	85.624
724.72	85.908
724.91	86.221
725.10	86.526
725.29	86.812
725.48	87.126
725.67	87.382
725.86	87.626
726.05	87.884
726.24	88.124
726.43	88.359
726.62	88.592
726.81	88.855
727.00	89.094
727.19	89.346
727.38	89.578
727.57	89.778
727.76	89.971
727.95	90.161
728.14	90.317
728.33	90.477
728.52	90.629
728.71	90.778
728.90	90.915
729.09	91.018
729.28	91.110
729.47	91.184
729.65	91.272
729.84	91.366
730.03	91.442
730.22	91.514
730.41	91.585
730.60	91.650
730.79	91.658
730.98	91.690
731.17	91.718
731.36	91.709
731.55	91.687
731.74	91.664
731.93	91.629
732.12	91.591
732.31	91.561
732.50	91.538
732.69	91.511
732.88	91.438
733.06	91.359
733.25	91.291
733.44	91.218
733.63	91.114
733.82	91.004
734.01	90.865
734.20	90.725
734.39	90.561
734.58	90.406
734.77	90.265
734.96	90.090
735.15	89.894
735.33	89.698
735.52	89.515
735.71	89.315
735.90	89.097
736.09	88.867
736.28	88.609
736.47	88.347
736.66	88.076
736.85	87.818
737.04	87.528
737.23	87.254
737.41	86.958
737.60	86.700
737.79	86.399
737.98	86.125
738.17	85.843
738.36	85.583
738.55	85.305
738.74	85.031
738.92	84.743
739.11	84.467
739.30	84.175
739.49	83.872
739.68	83.588
739.87	83.326
740.06	83.068
740.25	82.781
740.43	82.512
740.62	82.227
740.81	81.934
741.00	81.679
741.19	81.390
741.38	81.100
741.57	80.806
741.75	80.543
741.94	80.256
742.13	79.974
742.32	79.675
742.51	79.394
742.70	79.122
742.89	78.868
743.07	78.598
743.26	78.345
743.45	78.071
743.64	77.830
743.83	77.566
744.02	77.286
744.20	77.055
744.39	76.814
744.58	76.598
744.77	76.398
744.96	76.214
745.15	76.058
745.33	75.913
745.52	75.765
745.71	75.619
745.90	75.483
746.09	75.371
746.28	75.265
746.46	75.134
746.65	75.006
746.84	74.905
747.03	74.807
747.22	74.729
747.40	74.684
747.59	74.617
747.78	74.571
747.97	74.567
748.16	74.553
748.34	74.523
748.53	74.520
748.72	74.525
748.91	74.514
749.10	74.510
749.28	74.530
749.47	74.570
749.66	74.598
749.85	74.627
750.04	74.663
750.22	74.705
750.41	74.781
750.60	74.870
750.79	74.937
750.97	75.023
751.16	75.131
751.35	75.232
751.54	75.334
751.73	75.466
751.91	75.587
752.10	75.749
752.29	75.896
752.48	76.061
752.66	76.231
752.85	76.410
753.04	76.593
753.23	76.797
753.41	76.972
753.60	77.192
753.79	77.419
753.98	77.637
754.16	77.867
754.35	78.096
754.54	78.322
754.73	78.586
754.91	78.847
755.10	79.097
755.29	79.367
755.48	79.625
755.66	79.887
755.85	80.153
756.04	80.393
756.22	80.676
756.41	80.932
756.60	81.195
756.79	81.483
756.97	81.770
757.16	82.016
757.35	82.307
757.54	82.589
757.72	82.866
757.91	83.159
758.10	83.446
758.28	83.726
758.47	84.004
758.66	84.306
758.85	84.585
759.03	84.874
759.22	85.157
759.41	85.452
759.59	85.738
759.78	86.022
759.97	86.291
760.15	86.547
760.34	86.840
760.53	87.104
760.71	87.343
760.90	87.614
761.09	87.877
761.28	88.133
761.46	88.374
761.65	88.624
761.84	88.871
762.02	89.113
762.21	89.376
762.40	89.591
762.58	89.777
762.77	89.976
762.96	90.182
763.14	90.400
763.33	90.587
763.52	90.749
763.70	90.893
763.89	91.061
764.08	91.235
764.26	91.354
764.45	91.506
764.64	91.662
764.82	91.764
765.01	91.873
765.20	91.954
765.38	92.053
765.57	92.117
765.75	92.181
765.94	92.221
766.13	92.272
766.31	92.348
766.50	92.399
766.69	92.476
766.87	92.539
767.06	92.560
767.25	92.598
767.43	92.651
767.62	92.705
767.80	92.732
767.99	92.730
768.18	92.719
768.36	92.698
768.55	92.671
768.74	92.643
768.92	92.609
769.11	92.600
769.29	92.547
769.48	92.518
769.67	92.443
769.85	92.394
770.04	92.267
770.22	92.152
770.41	92.018
770.60	91.858
770.78	91.680
770.97	91.521
771.15	91.364
771.34	91.166
771.53	90.995
771.71	90.814
771.90	90.649
772.08	90.532
772.27	90.359
772.46	90.153
772.64	89.951
772.83	89.748
773.01	89.494
773.20	89.264
773.39	89.039
773.57	88.808
773.76	88.572
773.94	88.384
774.13	88.146
774.31	87.892
774.50	87.678
774.68	87.433
774.87	87.184
775.06	86.893
775.24	86.634
775.43	86.340
775.61	86.052
775.80	85.772
775.98	85.455
776.17	85.150
776.36	84.862
776.54	84.576
776.73	84.281
776.91	84.006
777.10	83.726
777.28	83.412
777.47	83.134
777.65	82.842
777.84	82.536
778.02	82.271
778.21	82.010
778.39	81.712
778.58	81.445
778.77	81.182
778.95	80.944
779.14	80.704
779.32	80.471
779.51	80.244
779.69	79.993
779.88	79.763
780.06	79.545
780.25	79.313
780.43	79.077
780.62	78.865
780.80	78.645
780.99	78.417
781.17	78.200
781.36	77.974
781.54	77.766
781.73	77.528
781.91	77.314
782.10	77.121
782.28	76.920
782.47	76.726
782.65	76.514
782.84	76.316
783.02	76.140
783.21	75.979
783.39	75.814
783.58	75.661
783.76	75.490
783.95	75.345
784.13	75.246
784.32	75.138
784.50	75.019
784.69	74.943
784.87	74.865
785.05	74.799
785.24	74.745
785.42	74.699
785.61	74.659
785.79	74.625
785.98	74.601
786.16	74.564
786.35	74.563
786.53	74.560
786.72	74.553
786.90	74.547
787.09	74.532
787.27	74.545
787.45	74.577
787.64	74.608
787.82	74.624
788.01	74.642
788.19	74.689
788.38	74.736
788.56	74.730
788.75	74.788
788.93	74.863
789.11	74.903
789.30	74.941
789.48	75.020
789.67	75.102
789.85	75.175
790.04	75.299
790.22	75.398
790.40	75.520
790.59	75.628
790.77	75.748
790.96	75.904
791.14	76.050
791.32	76.180
791.51	76.331
791.69	76.505
791.88	76.680
792.06	76.854
792.25	77.014
792.43	77.230
792.61	77.412
792.80	77.575
792.98	77.794
793.17	77.999
793.35	78.173
793.53	78.367
793.72	78.603
793.90	78.812
794.08	79.018
794.27	79.234
794.45	79.479
794.64	79.706
794.82	79.924
795.00	80.111
795.19	80.342
795.37	80.566
795.55	80.744
795.74	80.969
795.92	81.196
796.11	81.451
796.29	81.698
796.47	81.934
796.66	82.156
796.84	82.416
797.02	82.677
797.21	82.957
797.39	83.217
797.58	83.457
797.76	83.687
797.94	83.949
798.13	84.207
798.31	84.477
798.49	84.705
798.68	84.940
798.86	85.225
799.04	85.450
799.23	85.698
799.41	85.958
799.59	86.185
799.78	86.378
799.96	86.593
800.14	86.815
800.33	87.045
800.51	87.293
800.69	87.471
800.88	87.686
801.06	87.908
801.24	88.075
801.43	88.260
801.61	88.433
801.79	88.592
801.98	88.745
802.16	88.913
802.34	89.112
802.52	89.289
802.71	89.414
802.89	89.590
803.07	89.737
803.26	89.873
803.44	89.985
803.62	90.123
803.81	90.244
803.99	90.321
804.17	90.391
804.35	90.465
804.54	90.531
804.72	90.623
804.90	90.687
805.09	90.802
805.27	90.891
805.45	90.988
805.63	91.047
805.82	91.115
806.00	91.103
806.18	91.125
806.37	91.165
806.55	91.164
806.73	91.178
806.91	91.181
807.10	91.207
807.28	91.216
807.46	91.224
807.64	91.211
807.83	91.203
808.01	91.197
808.19	91.132
808.37	91.084
808.56	91.002
808.74	90.937
808.92	90.859
809.10	90.744
809.29	90.670
809.47	90.587
809.65	90.454
809.83	90.399
810.02	90.283
810.20	90.172
810.38	90.080
810.56	89.952
810.75	89.857
810.93	89.741
811.11	89.618
811.29	89.492
811.47	89.356
811.66	89.199
811.84	89.052
812.02	88.976
812.20	88.854
812.39	88.735
812.57	88.604
812.75	88.469
812.93	88.373
813.11	88.215
813.30	88.082
813.48	87.974
813.66	87.805
813.84	87.648
814.02	87.468
814.21	87.317
814.39	87.115
814.57	86.920
814.75	86.718
814.93	86.522
815.12	86.308
815.30	86.104
815.48	85.902
815.66	85.685
815.84	85.435
816.03	85.195
816.21	84.923
816.39	84.680
816.57	84.382
816.75	84.077
816.93	83.794
817.12	83.488
817.30	83.183
817.48	82.889
817.66	82.634
817.84	82.381
818.02	82.139
818.21	81.873
818.39	81.624
818.57	81.355
818.75	81.135
818.93	80.883
819.11	80.620
819.30	80.377
819.48	80.149
819.66	79.932
819.84	79.736
820.02	79.522
820.20	79.294
820.38	79.081
820.57	78.875
820.75	78.698
820.93	78.510
821.11	78.319
821.29	78.146
821.47	77.939
821.65	77.732
821.83	77.511
822.02	77.330
822.20	77.124
822.38	76.964
822.56	76.727
822.74	76.517
822.92	76.286
823.10	76.090
823.28	75.861
823.46	75.647
823.65	75.421
823.83	75.228
824.01	75.029
824.19	74.826
824.37	74.625
824.55	74.403
824.73	74.225
824.91	74.035
825.09	73.846
825.27	73.672
825.46	73.481
825.64	73.284
825.82	73.129
826.00	72.952
826.18	72.795
826.36	72.665
826.54	72.545
826.72	72.477
826.90	72.381
827.08	72.307
827.26	72.229
827.44	72.148
827.63	72.060
827.81	71.999
827.99	71.974
828.17	71.930
828.35	71.890
828.53	71.847
828.71	71.842
828.89	71.823
829.07	71.804
829.25	71.782
829.43	71.809
829.61	71.802
829.79	71.797
829.97	71.800
830.15	71.779
830.33	71.789
830.51	71.778
830.69	71.792
830.87	71.754
831.06	71.777
831.24	71.796
831.42	71.826
831.60	71.833
831.78	71.870
831.96	71.924
832.14	71.994
832.32	72.061
832.50	72.108
832.68	72.149
832.86	72.196
833.04	72.302
833.22	72.358
833.40	72.451
833.58	72.530
833.76	72.605
833.94	72.731
834.12	72.850
834.30	72.976
834.48	73.078
834.66	73.244
834.84	73.337
835.02	73.487
835.20	73.637
835.38	73.802
835.56	73.958
835.74	74.121
835.92	74.284
836.10	74.435
836.28	74.588
836.46	74.777
836.64	74.948
836.82	75.079
837.00	75.246
837.18	75.412
837.36	75.613
837.54	75.788
837.72	75.971
837.90	76.162
838.08	76.348
838.26	76.534
838.43	76.712
838.61	76.925
838.79	77.118
838.97	77.308
839.15	77.505
839.33	77.696
839.51	77.848
839.69	78.026
839.87	78.220
840.05	78.438
840.23	78.621
840.41	78.813
840.59	78.975
840.77	79.179
840.95	79.353
841.13	79.518
841.31	79.691
841.49	79.839
841.67	79.969
841.84	80.140
842.02	80.270
842.20	80.460
842.38	80.581
842.56	80.717
842.74	80.864
842.92	80.962
843.10	81.094
843.28	81.273
843.46	81.400
843.64	81.486
843.82	81.609
843.99	81.723
844.17	81.887
844.35	82.112
844.53	82.268
844.71	82.452
844.89	82.571
845.07	82.748
845.25	82.924
845.43	83.102
845.61	83.253
845.78	83.458
845.96	83.604
846.14	83.796
846.32	83.977
846.50	84.128
846.68	84.344
846.86	84.500
847.04	84.643
847.22	84.742
847.39	84.921
847.57	85.032
847.75	85.155
847.93	85.210
848.11	85.294
848.29	85.418
848.47	85.474
848.65	85.592
848.82	85.636
849.00	85.707
849.18	85.748
849.36	85.779
849.54	85.826
849.72	85.823
849.89	85.868
850.07	85.932
850.25	85.930
850.43	85.900
850.61	85.893
850.79	85.851
850.97	85.916
851.14	85.923
851.32	85.907
851.50	85.919
851.68	85.971
851.86	86.028
852.04	86.003
852.21	86.032
852.39	86.048
852.57	86.110
852.75	86.121
852.93	86.118
853.10	86.103
853.28	86.059
853.46	86.059
853.64	85.990
853.82	85.897
854.00	85.917
854.17	85.861
854.35	85.780
854.53	85.742
854.71	85.648
854.89	85.532
855.06	85.499
855.24	85.448
855.42	85.357
855.60	85.204
855.78	85.100
855.95	84.978
856.13	84.873
856.31	84.689
856.49	84.532
856.66	84.436
856.84	84.278
857.02	84.211
857.20	84.133
857.38	83.979
857.55	83.843
857.73	83.620
857.91	83.511
858.09	83.354
858.26	83.214
858.44	83.078
858.62	82.951
858.80	82.772
858.97	82.594
859.15	82.418
859.33	82.211
859.51	82.056
859.68	81.880
859.86	81.693
860.04	81.521
860.22	81.330
860.39	81.121
860.57	80.915
860.75	80.644
860.93	80.410
861.10	80.280
861.28	80.105
861.46	79.900
861.64	79.711
861.81	79.559
861.99	79.338
862.17	79.120
862.35	78.928
862.52	78.773
862.70	78.571
862.88	78.399
863.05	78.200
863.23	77.980
863.41	77.787
863.59	77.571
863.76	77.413
863.94	77.217
864.12	77.035
864.29	76.881
864.47	76.670
864.65	76.485
864.83	76.221
865.00	75.991
865.18	75.835
865.36	75.645
865.53	75.447
865.71	75.314
865.89	75.124
866.06	74.914
866.24	74.669
866.42	74.475
866.59	74.253
866.77	74.099
866.95	73.907
867.12	73.667
867.30	73.502
867.48	73.267
867.65	73.073
867.83	72.861
868.01	72.684
868.18	72.501
868.36	72.301
868.54	72.143
868.71	71.991
868.89	71.827
869.07	71.635
869.24	71.473
869.42	71.279
869.60	71.122
869.77	71.008
869.95	70.865
870.13	70.710
870.30	70.590
870.48	70.397
870.66	70.251
870.83	70.143
871.01	69.952
871.18	69.838
871.36	69.719
871.54	69.580
871.71	69.454
871.89	69.356
872.07	69.189
872.24	69.068
872.42	68.980
872.59	68.872
872.77	68.753
872.95	68.651
873.12	68.509
873.30	68.382
873.48	68.277
873.65	68.169
873.83	68.076
874.00	67.964
874.18	67.894
874.36	67.831
874.53	67.757
874.71	67.690
874.88	67.621
875.06	67.579
875.24	67.573
875.41	67.523
875.59	67.491
875.76	67.518
875.94	67.478
876.11	67.362
876.29	67.260
876.47	67.227
876.64	67.164
876.82	67.119
876.99	67.084
877.17	67.044
877.35	67.027
877.52	66.995
877.70	66.959
877.87	66.949
878.05	66.948
878.22	66.957
878.40	66.995
878.57	66.982
878.75	66.950
878.93	66.904
879.10	66.906
879.28	66.916
879.45	66.921
879.63	66.905
879.80	66.923
879.98	66.980
880.15	67.014
880.33	67.072
880.50	67.122
880.68	67.217
880.86	67.280
881.03	67.352
881.21	67.434
881.38	67.509
881.56	67.668
881.73	67.717
881.91	67.777
882.08	67.840
882.26	67.965
882.43	68.084
882.61	68.249
882.78	68.372
882.96	68.506
883.13	68.619
883.31	68.770
883.48	68.966
883.66	69.124
883.83	69.266
884.01	69.374
884.18	69.583
884.36	69.735
884.53	69.856
884.71	69.993
884.88	70.093
885.06	70.242
885.23	70.301
885.41	70.438
885.58	70.547
885.76	70.714
885.93	70.799
886.11	70.967
886.28	71.071
886.46	71.193
886.63	71.323
886.81	71.439
886.98	71.612
887.15	71.703
887.33	71.864
887.50	72.057
887.68	72.213
887.85	72.311
888.03	72.444
888.20	72.605
888.38	72.765
888.55	72.943
888.73	73.029
888.90	73.168
889.08	73.312
889.25	73.441
889.42	73.567
889.60	73.746
889.77	73.822
889.95	73.961
890.12	74.032
890.30	74.110
890.47	74.186
890.64	74.311
890.82	74.450
890.99	74.551
891.17	74.638
891.34	74.754
891.52	74.853
891.69	74.963
891.86	75.082
892.04	75.179
892.21	75.319
892.39	75.539
892.56	75.701
892.73	75.782
892.91	75.920
893.08	76.118
893.26	76.212
893.43	76.370
893.60	76.466
893.78	76.636
893.95	76.796
894.13	77.046
894.30	77.191
894.47	77.383
894.65	77.515
894.82	77.671
895.00	77.803
895.17	77.978
895.34	78.156
895.52	78.319
895.69	78.440
895.86	78.563
896.04	78.607
896.21	78.758
896.39	78.950
896.56	79.115
896.73	79.115
896.91	79.164
897.08	79.270
897.25	79.442
897.43	79.508
897.60	79.595
897.77	79.594
897.95	79.583
898.12	79.580
898.30	79.688
898.47	79.698
898.64	79.749
898.82	79.769
898.99	79.745
899.16	79.744
899.34	79.741
899.51	79.664
899.68	79.649
899.86	79.601
900.03	79.535
900.20	79.487
900.38	79.517
900.55	79.600
900.72	79.535
900.90	79.460
901.07	79.545
901.24	79.518
901.41	79.537
901.59	79.557
901.76	79.560
901.93	79.507
902.11	79.446
902.28	79.439
902.45	79.519
902.63	79.555
902.80	79.519
902.97	79.514
903.15	79.602
903.32	79.667
903.49	79.666
903.66	79.702
903.84	79.722
904.01	79.709
904.18	79.677
904.36	79.699
904.53	79.678
904.70	79.611
904.87	79.593
905.05	79.515
905.22	79.532
905.39	79.499
905.56	79.411
905.74	79.375
905.91	79.286
906.08	79.169
906.26	79.079
906.43	78.987
906.60	78.897
906.77	78.745
906.95	78.623
907.12	78.500
907.29	78.336
907.46	78.303
907.64	78.190
907.81	78.085
907.98	77.903
908.15	77.791
908.33	77.683
908.50	77.564
908.67	77.476
908.84	77.346
909.01	77.199
909.19	77.142
909.36	77.016
909.53	76.881
909.70	76.664
909.88	76.560
910.05	76.399
910.22	76.323
910.39	76.217
910.57	76.142
910.74	76.047
910.91	76.002
911.08	75.785
911.25	75.647
911.43	75.540
911.60	75.439
911.77	75.299
911.94	75.068
912.11	74.907
912.29	74.706
912.46	74.471
912.63	74.262
912.80	74.030
912.97	73.863
913.15	73.730
913.32	73.607
913.49	73.395
913.66	73.324
913.83	73.092
914.00	72.875
914.18	72.665
914.35	72.473
914.52	72.210
914.69	72.015
914.86	71.824
915.03	71.606
915.21	71.461
915.38	71.267
915.55	71.190
915.72	71.019
915.89	70.898
916.06	70.823
916.24	70.760
916.41	70.608
916.58	70.484
916.75	70.288
916.92	70.110
917.09	69.919
917.26	69.640
917.44	69.438
917.61	69.309
917.78	69.097
917.95	68.947
918.12	68.773
918.29	68.680
918.46	68.486
918.64	68.327
918.81	68.195
918.98	68.033
919.15	67.842
919.32	67.704
919.49	67.471
919.66	67.253
919.83	67.045
920.00	66.876
920.18	66.729
920.35	66.684
920.52	66.571
920.69	66.517
920.86	66.498
921.03	66.403
921.20	66.266
921.37	66.149
921.54	65.904
921.71	65.797
921.89	65.627
922.06	65.563
922.23	65.433
922.40	65.295
922.57	65.110
922.74	65.012
922.91	64.934
923.08	64.865
923.25	64.777
923.42	64.682
923.59	64.648
923.76	64.437
923.93	64.233
924.11	64.062
924.28	63.911
924.45	63.787
924.62	63.775
924.79	63.684
924.96	63.531
925.13	63.499
925.30	63.391
925.47	63.240
925.64	63.161
925.81	63.108
925.98	63.047
926.15	63.015
926.32	62.870
926.49	62.753
926.66	62.681
926.83	62.592
927.00	62.558
927.17	62.434
927.34	62.491
927.51	62.463
927.69	62.515
927.86	62.493
928.03	62.382
928.20	62.331
928.37	62.246
928.54	62.285
928.71	62.257
928.88	62.266
929.05	62.288
929.22	62.256
929.39	62.194
929.56	62.117
929.73	62.096
929.90	62.160
930.07	62.152
930.24	62.097
930.41	62.093
930.58	62.133
930.75	62.207
930.92	62.154
931.09	62.138
931.26	62.085
931.43	62.060
931.60	62.064
931.77	62.009
931.94	62.076
932.11	62.093
932.27	62.106
932.44	62.143
932.61	62.173
932.78	62.138
932.95	62.251
933.12	62.225
933.29	62.253
933.46	62.232
933.63	62.197
933.80	62.227
933.97	62.249
934.14	62.227
934.31	62.151
934.48	62.189
934.65	62.218
934.82	62.288
934.99	62.326
935.16	62.375
935.33	62.452
935.50	62.575
935.67	62.682
935.84	62.746
936.00	62.759
936.17	62.827
936.34	62.946
936.51	62.929
936.68	62.984
936.85	63.019
937.02	63.126
937.19	63.178
937.36	63.324
937.53	63.306
937.70	63.405
937.87	63.494
938.03	63.506
938.20	63.562
938.37	63.635
938.54	63.707
938.71	63.788
938.88	63.912
939.05	63.828
939.22	63.762
939.39	63.836
939.56	64.010
939.72	64.057
939.89	64.105
940.06	64.159
940.23	64.239
940.40	64.336
940.57	64.479
940.74	64.635
940.91	64.672
941.08	64.866
941.24	64.942
941.41	65.113
941.58	65.344
941.75	65.480
941.92	65.624
942.09	65.717
942.26	65.817
942.42	65.844
942.59	66.061
942.76	66.417
942.93	66.562
943.10	66.579
943.27	66.755
943.44	66.891
943.60	67.068
943.77	67.075
943.94	67.283
944.11	67.315
944.28	67.371
944.45	67.516
944.61	67.622
944.78	67.654
944.95	67.682
945.12	67.866
945.29	67.982
945.46	67.939
945.62	67.987
945.79	68.173
945.96	68.474
946.13	68.622
946.30	68.605
946.46	68.745
946.63	68.854
946.80	68.965
946.97	69.129
947.14	69.211
947.31	69.716
947.47	69.920
947.64	70.084
947.81	70.260
947.98	70.436
948.15	70.522
948.31	70.734
948.48	70.871
948.65	70.856
948.82	70.971
948.98	71.138
949.15	71.435
949.32	71.487
949.49	71.468
949.66	71.534
949.82	71.607
949.99	71.731
950.16	71.852
950.33	71.843
950.49	71.939
950.66	71.893
950.83	71.715
951.00	71.540
951.16	71.360
951.33	71.373
951.50	71.302
951.67	71.360
951.83	71.393
952.00	71.414
952.17	71.362
952.34	71.380
952.50	71.542
952.67	71.496
952.84	71.522
953.01	71.438
953.17	71.434
953.34	71.539
953.51	71.465
953.68	71.353
953.84	71.295
954.01	71.208
954.18	71.162
954.34	71.219
954.51	71.316
954.68	71.440
954.85	71.435
955.01	71.560
955.18	71.801
955.35	71.556
955.51	71.521
955.68	71.628
955.85	71.803
956.02	71.636
956.18	71.640
956.35	71.602
956.52	71.641
956.68	71.653
956.85	71.495
957.02	71.557
957.18	71.613
957.35	71.622
957.52	71.689
957.69	71.776
957.85	71.824
958.02	71.656
958.19	71.579
958.35	71.596
958.52	71.355
958.69	71.000
958.85	71.168
959.02	71.249
959.19	70.984
959.35	70.837
959.52	70.912
959.69	70.925
959.85	70.952
960.02	70.989
960.19	70.843
960.35	70.828
960.52	70.712
960.68	70.649
960.85	70.701
961.02	70.465
961.18	70.482
961.35	70.259
961.52	70.317
961.68	70.316
961.85	70.201
962.02	70.252
962.18	70.308
962.35	70.132
962.51	69.983
962.68	70.069
962.85	69.959
963.01	69.639
963.18	69.540
963.35	69.174
963.51	68.982
963.68	69.002
963.84	68.734
964.01	68.739
964.18	68.574
964.34	68.355
964.51	68.176
964.67	67.959
964.84	67.876
965.01	67.652
965.17	67.392
965.34	67.357
965.50	67.092
965.67	67.021
965.84	66.970
966.00	67.080
966.17	67.123
966.33	66.961
966.50	66.894
966.66	66.849
966.83	66.903
967.00	66.817
967.16	66.609
967.33	66.546
967.49	66.369
967.66	66.604
967.82	66.425
967.99	66.585
968.16	66.573
968.32	66.518
968.49	66.332
968.65	66.523
968.82	66.411
968.98	66.501
969.15	66.186
969.31	65.884
969.48	65.625
969.64	65.345
969.81	65.322
969.98	65.240
970.14	64.874
970.31	64.828
970.47	64.528
970.64	64.310
970.80	64.363
970.97	63.837
971.13	63.488
971.30	63.401
971.46	63.187
971.63	62.955
971.79	63.030
971.96	63.120
972.12	62.810
972.29	62.415
972.45	62.310
972.62	62.346
972.78	62.418
972.95	61.991
973.11	61.681
973.28	61.571
973.44	61.620
973.61	61.841
973.77	61.650
973.94	61.711
974.10	61.865
974.27	61.829
974.43	62.199
974.60	62.139
974.76	62.128
974.93	62.152
975.09	62.037
975.26	61.708
975.42	61.656
975.59	61.479
975.75	61.847
975.92	61.706
976.08	61.215
976.24	61.106
976.41	61.014
976.57	61.109
976.74	60.969
976.90	60.558
977.07	60.033
977.23	59.992
977.40	59.821
977.56	59.169
977.73	58.794
977.89	58.417
978.05	58.046
978.22	57.858
978.38	57.547
978.55	57.307
978.71	57.118
978.88	57.067
979.04	57.025
979.20	56.811
979.37	56.666
979.53	56.707
979.70	56.705
979.86	56.871
980.03	56.727
980.19	56.634
980.35	56.689
980.52	56.579
980.68	56.589
980.85	56.586
981.01	56.733
981.17	56.756
981.34	56.616
981.50	56.524
981.67	56.484
981.83	56.321
981.99	56.297
982.16	56.196
982.32	55.328
982.49	55.336
982.65	55.144
982.81	55.309
982.98	55.267
983.14	55.174
983.30	54.810
983.47	54.795
983.63	54.574
983.80	54.347
983.96	54.109
984.12	54.529
984.29	54.601
984.45	54.840
984.61	54.602
984.78	54.991
984.94	55.294
985.10	55.761
985.27	55.624
985.43	56.068
985.59	56.337
985.76	56.907
985.92	57.090
986.08	57.470
986.25	57.008
986.41	57.525
986.57	56.949
986.74	57.199
986.90	57.117
987.06	56.987
987.23	56.991
987.39	56.744
987.55	55.651
987.72	55.337
987.88	54.617
988.04	54.876
988.21	55.138
988.37	54.950
988.53	54.189
988.70	54.546
988.86	53.865
989.02	53.456
989.19	52.989
989.35	52.794
989.51	51.984
989.67	51.924
989.84	51.426
990.00	51.581
990.16	52.028
990.33	52.089
990.49	52.506
990.65	52.732
990.82	53.173
990.98	53.449
991.14	53.393
991.30	54.267
991.47	53.796
991.63	53.599
991.79	54.381
991.95	54.738
992.12	54.847
992.28	55.176
992.44	55.546
992.61	55.826
992.77	55.883
992.93	56.566
993.09	56.696
993.26	56.903
993.42	57.559
993.58	56.995
993.74	56.912
993.91	56.544
994.07	56.222
994.23	56.532
994.39	56.550
994.55	56.745
994.72	56.177
994.88	56.360
995.04	56.030
995.20	55.684
995.37	55.222
995.53	55.125
995.69	54.790
995.85	54.093
996.02	54.243
996.18	54.529
996.34	53.982
996.50	54.105
996.66	54.938
996.83	54.188
996.99	53.364
997.15	53.776
997.31	53.729
997.47	54.063
997.64	53.800
997.80	54.341
997.96	55.000
998.12	55.400
998.28	56.167
998.45	56.495
998.61	56.221
998.77	56.213
998.93	56.306
999.09	57.599
999.25	58.105
999.42	59.212
999.58	58.990
999.74	58.904
999.90	58.641
1000.06	57.874
1000.22	58.319
1000.39	59.225
1000.55	58.980
1000.71	59.639
1000.87	59.440
1001.03	59.353
1001.19	59.146
1001.36	58.372
1001.52	57.790
1001.68	57.589
1001.84	58.075
1002.00	57.102
1002.16	57.180
1002.32	56.743
1002.49	54.980
1002.65	54.834
1002.81	54.067
1002.97	54.101
1003.13	54.183
1003.29	55.288
1003.45	54.830
1003.62	55.450
1003.78	55.199
1003.94	55.569
1004.10	54.827
1004.26	55.236
1004.42	55.133
1004.58	55.045
1004.74	55.641
1004.90	57.117
1005.07	56.659
1005.23	55.559
1005.39	56.832
1005.55	57.344
1005.71	57.029
1005.87	58.468
1006.03	59.614
1006.19	59.517
1006.35	58.928
1006.51	59.682
1006.67	59.091
1006.84	59.034
1007.00	58.763
1007.16	60.045
1007.32	58.384
1007.48	59.290
1007.64	60.520
1007.80	60.220
1007.96	58.978
1008.12	59.062
1008.28	57.458
1008.44	58.680
1008.60	59.458
1008.76	58.242
1008.92	57.142
1009.09	57.124
1009.25	56.451
1009.41	55.203
1009.57	56.007
1009.73	56.800
1009.89	57.195
1010.05	57.887
1010.21	59.548
1010.37	58.788
1010.53	59.728
1010.69	61.823
1010.85	61.065
1011.01	59.391
1011.17	58.594
1011.33	60.827
1011.49	61.476
1011.65	61.430
1011.81	60.654
1011.97	61.004
1012.13	62.922
1012.29	64.493
1012.45	65.484
1012.61	69.171
1012.77	66.708
1012.93	66.411
1013.09	65.276
1013.25	65.509
1013.41	66.079
1013.57	63.596
1013.73	63.387
1013.89	59.498
1014.05	61.068
1014.21	59.505
1014.37	57.789
1014.53	56.805
1014.69	56.487
1014.85	56.512
1015.01	58.675
1015.17	61.487
1015.33	61.158
1015.49	60.318
1015.65	61.957
1015.81	62.578
1015.97	58.539
1016.13	62.619
1016.29	61.813
1016.45	62.877
1016.61	63.209
1016.77	61.087
1016.93	61.722
1017.09	61.214
1017.25	62.444
1017.41	61.139
1017.56	62.688
1017.72	68.744
1017.88	70.857
1018.04	71.981
1018.20	69.259
1018.36	69.029
1018.52	65.641
1018.68	67.134
1018.84	68.142
1019.00	66.016
1019.16	67.494
1019.32	70.909
1019.48	71.356
1019.64	73.380
1019.79	70.854
1019.95	67.481
1020.11	71.204
1020.27	71.009
1020.43	76.291
1020.59	78.693
1020.75	75.986
1020.91	80.179
1021.07	73.743
1021.23	72.652
1021.39	69.441
1021.54	74.593
1021.70	72.289
1021.86	70.810
1022.02	69.093
1022.18	66.038
1022.34	68.324
1022.50	67.163
1022.66	64.577
1022.82	63.852
1022.97	63.460
1023.13	66.700
1023.29	71.511
1023.45	70.547
1023.61	71.570
1023.77	69.158
1023.93	69.227
1024.08	69.863
1024.24	65.549
1024.40	65.287
1024.56	72.020
1024.72	72.361
1024.88	62.772
1025.04	66.393
1025.19	66.960
1025.35	64.396
1025.51	69.203
1025.67	71.600
1025.83	67.227
1025.99	69.508
1026.14	66.511
1026.30	71.960
1026.46	73.340
1026.62	67.954
1026.78	64.050
1026.94	61.573
1027.09	60.496
1027.25	57.920
1027.41	56.571
1027.57	57.294
1027.73	57.233
1027.89	53.737
1028.04	53.252
1028.20	52.772
1028.36	52.833
1028.52	52.147
1028.68	52.559
1028.83	52.632
1028.99	50.924
1029.15	52.204
1029.31	51.169
1029.47	52.934
1029.62	51.715
1029.78	50.618
1029.94	50.684
1030.10	51.827
1030.25	53.455
1030.41	55.557
1030.57	56.911
1030.73	61.026
1030.89	59.639
1031.04	63.014
1031.20	64.489
1031.36	71.753
1031.52	77.964
1031.67	79.854
1031.83	83.162
1031.99	92.548
1032.15	82.532
1032.30	88.335
1032.46	96.524
1032.62	87.527
1032.78	82.733
1032.93	92.441
1033.09	82.028
1033.25	70.974
1033.41	63.087
1033.56	55.374
1033.72	16.569
1033.88	94.524
1034.04	35.063
1034.19	19.727
1034.35	78.333
1034.51	-12.446
1034.66	53.203
1034.82	3010.833
1034.98	3010.833
1035.14	3010.833
