345.22	43.309
345.43	43.309
345.65	43.309
345.86	45.333
346.08	128.295
346.29	4.384
346.51	44.129
346.72	46.818
346.94	-237.115
347.15	-77.742
347.37	158.234
347.58	190.208
347.80	219.241
348.01	186.990
348.23	129.257
348.44	121.367
348.66	110.142
348.87	110.178
349.09	104.709
349.30	93.087
349.52	86.746
349.73	90.515
349.95	89.651
350.16	92.192
350.38	88.506
350.59	82.427
350.81	81.401
351.02	80.754
351.24	79.791
351.45	78.795
351.67	81.404
351.88	80.283
352.10	76.304
352.31	75.221
352.53	78.709
352.74	80.049
352.96	80.927
353.17	80.251
353.39	81.904
353.60	83.981
353.82	85.035
354.03	84.777
354.25	79.868
354.46	75.497
354.67	72.245
354.89	71.102
355.10	74.925
355.32	73.551
355.53	74.630
355.75	76.268
355.96	77.609
356.18	76.786
356.39	76.585
356.61	80.825
356.82	80.540
357.04	76.859
357.25	77.346
357.46	76.586
357.68	76.152
357.89	74.301
358.11	72.745
358.32	76.109
358.54	74.569
358.75	75.956
358.97	78.204
359.18	81.215
359.40	80.426
359.61	80.984
359.82	82.089
360.04	81.653
360.25	79.836
360.47	75.818
360.68	75.355
360.90	75.537
361.11	73.622
361.32	73.601
361.54	77.017
361.75	76.603
361.97	77.595
362.18	78.517
362.40	79.959
362.61	81.055
362.83	80.536
363.04	81.924
363.25	83.202
363.47	84.272
363.68	82.143
363.90	86.035
364.11	86.346
364.32	86.965
364.54	85.670
364.75	82.613
364.97	86.530
365.18	85.529
365.40	84.041
365.61	83.798
365.82	84.570
366.04	83.365
366.25	83.124
366.47	81.184
366.68	79.450
366.89	80.551
367.11	78.748
367.32	78.885
367.54	76.201
367.75	75.876
367.96	74.835
368.18	75.488
368.39	74.289
368.61	74.484
368.82	75.510
369.03	77.911
369.25	81.828
369.46	82.374
369.68	82.833
369.89	83.549
370.10	84.348
370.32	84.605
370.53	84.383
370.75	80.552
370.96	83.090
371.17	84.267
371.39	81.933
371.60	81.934
371.81	82.669
372.03	85.034
372.24	85.941
372.46	89.246
372.67	90.175
372.88	88.955
373.10	88.080
373.31	86.458
373.52	86.136
373.74	84.607
373.95	83.646
374.17	85.224
374.38	87.429
374.59	87.562
374.81	85.903
375.02	84.503
375.23	87.799
375.45	85.385
375.66	82.989
375.87	84.038
376.09	84.476
376.30	82.933
376.52	84.738
376.73	81.917
376.94	79.844
377.16	80.628
377.37	84.427
377.58	84.717
377.80	86.506
378.01	87.642
378.22	88.819
378.44	89.753
378.65	91.488
378.86	91.636
379.08	92.580
379.29	93.292
379.50	96.247
379.72	96.467
379.93	99.598
380.14	102.771
380.36	103.747
380.57	105.297
380.78	105.848
381.00	106.566
381.21	108.218
381.42	109.521
381.64	109.962
381.85	109.740
382.06	110.134
382.28	110.132
382.49	109.714
382.70	110.300
382.92	110.560
383.13	109.946
383.34	110.473
383.56	111.326
383.77	112.536
383.98	112.112
384.20	113.192
384.41	113.363
384.62	113.700
384.83	114.335
385.05	114.742
385.26	115.678
385.47	116.473
385.69	117.435
385.90	118.224
386.11	118.979
386.33	119.912
386.54	120.736
386.75	121.389
386.97	122.571
387.18	123.329
387.39	124.203
387.60	124.624
387.82	125.057
388.03	125.422
388.24	125.966
388.46	126.399
388.67	126.549
388.88	126.535
389.09	126.421
389.31	126.160
389.52	125.932
389.73	125.381
389.95	124.906
390.16	124.357
390.37	123.910
390.58	123.423
390.80	122.682
391.01	122.120
391.22	121.571
391.44	120.662
391.65	119.935
391.86	119.216
392.07	118.892
392.29	118.423
392.50	117.919
392.71	117.395
392.92	117.124
393.14	116.721
393.35	116.543
393.56	116.515
393.78	116.557
393.99	116.803
394.20	117.163
394.41	117.459
394.63	117.773
394.84	118.339
395.05	119.059
395.26	119.722
395.48	120.426
395.69	121.097
395.90	122.041
396.11	122.908
396.33	123.745
396.54	124.622
396.75	125.342
396.96	126.092
397.18	126.735
397.39	127.368
397.60	128.031
397.81	128.555
398.03	128.918
398.24	129.209
398.45	129.306
398.66	129.350
398.87	129.355
399.09	129.231
399.30	128.851
399.51	128.275
399.72	127.775
399.94	127.182
400.15	126.493
400.36	125.656
400.57	124.776
400.79	123.888
401.00	122.879
401.21	121.971
401.42	121.029
401.63	120.094
401.85	119.197
402.06	118.410
402.27	117.634
402.48	116.989
402.69	116.421
402.91	115.893
403.12	115.414
403.33	115.146
403.54	115.024
403.76	114.865
403.97	114.933
404.18	115.123
404.39	115.410
404.60	115.835
404.82	116.361
405.03	117.012
405.24	117.679
405.45	118.435
405.66	119.251
405.88	120.090
406.09	121.020
406.30	121.853
406.51	122.615
406.72	123.444
406.94	124.202
407.15	124.904
407.36	125.633
407.57	126.292
407.78	126.803
407.99	127.166
408.21	127.525
408.42	127.769
408.63	127.930
408.84	127.909
409.05	127.805
409.27	127.519
409.48	127.052
409.69	126.521
409.90	125.965
410.11	125.316
410.32	124.605
410.54	123.749
410.75	122.824
410.96	121.868
411.17	120.861
411.38	119.865
411.59	118.876
411.81	117.826
412.02	116.806
412.23	115.825
412.44	114.940
412.65	114.178
412.86	113.476
413.08	112.786
413.29	112.167
413.50	111.735
413.71	111.430
413.92	111.212
414.13	111.102
414.34	111.083
414.56	111.090
414.77	111.261
414.98	111.525
415.19	112.009
415.40	112.589
415.61	113.225
415.82	113.898
416.04	114.672
416.25	115.432
416.46	116.266
416.67	117.179
416.88	118.028
417.09	118.878
417.30	119.668
417.52	120.510
417.73	121.256
417.94	121.928
418.15	122.554
418.36	123.193
418.57	123.648
418.78	124.023
418.99	124.392
419.21	124.620
419.42	124.762
419.63	124.770
419.84	124.653
420.05	124.413
420.26	124.044
420.47	123.521
420.68	123.026
420.89	122.419
421.11	121.658
421.32	120.940
421.53	120.100
421.74	119.241
421.95	118.348
422.16	117.464
422.37	116.575
422.58	115.590
422.79	114.614
423.01	113.745
423.22	112.870
423.43	112.085
423.64	111.338
423.85	110.682
424.06	110.115
424.27	109.605
424.48	109.209
424.69	108.986
424.90	108.846
425.11	108.793
425.33	108.864
425.54	109.007
425.75	109.218
425.96	109.533
426.17	109.963
426.38	110.470
426.59	111.060
426.80	111.707
427.01	112.464
427.22	113.304
427.43	114.221
427.64	115.099
427.85	115.947
428.07	116.851
428.28	117.702
428.49	118.560
428.70	119.408
428.91	120.206
429.12	120.906
429.33	121.608
429.54	122.233
429.75	122.764
429.96	123.295
430.17	123.717
430.38	124.039
430.59	124.197
430.80	124.253
431.01	124.229
431.22	124.137
431.44	123.912
431.65	123.597
431.86	123.150
432.07	122.662
432.28	122.095
432.49	121.439
432.70	120.712
432.91	119.884
433.12	118.989
433.33	118.059
433.54	117.168
433.75	116.236
433.96	115.306
434.17	114.288
434.38	113.332
434.59	112.408
434.80	111.516
435.01	110.762
435.22	110.053
435.43	109.408
435.64	108.806
435.85	108.293
436.06	107.854
436.27	107.536
436.48	107.319
436.69	107.156
436.90	107.124
437.11	107.206
437.33	107.384
437.54	107.670
437.75	108.086
437.96	108.509
438.17	109.018
438.38	109.553
438.59	110.226
438.80	110.912
439.01	111.716
439.22	112.577
439.43	113.311
439.64	114.107
439.85	114.921
440.06	115.710
440.27	116.538
440.48	117.286
440.69	118.007
440.90	118.684
441.11	119.366
441.32	119.948
441.53	120.460
441.74	120.876
441.95	121.264
442.16	121.535
442.37	121.693
442.58	121.793
442.79	121.828
443.00	121.763
443.21	121.613
443.42	121.293
443.62	120.829
443.83	120.458
444.04	119.955
444.25	119.383
444.46	118.728
444.67	117.988
444.88	117.241
445.09	116.404
445.30	115.534
445.51	114.602
445.72	113.645
445.93	112.737
446.14	111.806
446.35	110.842
446.56	109.958
446.77	109.107
446.98	108.252
447.19	107.422
447.40	106.682
447.61	105.959
447.82	105.325
448.03	104.801
448.24	104.301
448.45	103.902
448.66	103.588
448.87	103.357
449.08	103.241
449.29	103.188
449.49	103.242
449.70	103.391
449.91	103.603
450.12	103.928
450.33	104.286
450.54	104.739
450.75	105.277
450.96	105.830
451.17	106.455
451.38	107.113
451.59	107.829
451.80	108.533
452.01	109.284
452.22	110.064
452.43	110.806
452.64	111.537
452.84	112.272
453.05	112.963
453.26	113.665
453.47	114.278
453.68	114.886
453.89	115.437
454.10	115.882
454.31	116.314
454.52	116.641
454.73	116.922
454.94	117.093
455.15	117.167
455.36	117.151
455.56	117.071
455.77	116.904
455.98	116.678
456.19	116.381
456.40	116.023
456.61	115.602
456.82	115.069
457.03	114.488
457.24	113.825
457.45	113.141
457.65	112.343
457.86	111.547
458.07	110.714
458.28	109.797
458.49	108.932
458.70	108.000
458.91	107.093
459.12	106.181
459.33	105.249
459.54	104.385
459.74	103.543
459.95	102.718
460.16	101.980
460.37	101.286
460.58	100.652
460.79	100.048
461.00	99.484
461.21	99.023
461.41	98.634
461.62	98.324
461.83	98.104
462.04	97.982
462.25	97.887
462.46	97.906
462.67	98.021
462.88	98.217
463.08	98.505
463.29	98.822
463.50	99.216
463.71	99.708
463.92	100.224
464.13	100.771
464.34	101.379
464.54	102.033
464.75	102.716
464.96	103.409
465.17	104.124
465.38	104.820
465.59	105.564
465.80	106.281
466.00	106.964
466.21	107.631
466.42	108.252
466.63	108.899
466.84	109.490
467.05	110.024
467.26	110.503
467.46	110.867
467.67	111.228
467.88	111.539
468.09	111.745
468.30	111.918
468.51	112.029
468.71	112.035
468.92	111.986
469.13	111.854
469.34	111.659
469.55	111.372
469.76	111.058
469.96	110.643
470.17	110.170
470.38	109.663
470.59	109.069
470.80	108.427
471.00	107.780
471.21	107.051
471.42	106.316
471.63	105.540
471.84	104.767
472.05	103.948
472.25	103.119
472.46	102.298
472.67	101.435
472.88	100.629
473.09	99.814
473.29	98.996
473.50	98.243
473.71	97.503
473.92	96.807
474.13	96.148
474.33	95.558
474.54	95.015
474.75	94.533
474.96	94.111
475.17	93.756
475.37	93.418
475.58	93.180
475.79	93.018
476.00	92.928
476.21	92.915
476.41	92.967
476.62	93.093
476.83	93.274
477.04	93.563
477.24	93.873
477.45	94.256
477.66	94.685
477.87	95.144
478.08	95.672
478.28	96.205
478.49	96.801
478.70	97.430
478.91	98.057
479.11	98.694
479.32	99.369
479.53	100.019
479.74	100.710
479.94	101.364
480.15	101.983
480.36	102.580
480.57	103.157
480.78	103.733
480.98	104.222
481.19	104.685
481.40	105.093
481.61	105.487
481.81	105.814
482.02	106.086
482.23	106.325
482.44	106.465
482.64	106.586
482.85	106.624
483.06	106.577
483.27	106.509
483.47	106.389
483.68	106.191
483.89	105.936
484.10	105.610
484.30	105.241
484.51	104.798
484.72	104.340
484.92	103.797
485.13	103.233
485.34	102.639
485.55	101.995
485.75	101.331
485.96	100.607
486.17	99.879
486.38	99.140
486.58	98.373
486.79	97.618
487.00	96.845
487.20	96.070
487.41	95.327
487.62	94.593
487.83	93.863
488.03	93.153
488.24	92.483
488.45	91.829
488.65	91.206
488.86	90.639
489.07	90.103
489.28	89.627
489.48	89.186
489.69	88.838
489.90	88.519
490.10	88.265
490.31	88.075
490.52	87.919
490.73	87.840
490.93	87.822
491.14	87.859
491.35	87.958
491.55	88.109
491.76	88.314
491.97	88.560
492.17	88.850
492.38	89.197
492.59	89.584
492.79	90.028
493.00	90.504
493.21	91.013
493.41	91.538
493.62	92.090
493.83	92.668
494.04	93.218
494.24	93.803
494.45	94.390
494.66	94.959
494.86	95.559
495.07	96.114
495.28	96.681
495.48	97.209
495.69	97.717
495.90	98.211
496.10	98.672
496.31	99.085
496.52	99.457
496.72	99.827
496.93	100.143
497.14	100.403
497.34	100.597
497.55	100.772
497.76	100.891
497.96	100.955
498.17	100.963
498.37	100.936
498.58	100.831
498.79	100.674
498.99	100.492
499.20	100.236
499.41	99.937
499.61	99.567
499.82	99.171
500.03	98.721
500.23	98.255
500.44	97.727
500.65	97.175
500.85	96.604
501.06	95.966
501.26	95.322
501.47	94.651
501.68	93.985
501.88	93.280
502.09	92.580
502.30	91.867
502.50	91.154
502.71	90.447
502.91	89.751
503.12	89.065
503.33	88.387
503.53	87.745
503.74	87.112
503.95	86.502
504.15	85.926
504.36	85.377
504.56	84.852
504.77	84.388
504.98	83.944
505.18	83.562
505.39	83.219
505.59	82.917
505.80	82.672
506.01	82.478
506.21	82.335
506.42	82.240
506.62	82.191
506.83	82.185
507.04	82.240
507.24	82.337
507.45	82.492
507.65	82.688
507.86	82.910
508.07	83.189
508.27	83.512
508.48	83.862
508.68	84.267
508.89	84.691
509.10	85.129
509.30	85.598
509.51	86.072
509.71	86.566
509.92	87.075
510.12	87.585
510.33	88.105
510.54	88.616
510.74	89.136
510.95	89.643
511.15	90.147
511.36	90.647
511.56	91.132
511.77	91.582
511.98	92.020
512.18	92.442
512.39	92.831
512.59	93.188
512.80	93.512
513.00	93.793
513.21	94.038
513.42	94.259
513.62	94.436
513.83	94.582
514.03	94.671
514.24	94.716
514.44	94.713
514.65	94.678
514.85	94.605
515.06	94.487
515.26	94.320
515.47	94.119
515.68	93.861
515.88	93.569
516.09	93.240
516.29	92.875
516.50	92.468
516.70	92.020
516.91	91.545
517.11	91.047
517.32	90.526
517.52	89.978
517.73	89.423
517.93	88.839
518.14	88.237
518.34	87.638
518.55	87.026
518.76	86.413
518.96	85.778
519.17	85.141
519.37	84.504
519.58	83.897
519.78	83.281
519.99	82.672
520.19	82.081
520.40	81.523
520.60	80.979
520.81	80.457
521.01	79.956
521.22	79.502
521.42	79.070
521.63	78.668
521.83	78.301
522.04	77.959
522.24	77.678
522.45	77.434
522.65	77.231
522.86	77.074
523.06	76.952
523.27	76.883
523.47	76.853
523.68	76.864
523.88	76.905
524.09	76.994
524.29	77.134
524.50	77.309
524.70	77.514
524.91	77.751
525.11	78.037
525.32	78.363
525.52	78.703
525.72	79.092
525.93	79.498
526.13	79.934
526.34	80.373
526.54	80.845
526.75	81.307
526.95	81.793
527.16	82.272
527.36	82.773
527.57	83.267
527.77	83.757
527.98	84.261
528.18	84.758
528.39	85.238
528.59	85.713
528.79	86.167
529.00	86.619
529.20	87.045
529.41	87.471
529.61	87.863
529.82	88.219
530.02	88.540
530.23	88.847
530.43	89.107
530.64	89.353
530.84	89.548
531.04	89.710
531.25	89.859
531.45	89.980
531.66	90.056
531.86	90.091
532.07	90.082
532.27	90.037
532.47	89.961
532.68	89.863
532.88	89.728
533.09	89.557
533.29	89.332
533.50	89.082
533.70	88.764
533.90	88.439
534.11	88.099
534.31	87.727
534.52	87.315
534.72	86.908
534.93	86.475
535.13	86.002
535.33	85.534
535.54	85.016
535.74	84.495
535.95	83.949
536.15	83.424
536.35	82.885
536.56	82.342
536.76	81.777
536.97	81.230
537.17	80.670
537.37	80.119
537.58	79.594
537.78	79.074
537.99	78.575
538.19	78.070
538.39	77.579
538.60	77.114
538.80	76.687
539.01	76.258
539.21	75.855
539.41	75.498
539.62	75.154
539.82	74.850
540.03	74.569
540.23	74.339
540.43	74.122
540.64	73.965
540.84	73.825
541.04	73.737
541.25	73.692
541.45	73.676
541.66	73.692
541.86	73.745
542.06	73.840
542.27	73.966
542.47	74.145
542.67	74.337
542.88	74.570
543.08	74.828
543.28	75.125
543.49	75.443
543.69	75.790
543.90	76.170
544.10	76.557
544.30	76.988
544.51	77.420
544.71	77.893
544.91	78.350
545.12	78.832
545.32	79.329
545.52	79.802
545.73	80.309
545.93	80.813
546.13	81.292
546.34	81.766
546.54	82.241
546.74	82.704
546.95	83.182
547.15	83.638
547.35	84.065
547.56	84.503
547.76	84.932
547.96	85.326
548.17	85.712
548.37	86.086
548.57	86.404
548.78	86.707
548.98	86.979
549.18	87.217
549.39	87.428
549.59	87.609
549.79	87.786
550.00	87.913
550.20	88.036
550.40	88.109
550.61	88.162
550.81	88.176
551.01	88.158
551.22	88.110
551.42	88.027
551.62	87.918
551.82	87.757
552.03	87.582
552.23	87.379
552.43	87.138
552.64	86.874
552.84	86.584
553.04	86.265
553.25	85.921
553.45	85.548
553.65	85.163
553.85	84.776
554.06	84.358
554.26	83.917
554.46	83.445
554.67	82.979
554.87	82.490
555.07	82.013
555.27	81.514
555.48	81.006
555.68	80.510
555.88	80.006
556.09	79.509
556.29	78.991
556.49	78.492
556.69	77.984
556.90	77.488
557.10	77.023
557.30	76.580
557.50	76.131
557.71	75.724
557.91	75.327
558.11	74.925
558.31	74.561
558.52	74.217
558.72	73.908
558.92	73.624
559.13	73.371
559.33	73.138
559.53	72.928
559.73	72.761
559.94	72.614
560.14	72.492
560.34	72.398
560.54	72.342
560.75	72.327
560.95	72.339
561.15	72.393
561.35	72.463
561.55	72.554
561.76	72.689
561.96	72.832
562.16	73.021
562.36	73.251
562.57	73.490
562.77	73.761
562.97	74.056
563.17	74.368
563.38	74.695
563.58	75.054
563.78	75.434
563.98	75.824
564.18	76.224
564.39	76.651
564.59	77.085
564.79	77.543
564.99	77.988
565.20	78.438
565.40	78.878
565.60	79.325
565.80	79.791
566.00	80.237
566.21	80.693
566.41	81.122
566.61	81.556
566.81	81.990
567.01	82.409
567.22	82.821
567.42	83.218
567.62	83.587
567.82	83.942
568.02	84.284
568.23	84.603
568.43	84.906
568.63	85.197
568.83	85.448
569.03	85.668
569.24	85.876
569.44	86.070
569.64	86.240
569.84	86.395
570.04	86.497
570.24	86.588
570.45	86.654
570.65	86.699
570.85	86.706
571.05	86.676
571.25	86.619
571.45	86.528
571.66	86.433
571.86	86.314
572.06	86.151
572.26	85.973
572.46	85.779
572.66	85.567
572.87	85.313
573.07	85.055
573.27	84.769
573.47	84.465
573.67	84.132
573.87	83.779
574.08	83.401
574.28	83.028
574.48	82.635
574.68	82.218
574.88	81.795
575.08	81.345
575.28	80.899
575.49	80.455
575.69	80.006
575.89	79.530
576.09	79.074
576.29	78.604
576.49	78.133
576.69	77.658
576.90	77.190
577.10	76.733
577.30	76.282
577.50	75.848
577.70	75.411
577.90	74.991
578.10	74.598
578.30	74.212
578.51	73.842
578.71	73.498
578.91	73.167
579.11	72.849
579.31	72.559
579.51	72.285
579.71	72.039
579.91	71.807
580.12	71.615
580.32	71.443
580.52	71.309
580.72	71.182
580.92	71.085
581.12	71.004
581.32	70.960
581.52	70.955
581.72	70.959
581.92	70.995
582.13	71.068
582.33	71.147
582.53	71.265
582.73	71.395
582.93	71.556
583.13	71.749
583.33	71.973
583.53	72.213
583.73	72.480
583.93	72.766
584.13	73.077
584.34	73.414
584.54	73.738
584.74	74.073
584.94	74.451
585.14	74.835
585.34	75.233
585.54	75.611
585.74	76.001
585.94	76.418
586.14	76.850
586.34	77.263
586.54	77.702
586.74	78.140
586.94	78.589
587.15	79.037
587.35	79.468
587.55	79.890
587.75	80.316
587.95	80.721
588.15	81.115
588.35	81.497
588.55	81.877
588.75	82.258
588.95	82.627
589.15	82.974
589.35	83.310
589.55	83.627
589.75	83.962
589.95	84.255
590.15	84.527
590.35	84.772
590.55	85.010
590.75	85.215
590.95	85.393
591.15	85.551
591.35	85.677
591.56	85.785
591.76	85.873
591.96	85.934
592.16	85.985
592.36	86.012
592.56	86.023
592.76	85.995
592.96	85.956
593.16	85.877
593.36	85.781
593.56	85.671
593.76	85.548
593.96	85.377
594.16	85.208
594.36	85.013
594.56	84.797
594.76	84.559
594.96	84.314
595.16	84.033
595.36	83.743
595.56	83.426
595.76	83.087
595.96	82.731
596.16	82.383
596.36	82.012
596.56	81.636
596.76	81.230
596.96	80.822
597.16	80.412
597.36	80.009
597.56	79.586
597.76	79.148
597.96	78.710
598.16	78.278
598.36	77.841
598.56	77.398
598.76	76.966
598.96	76.546
599.16	76.122
599.36	75.726
599.56	75.331
599.76	74.939
599.96	74.564
600.15	74.199
600.35	73.848
600.55	73.509
600.75	73.171
600.95	72.865
601.15	72.561
601.35	72.267
601.55	71.994
601.75	71.754
601.95	71.526
602.15	71.327
602.35	71.125
602.55	70.961
602.75	70.821
602.95	70.691
603.15	70.570
603.35	70.489
603.55	70.420
603.75	70.368
603.95	70.348
604.15	70.353
604.35	70.386
604.54	70.431
604.74	70.519
604.94	70.616
605.14	70.729
605.34	70.873
605.54	71.047
605.74	71.245
605.94	71.449
606.14	71.683
606.34	71.925
606.54	72.200
606.74	72.491
606.94	72.793
607.14	73.117
607.33	73.469
607.53	73.815
607.73	74.168
607.93	74.525
608.13	74.898
608.33	75.282
608.53	75.658
608.73	76.055
608.93	76.432
609.13	76.827
609.33	77.231
609.52	77.635
609.72	78.033
609.92	78.420
610.12	78.819
610.32	79.213
610.52	79.618
610.72	80.001
610.92	80.376
611.12	80.747
611.31	81.112
611.51	81.464
611.71	81.808
611.91	82.159
612.11	82.508
612.31	82.842
612.51	83.150
612.71	83.460
612.91	83.736
613.10	84.013
613.30	84.299
613.50	84.551
613.70	84.779
613.90	84.983
614.10	85.171
614.30	85.324
614.50	85.469
614.69	85.574
614.89	85.677
615.09	85.758
615.29	85.823
615.49	85.867
615.69	85.886
615.89	85.895
616.08	85.881
616.28	85.840
616.48	85.779
616.68	85.694
616.88	85.594
617.08	85.472
617.27	85.346
617.47	85.179
617.67	84.994
617.87	84.795
618.07	84.590
618.27	84.371
618.47	84.149
618.66	83.896
618.86	83.641
619.06	83.356
619.26	83.069
619.46	82.770
619.66	82.444
619.85	82.107
620.05	81.761
620.25	81.388
620.45	81.021
620.65	80.639
620.84	80.278
621.04	79.897
621.24	79.537
621.44	79.138
621.64	78.725
621.84	78.335
622.03	77.936
622.23	77.542
622.43	77.147
622.63	76.756
622.83	76.365
623.02	75.978
623.22	75.606
623.42	75.217
623.62	74.845
623.82	74.495
624.01	74.144
624.21	73.798
624.41	73.475
624.61	73.164
624.81	72.873
625.00	72.573
625.20	72.292
625.40	72.011
625.60	71.761
625.79	71.539
625.99	71.337
626.19	71.139
626.39	70.963
626.59	70.799
626.78	70.665
626.98	70.547
627.18	70.440
627.38	70.361
627.57	70.325
627.77	70.288
627.97	70.267
628.17	70.280
628.37	70.304
628.56	70.362
628.76	70.425
628.96	70.504
629.16	70.601
629.35	70.742
629.55	70.893
629.75	71.065
629.95	71.253
630.14	71.446
630.34	71.671
630.54	71.904
630.74	72.148
630.93	72.407
631.13	72.677
631.33	72.958
631.53	73.234
631.72	73.521
631.92	73.833
632.12	74.163
632.31	74.490
632.51	74.851
632.71	75.206
632.91	75.558
633.10	75.924
633.30	76.311
633.50	76.670
633.70	77.056
633.89	77.430
634.09	77.817
634.29	78.200
634.48	78.575
634.68	78.968
634.88	79.357
635.08	79.744
635.27	80.138
635.47	80.526
635.67	80.922
635.86	81.312
636.06	81.685
636.26	82.035
636.46	82.390
636.65	82.725
636.85	83.069
637.05	83.403
637.24	83.706
637.44	84.001
637.64	84.294
637.83	84.580
638.03	84.858
638.23	85.093
638.43	85.330
638.62	85.546
638.82	85.729
639.02	85.913
639.21	86.069
639.41	86.203
639.61	86.345
639.80	86.458
640.00	86.550
640.20	86.650
640.39	86.742
640.59	86.804
640.79	86.853
640.98	86.867
641.18	86.876
641.38	86.883
641.57	86.855
641.77	86.807
641.97	86.728
642.16	86.642
642.36	86.554
642.56	86.444
642.75	86.334
642.95	86.194
643.15	86.043
643.34	85.889
643.54	85.716
643.74	85.505
643.93	85.294
644.13	85.048
644.33	84.779
644.52	84.508
644.72	84.239
644.91	83.951
645.11	83.643
645.31	83.333
645.50	83.022
645.70	82.711
645.90	82.393
646.09	82.058
646.29	81.710
646.48	81.356
646.68	80.987
646.88	80.619
647.07	80.256
647.27	79.883
647.47	79.503
647.66	79.132
647.86	78.755
648.05	78.390
648.25	78.034
648.45	77.675
648.64	77.304
648.84	76.945
649.04	76.580
649.23	76.223
649.43	75.877
649.62	75.526
649.82	75.171
650.02	74.837
650.21	74.514
650.41	74.218
650.60	73.927
650.80	73.668
651.00	73.387
651.19	73.136
651.39	72.892
651.58	72.657
651.78	72.446
651.97	72.264
652.17	72.078
652.37	71.900
652.56	71.756
652.76	71.623
652.95	71.503
653.15	71.422
653.35	71.344
653.54	71.276
653.74	71.215
653.93	71.184
654.13	71.166
654.32	71.157
654.52	71.147
654.72	71.171
654.91	71.202
655.11	71.265
655.30	71.344
655.50	71.440
655.69	71.553
655.89	71.666
656.08	71.790
656.28	71.939
656.48	72.110
656.67	72.286
656.87	72.480
657.06	72.673
657.26	72.874
657.45	73.100
657.65	73.348
657.84	73.620
658.04	73.885
658.23	74.170
658.43	74.474
658.62	74.792
658.82	75.106
659.02	75.428
659.21	75.769
659.41	76.101
659.60	76.444
659.80	76.794
659.99	77.171
660.19	77.539
660.38	77.913
660.58	78.275
660.77	78.655
660.97	79.017
661.16	79.388
661.36	79.752
661.55	80.133
661.75	80.501
661.94	80.857
662.14	81.228
662.33	81.601
662.53	81.958
662.72	82.312
662.92	82.657
663.11	82.989
663.31	83.329
663.50	83.667
663.70	84.004
663.89	84.330
664.09	84.632
664.28	84.947
664.48	85.236
664.67	85.538
664.87	85.800
665.06	86.073
665.26	86.325
665.45	86.570
665.65	86.796
665.84	87.025
666.04	87.236
666.23	87.407
666.43	87.557
666.62	87.703
666.82	87.835
667.01	87.957
667.21	88.070
667.40	88.153
667.59	88.243
667.79	88.297
667.98	88.322
668.18	88.340
668.37	88.333
668.57	88.343
668.76	88.320
668.96	88.280
669.15	88.227
669.35	88.182
669.54	88.104
669.73	88.021
669.93	87.917
670.12	87.809
670.32	87.713
670.51	87.585
670.71	87.450
670.90	87.307
671.10	87.151
671.29	86.972
671.48	86.773
671.68	86.562
671.87	86.351
672.07	86.126
672.26	85.926
672.46	85.690
672.65	85.438
672.84	85.176
673.04	84.920
673.23	84.649
673.43	84.358
673.62	84.078
673.82	83.785
674.01	83.458
674.20	83.139
674.40	82.803
674.59	82.479
674.79	82.159
674.98	81.823
675.17	81.483
675.37	81.154
675.56	80.825
675.76	80.484
675.95	80.123
676.14	79.787
676.34	79.416
676.53	79.072
676.73	78.715
676.92	78.359
677.11	78.008
677.31	77.660
677.50	77.330
677.70	76.991
677.89	76.651
678.08	76.343
678.28	76.035
678.47	75.745
678.66	75.464
678.86	75.185
679.05	74.908
679.25	74.653
679.44	74.411
679.63	74.189
679.83	73.962
680.02	73.766
680.21	73.573
680.41	73.393
680.60	73.205
680.79	73.041
680.99	72.893
681.18	72.746
681.38	72.624
681.57	72.523
681.76	72.442
681.96	72.372
682.15	72.307
682.34	72.245
682.54	72.196
682.73	72.167
682.92	72.138
683.12	72.146
683.31	72.162
683.50	72.186
683.70	72.225
683.89	72.266
684.08	72.335
684.28	72.416
684.47	72.507
684.66	72.630
684.86	72.759
685.05	72.906
685.24	73.072
685.44	73.235
685.63	73.406
685.82	73.596
686.02	73.789
686.21	74.021
686.40	74.257
686.60	74.514
686.79	74.775
686.98	75.048
687.18	75.329
687.37	75.609
687.56	75.889
687.75	76.183
687.95	76.491
688.14	76.791
688.33	77.117
688.53	77.442
688.72	77.785
688.91	78.126
689.11	78.456
689.30	78.823
689.49	79.194
689.68	79.557
689.88	79.909
690.07	80.264
690.26	80.603
690.46	80.960
690.65	81.293
690.84	81.633
691.03	81.985
691.23	82.327
691.42	82.673
691.61	83.025
691.80	83.354
692.00	83.691
692.19	84.013
692.38	84.328
692.58	84.648
692.77	84.948
692.96	85.240
693.15	85.542
693.35	85.814
693.54	86.102
693.73	86.390
693.92	86.653
694.12	86.928
694.31	87.176
694.50	87.438
694.69	87.670
694.89	87.892
695.08	88.096
695.27	88.314
695.46	88.503
695.66	88.694
695.85	88.885
696.04	89.059
696.23	89.246
696.43	89.407
696.62	89.537
696.81	89.661
697.00	89.786
697.19	89.895
697.39	89.980
697.58	90.049
697.77	90.090
697.96	90.153
698.16	90.185
698.35	90.237
698.54	90.244
698.73	90.274
698.92	90.258
699.12	90.242
699.31	90.202
699.50	90.164
699.69	90.110
699.89	90.038
700.08	89.964
700.27	89.862
700.46	89.766
700.65	89.653
700.85	89.551
701.04	89.421
701.23	89.271
701.42	89.118
701.61	88.956
701.81	88.783
702.00	88.589
702.19	88.392
702.38	88.164
702.57	87.950
702.76	87.706
702.96	87.478
703.15	87.230
703.34	86.963
703.53	86.692
703.72	86.396
703.92	86.096
704.11	85.794
704.30	85.480
704.49	85.168
704.68	84.863
704.87	84.522
705.07	84.192
705.26	83.868
705.45	83.569
705.64	83.230
705.83	82.924
706.02	82.602
706.21	82.295
706.41	81.976
706.60	81.637
706.79	81.323
706.98	81.014
707.17	80.689
707.36	80.375
707.56	80.078
707.75	79.783
707.94	79.497
708.13	79.210
708.32	78.943
708.51	78.655
708.70	78.396
708.89	78.131
709.09	77.870
709.28	77.622
709.47	77.334
709.66	77.070
709.85	76.813
710.04	76.561
710.23	76.294
710.42	76.076
710.62	75.853
710.81	75.611
711.00	75.385
711.19	75.187
711.38	74.993
711.57	74.791
711.76	74.607
711.95	74.448
712.15	74.296
712.34	74.151
712.53	74.017
712.72	73.885
712.91	73.791
713.10	73.697
713.29	73.613
713.48	73.541
713.67	73.505
713.86	73.477
714.05	73.453
714.25	73.442
714.44	73.419
714.63	73.426
714.82	73.470
715.01	73.514
715.20	73.588
715.39	73.650
715.58	73.731
715.77	73.830
715.96	73.932
716.15	74.035
716.34	74.129
716.54	74.248
716.73	74.385
716.92	74.512
717.11	74.663
717.30	74.825
717.49	75.007
717.68	75.196
717.87	75.356
718.06	75.568
718.25	75.798
718.44	76.030
718.63	76.272
718.82	76.510
719.01	76.753
719.20	77.001
719.39	77.269
719.58	77.540
719.77	77.798
719.96	78.049
720.16	78.320
720.35	78.619
720.54	78.910
720.73	79.202
720.92	79.503
721.11	79.824
721.30	80.132
721.49	80.443
721.68	80.762
721.87	81.109
722.06	81.429
722.25	81.743
722.44	82.067
722.63	82.377
722.82	82.683
723.01	82.981
723.20	83.271
723.39	83.576
723.58	83.905
723.77	84.236
723.96	84.569
724.15	84.906
724.34	85.222
724.53	85.540
724.72	85.833
724.91	86.151
725.10	86.462
725.29	86.753
725.48	87.073
725.67	87.336
725.86	87.587
726.05	87.850
726.24	88.102
726.43	88.343
726.62	88.586
726.81	88.854
727.00	89.099
727.19	89.359
727.38	89.595
727.57	89.799
727.76	90.000
727.95	90.190
728.14	90.353
728.33	90.521
728.52	90.679
728.71	90.832
728.90	90.974
729.09	91.082
729.28	91.180
729.47	91.261
729.65	91.358
729.84	91.458
730.03	91.543
730.22	91.619
730.41	91.699
730.60	91.767
730.79	91.783
730.98	91.820
731.17	91.847
731.36	91.846
731.55	91.830
731.74	91.808
731.93	91.781
732.12	91.750
732.31	91.723
732.50	91.702
732.69	91.679
732.88	91.611
733.06	91.534
733.25	91.470
733.44	91.403
733.63	91.301
733.82	91.193
734.01	91.055
734.20	90.918
734.39	90.755
734.58	90.606
734.77	90.470
734.96	90.295
735.15	90.107
735.33	89.913
735.52	89.734
735.71	89.537
735.90	89.324
736.09	89.095
736.28	88.844
736.47	88.586
736.66	88.316
736.85	88.057
737.04	87.774
737.23	87.501
737.41	87.199
737.60	86.940
737.79	86.639
737.98	86.362
738.17	86.079
738.36	85.815
738.55	85.536
738.74	85.258
738.92	84.973
739.11	84.690
739.30	84.393
739.49	84.083
739.68	83.794
739.87	83.529
740.06	83.264
740.25	82.973
740.43	82.701
740.62	82.415
740.81	82.116
741.00	81.849
741.19	81.552
741.38	81.263
741.57	80.963
741.75	80.693
741.94	80.406
742.13	80.119
742.32	79.819
742.51	79.534
742.70	79.254
742.89	78.994
743.07	78.722
743.26	78.465
743.45	78.188
743.64	77.945
743.83	77.673
744.02	77.389
744.20	77.153
744.39	76.909
744.58	76.687
744.77	76.480
744.96	76.295
745.15	76.134
745.33	75.983
745.52	75.832
745.71	75.682
745.90	75.543
746.09	75.424
746.28	75.312
746.46	75.180
746.65	75.049
746.84	74.941
747.03	74.834
747.22	74.752
747.40	74.701
747.59	74.628
747.78	74.576
747.97	74.570
748.16	74.552
748.34	74.514
748.53	74.504
748.72	74.507
748.91	74.490
749.10	74.485
749.28	74.499
749.47	74.533
749.66	74.560
749.85	74.582
750.04	74.614
750.22	74.653
750.41	74.722
750.60	74.809
750.79	74.871
750.97	74.956
751.16	75.060
751.35	75.156
751.54	75.255
751.73	75.385
751.91	75.499
752.10	75.653
752.29	75.794
752.48	75.958
752.66	76.127
752.85	76.303
753.04	76.482
753.23	76.682
753.41	76.857
753.60	77.073
753.79	77.302
753.98	77.517
754.16	77.742
754.35	77.968
754.54	78.189
754.73	78.449
754.91	78.710
755.10	78.962
755.29	79.238
755.48	79.496
755.66	79.761
755.85	80.031
756.04	80.278
756.22	80.568
756.41	80.825
756.60	81.093
756.79	81.382
756.97	81.674
757.16	81.920
757.35	82.210
757.54	82.493
757.72	82.772
757.91	83.066
758.10	83.359
758.28	83.644
758.47	83.926
758.66	84.233
758.85	84.515
759.03	84.806
759.22	85.088
759.41	85.388
759.59	85.676
759.78	85.961
759.97	86.231
760.15	86.493
760.34	86.789
760.53	87.054
760.71	87.302
760.90	87.573
761.09	87.843
761.28	88.108
761.46	88.358
761.65	88.612
761.84	88.868
762.02	89.118
762.21	89.385
762.40	89.613
762.58	89.808
762.77	90.014
762.96	90.224
763.14	90.447
763.33	90.640
763.52	90.805
763.70	90.958
763.89	91.136
764.08	91.311
764.26	91.436
764.45	91.591
764.64	91.748
764.82	91.861
765.01	91.975
765.20	92.059
765.38	92.162
765.57	92.232
765.75	92.299
765.94	92.344
766.13	92.401
766.31	92.473
766.50	92.524
766.69	92.608
766.87	92.674
767.06	92.697
767.25	92.735
767.43	92.794
767.62	92.850
767.80	92.878
767.99	92.879
768.18	92.875
768.36	92.863
768.55	92.846
768.74	92.820
768.92	92.788
769.11	92.783
769.29	92.731
769.48	92.704
769.67	92.634
769.85	92.590
770.04	92.467
770.22	92.359
770.41	92.229
770.60	92.072
770.78	91.897
770.97	91.748
771.15	91.595
771.34	91.397
771.53	91.230
771.71	91.050
771.90	90.891
772.08	90.774
772.27	90.599
772.46	90.394
772.64	90.196
772.83	89.993
773.01	89.741
773.20	89.512
773.39	89.291
773.57	89.055
773.76	88.815
773.94	88.629
774.13	88.388
774.31	88.139
774.50	87.919
774.68	87.672
774.87	87.420
775.06	87.125
775.24	86.867
775.43	86.573
775.61	86.289
775.80	86.007
775.98	85.690
776.17	85.388
776.36	85.098
776.54	84.813
776.73	84.516
776.91	84.241
777.10	83.959
777.28	83.642
777.47	83.364
777.65	83.068
777.84	82.759
778.02	82.489
778.21	82.223
778.39	81.924
778.58	81.657
778.77	81.390
778.95	81.156
779.14	80.913
779.32	80.675
779.51	80.438
779.69	80.176
779.88	79.943
780.06	79.715
780.25	79.478
780.43	79.232
780.62	79.021
780.80	78.794
780.99	78.563
781.17	78.342
781.36	78.108
781.54	77.897
781.73	77.653
781.91	77.437
782.10	77.240
782.28	77.037
782.47	76.838
782.65	76.620
782.84	76.415
783.02	76.235
783.21	76.068
783.39	75.900
783.58	75.748
783.76	75.569
783.95	75.416
784.13	75.306
784.32	75.195
784.50	75.068
784.69	74.979
784.87	74.896
785.05	74.826
785.24	74.763
785.42	74.709
785.61	74.665
785.79	74.625
785.98	74.596
786.16	74.558
786.35	74.550
786.53	74.547
786.72	74.535
786.90	74.527
787.09	74.508
787.27	74.517
787.45	74.544
787.64	74.568
787.82	74.589
788.01	74.610
788.19	74.653
788.38	74.697
788.56	74.693
788.75	74.750
788.93	74.816
789.11	74.858
789.30	74.893
789.48	74.966
789.67	75.054
789.85	75.123
790.04	75.241
790.22	75.340
790.40	75.460
790.59	75.567
790.77	75.688
790.96	75.843
791.14	75.987
791.32	76.118
791.51	76.268
791.69	76.433
791.88	76.603
792.06	76.774
792.25	76.936
792.43	77.154
792.61	77.338
792.80	77.503
792.98	77.724
793.17	77.934
793.35	78.106
793.53	78.296
793.72	78.532
793.90	78.741
794.08	78.947
794.27	79.162
794.45	79.411
794.64	79.635
794.82	79.853
795.00	80.045
795.19	80.280
795.37	80.510
795.55	80.695
795.74	80.923
795.92	81.157
796.11	81.419
796.29	81.671
796.47	81.905
796.66	82.139
796.84	82.399
797.02	82.661
797.21	82.942
797.39	83.202
797.58	83.446
797.76	83.678
797.94	83.942
798.13	84.200
798.31	84.468
798.49	84.705
798.68	84.939
798.86	85.223
799.04	85.449
799.23	85.696
799.41	85.959
799.59	86.191
799.78	86.387
799.96	86.599
800.14	86.821
800.33	87.050
800.51	87.299
800.69	87.481
800.88	87.703
801.06	87.935
801.24	88.105
801.43	88.292
801.61	88.470
801.79	88.633
801.98	88.792
802.16	88.964
802.34	89.162
802.52	89.347
802.71	89.477
802.89	89.658
803.07	89.811
803.26	89.949
803.44	90.070
803.62	90.213
803.81	90.341
803.99	90.423
804.17	90.509
804.35	90.586
804.54	90.659
804.72	90.751
804.90	90.818
805.09	90.937
805.27	91.038
805.45	91.140
805.63	91.202
805.82	91.275
806.00	91.272
806.18	91.299
806.37	91.341
806.55	91.351
806.73	91.373
806.91	91.384
807.10	91.415
807.28	91.425
807.46	91.435
807.64	91.423
807.83	91.420
808.01	91.416
808.19	91.354
808.37	91.307
808.56	91.233
808.74	91.173
808.92	91.102
809.10	90.988
809.29	90.919
809.47	90.844
809.65	90.716
809.83	90.659
810.02	90.545
810.20	90.435
810.38	90.339
810.56	90.204
810.75	90.105
810.93	89.994
811.11	89.876
811.29	89.753
811.47	89.618
811.66	89.459
811.84	89.307
812.02	89.232
812.20	89.113
812.39	88.993
812.57	88.864
812.75	88.736
812.93	88.635
813.11	88.480
813.30	88.349
813.48	88.238
813.66	88.072
813.84	87.924
814.02	87.751
814.21	87.604
814.39	87.407
814.57	87.218
814.75	87.010
814.93	86.811
815.12	86.593
815.30	86.385
815.48	86.190
815.66	85.974
815.84	85.723
816.03	85.481
816.21	85.205
816.39	84.955
816.57	84.651
816.75	84.351
816.93	84.063
817.12	83.755
817.30	83.444
817.48	83.145
817.66	82.879
817.84	82.619
818.02	82.374
818.21	82.107
818.39	81.852
818.57	81.585
818.75	81.369
818.93	81.115
819.11	80.859
819.30	80.607
819.48	80.375
819.66	80.153
819.84	79.958
820.02	79.741
820.20	79.510
820.38	79.293
820.57	79.082
820.75	78.902
820.93	78.703
821.11	78.515
821.29	78.343
821.47	78.131
821.65	77.921
821.83	77.695
822.02	77.511
822.20	77.303
822.38	77.143
822.56	76.894
822.74	76.683
822.92	76.444
823.10	76.246
823.28	76.016
823.46	75.798
823.65	75.565
823.83	75.368
824.01	75.168
824.19	74.965
824.37	74.765
824.55	74.540
824.73	74.362
824.91	74.165
825.09	73.976
825.27	73.799
825.46	73.602
825.64	73.401
825.82	73.242
826.00	73.061
826.18	72.898
826.36	72.762
826.54	72.640
826.72	72.572
826.90	72.474
827.08	72.391
827.26	72.314
827.44	72.226
827.63	72.140
827.81	72.075
827.99	72.040
828.17	71.984
828.35	71.940
828.53	71.895
828.71	71.892
828.89	71.854
829.07	71.837
829.25	71.820
829.43	71.843
829.61	71.823
829.79	71.820
829.97	71.821
830.15	71.801
830.33	71.811
830.51	71.789
830.69	71.799
830.87	71.764
831.06	71.781
831.24	71.805
831.42	71.827
831.60	71.828
831.78	71.860
831.96	71.915
832.14	71.987
832.32	72.054
832.50	72.099
832.68	72.153
832.86	72.193
833.04	72.288
833.22	72.344
833.40	72.442
833.58	72.518
833.76	72.586
833.94	72.711
834.12	72.830
834.30	72.963
834.48	73.059
834.66	73.221
834.84	73.317
835.02	73.463
835.20	73.614
835.38	73.777
835.56	73.939
835.74	74.107
835.92	74.267
836.10	74.412
836.28	74.567
836.46	74.749
836.64	74.922
836.82	75.059
837.00	75.224
837.18	75.387
837.36	75.586
837.54	75.767
837.72	75.949
837.90	76.135
838.08	76.327
838.26	76.519
838.43	76.696
838.61	76.902
838.79	77.090
838.97	77.282
839.15	77.480
839.33	77.666
839.51	77.811
839.69	77.986
839.87	78.188
840.05	78.406
840.23	78.589
840.41	78.784
840.59	78.951
840.77	79.158
840.95	79.333
841.13	79.490
841.31	79.654
841.49	79.805
841.67	79.933
841.84	80.098
842.02	80.228
842.20	80.420
842.38	80.551
842.56	80.697
842.74	80.849
842.92	80.954
843.10	81.094
843.28	81.280
843.46	81.409
843.64	81.494
843.82	81.625
843.99	81.751
844.17	81.913
844.35	82.141
844.53	82.293
844.71	82.484
844.89	82.616
845.07	82.804
845.25	82.990
845.43	83.175
845.61	83.327
845.78	83.540
845.96	83.700
846.14	83.897
846.32	84.087
846.50	84.231
846.68	84.462
846.86	84.621
847.04	84.769
847.22	84.871
847.39	85.054
847.57	85.163
847.75	85.277
847.93	85.340
848.11	85.426
848.29	85.567
848.47	85.626
848.65	85.758
848.82	85.804
849.00	85.876
849.18	85.914
849.36	85.953
849.54	86.005
849.72	85.997
849.89	86.047
850.07	86.098
850.25	86.103
850.43	86.064
850.61	86.058
850.79	86.020
850.97	86.087
851.14	86.097
851.32	86.085
851.50	86.104
851.68	86.158
851.86	86.208
852.04	86.180
852.21	86.214
852.39	86.223
852.57	86.284
852.75	86.296
852.93	86.304
853.10	86.298
853.28	86.257
853.46	86.259
853.64	86.187
853.82	86.102
854.00	86.132
854.17	86.080
854.35	86.007
854.53	85.968
854.71	85.881
854.89	85.775
855.06	85.749
855.24	85.698
855.42	85.610
855.60	85.470
855.78	85.375
855.95	85.251
856.13	85.151
856.31	84.968
856.49	84.819
856.66	84.726
856.84	84.558
857.02	84.495
857.20	84.415
857.38	84.264
857.55	84.136
857.73	83.913
857.91	83.815
858.09	83.647
858.26	83.503
858.44	83.371
858.62	83.240
858.80	83.058
858.97	82.885
859.15	82.711
859.33	82.499
859.51	82.337
859.68	82.156
859.86	81.962
860.04	81.794
860.22	81.594
860.39	81.381
860.57	81.176
860.75	80.900
860.93	80.670
861.10	80.535
861.28	80.350
861.46	80.133
861.64	79.929
861.81	79.781
861.99	79.571
862.17	79.346
862.35	79.155
862.52	78.993
862.70	78.791
862.88	78.616
863.05	78.414
863.23	78.193
863.41	78.008
863.59	77.798
863.76	77.640
863.94	77.448
864.12	77.260
864.29	77.103
864.47	76.895
864.65	76.702
864.83	76.441
865.00	76.221
865.18	76.067
865.36	75.880
865.53	75.676
865.71	75.531
865.89	75.336
866.06	75.127
866.24	74.889
866.42	74.685
866.59	74.454
866.77	74.301
866.95	74.108
867.12	73.859
867.30	73.690
867.48	73.446
867.65	73.243
867.83	73.036
868.01	72.855
868.18	72.662
868.36	72.466
868.54	72.311
868.71	72.150
868.89	71.987
869.07	71.801
869.24	71.640
869.42	71.442
869.60	71.292
869.77	71.172
869.95	71.021
870.13	70.865
870.30	70.754
870.48	70.564
870.66	70.414
870.83	70.311
871.01	70.119
871.18	70.005
871.36	69.885
871.54	69.741
871.71	69.613
871.89	69.513
872.07	69.346
872.24	69.220
872.42	69.124
872.59	69.005
872.77	68.873
872.95	68.770
873.12	68.633
873.30	68.489
873.48	68.374
873.65	68.269
873.83	68.174
874.00	68.049
874.18	67.971
874.36	67.905
874.53	67.824
874.71	67.754
874.88	67.685
875.06	67.645
875.24	67.636
875.41	67.586
875.59	67.551
875.76	67.570
875.94	67.519
876.11	67.405
876.29	67.312
876.47	67.278
876.64	67.219
876.82	67.174
876.99	67.149
877.17	67.106
877.35	67.086
877.52	67.053
877.70	67.012
877.87	67.002
878.05	67.001
878.22	67.007
878.40	67.035
878.57	67.021
878.75	66.991
878.93	66.943
879.10	66.942
879.28	66.949
879.45	66.952
879.63	66.935
879.80	66.940
879.98	66.992
880.15	67.022
880.33	67.070
880.50	67.109
880.68	67.209
880.86	67.270
881.03	67.336
881.21	67.417
881.38	67.502
881.56	67.671
881.73	67.712
881.91	67.773
882.08	67.839
882.26	67.965
882.43	68.075
882.61	68.245
882.78	68.357
882.96	68.490
883.13	68.595
883.31	68.750
883.48	68.952
883.66	69.110
883.83	69.268
884.01	69.372
884.18	69.584
884.36	69.731
884.53	69.852
884.71	69.990
884.88	70.096
885.06	70.265
885.23	70.315
885.41	70.461
885.58	70.582
885.76	70.749
885.93	70.838
886.11	71.009
886.28	71.115
886.46	71.241
886.63	71.365
886.81	71.493
886.98	71.678
887.15	71.782
887.33	71.939
887.50	72.123
887.68	72.285
887.85	72.379
888.03	72.509
888.20	72.673
888.38	72.835
888.55	73.008
888.73	73.081
888.90	73.224
889.08	73.366
889.25	73.463
889.42	73.584
889.60	73.774
889.77	73.849
889.95	73.990
890.12	74.072
890.30	74.159
890.47	74.247
890.64	74.357
890.82	74.500
890.99	74.611
891.17	74.695
891.34	74.813
891.52	74.921
891.69	75.035
891.86	75.156
892.04	75.260
892.21	75.402
892.39	75.631
892.56	75.788
892.73	75.878
892.91	76.036
893.08	76.246
893.26	76.324
893.43	76.500
893.60	76.595
893.78	76.765
893.95	76.930
894.13	77.166
894.30	77.325
894.47	77.515
894.65	77.646
894.82	77.806
895.00	77.937
895.17	78.100
895.34	78.277
895.52	78.442
895.69	78.547
895.86	78.694
896.04	78.734
896.21	78.892
896.39	79.080
896.56	79.252
896.73	79.258
896.91	79.313
897.08	79.392
897.25	79.553
897.43	79.623
897.60	79.718
897.77	79.733
897.95	79.715
898.12	79.713
898.30	79.822
898.47	79.842
898.64	79.895
898.82	79.921
898.99	79.915
899.16	79.912
899.34	79.912
899.51	79.825
899.68	79.811
899.86	79.765
900.03	79.706
900.20	79.665
900.38	79.688
900.55	79.779
900.72	79.729
900.90	79.672
901.07	79.769
901.24	79.736
901.41	79.740
901.59	79.762
901.76	79.752
901.93	79.704
902.11	79.639
902.28	79.649
902.45	79.753
902.63	79.780
902.80	79.755
902.97	79.763
903.15	79.854
903.32	79.925
903.49	79.926
903.66	79.956
903.84	79.975
904.01	79.959
904.18	79.927
904.36	79.955
904.53	79.923
904.70	79.851
904.87	79.840
905.05	79.765
905.22	79.790
905.39	79.768
905.56	79.701
905.74	79.678
905.91	79.590
906.08	79.454
906.26	79.358
906.43	79.271
906.60	79.180
906.77	79.030
906.95	78.911
907.12	78.773
907.29	78.619
907.46	78.587
907.64	78.493
907.81	78.389
907.98	78.215
908.15	78.114
908.33	78.002
908.50	77.880
908.67	77.793
908.84	77.674
909.01	77.520
909.19	77.432
909.36	77.301
909.53	77.166
909.70	76.946
909.88	76.841
910.05	76.681
910.22	76.606
910.39	76.491
910.57	76.402
910.74	76.321
910.91	76.267
911.08	76.056
911.25	75.911
911.43	75.777
911.60	75.657
911.77	75.517
911.94	75.291
912.11	75.141
912.29	74.942
912.46	74.696
912.63	74.505
912.80	74.281
912.97	74.100
913.15	73.959
913.32	73.845
913.49	73.642
913.66	73.552
913.83	73.337
914.00	73.117
914.18	72.914
914.35	72.721
914.52	72.470
914.69	72.258
914.86	72.063
915.03	71.875
915.21	71.746
915.38	71.531
915.55	71.453
915.72	71.276
915.89	71.151
916.06	71.076
916.24	70.993
916.41	70.845
916.58	70.727
916.75	70.529
916.92	70.350
917.09	70.151
917.26	69.881
917.44	69.669
917.61	69.562
917.78	69.345
917.95	69.193
918.12	68.998
918.29	68.916
918.46	68.726
918.64	68.561
918.81	68.413
918.98	68.273
919.15	68.080
919.32	67.925
919.49	67.695
919.66	67.471
919.83	67.284
920.00	67.103
920.18	66.956
920.35	66.906
920.52	66.793
920.69	66.737
920.86	66.720
921.03	66.620
921.20	66.478
921.37	66.370
921.54	66.133
921.71	66.032
921.89	65.849
922.06	65.779
922.23	65.665
922.40	65.535
922.57	65.359
922.74	65.262
922.91	65.186
923.08	65.130
923.25	65.045
923.42	64.932
923.59	64.902
923.76	64.692
923.93	64.495
924.11	64.325
924.28	64.191
924.45	64.068
924.62	64.056
924.79	63.959
924.96	63.797
925.13	63.743
925.30	63.623
925.47	63.470
925.64	63.383
925.81	63.298
925.98	63.233
926.15	63.195
926.32	63.034
926.49	62.925
926.66	62.833
926.83	62.723
927.00	62.698
927.17	62.578
927.34	62.623
927.51	62.586
927.69	62.620
927.86	62.573
928.03	62.457
928.20	62.403
928.37	62.302
928.54	62.337
928.71	62.304
928.88	62.343
929.05	62.371
929.22	62.362
929.39	62.320
929.56	62.247
929.73	62.205
929.90	62.262
930.07	62.258
930.24	62.220
930.41	62.230
930.58	62.274
930.75	62.333
930.92	62.284
931.09	62.274
931.26	62.239
931.43	62.212
931.60	62.216
931.77	62.155
931.94	62.214
932.11	62.236
932.27	62.274
932.44	62.292
932.61	62.328
932.78	62.283
932.95	62.375
933.12	62.333
933.29	62.372
933.46	62.376
933.63	62.317
933.80	62.336
933.97	62.347
934.14	62.315
934.31	62.256
934.48	62.309
934.65	62.329
934.82	62.399
934.99	62.448
935.16	62.513
935.33	62.603
935.50	62.735
935.67	62.813
935.84	62.852
936.00	62.876
936.17	62.940
936.34	63.058
936.51	63.047
936.68	63.112
936.85	63.135
937.02	63.237
937.19	63.291
937.36	63.442
937.53	63.449
937.70	63.530
937.87	63.608
938.03	63.612
938.20	63.670
938.37	63.735
938.54	63.788
938.71	63.853
938.88	63.966
939.05	63.877
939.22	63.837
939.39	63.914
939.56	64.074
939.72	64.127
939.89	64.173
940.06	64.236
940.23	64.323
940.40	64.430
940.57	64.584
940.74	64.734
940.91	64.784
941.08	64.971
941.24	65.053
941.41	65.244
941.58	65.477
941.75	65.633
941.92	65.771
942.09	65.884
942.26	65.963
942.42	65.986
942.59	66.227
942.76	66.584
942.93	66.725
943.10	66.746
943.27	66.919
943.44	67.051
943.60	67.217
943.77	67.224
943.94	67.422
944.11	67.447
944.28	67.521
944.45	67.639
944.61	67.724
944.78	67.757
944.95	67.766
945.12	67.953
945.29	68.039
945.46	68.027
945.62	68.071
945.79	68.290
945.96	68.612
946.13	68.762
946.30	68.746
946.46	68.927
946.63	69.023
946.80	69.127
946.97	69.267
947.14	69.357
947.31	69.872
947.47	70.106
947.64	70.271
947.81	70.471
947.98	70.663
948.15	70.766
948.31	71.009
948.48	71.176
948.65	71.170
948.82	71.305
948.98	71.444
949.15	71.748
949.32	71.787
949.49	71.756
949.66	71.822
949.82	71.884
949.99	71.976
950.16	72.105
950.33	72.074
950.49	72.181
950.66	72.144
950.83	71.993
951.00	71.822
951.16	71.630
951.33	71.650
951.50	71.549
951.67	71.626
951.83	71.651
952.00	71.632
952.17	71.560
952.34	71.597
952.50	71.765
952.67	71.721
952.84	71.772
953.01	71.704
953.17	71.702
953.34	71.829
953.51	71.769
953.68	71.683
953.84	71.655
954.01	71.598
954.18	71.541
954.34	71.541
954.51	71.620
954.68	71.774
954.85	71.771
955.01	71.928
955.18	72.152
955.35	71.902
955.51	71.878
955.68	72.006
955.85	72.136
956.02	71.990
956.18	72.038
956.35	71.957
956.52	72.001
956.68	72.008
956.85	71.861
957.02	71.910
957.18	71.943
957.35	71.968
957.52	72.017
957.69	72.127
957.85	72.210
958.02	72.083
958.19	71.976
958.35	71.957
958.52	71.740
958.69	71.388
958.85	71.593
959.02	71.684
959.19	71.444
959.35	71.360
959.52	71.405
959.69	71.390
959.85	71.423
960.02	71.427
960.19	71.314
960.35	71.250
960.52	71.158
960.68	71.130
960.85	71.205
961.02	70.966
961.18	70.975
961.35	70.731
961.52	70.786
961.68	70.798
961.85	70.670
962.02	70.748
962.18	70.800
962.35	70.545
962.51	70.398
962.68	70.425
962.85	70.275
963.01	70.010
963.18	69.895
963.35	69.532
963.51	69.349
963.68	69.341
963.84	69.113
964.01	69.145
964.18	69.022
964.34	68.778
964.51	68.626
964.67	68.448
964.84	68.387
965.01	68.165
965.17	67.867
965.34	67.902
965.50	67.639
965.67	67.584
965.84	67.610
966.00	67.706
966.17	67.786
966.33	67.621
966.50	67.536
966.66	67.523
966.83	67.618
967.00	67.523
967.16	67.340
967.33	67.297
967.49	67.117
967.66	67.301
967.82	67.136
967.99	67.333
968.16	67.312
968.32	67.267
968.49	67.049
968.65	67.243
968.82	67.102
968.98	67.133
969.15	66.831
969.31	66.506
969.48	66.212
969.64	65.897
969.81	65.953
969.98	65.868
970.14	65.477
970.31	65.390
970.47	65.149
970.64	64.920
970.80	64.977
970.97	64.461
971.13	64.085
971.30	64.012
971.46	63.831
971.63	63.562
971.79	63.568
971.96	63.628
972.12	63.389
972.29	62.991
972.45	62.880
972.62	62.850
972.78	62.943
972.95	62.596
973.11	62.359
973.28	62.193
973.44	62.243
973.61	62.433
973.77	62.292
973.94	62.319
974.10	62.497
974.27	62.407
974.43	62.695
974.60	62.688
974.76	62.685
974.93	62.607
975.09	62.527
975.26	62.286
975.42	62.261
975.59	62.056
975.75	62.446
975.92	62.348
976.08	61.906
976.24	61.702
976.41	61.533
976.57	61.610
976.74	61.461
976.90	61.007
977.07	60.558
977.23	60.519
977.40	60.349
977.56	59.674
977.73	59.426
977.89	59.142
978.05	58.720
978.22	58.572
978.38	58.300
978.55	58.085
978.71	57.876
978.88	57.799
979.04	57.819
979.20	57.575
979.37	57.453
979.53	57.470
979.70	57.599
979.86	57.883
980.03	57.689
980.19	57.574
980.35	57.717
980.52	57.537
980.68	57.583
980.85	57.539
981.01	57.732
981.17	57.621
981.34	57.474
981.50	57.534
981.67	57.489
981.83	57.275
981.99	57.203
982.16	57.036
982.32	56.227
982.49	56.149
982.65	55.978
982.81	56.108
982.98	56.124
983.14	56.051
983.30	55.733
983.47	55.685
983.63	55.455
983.80	55.233
983.96	55.046
984.12	55.392
984.29	55.536
984.45	55.766
984.61	55.583
984.78	55.841
984.94	55.997
985.10	56.354
985.27	56.254
985.43	56.582
985.59	56.987
985.76	57.578
985.92	57.726
986.08	58.051
986.25	57.531
986.41	58.016
986.57	57.431
986.74	57.616
986.90	57.596
987.06	57.569
987.23	57.565
987.39	57.467
987.55	56.582
987.72	56.379
987.88	55.560
988.04	55.842
988.21	56.205
988.37	55.940
988.53	55.384
988.70	55.844
988.86	55.425
989.02	55.091
989.19	54.697
989.35	54.644
989.51	53.968
989.67	54.040
989.84	53.588
990.00	53.747
990.16	54.090
990.33	54.398
990.49	54.753
990.65	55.008
990.82	55.385
990.98	55.412
991.14	55.236
991.30	56.169
991.47	55.689
991.63	55.615
991.79	56.522
991.95	56.676
992.12	56.704
992.28	56.967
992.44	57.123
992.61	57.368
992.77	57.511
992.93	58.042
993.09	58.165
993.26	58.568
993.42	59.076
993.58	58.641
993.74	58.293
993.91	58.049
994.07	57.841
994.23	57.989
994.39	58.097
994.55	58.392
994.72	57.826
994.88	58.060
995.04	57.549
995.20	57.095
995.37	56.918
995.53	56.844
995.69	56.717
995.85	56.181
996.02	56.215
996.18	56.544
996.34	56.120
996.50	56.082
996.66	56.815
996.83	56.222
996.99	55.453
997.15	55.970
997.31	55.913
997.47	56.106
997.64	56.062
997.80	56.507
997.96	57.050
998.12	57.510
998.28	58.181
998.45	58.823
998.61	58.948
998.77	58.555
998.93	58.657
999.09	59.822
999.25	60.313
999.42	61.477
999.58	61.019
999.74	60.931
999.90	60.869
1000.06	59.979
1000.22	60.289
1000.39	60.994
1000.55	60.782
1000.71	61.571
1000.87	61.353
1001.03	61.216
1001.19	61.195
1001.36	60.569
1001.52	59.897
1001.68	59.670
1001.84	59.921
1002.00	58.620
1002.16	58.835
1002.32	58.447
1002.49	56.708
1002.65	56.536
1002.81	55.931
1002.97	55.955
1003.13	56.085
1003.29	57.016
1003.45	56.688
1003.62	57.585
1003.78	57.712
1003.94	58.183
1004.10	57.151
1004.26	57.322
1004.42	57.134
1004.58	56.967
1004.74	57.611
1004.90	59.284
1005.07	59.013
1005.23	58.028
1005.39	59.377
1005.55	60.217
1005.71	59.762
1005.87	60.899
1006.03	61.859
1006.19	61.778
1006.35	61.453
1006.51	62.201
1006.67	61.985
1006.84	61.818
1007.00	61.312
1007.16	62.283
1007.32	60.872
1007.48	61.619
1007.64	63.275
1007.80	63.074
1007.96	62.205
1008.12	62.377
1008.28	60.458
1008.44	61.724
1008.60	62.298
1008.76	61.058
1008.92	59.806
1009.09	59.847
1009.25	59.526
1009.41	58.676
1009.57	59.210
1009.73	60.186
1009.89	60.851
1010.05	61.367
1010.21	63.295
1010.37	62.880
1010.53	63.901
1010.69	65.375
1010.85	64.946
1011.01	63.408
1011.17	62.807
1011.33	64.627
1011.49	64.954
1011.65	65.181
1011.81	64.014
1011.97	64.274
1012.13	66.650
1012.29	68.180
1012.45	69.516
1012.61	72.816
1012.77	70.514
1012.93	69.853
1013.09	68.710
1013.25	69.028
1013.41	69.953
1013.57	67.284
1013.73	66.607
1013.89	62.696
1014.05	64.616
1014.21	63.095
1014.37	61.472
1014.53	60.055
1014.69	60.062
1014.85	60.144
1015.01	62.838
1015.17	65.556
1015.33	66.641
1015.49	65.396
1015.65	67.378
1015.81	67.922
1015.97	63.978
1016.13	67.387
1016.29	67.096
1016.45	67.600
1016.61	68.233
1016.77	65.438
1016.93	66.036
1017.09	65.679
1017.25	67.315
1017.41	66.346
1017.56	68.215
1017.72	74.805
1017.88	77.241
1018.04	79.081
1018.20	76.986
1018.36	76.207
1018.52	73.370
1018.68	74.007
1018.84	74.899
1019.00	72.736
1019.16	74.076
1019.32	77.978
1019.48	78.985
1019.64	81.286
1019.79	79.573
1019.95	74.863
1020.11	79.448
1020.27	79.854
1020.43	86.241
1020.59	88.572
1020.75	85.686
1020.91	89.901
1021.07	81.516
1021.23	80.906
1021.39	75.518
1021.54	80.891
1021.70	78.764
1021.86	78.024
1022.02	75.942
1022.18	73.372
1022.34	76.153
1022.50	75.400
1022.66	71.923
1022.82	70.995
1022.97	71.438
1023.13	73.911
1023.29	79.086
1023.45	77.896
1023.61	78.445
1023.77	75.891
1023.93	76.192
1024.08	76.894
1024.24	73.521
1024.40	75.726
1024.56	84.338
1024.72	87.201
1024.88	76.604
1025.04	80.567
1025.19	79.444
1025.35	76.703
1025.51	81.297
1025.67	83.054
1025.83	79.502
1025.99	83.329
1026.14	82.042
1026.30	89.691
1026.46	92.106
1026.62	86.087
1026.78	79.405
1026.94	76.111
1027.09	73.924
1027.25	73.285
1027.41	74.013
1027.57	73.192
1027.73	71.746
1027.89	66.390
1028.04	65.244
1028.20	64.595
1028.36	64.555
1028.52	63.912
1028.68	64.112
1028.83	64.216
1028.99	62.115
1029.15	62.282
1029.31	61.063
1029.47	62.445
1029.62	60.440
1029.78	59.226
1029.94	59.974
1030.10	61.254
1030.25	63.371
1030.41	67.675
1030.57	68.440
1030.73	72.108
1030.89	72.645
1031.04	75.942
1031.20	79.817
1031.36	87.990
1031.52	94.657
1031.67	98.006
1031.83	103.386
1031.99	114.285
1032.15	102.363
1032.30	113.746
1032.46	129.199
1032.62	119.866
1032.78	107.853
1032.93	122.488
1033.09	106.834
1033.25	97.388
1033.41	97.912
1033.56	92.728
1033.72	28.431
1033.88	336.310
1034.04	51.350
1034.19	50.970
1034.35	77.410
1034.51	-15.543
1034.66	45.827
1034.82	2325.833
1034.98	2325.833
1035.14	2325.833
