345.22	35.628
345.43	35.628
345.65	35.628
345.86	51.475
346.08	130.890
346.29	7.742
346.51	22.643
346.72	47.096
346.94	-270.897
347.15	-76.685
347.37	130.375
347.58	163.638
347.80	194.074
348.01	172.865
348.23	123.303
348.44	114.750
348.66	105.088
348.87	106.975
349.09	101.496
349.30	90.494
349.52	83.961
349.73	87.715
349.95	87.485
350.16	89.394
350.38	86.348
350.59	80.372
350.81	79.264
351.02	77.919
351.24	77.363
351.45	76.211
351.67	78.771
351.88	77.898
352.10	74.202
352.31	73.247
352.53	75.939
352.74	77.530
352.96	78.152
353.17	77.275
353.39	78.545
353.60	80.980
353.82	81.263
354.03	81.302
354.25	77.296
354.46	72.485
354.67	69.589
354.89	68.042
355.10	72.005
355.32	71.163
355.53	72.572
355.75	74.022
355.96	75.261
356.18	74.619
356.39	74.186
356.61	78.069
356.82	77.602
357.04	74.248
357.25	74.370
357.46	74.242
357.68	74.260
357.89	72.600
358.11	70.583
358.32	73.766
358.54	72.172
358.75	73.618
358.97	76.031
359.18	79.339
359.40	78.874
359.61	79.004
359.82	80.360
360.04	80.127
360.25	78.174
360.47	74.431
360.68	73.669
360.90	74.367
361.11	72.344
361.32	72.333
361.54	75.951
361.75	75.304
361.97	76.658
362.18	77.579
362.40	79.429
362.61	80.851
362.83	80.424
363.04	81.294
363.25	82.582
363.47	83.372
363.68	80.871
363.90	84.273
364.11	84.116
364.32	83.992
364.54	82.400
364.75	80.073
364.97	83.925
365.18	83.154
365.40	80.917
365.61	81.295
365.82	82.313
366.04	81.184
366.25	80.628
366.47	78.628
366.68	76.784
366.89	77.032
367.11	74.836
367.32	75.447
367.54	73.276
367.75	72.807
367.96	72.085
368.18	73.082
368.39	72.295
368.61	73.099
368.82	74.293
369.03	76.604
369.25	79.902
369.46	80.212
369.68	81.147
369.89	82.368
370.10	82.594
370.32	82.419
370.53	82.134
370.75	79.018
370.96	80.851
371.17	81.795
371.39	79.833
371.60	80.249
371.81	80.746
372.03	83.186
372.24	84.112
372.46	86.949
372.67	87.871
372.88	86.215
373.10	85.906
373.31	84.546
373.52	84.352
373.74	82.802
373.95	82.352
374.17	83.415
374.38	85.206
374.59	85.695
374.81	84.623
375.02	82.784
375.23	85.884
375.45	83.782
375.66	81.739
375.87	82.437
376.09	82.888
376.30	81.417
376.52	82.767
376.73	79.928
376.94	78.688
377.16	79.531
377.37	83.434
377.58	83.478
377.80	84.939
378.01	85.967
378.22	87.694
378.44	88.256
378.65	90.055
378.86	90.352
379.08	91.280
379.29	92.000
379.50	94.938
379.72	95.014
379.93	98.225
380.14	101.515
380.36	102.609
380.57	104.199
380.78	104.987
381.00	105.907
381.21	107.558
381.42	108.563
381.64	109.154
381.85	109.019
382.06	109.342
382.28	109.560
382.49	109.269
382.70	109.873
382.92	110.269
383.13	109.633
383.34	110.245
383.56	111.163
383.77	112.400
383.98	112.117
384.20	113.225
384.41	113.531
384.62	113.804
384.83	114.396
385.05	114.867
385.26	115.752
385.47	116.570
385.69	117.547
385.90	118.443
386.11	119.129
386.33	120.090
386.54	120.878
386.75	121.517
386.97	122.659
387.18	123.407
387.39	124.282
387.60	124.719
387.82	125.173
388.03	125.537
388.24	126.048
388.46	126.455
388.67	126.587
388.88	126.488
389.09	126.371
389.31	126.156
389.52	125.888
389.73	125.317
389.95	124.861
390.16	124.303
390.37	123.828
390.58	123.355
390.80	122.592
391.01	122.069
391.22	121.509
391.44	120.604
391.65	119.857
391.86	119.144
392.07	118.835
392.29	118.361
392.50	117.851
392.71	117.334
392.92	117.075
393.14	116.693
393.35	116.550
393.56	116.538
393.78	116.577
393.99	116.858
394.20	117.275
394.41	117.596
394.63	117.916
394.84	118.495
395.05	119.198
395.26	119.855
395.48	120.534
395.69	121.212
395.90	122.157
396.11	123.033
396.33	123.853
396.54	124.731
396.75	125.435
396.96	126.182
397.18	126.843
397.39	127.465
397.60	128.113
397.81	128.603
398.03	128.944
398.24	129.224
398.45	129.314
398.66	129.325
398.87	129.301
399.09	129.159
399.30	128.768
399.51	128.202
399.72	127.706
399.94	127.109
400.15	126.412
400.36	125.587
400.57	124.698
400.79	123.816
401.00	122.795
401.21	121.893
401.42	120.956
401.63	120.013
401.85	119.126
402.06	118.368
402.27	117.621
402.48	116.991
402.69	116.440
402.91	115.903
403.12	115.436
403.33	115.181
403.54	115.094
403.76	114.957
403.97	115.034
404.18	115.247
404.39	115.562
404.60	115.998
404.82	116.541
405.03	117.209
405.24	117.888
405.45	118.645
405.66	119.463
405.88	120.293
406.09	121.225
406.30	122.055
406.51	122.797
406.72	123.599
406.94	124.360
407.15	125.056
407.36	125.783
407.57	126.429
407.78	126.929
407.99	127.267
408.21	127.601
408.42	127.817
408.63	127.952
408.84	127.895
409.05	127.773
409.27	127.458
409.48	126.979
409.69	126.426
409.90	125.871
410.11	125.218
410.32	124.508
410.54	123.637
410.75	122.715
410.96	121.760
411.17	120.770
411.38	119.773
411.59	118.791
411.81	117.741
412.02	116.726
412.23	115.753
412.44	114.877
412.65	114.124
412.86	113.455
413.08	112.769
413.29	112.174
413.50	111.756
413.71	111.455
413.92	111.248
414.13	111.151
414.34	111.152
414.56	111.178
414.77	111.372
414.98	111.635
415.19	112.122
415.40	112.716
415.61	113.364
415.82	114.035
416.04	114.806
416.25	115.577
416.46	116.417
416.67	117.328
416.88	118.175
417.09	119.028
417.30	119.811
417.52	120.650
417.73	121.382
417.94	122.048
418.15	122.668
418.36	123.296
418.57	123.744
418.78	124.098
418.99	124.444
419.21	124.647
419.42	124.793
419.63	124.780
419.84	124.635
420.05	124.378
420.26	123.998
420.47	123.457
420.68	122.949
420.89	122.335
421.11	121.557
421.32	120.830
421.53	119.979
421.74	119.117
421.95	118.228
422.16	117.354
422.37	116.467
422.58	115.493
422.79	114.527
423.01	113.663
423.22	112.800
423.43	112.021
423.64	111.293
423.85	110.655
424.06	110.114
424.27	109.639
424.48	109.253
424.69	109.047
424.90	108.934
425.11	108.891
425.33	108.967
425.54	109.136
425.75	109.361
425.96	109.691
426.17	110.127
426.38	110.646
426.59	111.243
426.80	111.897
427.01	112.655
427.22	113.489
427.43	114.411
427.64	115.287
427.85	116.133
428.07	117.034
428.28	117.868
428.49	118.715
428.70	119.535
428.91	120.330
429.12	121.018
429.33	121.699
429.54	122.310
429.75	122.831
429.96	123.342
430.17	123.747
430.38	124.055
430.59	124.201
430.80	124.239
431.01	124.191
431.22	124.077
431.44	123.843
431.65	123.513
431.86	123.051
432.07	122.553
432.28	121.987
432.49	121.314
432.70	120.582
432.91	119.744
433.12	118.856
433.33	117.924
433.54	117.030
433.75	116.094
433.96	115.167
434.17	114.156
434.38	113.206
434.59	112.298
434.80	111.412
435.01	110.663
435.22	109.969
435.43	109.347
435.64	108.768
435.85	108.261
436.06	107.842
436.27	107.544
436.48	107.344
436.69	107.192
436.90	107.178
437.11	107.276
437.33	107.464
437.54	107.760
437.75	108.191
437.96	108.622
438.17	109.145
438.38	109.689
438.59	110.369
438.80	111.060
439.01	111.859
439.22	112.728
439.43	113.470
439.64	114.260
439.85	115.067
440.06	115.849
440.27	116.674
440.48	117.415
440.69	118.130
440.90	118.793
441.11	119.468
441.32	120.035
441.53	120.527
441.74	120.936
441.95	121.309
442.16	121.562
442.37	121.711
442.58	121.799
442.79	121.818
443.00	121.742
443.21	121.581
443.42	121.247
443.62	120.764
443.83	120.383
444.04	119.882
444.25	119.306
444.46	118.641
444.67	117.896
444.88	117.138
445.09	116.298
445.30	115.424
445.51	114.489
445.72	113.536
445.93	112.641
446.14	111.712
446.35	110.754
446.56	109.877
446.77	109.032
446.98	108.183
447.19	107.371
447.40	106.639
447.61	105.921
447.82	105.303
448.03	104.796
448.24	104.303
448.45	103.909
448.66	103.604
448.87	103.386
449.08	103.280
449.29	103.250
449.49	103.310
449.70	103.471
449.91	103.698
450.12	104.037
450.33	104.394
450.54	104.854
450.75	105.398
450.96	105.958
451.17	106.590
451.38	107.252
451.59	107.964
451.80	108.673
452.01	109.431
452.22	110.213
452.43	110.946
452.64	111.669
452.84	112.398
453.05	113.086
453.26	113.781
453.47	114.389
453.68	114.978
453.89	115.515
454.10	115.951
454.31	116.365
454.52	116.671
454.73	116.942
454.94	117.102
455.15	117.164
455.36	117.137
455.56	117.044
455.77	116.867
455.98	116.632
456.19	116.325
456.40	115.955
456.61	115.517
456.82	114.982
457.03	114.400
457.24	113.731
457.45	113.036
457.65	112.234
457.86	111.440
458.07	110.611
458.28	109.694
458.49	108.830
458.70	107.904
458.91	106.999
459.12	106.092
459.33	105.172
459.54	104.315
459.74	103.479
459.95	102.661
460.16	101.931
460.37	101.247
460.58	100.622
460.79	100.029
461.00	99.481
461.21	99.031
461.41	98.655
461.62	98.359
461.83	98.159
462.04	98.049
462.25	97.963
462.46	97.988
462.67	98.119
462.88	98.323
463.08	98.616
463.29	98.948
463.50	99.353
463.71	99.851
463.92	100.370
464.13	100.919
464.34	101.531
464.54	102.192
464.75	102.878
464.96	103.569
465.17	104.285
465.38	104.981
465.59	105.719
465.80	106.425
466.00	107.101
466.21	107.756
466.42	108.373
466.63	109.013
466.84	109.598
467.05	110.121
467.26	110.588
467.46	110.949
467.67	111.296
467.88	111.593
468.09	111.785
468.30	111.947
468.51	112.049
468.71	112.044
468.92	111.977
469.13	111.834
469.34	111.632
469.55	111.333
469.76	111.002
469.96	110.579
470.17	110.099
470.38	109.586
470.59	108.992
470.80	108.346
471.00	107.693
471.21	106.966
471.42	106.228
471.63	105.457
471.84	104.674
472.05	103.857
472.25	103.029
472.46	102.212
472.67	101.351
472.88	100.551
473.09	99.743
473.29	98.937
473.50	98.189
473.71	97.453
473.92	96.765
474.13	96.120
474.33	95.543
474.54	95.016
474.75	94.544
474.96	94.125
475.17	93.777
475.37	93.452
475.58	93.221
475.79	93.069
476.00	92.984
476.21	92.991
476.41	93.052
476.62	93.192
476.83	93.383
477.04	93.680
477.24	93.995
477.45	94.382
477.66	94.818
477.87	95.280
478.08	95.816
478.28	96.352
478.49	96.950
478.70	97.579
478.91	98.205
479.11	98.843
479.32	99.520
479.53	100.172
479.74	100.860
479.94	101.509
480.15	102.121
480.36	102.713
480.57	103.282
480.78	103.850
480.98	104.329
481.19	104.784
481.40	105.183
481.61	105.567
481.81	105.885
482.02	106.143
482.23	106.377
482.44	106.508
482.64	106.617
482.85	106.645
483.06	106.587
483.27	106.508
483.47	106.381
483.68	106.172
483.89	105.904
484.10	105.568
484.30	105.192
484.51	104.743
484.72	104.277
484.92	103.723
485.13	103.153
485.34	102.554
485.55	101.906
485.75	101.239
485.96	100.512
486.17	99.781
486.38	99.045
486.58	98.276
486.79	97.521
487.00	96.748
487.20	95.981
487.41	95.247
487.62	94.515
487.83	93.787
488.03	93.085
488.24	92.421
488.45	91.776
488.65	91.159
488.86	90.603
489.07	90.079
489.28	89.615
489.48	89.185
489.69	88.848
489.90	88.538
490.10	88.301
490.31	88.121
490.52	87.977
490.73	87.907
490.93	87.899
491.14	87.944
491.35	88.055
491.55	88.213
491.76	88.421
491.97	88.675
492.17	88.972
492.38	89.324
492.59	89.720
492.79	90.171
493.00	90.655
493.21	91.165
493.41	91.694
493.62	92.248
493.83	92.826
494.04	93.376
494.24	93.959
494.45	94.541
494.66	95.108
494.86	95.704
495.07	96.254
495.28	96.814
495.48	97.335
495.69	97.838
495.90	98.324
496.10	98.779
496.31	99.185
496.52	99.552
496.72	99.909
496.93	100.215
497.14	100.460
497.34	100.644
497.55	100.810
497.76	100.918
497.96	100.971
498.17	100.970
498.37	100.930
498.58	100.815
498.79	100.650
498.99	100.460
499.20	100.198
499.41	99.890
499.61	99.513
499.82	99.115
500.03	98.658
500.23	98.185
500.44	97.651
500.65	97.099
500.85	96.521
501.06	95.886
501.26	95.238
501.47	94.570
501.68	93.902
501.88	93.198
502.09	92.500
502.30	91.787
502.50	91.076
502.71	90.373
502.91	89.683
503.12	88.998
503.33	88.325
503.53	87.689
503.74	87.064
503.95	86.463
504.15	85.891
504.36	85.350
504.56	84.836
504.77	84.380
504.98	83.941
505.18	83.567
505.39	83.228
505.59	82.938
505.80	82.700
506.01	82.513
506.21	82.378
506.42	82.292
506.62	82.254
506.83	82.259
507.04	82.325
507.24	82.431
507.45	82.594
507.65	82.798
507.86	83.027
508.07	83.309
508.27	83.635
508.48	83.988
508.68	84.396
508.89	84.818
509.10	85.259
509.30	85.730
509.51	86.209
509.71	86.703
509.92	87.210
510.12	87.721
510.33	88.237
510.54	88.749
510.74	89.266
510.95	89.766
511.15	90.265
511.36	90.759
511.56	91.235
511.77	91.678
511.98	92.109
512.18	92.524
512.39	92.907
512.59	93.258
512.80	93.575
513.00	93.851
513.21	94.089
513.42	94.301
513.62	94.470
513.83	94.603
514.03	94.689
514.24	94.725
514.44	94.711
514.65	94.668
514.85	94.584
515.06	94.459
515.26	94.286
515.47	94.077
515.68	93.813
515.88	93.516
516.09	93.176
516.29	92.807
516.50	92.395
516.70	91.947
516.91	91.468
517.11	90.966
517.32	90.441
517.52	89.890
517.73	89.334
517.93	88.746
518.14	88.146
518.34	87.544
518.55	86.933
518.76	86.325
518.96	85.693
519.17	85.060
519.37	84.427
519.58	83.822
519.78	83.211
519.99	82.606
520.19	82.022
520.40	81.478
520.60	80.935
520.81	80.420
521.01	79.922
521.22	79.471
521.42	79.049
521.63	78.657
521.83	78.299
522.04	77.967
522.24	77.695
522.45	77.456
522.65	77.262
522.86	77.113
523.06	77.001
523.27	76.937
523.47	76.916
523.68	76.932
523.88	76.984
524.09	77.079
524.29	77.228
524.50	77.407
524.70	77.613
524.91	77.857
525.11	78.148
525.32	78.481
525.52	78.828
525.72	79.221
525.93	79.628
526.13	80.065
526.34	80.505
526.54	80.978
526.75	81.443
526.95	81.927
527.16	82.407
527.36	82.903
527.57	83.397
527.77	83.883
527.98	84.383
528.18	84.874
528.39	85.347
528.59	85.819
528.79	86.267
529.00	86.716
529.20	87.137
529.41	87.558
529.61	87.942
529.82	88.290
530.02	88.603
530.23	88.902
530.43	89.154
530.64	89.392
530.84	89.581
531.04	89.734
531.25	89.876
531.45	89.987
531.66	90.055
531.86	90.084
532.07	90.070
532.27	90.019
532.47	89.935
532.68	89.835
532.88	89.696
533.09	89.518
533.29	89.286
533.50	89.030
533.70	88.705
533.90	88.374
534.11	88.032
534.31	87.655
534.52	87.241
534.72	86.832
534.93	86.396
535.13	85.922
535.33	85.455
535.54	84.938
535.74	84.420
535.95	83.873
536.15	83.346
536.35	82.809
536.56	82.268
536.76	81.707
536.97	81.161
537.17	80.601
537.37	80.054
537.58	79.534
537.78	79.018
537.99	78.523
538.19	78.024
538.39	77.538
538.60	77.079
538.80	76.657
539.01	76.232
539.21	75.839
539.41	75.487
539.62	75.150
539.82	74.853
540.03	74.578
540.23	74.356
540.43	74.151
540.64	74.000
540.84	73.870
541.04	73.788
541.25	73.748
541.45	73.739
541.66	73.761
541.86	73.820
542.06	73.920
542.27	74.051
542.47	74.234
542.67	74.431
542.88	74.667
543.08	74.929
543.28	75.232
543.49	75.552
543.69	75.903
543.90	76.288
544.10	76.674
544.30	77.106
544.51	77.537
544.71	78.009
544.91	78.467
545.12	78.948
545.32	79.445
545.52	79.918
545.73	80.425
545.93	80.926
546.13	81.404
546.34	81.876
546.54	82.349
546.74	82.805
546.95	83.278
547.15	83.731
547.35	84.156
547.56	84.587
547.76	85.010
547.96	85.398
548.17	85.776
548.37	86.147
548.57	86.459
548.78	86.757
548.98	87.020
549.18	87.250
549.39	87.452
549.59	87.624
549.79	87.792
550.00	87.911
550.20	88.029
550.40	88.095
550.61	88.140
550.81	88.149
551.01	88.130
551.22	88.078
551.42	87.990
551.62	87.872
551.82	87.707
552.03	87.528
552.23	87.320
552.43	87.074
552.64	86.807
552.84	86.514
553.04	86.191
553.25	85.847
553.45	85.475
553.65	85.087
553.85	84.698
554.06	84.281
554.26	83.839
554.46	83.366
554.67	82.899
554.87	82.414
555.07	81.936
555.27	81.437
555.48	80.928
555.68	80.432
555.88	79.932
556.09	79.438
556.29	78.921
556.49	78.429
556.69	77.923
556.90	77.430
557.10	76.969
557.30	76.532
557.50	76.083
557.71	75.680
557.91	75.289
558.11	74.894
558.31	74.534
558.52	74.200
558.72	73.896
558.92	73.619
559.13	73.370
559.33	73.142
559.53	72.936
559.73	72.777
559.94	72.634
560.14	72.520
560.34	72.434
560.54	72.387
560.75	72.375
560.95	72.391
561.15	72.451
561.35	72.526
561.55	72.623
561.76	72.764
561.96	72.912
562.16	73.106
562.36	73.341
562.57	73.586
562.77	73.859
562.97	74.160
563.17	74.472
563.38	74.802
563.58	75.160
563.78	75.542
563.98	75.933
564.18	76.335
564.39	76.762
564.59	77.194
564.79	77.649
564.99	78.095
565.20	78.547
565.40	78.984
565.60	79.427
565.80	79.891
566.00	80.335
566.21	80.786
566.41	81.213
566.61	81.642
566.81	82.070
567.01	82.482
567.22	82.887
567.42	83.282
567.62	83.649
567.82	84.003
568.02	84.340
568.23	84.656
568.43	84.955
568.63	85.239
568.83	85.486
569.03	85.701
569.24	85.902
569.44	86.089
569.64	86.255
569.84	86.406
570.04	86.500
570.24	86.586
570.45	86.646
570.65	86.685
570.85	86.686
571.05	86.651
571.25	86.591
571.45	86.494
571.66	86.390
571.86	86.265
572.06	86.096
572.26	85.912
572.46	85.712
572.66	85.495
572.87	85.235
573.07	84.971
573.27	84.683
573.47	84.374
573.67	84.039
573.87	83.681
574.08	83.298
574.28	82.924
574.48	82.531
574.68	82.113
574.88	81.690
575.08	81.240
575.28	80.798
575.49	80.352
575.69	79.905
575.89	79.434
576.09	78.982
576.29	78.515
576.49	78.046
576.69	77.575
576.90	77.113
577.10	76.664
577.30	76.219
577.50	75.787
577.70	75.355
577.90	74.937
578.10	74.552
578.30	74.175
578.51	73.811
578.71	73.471
578.91	73.148
579.11	72.835
579.31	72.551
579.51	72.282
579.71	72.045
579.91	71.820
580.12	71.631
580.32	71.464
580.52	71.338
580.72	71.219
580.92	71.128
581.12	71.051
581.32	71.010
581.52	71.010
581.72	71.019
581.92	71.061
582.13	71.143
582.33	71.224
582.53	71.345
582.73	71.480
582.93	71.645
583.13	71.837
583.33	72.064
583.53	72.306
583.73	72.575
583.93	72.863
584.13	73.175
584.34	73.515
584.54	73.841
584.74	74.176
584.94	74.553
585.14	74.938
585.34	75.335
585.54	75.711
585.74	76.102
585.94	76.518
586.14	76.950
586.34	77.364
586.54	77.803
586.74	78.238
586.94	78.682
587.15	79.127
587.35	79.556
587.55	79.979
587.75	80.401
587.95	80.804
588.15	81.194
588.35	81.576
588.55	81.952
588.75	82.329
588.95	82.693
589.15	83.036
589.35	83.367
589.55	83.681
589.75	84.011
589.95	84.299
590.15	84.565
590.35	84.802
590.55	85.031
590.75	85.228
590.95	85.403
591.15	85.556
591.35	85.677
591.56	85.782
591.76	85.861
591.96	85.917
592.16	85.965
592.36	85.985
592.56	85.987
592.76	85.952
592.96	85.910
593.16	85.824
593.36	85.723
593.56	85.609
593.76	85.483
593.96	85.310
594.16	85.138
594.36	84.941
594.56	84.724
594.76	84.484
594.96	84.239
595.16	83.956
595.36	83.667
595.56	83.349
595.76	83.007
595.96	82.652
596.16	82.300
596.36	81.924
596.56	81.550
596.76	81.144
596.96	80.737
597.16	80.327
597.36	79.924
597.56	79.503
597.76	79.067
597.96	78.629
598.16	78.197
598.36	77.761
598.56	77.318
598.76	76.889
598.96	76.471
599.16	76.047
599.36	75.657
599.56	75.262
599.76	74.874
599.96	74.505
600.15	74.145
600.35	73.801
600.55	73.470
600.75	73.133
600.95	72.832
601.15	72.532
601.35	72.241
601.55	71.973
601.75	71.740
601.95	71.517
602.15	71.323
602.35	71.130
602.55	70.971
602.75	70.839
602.95	70.714
603.15	70.598
603.35	70.526
603.55	70.461
603.75	70.413
603.95	70.398
604.15	70.406
604.35	70.445
604.54	70.495
604.74	70.587
604.94	70.691
605.14	70.808
605.34	70.956
605.54	71.136
605.74	71.340
605.94	71.546
606.14	71.782
606.34	72.028
606.54	72.304
606.74	72.596
606.94	72.897
607.14	73.224
607.33	73.575
607.53	73.922
607.73	74.275
607.93	74.636
608.13	75.010
608.33	75.394
608.53	75.769
608.73	76.163
608.93	76.536
609.13	76.929
609.33	77.333
609.52	77.738
609.72	78.134
609.92	78.518
610.12	78.913
610.32	79.301
610.52	79.702
610.72	80.080
610.92	80.452
611.12	80.822
611.31	81.186
611.51	81.537
611.71	81.875
611.91	82.220
612.11	82.564
612.31	82.892
612.51	83.197
612.71	83.502
612.91	83.774
613.10	84.051
613.30	84.332
613.50	84.576
613.70	84.799
613.90	84.998
614.10	85.180
614.30	85.331
614.50	85.473
614.69	85.572
614.89	85.671
615.09	85.749
615.29	85.808
615.49	85.842
615.69	85.857
615.89	85.861
616.08	85.843
616.28	85.798
616.48	85.733
616.68	85.643
616.88	85.537
617.08	85.414
617.27	85.281
617.47	85.111
617.67	84.924
617.87	84.721
618.07	84.510
618.27	84.287
618.47	84.060
618.66	83.807
618.86	83.551
619.06	83.265
619.26	82.975
619.46	82.671
619.66	82.347
619.85	82.010
620.05	81.663
620.25	81.290
620.45	80.921
620.65	80.539
620.84	80.181
621.04	79.803
621.24	79.439
621.44	79.040
621.64	78.627
621.84	78.236
622.03	77.838
622.23	77.446
622.43	77.056
622.63	76.668
622.83	76.280
623.02	75.898
623.22	75.531
623.42	75.145
623.62	74.779
623.82	74.432
624.01	74.083
624.21	73.741
624.41	73.424
624.61	73.117
624.81	72.832
625.00	72.535
625.20	72.259
625.40	71.987
625.60	71.742
625.79	71.527
625.99	71.330
626.19	71.139
626.39	70.965
626.59	70.805
626.78	70.679
626.98	70.564
627.18	70.460
627.38	70.386
627.57	70.353
627.77	70.321
627.97	70.304
628.17	70.323
628.37	70.353
628.56	70.414
628.76	70.481
628.96	70.561
629.16	70.664
629.35	70.810
629.55	70.966
629.75	71.139
629.95	71.329
630.14	71.525
630.34	71.755
630.54	71.994
630.74	72.242
630.93	72.503
631.13	72.776
631.33	73.060
631.53	73.336
631.72	73.624
631.92	73.940
632.12	74.273
632.31	74.601
632.51	74.960
632.71	75.314
632.91	75.668
633.10	76.036
633.30	76.420
633.50	76.776
633.70	77.157
633.89	77.533
634.09	77.919
634.29	78.301
634.48	78.672
634.68	79.062
634.88	79.450
635.08	79.833
635.27	80.226
635.47	80.609
635.67	81.004
635.86	81.391
636.06	81.760
636.26	82.105
636.46	82.456
636.65	82.786
636.85	83.127
637.05	83.455
637.24	83.752
637.44	84.046
637.64	84.332
637.83	84.613
638.03	84.887
638.23	85.118
638.43	85.353
638.62	85.562
638.82	85.741
639.02	85.919
639.21	86.072
639.41	86.197
639.61	86.332
639.80	86.441
640.00	86.530
640.20	86.626
640.39	86.714
640.59	86.770
640.79	86.815
640.98	86.826
641.18	86.832
641.38	86.835
641.57	86.802
641.77	86.753
641.97	86.673
642.16	86.584
642.36	86.490
642.56	86.373
642.75	86.262
642.95	86.122
643.15	85.969
643.34	85.813
643.54	85.640
643.74	85.430
643.93	85.217
644.13	84.969
644.33	84.699
644.52	84.427
644.72	84.154
644.91	83.866
645.11	83.555
645.31	83.246
645.50	82.934
645.70	82.623
645.90	82.306
646.09	81.970
646.29	81.621
646.48	81.270
646.68	80.903
646.88	80.535
647.07	80.172
647.27	79.800
647.47	79.418
647.66	79.048
647.86	78.674
648.05	78.309
648.25	77.952
648.45	77.592
648.64	77.222
648.84	76.871
649.04	76.506
649.23	76.153
649.43	75.810
649.62	75.462
649.82	75.110
650.02	74.777
650.21	74.458
650.41	74.166
650.60	73.879
650.80	73.624
651.00	73.346
651.19	73.096
651.39	72.857
651.58	72.628
651.78	72.421
651.97	72.242
652.17	72.062
652.37	71.890
652.56	71.754
652.76	71.627
652.95	71.510
653.15	71.436
653.35	71.363
653.54	71.298
653.74	71.242
653.93	71.216
654.13	71.205
654.32	71.200
654.52	71.194
654.72	71.222
654.91	71.259
655.11	71.326
655.30	71.412
655.50	71.514
655.69	71.629
655.89	71.746
656.08	71.870
656.28	72.022
656.48	72.195
656.67	72.370
656.87	72.565
657.06	72.760
657.26	72.962
657.45	73.192
657.65	73.441
657.84	73.712
658.04	73.978
658.23	74.265
658.43	74.568
658.62	74.887
658.82	75.200
659.02	75.523
659.21	75.865
659.41	76.196
659.60	76.534
659.80	76.885
659.99	77.262
660.19	77.629
660.38	78.004
660.58	78.367
660.77	78.747
660.97	79.111
661.16	79.484
661.36	79.844
661.55	80.219
661.75	80.587
661.94	80.943
662.14	81.314
662.33	81.681
662.53	82.036
662.72	82.388
662.92	82.730
663.11	83.056
663.31	83.392
663.50	83.725
663.70	84.062
663.89	84.382
664.09	84.677
664.28	84.984
664.48	85.268
664.67	85.565
664.87	85.823
665.06	86.092
665.26	86.338
665.45	86.581
665.65	86.806
665.84	87.033
666.04	87.238
666.23	87.403
666.43	87.550
666.62	87.694
666.82	87.822
667.01	87.943
667.21	88.053
667.40	88.133
667.59	88.221
667.79	88.267
667.98	88.289
668.18	88.305
668.37	88.301
668.57	88.306
668.76	88.282
668.96	88.237
669.15	88.180
669.35	88.132
669.54	88.052
669.73	87.964
669.93	87.855
670.12	87.743
670.32	87.647
670.51	87.518
670.71	87.378
670.90	87.232
671.10	87.074
671.29	86.895
671.48	86.696
671.68	86.480
671.87	86.268
672.07	86.044
672.26	85.842
672.46	85.602
672.65	85.348
672.84	85.082
673.04	84.825
673.23	84.553
673.43	84.260
673.62	83.978
673.82	83.682
674.01	83.354
674.20	83.038
674.40	82.699
674.59	82.373
674.79	82.052
674.98	81.717
675.17	81.378
675.37	81.049
675.56	80.718
675.76	80.381
675.95	80.023
676.14	79.692
676.34	79.325
676.53	78.984
676.73	78.632
676.92	78.281
677.11	77.935
677.31	77.590
677.50	77.263
677.70	76.926
677.89	76.591
678.08	76.289
678.28	75.986
678.47	75.700
678.66	75.420
678.86	75.147
679.05	74.876
679.25	74.625
679.44	74.385
679.63	74.169
679.83	73.948
680.02	73.755
680.21	73.563
680.41	73.387
680.60	73.204
680.79	73.044
680.99	72.901
681.18	72.754
681.38	72.634
681.57	72.538
681.76	72.460
681.96	72.396
682.15	72.334
682.34	72.273
682.54	72.227
682.73	72.207
682.92	72.183
683.12	72.193
683.31	72.213
683.50	72.242
683.70	72.282
683.89	72.327
684.08	72.401
684.28	72.484
684.47	72.581
684.66	72.702
684.86	72.832
685.05	72.983
685.24	73.153
685.44	73.323
685.63	73.495
685.82	73.688
686.02	73.881
686.21	74.113
686.40	74.350
686.60	74.609
686.79	74.869
686.98	75.139
687.18	75.421
687.37	75.699
687.56	75.980
687.75	76.275
687.95	76.582
688.14	76.884
688.33	77.210
688.53	77.536
688.72	77.880
688.91	78.219
689.11	78.550
689.30	78.917
689.49	79.285
689.68	79.649
689.88	80.000
690.07	80.355
690.26	80.692
690.46	81.048
690.65	81.380
690.84	81.721
691.03	82.073
691.23	82.412
691.42	82.758
691.61	83.108
691.80	83.437
692.00	83.772
692.19	84.093
692.38	84.404
692.58	84.720
692.77	85.018
692.96	85.309
693.15	85.604
693.35	85.874
693.54	86.157
693.73	86.439
693.92	86.697
694.12	86.968
694.31	87.215
694.50	87.474
694.69	87.703
694.89	87.923
695.08	88.119
695.27	88.335
695.46	88.519
695.66	88.705
695.85	88.888
696.04	89.060
696.23	89.240
696.43	89.397
696.62	89.520
696.81	89.637
697.00	89.760
697.19	89.865
697.39	89.945
697.58	90.012
697.77	90.053
697.96	90.113
698.16	90.142
698.35	90.192
698.54	90.194
698.73	90.220
698.92	90.199
699.12	90.184
699.31	90.144
699.50	90.104
699.69	90.052
699.89	89.980
700.08	89.901
700.27	89.797
700.46	89.698
700.65	89.587
700.85	89.485
701.04	89.349
701.23	89.200
701.42	89.042
701.61	88.878
701.81	88.700
702.00	88.504
702.19	88.308
702.38	88.077
702.57	87.863
702.76	87.614
702.96	87.386
703.15	87.138
703.34	86.870
703.53	86.597
703.72	86.298
703.92	85.999
704.11	85.695
704.30	85.383
704.49	85.069
704.68	84.765
704.87	84.424
705.07	84.097
705.26	83.775
705.45	83.479
705.64	83.142
705.83	82.838
706.02	82.517
706.21	82.209
706.41	81.888
706.60	81.551
706.79	81.239
706.98	80.931
707.17	80.607
707.36	80.293
707.56	79.999
707.75	79.706
707.94	79.417
708.13	79.135
708.32	78.869
708.51	78.587
708.70	78.329
708.89	78.069
709.09	77.808
709.28	77.561
709.47	77.275
709.66	77.016
709.85	76.761
710.04	76.512
710.23	76.251
710.42	76.036
710.62	75.820
710.81	75.584
711.00	75.361
711.19	75.169
711.38	74.976
711.57	74.778
711.76	74.597
711.95	74.444
712.15	74.296
712.34	74.154
712.53	74.025
712.72	73.896
712.91	73.804
713.10	73.715
713.29	73.635
713.48	73.567
713.67	73.530
713.86	73.509
714.05	73.486
714.25	73.478
714.44	73.459
714.63	73.468
714.82	73.516
715.01	73.560
715.20	73.634
715.39	73.698
715.58	73.781
715.77	73.883
715.96	73.986
716.15	74.090
716.34	74.189
716.54	74.313
716.73	74.449
716.92	74.579
717.11	74.729
717.30	74.896
717.49	75.079
717.68	75.274
717.87	75.435
718.06	75.648
718.25	75.878
718.44	76.113
718.63	76.355
718.82	76.593
719.01	76.838
719.20	77.085
719.39	77.355
719.58	77.625
719.77	77.886
719.96	78.137
720.16	78.408
720.35	78.703
720.54	78.992
720.73	79.284
720.92	79.583
721.11	79.903
721.30	80.208
721.49	80.521
721.68	80.836
721.87	81.180
722.06	81.500
722.25	81.813
722.44	82.136
722.63	82.444
722.82	82.748
723.01	83.046
723.20	83.334
723.39	83.637
723.58	83.963
723.77	84.289
723.96	84.620
724.15	84.960
724.34	85.275
724.53	85.588
724.72	85.880
724.91	86.197
725.10	86.508
725.29	86.797
725.48	87.111
725.67	87.373
725.86	87.623
726.05	87.886
726.24	88.135
726.43	88.372
726.62	88.611
726.81	88.877
727.00	89.122
727.19	89.376
727.38	89.609
727.57	89.815
727.76	90.010
727.95	90.202
728.14	90.358
728.33	90.522
728.52	90.679
728.71	90.829
728.90	90.965
729.09	91.067
729.28	91.160
729.47	91.236
729.65	91.330
729.84	91.426
730.03	91.505
730.22	91.576
730.41	91.649
730.60	91.715
730.79	91.726
730.98	91.760
731.17	91.786
731.36	91.782
731.55	91.761
731.74	91.741
731.93	91.707
732.12	91.672
732.31	91.644
732.50	91.620
732.69	91.597
732.88	91.527
733.06	91.451
733.25	91.382
733.44	91.311
733.63	91.208
733.82	91.100
734.01	90.961
734.20	90.823
734.39	90.663
734.58	90.511
734.77	90.367
734.96	90.191
735.15	90.000
735.33	89.805
735.52	89.620
735.71	89.417
735.90	89.203
736.09	88.975
736.28	88.718
736.47	88.458
736.66	88.184
736.85	87.923
737.04	87.636
737.23	87.364
737.41	87.066
737.60	86.804
737.79	86.500
737.98	86.223
738.17	85.942
738.36	85.681
738.55	85.401
738.74	85.128
738.92	84.843
739.11	84.563
739.30	84.266
739.49	83.959
739.68	83.673
739.87	83.410
740.06	83.148
740.25	82.859
740.43	82.590
740.62	82.305
740.81	82.005
741.00	81.745
741.19	81.456
741.38	81.168
741.57	80.873
741.75	80.610
741.94	80.325
742.13	80.037
742.32	79.733
742.51	79.449
742.70	79.171
742.89	78.913
743.07	78.643
743.26	78.391
743.45	78.117
743.64	77.877
743.83	77.610
744.02	77.325
744.20	77.093
744.39	76.851
744.58	76.633
744.77	76.437
744.96	76.250
745.15	76.092
745.33	75.938
745.52	75.787
745.71	75.635
745.90	75.498
746.09	75.383
746.28	75.279
746.46	75.151
746.65	75.026
746.84	74.919
747.03	74.818
747.22	74.738
747.40	74.692
747.59	74.622
747.78	74.573
747.97	74.570
748.16	74.551
748.34	74.516
748.53	74.510
748.72	74.512
748.91	74.503
749.10	74.496
749.28	74.517
749.47	74.552
749.66	74.581
749.85	74.604
750.04	74.642
750.22	74.683
750.41	74.757
750.60	74.846
750.79	74.913
750.97	74.999
751.16	75.108
751.35	75.203
751.54	75.301
751.73	75.434
751.91	75.551
752.10	75.713
752.29	75.856
752.48	76.021
752.66	76.188
752.85	76.361
753.04	76.542
753.23	76.744
753.41	76.926
753.60	77.146
753.79	77.377
753.98	77.592
754.16	77.819
754.35	78.044
754.54	78.268
754.73	78.531
754.91	78.789
755.10	79.038
755.29	79.313
755.48	79.575
755.66	79.841
755.85	80.113
756.04	80.360
756.22	80.648
756.41	80.906
756.60	81.175
756.79	81.465
756.97	81.756
757.16	82.000
757.35	82.285
757.54	82.566
757.72	82.842
757.91	83.134
758.10	83.422
758.28	83.702
758.47	83.979
758.66	84.282
758.85	84.566
759.03	84.857
759.22	85.141
759.41	85.436
759.59	85.722
759.78	86.005
759.97	86.272
760.15	86.528
760.34	86.826
760.53	87.089
760.71	87.333
760.90	87.605
761.09	87.873
761.28	88.133
761.46	88.376
761.65	88.625
761.84	88.877
762.02	89.127
762.21	89.389
762.40	89.614
762.58	89.807
762.77	90.008
762.96	90.219
763.14	90.437
763.33	90.626
763.52	90.785
763.70	90.927
763.89	91.103
764.08	91.280
764.26	91.397
764.45	91.552
764.64	91.709
764.82	91.816
765.01	91.926
765.20	92.010
765.38	92.112
765.57	92.180
765.75	92.245
765.94	92.282
766.13	92.342
766.31	92.409
766.50	92.452
766.69	92.526
766.87	92.587
767.06	92.612
767.25	92.652
767.43	92.706
767.62	92.767
767.80	92.791
767.99	92.789
768.18	92.781
768.36	92.765
768.55	92.736
768.74	92.704
768.92	92.677
769.11	92.670
769.29	92.620
769.48	92.596
769.67	92.524
769.85	92.479
770.04	92.352
770.22	92.245
770.41	92.119
770.60	91.964
770.78	91.788
770.97	91.635
771.15	91.480
771.34	91.288
771.53	91.117
771.71	90.934
771.90	90.771
772.08	90.655
772.27	90.481
772.46	90.282
772.64	90.085
772.83	89.878
773.01	89.627
773.20	89.401
773.39	89.172
773.57	88.941
773.76	88.701
773.94	88.510
774.13	88.269
774.31	88.016
774.50	87.802
774.68	87.554
774.87	87.302
775.06	87.004
775.24	86.741
775.43	86.446
775.61	86.162
775.80	85.884
775.98	85.567
776.17	85.262
776.36	84.972
776.54	84.687
776.73	84.389
776.91	84.112
777.10	83.830
777.28	83.517
777.47	83.239
777.65	82.946
777.84	82.644
778.02	82.375
778.21	82.111
778.39	81.811
778.58	81.544
778.77	81.274
778.95	81.039
779.14	80.800
779.32	80.568
779.51	80.339
779.69	80.083
779.88	79.851
780.06	79.626
780.25	79.394
780.43	79.153
780.62	78.943
780.80	78.722
780.99	78.492
781.17	78.271
781.36	78.040
781.54	77.833
781.73	77.595
781.91	77.386
782.10	77.193
782.28	76.994
782.47	76.801
782.65	76.590
782.84	76.391
783.02	76.211
783.21	76.046
783.39	75.876
783.58	75.718
783.76	75.547
783.95	75.399
784.13	75.293
784.32	75.183
784.50	75.061
784.69	74.979
784.87	74.895
785.05	74.831
785.24	74.767
785.42	74.716
785.61	74.671
785.79	74.633
785.98	74.605
786.16	74.567
786.35	74.560
786.53	74.560
786.72	74.549
786.90	74.545
787.09	74.526
787.27	74.542
787.45	74.572
787.64	74.594
787.82	74.613
788.01	74.631
788.19	74.674
788.38	74.721
788.56	74.712
788.75	74.771
788.93	74.842
789.11	74.887
789.30	74.926
789.48	74.996
789.67	75.081
789.85	75.151
790.04	75.270
790.22	75.372
790.40	75.488
790.59	75.599
790.77	75.719
790.96	75.873
791.14	76.016
791.32	76.148
791.51	76.303
791.69	76.472
791.88	76.643
792.06	76.818
792.25	76.979
792.43	77.202
792.61	77.387
792.80	77.549
792.98	77.771
793.17	77.978
793.35	78.157
793.53	78.351
793.72	78.587
793.90	78.800
794.08	79.008
794.27	79.223
794.45	79.469
794.64	79.694
794.82	79.916
795.00	80.113
795.19	80.346
795.37	80.570
795.55	80.754
795.74	80.984
795.92	81.213
796.11	81.474
796.29	81.717
796.47	81.952
796.66	82.182
796.84	82.440
797.02	82.700
797.21	82.980
797.39	83.233
797.58	83.478
797.76	83.708
797.94	83.971
798.13	84.227
798.31	84.496
798.49	84.733
798.68	84.968
798.86	85.247
799.04	85.475
799.23	85.724
799.41	85.987
799.59	86.215
799.78	86.409
799.96	86.623
800.14	86.849
800.33	87.078
800.51	87.325
800.69	87.505
800.88	87.723
801.06	87.953
801.24	88.127
801.43	88.309
801.61	88.483
801.79	88.641
801.98	88.804
802.16	88.978
802.34	89.171
802.52	89.351
802.71	89.477
802.89	89.653
803.07	89.804
803.26	89.937
803.44	90.049
803.62	90.196
803.81	90.316
803.99	90.397
804.17	90.470
804.35	90.548
804.54	90.616
804.72	90.712
804.90	90.778
805.09	90.894
805.27	90.991
805.45	91.084
805.63	91.149
805.82	91.213
806.00	91.202
806.18	91.227
806.37	91.265
806.55	91.270
806.73	91.290
806.91	91.295
807.10	91.327
807.28	91.343
807.46	91.349
807.64	91.335
807.83	91.328
808.01	91.325
808.19	91.262
808.37	91.215
808.56	91.137
808.74	91.070
808.92	90.994
809.10	90.884
809.29	90.816
809.47	90.738
809.65	90.605
809.83	90.550
810.02	90.438
810.20	90.329
810.38	90.237
810.56	90.105
810.75	90.012
810.93	89.895
811.11	89.773
811.29	89.650
811.47	89.520
811.66	89.359
811.84	89.214
812.02	89.140
812.20	89.021
812.39	88.902
812.57	88.768
812.75	88.636
812.93	88.533
813.11	88.374
813.30	88.240
813.48	88.132
813.66	87.964
813.84	87.812
814.02	87.639
814.21	87.490
814.39	87.293
814.57	87.099
814.75	86.897
814.93	86.698
815.12	86.475
815.30	86.264
815.48	86.071
815.66	85.847
815.84	85.585
816.03	85.344
816.21	85.063
816.39	84.819
816.57	84.519
816.75	84.214
816.93	83.931
817.12	83.623
817.30	83.318
817.48	83.018
817.66	82.758
817.84	82.497
818.02	82.248
818.21	81.974
818.39	81.720
818.57	81.443
818.75	81.224
818.93	80.978
819.11	80.723
819.30	80.472
819.48	80.244
819.66	80.034
819.84	79.842
820.02	79.628
820.20	79.402
820.38	79.192
820.57	78.990
820.75	78.814
820.93	78.619
821.11	78.427
821.29	78.258
821.47	78.047
821.65	77.841
821.83	77.619
822.02	77.441
822.20	77.233
822.38	77.080
822.56	76.840
822.74	76.626
822.92	76.391
823.10	76.193
823.28	75.966
823.46	75.747
823.65	75.514
823.83	75.319
824.01	75.118
824.19	74.916
824.37	74.712
824.55	74.479
824.73	74.301
824.91	74.105
825.09	73.913
825.27	73.734
825.46	73.539
825.64	73.342
825.82	73.183
826.00	73.003
826.18	72.840
826.36	72.706
826.54	72.586
826.72	72.515
826.90	72.422
827.08	72.350
827.26	72.278
827.44	72.189
827.63	72.111
827.81	72.048
827.99	72.015
828.17	71.969
828.35	71.935
828.53	71.889
828.71	71.890
828.89	71.863
829.07	71.848
829.25	71.831
829.43	71.857
829.61	71.846
829.79	71.843
829.97	71.854
830.15	71.828
830.33	71.838
830.51	71.824
830.69	71.834
830.87	71.797
831.06	71.807
831.24	71.830
831.42	71.849
831.60	71.852
831.78	71.886
831.96	71.941
832.14	72.012
832.32	72.081
832.50	72.123
832.68	72.176
832.86	72.214
833.04	72.311
833.22	72.363
833.40	72.452
833.58	72.527
833.76	72.593
833.94	72.722
834.12	72.841
834.30	72.976
834.48	73.079
834.66	73.242
834.84	73.341
835.02	73.490
835.20	73.646
835.38	73.812
835.56	73.964
835.74	74.132
835.92	74.296
836.10	74.449
836.28	74.606
836.46	74.785
836.64	74.957
836.82	75.098
837.00	75.262
837.18	75.431
837.36	75.631
837.54	75.807
837.72	75.992
837.90	76.181
838.08	76.361
838.26	76.548
838.43	76.725
838.61	76.928
838.79	77.116
838.97	77.301
839.15	77.494
839.33	77.686
839.51	77.826
839.69	77.992
839.87	78.181
840.05	78.403
840.23	78.593
840.41	78.792
840.59	78.951
840.77	79.159
840.95	79.329
841.13	79.494
841.31	79.670
841.49	79.815
841.67	79.948
841.84	80.113
842.02	80.236
842.20	80.426
842.38	80.556
842.56	80.694
842.74	80.846
842.92	80.950
843.10	81.089
843.28	81.274
843.46	81.409
843.64	81.502
843.82	81.630
843.99	81.744
844.17	81.907
844.35	82.140
844.53	82.295
844.71	82.488
844.89	82.613
845.07	82.787
845.25	82.968
845.43	83.147
845.61	83.303
845.78	83.521
845.96	83.679
846.14	83.879
846.32	84.062
846.50	84.204
846.68	84.428
846.86	84.587
847.04	84.736
847.22	84.831
847.39	85.009
847.57	85.116
847.75	85.238
847.93	85.296
848.11	85.376
848.29	85.512
848.47	85.565
848.65	85.687
848.82	85.737
849.00	85.809
849.18	85.843
849.36	85.874
849.54	85.923
849.72	85.910
849.89	85.951
850.07	86.019
850.25	86.028
850.43	85.987
850.61	85.981
850.79	85.941
850.97	86.006
851.14	86.019
851.32	86.006
851.50	86.022
851.68	86.074
851.86	86.124
852.04	86.085
852.21	86.111
852.39	86.129
852.57	86.190
852.75	86.198
852.93	86.212
853.10	86.205
853.28	86.156
853.46	86.154
853.64	86.089
853.82	85.992
854.00	86.016
854.17	85.963
854.35	85.885
854.53	85.842
854.71	85.762
854.89	85.645
855.06	85.610
855.24	85.557
855.42	85.466
855.60	85.322
855.78	85.231
855.95	85.126
856.13	85.025
856.31	84.841
856.49	84.695
856.66	84.587
856.84	84.429
857.02	84.362
857.20	84.286
857.38	84.132
857.55	84.002
857.73	83.778
857.91	83.674
858.09	83.513
858.26	83.375
858.44	83.231
858.62	83.107
858.80	82.931
858.97	82.757
859.15	82.582
859.33	82.371
859.51	82.212
859.68	82.024
859.86	81.832
860.04	81.659
860.22	81.461
860.39	81.254
860.57	81.040
860.75	80.770
860.93	80.539
861.10	80.407
861.28	80.238
861.46	80.032
861.64	79.831
861.81	79.684
861.99	79.469
862.17	79.251
862.35	79.056
862.52	78.893
862.70	78.688
862.88	78.515
863.05	78.321
863.23	78.105
863.41	77.921
863.59	77.700
863.76	77.535
863.94	77.345
864.12	77.161
864.29	77.003
864.47	76.799
864.65	76.610
864.83	76.347
865.00	76.110
865.18	75.950
865.36	75.768
865.53	75.559
865.71	75.418
865.89	75.226
866.06	75.016
866.24	74.771
866.42	74.572
866.59	74.348
866.77	74.187
866.95	73.983
867.12	73.733
867.30	73.569
867.48	73.346
867.65	73.146
867.83	72.936
868.01	72.758
868.18	72.560
868.36	72.365
868.54	72.214
868.71	72.064
868.89	71.901
869.07	71.714
869.24	71.552
869.42	71.350
869.60	71.190
869.77	71.072
869.95	70.922
870.13	70.774
870.30	70.666
870.48	70.487
870.66	70.340
870.83	70.234
871.01	70.044
871.18	69.923
871.36	69.799
871.54	69.663
871.71	69.544
871.89	69.454
872.07	69.284
872.24	69.157
872.42	69.057
872.59	68.943
872.77	68.823
872.95	68.717
873.12	68.586
873.30	68.459
873.48	68.355
873.65	68.259
873.83	68.154
874.00	68.021
874.18	67.930
874.36	67.870
874.53	67.793
874.71	67.726
874.88	67.658
875.06	67.622
875.24	67.604
875.41	67.550
875.59	67.516
875.76	67.542
875.94	67.494
876.11	67.386
876.29	67.296
876.47	67.257
876.64	67.199
876.82	67.148
876.99	67.118
877.17	67.074
877.35	67.043
877.52	67.013
877.70	66.986
877.87	66.976
878.05	66.972
878.22	66.978
878.40	67.010
878.57	66.995
878.75	66.960
878.93	66.926
879.10	66.930
879.28	66.940
879.45	66.940
879.63	66.926
879.80	66.934
879.98	66.987
880.15	67.008
880.33	67.058
880.50	67.099
880.68	67.196
880.86	67.251
881.03	67.329
881.21	67.415
881.38	67.492
881.56	67.664
881.73	67.720
881.91	67.789
882.08	67.860
882.26	67.993
882.43	68.104
882.61	68.266
882.78	68.372
882.96	68.503
883.13	68.623
883.31	68.763
883.48	68.956
883.66	69.107
883.83	69.279
884.01	69.390
884.18	69.613
884.36	69.763
884.53	69.886
884.71	70.027
884.88	70.137
885.06	70.295
885.23	70.351
885.41	70.476
885.58	70.585
885.76	70.734
885.93	70.808
886.11	70.985
886.28	71.095
886.46	71.226
886.63	71.344
886.81	71.463
886.98	71.646
887.15	71.750
887.33	71.919
887.50	72.101
887.68	72.257
887.85	72.343
888.03	72.475
888.20	72.630
888.38	72.780
888.55	72.939
888.73	73.011
888.90	73.144
889.08	73.289
889.25	73.403
889.42	73.546
889.60	73.732
889.77	73.805
889.95	73.927
890.12	74.008
890.30	74.105
890.47	74.181
890.64	74.301
890.82	74.435
890.99	74.533
891.17	74.615
891.34	74.736
891.52	74.849
891.69	74.962
891.86	75.091
892.04	75.201
892.21	75.356
892.39	75.587
892.56	75.748
892.73	75.847
892.91	76.000
893.08	76.187
893.26	76.283
893.43	76.446
893.60	76.551
893.78	76.715
893.95	76.874
894.13	77.114
894.30	77.274
894.47	77.468
894.65	77.596
894.82	77.747
895.00	77.877
895.17	78.041
895.34	78.216
895.52	78.378
895.69	78.492
895.86	78.628
896.04	78.656
896.21	78.814
896.39	78.998
896.56	79.159
896.73	79.169
896.91	79.231
897.08	79.329
897.25	79.502
897.43	79.557
897.60	79.639
897.77	79.642
897.95	79.629
898.12	79.622
898.30	79.737
898.47	79.749
898.64	79.805
898.82	79.827
898.99	79.812
899.16	79.812
899.34	79.810
899.51	79.721
899.68	79.717
899.86	79.668
900.03	79.591
900.20	79.543
900.38	79.565
900.55	79.637
900.72	79.580
900.90	79.511
901.07	79.608
901.24	79.584
901.41	79.602
901.59	79.629
901.76	79.637
901.93	79.573
902.11	79.523
902.28	79.523
902.45	79.617
902.63	79.652
902.80	79.617
902.97	79.619
903.15	79.714
903.32	79.782
903.49	79.786
903.66	79.834
903.84	79.867
904.01	79.856
904.18	79.828
904.36	79.846
904.53	79.815
904.70	79.746
904.87	79.734
905.05	79.659
905.22	79.677
905.39	79.642
905.56	79.583
905.74	79.549
905.91	79.463
906.08	79.339
906.26	79.240
906.43	79.158
906.60	79.055
906.77	78.897
906.95	78.779
907.12	78.653
907.29	78.498
907.46	78.456
907.64	78.355
907.81	78.251
907.98	78.073
908.15	77.979
908.33	77.860
908.50	77.734
908.67	77.644
908.84	77.510
909.01	77.353
909.19	77.278
909.36	77.157
909.53	77.009
909.70	76.790
909.88	76.688
910.05	76.527
910.22	76.457
910.39	76.346
910.57	76.269
910.74	76.181
910.91	76.137
911.08	75.924
911.25	75.783
911.43	75.658
911.60	75.546
911.77	75.399
911.94	75.189
912.11	75.029
912.29	74.823
912.46	74.589
912.63	74.389
912.80	74.158
912.97	73.979
913.15	73.858
913.32	73.731
913.49	73.516
913.66	73.431
913.83	73.214
914.00	72.999
914.18	72.785
914.35	72.599
914.52	72.324
914.69	72.125
914.86	71.924
915.03	71.725
915.21	71.587
915.38	71.364
915.55	71.271
915.72	71.109
915.89	70.987
916.06	70.899
916.24	70.831
916.41	70.676
916.58	70.548
916.75	70.354
916.92	70.183
917.09	69.999
917.26	69.731
917.44	69.526
917.61	69.404
917.78	69.191
917.95	69.024
918.12	68.836
918.29	68.742
918.46	68.554
918.64	68.392
918.81	68.247
918.98	68.121
919.15	67.943
919.32	67.791
919.49	67.569
919.66	67.376
919.83	67.185
920.00	67.018
920.18	66.874
920.35	66.828
920.52	66.714
920.69	66.660
920.86	66.658
921.03	66.551
921.20	66.412
921.37	66.308
921.54	66.077
921.71	65.981
921.89	65.803
922.06	65.747
922.23	65.622
922.40	65.502
922.57	65.312
922.74	65.211
922.91	65.143
923.08	65.082
923.25	64.981
923.42	64.878
923.59	64.837
923.76	64.631
923.93	64.411
924.11	64.245
924.28	64.101
924.45	63.967
924.62	63.956
924.79	63.852
924.96	63.687
925.13	63.633
925.30	63.521
925.47	63.367
925.64	63.260
925.81	63.201
925.98	63.141
926.15	63.125
926.32	62.977
926.49	62.853
926.66	62.752
926.83	62.647
927.00	62.604
927.17	62.480
927.34	62.531
927.51	62.503
927.69	62.536
927.86	62.495
928.03	62.370
928.20	62.315
928.37	62.233
928.54	62.259
928.71	62.234
928.88	62.273
929.05	62.315
929.22	62.305
929.39	62.260
929.56	62.174
929.73	62.130
929.90	62.170
930.07	62.169
930.24	62.136
930.41	62.147
930.58	62.196
930.75	62.252
930.92	62.200
931.09	62.178
931.26	62.150
931.43	62.132
931.60	62.142
931.77	62.094
931.94	62.161
932.11	62.196
932.27	62.222
932.44	62.227
932.61	62.261
932.78	62.215
932.95	62.308
933.12	62.262
933.29	62.280
933.46	62.288
933.63	62.226
933.80	62.256
933.97	62.258
934.14	62.242
934.31	62.188
934.48	62.233
934.65	62.281
934.82	62.334
934.99	62.365
935.16	62.426
935.33	62.506
935.50	62.634
935.67	62.713
935.84	62.765
936.00	62.767
936.17	62.817
936.34	62.950
936.51	62.926
936.68	63.008
936.85	63.060
937.02	63.157
937.19	63.220
937.36	63.352
937.53	63.386
937.70	63.465
937.87	63.560
938.03	63.558
938.20	63.596
938.37	63.660
938.54	63.714
938.71	63.785
938.88	63.883
939.05	63.797
939.22	63.757
939.39	63.814
939.56	64.001
939.72	64.058
939.89	64.099
940.06	64.163
940.23	64.230
940.40	64.315
940.57	64.468
940.74	64.623
940.91	64.681
941.08	64.867
941.24	64.941
941.41	65.086
941.58	65.329
941.75	65.479
941.92	65.621
942.09	65.748
942.26	65.825
942.42	65.866
942.59	66.093
942.76	66.427
942.93	66.592
943.10	66.621
943.27	66.783
943.44	66.903
943.60	67.081
943.77	67.088
943.94	67.310
944.11	67.343
944.28	67.414
944.45	67.534
944.61	67.589
944.78	67.604
944.95	67.672
945.12	67.849
945.29	67.970
945.46	67.948
945.62	67.979
945.79	68.186
945.96	68.499
946.13	68.641
946.30	68.642
946.46	68.789
946.63	68.893
946.80	69.008
946.97	69.189
947.14	69.254
947.31	69.767
947.47	69.946
947.64	70.124
947.81	70.297
947.98	70.507
948.15	70.611
948.31	70.864
948.48	71.021
948.65	71.029
948.82	71.128
948.98	71.274
949.15	71.600
949.32	71.641
949.49	71.595
949.66	71.657
949.82	71.721
949.99	71.827
950.16	71.929
950.33	71.917
950.49	71.995
950.66	71.974
950.83	71.810
951.00	71.670
951.16	71.452
951.33	71.482
951.50	71.374
951.67	71.461
951.83	71.463
952.00	71.440
952.17	71.371
952.34	71.407
952.50	71.580
952.67	71.512
952.84	71.571
953.01	71.528
953.17	71.521
953.34	71.631
953.51	71.526
953.68	71.460
953.84	71.395
954.01	71.319
954.18	71.258
954.34	71.310
954.51	71.375
954.68	71.507
954.85	71.542
955.01	71.677
955.18	71.894
955.35	71.661
955.51	71.622
955.68	71.719
955.85	71.888
956.02	71.733
956.18	71.777
956.35	71.710
956.52	71.747
956.68	71.758
956.85	71.603
957.02	71.711
957.18	71.715
957.35	71.750
957.52	71.827
957.69	71.934
957.85	71.976
958.02	71.860
958.19	71.818
958.35	71.781
958.52	71.552
958.69	71.227
958.85	71.386
959.02	71.501
959.19	71.245
959.35	71.098
959.52	71.170
959.69	71.165
959.85	71.199
960.02	71.235
960.19	71.108
960.35	71.081
960.52	70.978
960.68	70.928
960.85	71.003
961.02	70.783
961.18	70.826
961.35	70.580
961.52	70.654
961.68	70.640
961.85	70.531
962.02	70.595
962.18	70.626
962.35	70.414
962.51	70.230
962.68	70.300
962.85	70.180
963.01	69.876
963.18	69.778
963.35	69.394
963.51	69.183
963.68	69.196
963.84	68.927
964.01	68.937
964.18	68.824
964.34	68.572
964.51	68.381
964.67	68.122
964.84	68.051
965.01	67.834
965.17	67.570
965.34	67.563
965.50	67.282
965.67	67.207
965.84	67.207
966.00	67.344
966.17	67.386
966.33	67.252
966.50	67.191
966.66	67.112
966.83	67.218
967.00	67.125
967.16	66.930
967.33	66.911
967.49	66.753
967.66	66.972
967.82	66.778
967.99	66.967
968.16	66.975
968.32	66.933
968.49	66.720
968.65	66.873
968.82	66.732
968.98	66.826
969.15	66.519
969.31	66.240
969.48	65.926
969.64	65.653
969.81	65.664
969.98	65.641
970.14	65.289
970.31	65.233
970.47	64.994
970.64	64.786
970.80	64.857
970.97	64.312
971.13	63.919
971.30	63.867
971.46	63.664
971.63	63.428
971.79	63.507
971.96	63.529
972.12	63.251
972.29	62.859
972.45	62.700
972.62	62.694
972.78	62.781
972.95	62.411
973.11	62.192
973.28	62.051
973.44	62.022
973.61	62.272
973.77	62.032
973.94	62.061
974.10	62.181
974.27	62.151
974.43	62.498
974.60	62.471
974.76	62.452
974.93	62.409
975.09	62.308
975.26	62.010
975.42	61.904
975.59	61.692
975.75	62.037
975.92	61.915
976.08	61.494
976.24	61.330
976.41	61.168
976.57	61.195
976.74	61.074
976.90	60.696
977.07	60.195
977.23	60.227
977.40	60.053
977.56	59.462
977.73	59.068
977.89	58.735
978.05	58.370
978.22	58.183
978.38	57.857
978.55	57.564
978.71	57.387
978.88	57.484
979.04	57.483
979.20	57.219
979.37	57.179
979.53	57.168
979.70	57.244
979.86	57.490
980.03	57.345
980.19	57.148
980.35	57.232
980.52	56.997
980.68	56.941
980.85	56.870
981.01	57.006
981.17	56.981
981.34	56.883
981.50	56.788
981.67	56.803
981.83	56.683
981.99	56.670
982.16	56.456
982.32	55.532
982.49	55.542
982.65	55.324
982.81	55.439
982.98	55.402
983.14	55.336
983.30	54.981
983.47	54.931
983.63	54.722
983.80	54.440
983.96	54.252
984.12	54.696
984.29	54.791
984.45	54.998
984.61	54.750
984.78	54.956
984.94	55.240
985.10	55.704
985.27	55.576
985.43	56.059
985.59	56.410
985.76	57.008
985.92	57.193
986.08	57.640
986.25	57.144
986.41	57.723
986.57	57.170
986.74	57.563
986.90	57.562
987.06	57.476
987.23	57.485
987.39	57.289
987.55	56.249
987.72	56.055
987.88	55.341
988.04	55.680
988.21	56.057
988.37	55.753
988.53	55.050
988.70	55.482
988.86	54.822
989.02	54.536
989.19	54.149
989.35	54.117
989.51	53.457
989.67	53.492
989.84	52.855
990.00	52.823
990.16	52.976
990.33	53.063
990.49	53.470
990.65	53.663
990.82	54.066
990.98	54.199
991.14	54.132
991.30	54.934
991.47	54.373
991.63	54.286
991.79	55.290
991.95	55.621
992.12	55.659
992.28	55.936
992.44	56.086
992.61	56.338
992.77	56.411
992.93	56.980
993.09	57.137
993.26	57.473
993.42	58.220
993.58	57.749
993.74	57.530
993.91	57.251
994.07	57.078
994.23	57.375
994.39	57.517
994.55	57.703
994.72	57.135
994.88	57.342
995.04	56.865
995.20	56.402
995.37	55.840
995.53	55.854
995.69	55.602
995.85	55.158
996.02	55.182
996.18	55.498
996.34	55.046
996.50	54.906
996.66	55.775
996.83	55.080
996.99	54.314
997.15	54.941
997.31	54.896
997.47	55.106
997.64	54.957
997.80	55.390
997.96	55.931
998.12	56.368
998.28	57.295
998.45	57.804
998.61	57.581
998.77	57.589
998.93	57.581
999.09	58.867
999.25	59.094
999.42	60.105
999.58	59.711
999.74	59.514
999.90	59.479
1000.06	58.528
1000.22	58.998
1000.39	60.039
1000.55	59.790
1000.71	60.327
1000.87	60.047
1001.03	59.795
1001.19	59.615
1001.36	59.130
1001.52	58.571
1001.68	57.941
1001.84	58.355
1002.00	57.279
1002.16	57.119
1002.32	56.747
1002.49	54.895
1002.65	54.660
1002.81	54.001
1002.97	53.826
1003.13	53.839
1003.29	54.750
1003.45	54.626
1003.62	55.301
1003.78	55.040
1003.94	55.218
1004.10	54.471
1004.26	54.874
1004.42	54.761
1004.58	54.804
1004.74	55.117
1004.90	56.893
1005.07	56.777
1005.23	55.643
1005.39	57.091
1005.55	57.806
1005.71	57.263
1005.87	58.738
1006.03	59.793
1006.19	59.849
1006.35	59.640
1006.51	60.507
1006.67	60.207
1006.84	59.916
1007.00	59.336
1007.16	60.419
1007.32	59.016
1007.48	59.784
1007.64	61.107
1007.80	60.920
1007.96	59.922
1008.12	60.386
1008.28	58.481
1008.44	59.571
1008.60	60.123
1008.76	58.790
1008.92	57.682
1009.09	58.055
1009.25	57.504
1009.41	56.805
1009.57	57.485
1009.73	58.003
1009.89	58.422
1010.05	59.323
1010.21	60.917
1010.37	60.770
1010.53	61.900
1010.69	63.923
1010.85	63.744
1011.01	62.230
1011.17	61.394
1011.33	63.208
1011.49	63.294
1011.65	63.550
1011.81	62.925
1011.97	63.398
1012.13	65.724
1012.29	67.803
1012.45	68.529
1012.61	71.710
1012.77	69.456
1012.93	68.746
1013.09	67.683
1013.25	67.909
1013.41	68.418
1013.57	66.236
1013.73	65.689
1013.89	61.620
1014.05	63.278
1014.21	61.037
1014.37	59.772
1014.53	59.058
1014.69	58.809
1014.85	59.086
1015.01	60.825
1015.17	63.408
1015.33	63.639
1015.49	62.298
1015.65	63.614
1015.81	64.505
1015.97	61.361
1016.13	64.957
1016.29	64.653
1016.45	65.247
1016.61	65.525
1016.77	62.665
1016.93	63.503
1017.09	62.694
1017.25	64.194
1017.41	62.756
1017.56	65.242
1017.72	70.972
1017.88	72.607
1018.04	74.398
1018.20	71.721
1018.36	71.793
1018.52	68.991
1018.68	70.367
1018.84	72.014
1019.00	70.160
1019.16	70.983
1019.32	74.962
1019.48	75.535
1019.64	77.797
1019.79	75.964
1019.95	72.827
1020.11	77.905
1020.27	77.730
1020.43	83.957
1020.59	86.330
1020.75	83.347
1020.91	87.295
1021.07	80.189
1021.23	80.529
1021.39	76.195
1021.54	81.745
1021.70	79.178
1021.86	77.407
1022.02	75.433
1022.18	71.935
1022.34	74.249
1022.50	73.921
1022.66	70.682
1022.82	70.091
1022.97	69.567
1023.13	72.444
1023.29	77.118
1023.45	75.323
1023.61	75.932
1023.77	73.223
1023.93	74.379
1024.08	75.703
1024.24	71.820
1024.40	73.332
1024.56	80.873
1024.72	82.392
1024.88	70.803
1025.04	75.280
1025.19	75.622
1025.35	73.047
1025.51	77.132
1025.67	80.500
1025.83	75.811
1025.99	78.294
1026.14	75.234
1026.30	81.555
1026.46	85.164
1026.62	78.786
1026.78	73.198
1026.94	71.278
1027.09	69.025
1027.25	66.009
1027.41	65.725
1027.57	65.236
1027.73	64.811
1027.89	59.002
1028.04	58.692
1028.20	58.802
1028.36	59.137
1028.52	58.411
1028.68	58.664
1028.83	58.756
1028.99	56.379
1029.15	57.177
1029.31	56.549
1029.47	58.974
1029.62	58.356
1029.78	56.720
1029.94	57.027
1030.10	58.611
1030.25	59.667
1030.41	63.748
1030.57	65.287
1030.73	68.258
1030.89	67.844
1031.04	70.236
1031.20	74.844
1031.36	82.027
1031.52	89.119
1031.67	91.833
1031.83	94.488
1031.99	104.090
1032.15	92.347
1032.30	101.130
1032.46	114.257
1032.62	103.992
1032.78	92.573
1032.93	102.272
1033.09	90.388
1033.25	82.247
1033.41	78.017
1033.56	72.823
1033.72	-23.824
1033.88	254.167
1034.04	49.156
1034.19	47.758
1034.35	65.169
1034.51	-13.152
1034.66	52.979
1034.82	2385.833
1034.98	2385.833
1035.14	2385.833
