345.22	44.195
345.43	44.195
345.65	44.195
345.86	46.458
346.08	143.598
346.29	-2.379
346.51	45.631
346.72	28.485
346.94	-300.321
347.15	-73.029
347.37	195.186
347.58	226.008
347.80	253.563
348.01	214.833
348.23	145.677
348.44	135.501
348.66	121.669
348.87	122.074
349.09	114.081
349.30	100.170
349.52	93.521
349.73	96.201
349.95	95.316
350.16	97.497
350.38	93.661
350.59	86.991
350.81	85.513
351.02	84.031
351.24	82.404
351.45	81.223
351.67	83.480
351.88	82.269
352.10	78.614
352.31	77.520
352.53	81.196
352.74	82.771
352.96	83.105
353.17	82.196
353.39	83.793
353.60	85.815
353.82	87.089
354.03	87.012
354.25	82.040
354.46	77.329
354.67	73.956
354.89	71.986
355.10	76.269
355.32	75.199
355.53	76.262
355.75	78.343
355.96	80.061
356.18	79.366
356.39	79.300
356.61	83.760
356.82	83.768
357.04	79.630
357.25	79.667
357.46	79.540
357.68	78.867
357.89	76.977
358.11	75.844
358.32	78.811
358.54	77.241
358.75	78.977
358.97	81.208
359.18	84.494
359.40	84.579
359.61	84.212
359.82	85.850
360.04	85.702
360.25	83.369
360.47	79.223
360.68	78.417
360.90	78.299
361.11	76.136
361.32	76.192
361.54	79.793
361.75	79.243
361.97	80.491
362.18	81.576
362.40	82.786
362.61	84.129
362.83	83.863
363.04	84.833
363.25	86.105
363.47	87.225
363.68	84.871
363.90	88.348
364.11	89.153
364.32	89.208
364.54	87.398
364.75	84.983
364.97	88.552
365.18	87.757
365.40	85.706
365.61	85.616
365.82	86.253
366.04	85.279
366.25	85.295
366.47	83.560
366.68	81.835
366.89	82.790
367.11	80.468
367.32	80.850
367.54	78.236
367.75	77.637
367.96	76.460
368.18	77.529
368.39	76.166
368.61	76.263
368.82	77.429
369.03	79.974
369.25	84.062
369.46	84.868
369.68	85.596
369.89	87.149
370.10	87.637
370.32	88.419
370.53	88.147
370.75	84.118
370.96	85.746
371.17	86.879
371.39	84.892
371.60	85.193
371.81	86.074
372.03	88.298
372.24	89.263
372.46	92.521
372.67	93.276
372.88	92.141
373.10	91.376
373.31	89.445
373.52	89.348
373.74	87.540
373.95	86.607
374.17	87.718
374.38	89.495
374.59	89.817
374.81	87.649
375.02	86.022
375.23	89.246
375.45	87.179
375.66	84.741
375.87	85.769
376.09	86.056
376.30	84.472
376.52	86.150
376.73	83.317
376.94	81.850
377.16	82.791
377.37	86.590
377.58	87.062
377.80	88.607
378.01	89.400
378.22	90.776
378.44	91.326
378.65	93.121
378.86	93.103
379.08	93.745
379.29	94.240
379.50	96.981
379.72	97.275
379.93	100.606
380.14	103.903
380.36	104.824
380.57	106.293
380.78	106.618
381.00	107.378
381.21	109.168
381.42	110.121
381.64	110.402
381.85	110.145
382.06	110.318
382.28	110.406
382.49	110.212
382.70	110.707
382.92	111.180
383.13	110.402
383.34	110.923
383.56	111.787
383.77	113.000
383.98	112.718
384.20	113.726
384.41	113.840
384.62	114.076
384.83	114.625
385.05	115.060
385.26	115.996
385.47	116.840
385.69	117.699
385.90	118.510
386.11	119.269
386.33	120.189
386.54	120.999
386.75	121.634
386.97	122.711
387.18	123.473
387.39	124.322
387.60	124.815
387.82	125.306
388.03	125.673
388.24	126.218
388.46	126.582
388.67	126.705
388.88	126.641
389.09	126.494
389.31	126.267
389.52	126.029
389.73	125.471
389.95	124.994
390.16	124.481
390.37	124.011
390.58	123.510
390.80	122.786
391.01	122.228
391.22	121.684
391.44	120.784
391.65	120.007
391.86	119.276
392.07	118.942
392.29	118.446
392.50	117.941
392.71	117.424
392.92	117.154
393.14	116.774
393.35	116.609
393.56	116.614
393.78	116.639
393.99	116.878
394.20	117.252
394.41	117.553
394.63	117.867
394.84	118.427
395.05	119.143
395.26	119.786
395.48	120.499
395.69	121.161
395.90	122.118
396.11	122.992
396.33	123.813
396.54	124.679
396.75	125.403
396.96	126.157
397.18	126.793
397.39	127.422
397.60	128.072
397.81	128.600
398.03	128.953
398.24	129.248
398.45	129.362
398.66	129.391
398.87	129.370
399.09	129.238
399.30	128.860
399.51	128.286
399.72	127.788
399.94	127.184
400.15	126.502
400.36	125.653
400.57	124.780
400.79	123.902
401.00	122.907
401.21	121.986
401.42	121.040
401.63	120.115
401.85	119.234
402.06	118.454
402.27	117.687
402.48	117.041
402.69	116.475
402.91	115.932
403.12	115.456
403.33	115.213
403.54	115.102
403.76	114.959
403.97	115.034
404.18	115.219
404.39	115.515
404.60	115.945
404.82	116.491
405.03	117.147
405.24	117.813
405.45	118.547
405.66	119.378
405.88	120.211
406.09	121.147
406.30	121.975
406.51	122.724
406.72	123.533
406.94	124.295
407.15	124.987
407.36	125.714
407.57	126.379
407.78	126.871
407.99	127.231
408.21	127.586
408.42	127.823
408.63	127.984
408.84	127.953
409.05	127.843
409.27	127.539
409.48	127.070
409.69	126.533
409.90	125.992
410.11	125.332
410.32	124.628
410.54	123.759
410.75	122.832
410.96	121.881
411.17	120.888
411.38	119.889
411.59	118.909
411.81	117.856
412.02	116.824
412.23	115.841
412.44	114.947
412.65	114.172
412.86	113.480
413.08	112.789
413.29	112.177
413.50	111.746
413.71	111.444
413.92	111.221
414.13	111.117
414.34	111.102
414.56	111.127
414.77	111.299
414.98	111.564
415.19	112.051
415.40	112.633
415.61	113.267
415.82	113.938
416.04	114.709
416.25	115.467
416.46	116.306
416.67	117.225
416.88	118.084
417.09	118.952
417.30	119.745
417.52	120.578
417.73	121.312
417.94	121.987
418.15	122.601
418.36	123.241
418.57	123.699
418.78	124.060
418.99	124.419
419.21	124.638
419.42	124.783
419.63	124.774
419.84	124.651
420.05	124.415
420.26	124.050
420.47	123.531
420.68	123.043
420.89	122.438
421.11	121.675
421.32	120.949
421.53	120.094
421.74	119.228
421.95	118.343
422.16	117.470
422.37	116.572
422.58	115.608
422.79	114.637
423.01	113.755
423.22	112.887
423.43	112.088
423.64	111.350
423.85	110.692
424.06	110.143
424.27	109.640
424.48	109.241
424.69	109.019
424.90	108.876
425.11	108.821
425.33	108.882
425.54	109.033
425.75	109.243
425.96	109.565
426.17	109.997
426.38	110.508
426.59	111.099
426.80	111.755
427.01	112.495
427.22	113.320
427.43	114.249
427.64	115.127
427.85	115.972
428.07	116.877
428.28	117.730
428.49	118.586
428.70	119.432
428.91	120.236
429.12	120.934
429.33	121.633
429.54	122.258
429.75	122.794
429.96	123.314
430.17	123.733
430.38	124.051
430.59	124.204
430.80	124.258
431.01	124.225
431.22	124.125
431.44	123.909
431.65	123.609
431.86	123.153
432.07	122.669
432.28	122.112
432.49	121.450
432.70	120.712
432.91	119.874
433.12	118.977
433.33	118.046
433.54	117.155
433.75	116.220
433.96	115.292
434.17	114.279
434.38	113.325
434.59	112.410
434.80	111.516
435.01	110.762
435.22	110.058
435.43	109.419
435.64	108.824
435.85	108.313
436.06	107.874
436.27	107.564
436.48	107.347
436.69	107.188
436.90	107.160
437.11	107.250
437.33	107.434
437.54	107.722
437.75	108.140
437.96	108.564
438.17	109.075
438.38	109.605
438.59	110.282
438.80	110.968
439.01	111.761
439.22	112.626
439.43	113.360
439.64	114.152
439.85	114.964
440.06	115.748
440.27	116.572
440.48	117.323
440.69	118.038
440.90	118.708
441.11	119.388
441.32	119.970
441.53	120.477
441.74	120.892
441.95	121.277
442.16	121.542
442.37	121.693
442.58	121.794
442.79	121.823
443.00	121.749
443.21	121.601
443.42	121.281
443.62	120.817
443.83	120.456
444.04	119.958
444.25	119.390
444.46	118.737
444.67	117.994
444.88	117.238
445.09	116.408
445.30	115.543
445.51	114.610
445.72	113.651
445.93	112.753
446.14	111.821
446.35	110.856
446.56	109.968
446.77	109.118
446.98	108.266
447.19	107.442
447.40	106.706
447.61	105.984
447.82	105.355
448.03	104.831
448.24	104.322
448.45	103.917
448.66	103.600
448.87	103.368
449.08	103.250
449.29	103.201
449.49	103.251
449.70	103.393
449.91	103.611
450.12	103.942
450.33	104.288
450.54	104.741
450.75	105.279
450.96	105.835
451.17	106.463
451.38	107.121
451.59	107.838
451.80	108.543
452.01	109.290
452.22	110.070
452.43	110.807
452.64	111.536
452.84	112.273
453.05	112.964
453.26	113.668
453.47	114.284
453.68	114.883
453.89	115.432
454.10	115.877
454.31	116.308
454.52	116.623
454.73	116.909
454.94	117.078
455.15	117.153
455.36	117.137
455.56	117.061
455.77	116.894
455.98	116.666
456.19	116.366
456.40	116.011
456.61	115.584
456.82	115.055
457.03	114.474
457.24	113.811
457.45	113.122
457.65	112.319
457.86	111.524
458.07	110.697
458.28	109.780
458.49	108.918
458.70	107.981
458.91	107.075
459.12	106.162
459.33	105.236
459.54	104.373
459.74	103.533
459.95	102.705
460.16	101.968
460.37	101.274
460.58	100.646
460.79	100.043
461.00	99.483
461.21	99.024
461.41	98.634
461.62	98.321
461.83	98.110
462.04	97.990
462.25	97.895
462.46	97.914
462.67	98.037
462.88	98.232
463.08	98.525
463.29	98.849
463.50	99.243
463.71	99.734
463.92	100.252
464.13	100.798
464.34	101.402
464.54	102.056
464.75	102.744
464.96	103.433
465.17	104.153
465.38	104.845
465.59	105.589
465.80	106.307
466.00	106.993
466.21	107.655
466.42	108.281
466.63	108.927
466.84	109.520
467.05	110.048
467.26	110.522
467.46	110.886
467.67	111.243
467.88	111.550
468.09	111.755
468.30	111.926
468.51	112.034
468.71	112.044
468.92	111.989
469.13	111.851
469.34	111.662
469.55	111.367
469.76	111.053
469.96	110.636
470.17	110.160
470.38	109.651
470.59	109.063
470.80	108.416
471.00	107.771
471.21	107.040
471.42	106.305
471.63	105.536
471.84	104.760
472.05	103.944
472.25	103.114
472.46	102.293
472.67	101.424
472.88	100.619
473.09	99.805
473.29	98.996
473.50	98.242
473.71	97.496
473.92	96.796
474.13	96.141
474.33	95.550
474.54	95.012
474.75	94.532
474.96	94.104
475.17	93.748
475.37	93.412
475.58	93.177
475.79	93.015
476.00	92.920
476.21	92.910
476.41	92.959
476.62	93.088
476.83	93.273
477.04	93.571
477.24	93.879
477.45	94.267
477.66	94.696
477.87	95.154
478.08	95.686
478.28	96.228
478.49	96.822
478.70	97.457
478.91	98.083
479.11	98.719
479.32	99.399
479.53	100.055
479.74	100.747
479.94	101.399
480.15	102.016
480.36	102.617
480.57	103.196
480.78	103.773
480.98	104.263
481.19	104.724
481.40	105.127
481.61	105.520
481.81	105.844
482.02	106.110
482.23	106.352
482.44	106.494
482.64	106.611
482.85	106.646
483.06	106.595
483.27	106.527
483.47	106.413
483.68	106.210
483.89	105.954
484.10	105.624
484.30	105.256
484.51	104.813
484.72	104.353
484.92	103.803
485.13	103.236
485.34	102.640
485.55	101.993
485.75	101.326
485.96	100.603
486.17	99.873
486.38	99.138
486.58	98.368
486.79	97.613
487.00	96.837
487.20	96.066
487.41	95.324
487.62	94.587
487.83	93.853
488.03	93.145
488.24	92.471
488.45	91.818
488.65	91.194
488.86	90.628
489.07	90.093
489.28	89.623
489.48	89.186
489.69	88.842
489.90	88.524
490.10	88.279
490.31	88.090
490.52	87.936
490.73	87.858
490.93	87.840
491.14	87.875
491.35	87.978
491.55	88.129
491.76	88.333
491.97	88.582
492.17	88.874
492.38	89.223
492.59	89.613
492.79	90.058
493.00	90.536
493.21	91.047
493.41	91.577
493.62	92.126
493.83	92.704
494.04	93.252
494.24	93.838
494.45	94.420
494.66	94.987
494.86	95.586
495.07	96.142
495.28	96.709
495.48	97.237
495.69	97.744
495.90	98.236
496.10	98.697
496.31	99.111
496.52	99.479
496.72	99.847
496.93	100.162
497.14	100.419
497.34	100.611
497.55	100.785
497.76	100.902
497.96	100.966
498.17	100.972
498.37	100.943
498.58	100.838
498.79	100.682
498.99	100.502
499.20	100.243
499.41	99.941
499.61	99.570
499.82	99.176
500.03	98.724
500.23	98.257
500.44	97.728
500.65	97.175
500.85	96.603
501.06	95.965
501.26	95.319
501.47	94.652
501.68	93.985
501.88	93.279
502.09	92.575
502.30	91.863
502.50	91.149
502.71	90.444
502.91	89.751
503.12	89.062
503.33	88.385
503.53	87.746
503.74	87.112
503.95	86.504
504.15	85.927
504.36	85.381
504.56	84.860
504.77	84.396
504.98	83.955
505.18	83.574
505.39	83.231
505.59	82.936
505.80	82.688
506.01	82.496
506.21	82.353
506.42	82.259
506.62	82.212
506.83	82.207
507.04	82.265
507.24	82.362
507.45	82.518
507.65	82.715
507.86	82.939
508.07	83.219
508.27	83.543
508.48	83.894
508.68	84.297
508.89	84.716
509.10	85.157
509.30	85.623
509.51	86.099
509.71	86.591
509.92	87.097
510.12	87.609
510.33	88.128
510.54	88.642
510.74	89.162
510.95	89.669
511.15	90.174
511.36	90.675
511.56	91.157
511.77	91.605
511.98	92.043
512.18	92.465
512.39	92.853
512.59	93.213
512.80	93.534
513.00	93.819
513.21	94.064
513.42	94.283
513.62	94.458
513.83	94.602
514.03	94.691
514.24	94.736
514.44	94.732
514.65	94.696
514.85	94.621
515.06	94.503
515.26	94.335
515.47	94.133
515.68	93.874
515.88	93.582
516.09	93.252
516.29	92.884
516.50	92.477
516.70	92.033
516.91	91.558
517.11	91.058
517.32	90.535
517.52	89.986
517.73	89.432
517.93	88.847
518.14	88.244
518.34	87.644
518.55	87.031
518.76	86.419
518.96	85.784
519.17	85.149
519.37	84.512
519.58	83.903
519.78	83.286
519.99	82.675
520.19	82.083
520.40	81.530
520.60	80.985
520.81	80.461
521.01	79.959
521.22	79.503
521.42	79.073
521.63	78.672
521.83	78.307
522.04	77.967
522.24	77.687
522.45	77.443
522.65	77.240
522.86	77.085
523.06	76.964
523.27	76.895
523.47	76.865
523.68	76.877
523.88	76.919
524.09	77.009
524.29	77.148
524.50	77.326
524.70	77.531
524.91	77.771
525.11	78.059
525.32	78.383
525.52	78.724
525.72	79.115
525.93	79.522
526.13	79.960
526.34	80.399
526.54	80.871
526.75	81.336
526.95	81.821
527.16	82.301
527.36	82.797
527.57	83.291
527.77	83.779
527.98	84.282
528.18	84.778
528.39	85.254
528.59	85.731
528.79	86.181
529.00	86.630
529.20	87.055
529.41	87.478
529.61	87.870
529.82	88.224
530.02	88.543
530.23	88.849
530.43	89.106
530.64	89.350
530.84	89.545
531.04	89.703
531.25	89.853
531.45	89.970
531.66	90.046
531.86	90.080
532.07	90.073
532.27	90.027
532.47	89.950
532.68	89.855
532.88	89.717
533.09	89.547
533.29	89.321
533.50	89.069
533.70	88.753
533.90	88.428
534.11	88.089
534.31	87.716
534.52	87.304
534.72	86.897
534.93	86.462
535.13	85.990
535.33	85.522
535.54	85.004
535.74	84.485
535.95	83.942
536.15	83.417
536.35	82.877
536.56	82.335
536.76	81.770
536.97	81.221
537.17	80.664
537.37	80.115
537.58	79.592
537.78	79.073
537.99	78.573
538.19	78.068
538.39	77.579
538.60	77.113
538.80	76.687
539.01	76.258
539.21	75.859
539.41	75.502
539.62	75.162
539.82	74.862
540.03	74.583
540.23	74.352
540.43	74.140
540.64	73.985
540.84	73.848
541.04	73.762
541.25	73.719
541.45	73.703
541.66	73.718
541.86	73.771
542.06	73.866
542.27	73.994
542.47	74.174
542.67	74.365
542.88	74.598
543.08	74.855
543.28	75.152
543.49	75.468
543.69	75.814
543.90	76.195
544.10	76.579
544.30	77.009
544.51	77.442
544.71	77.913
544.91	78.371
545.12	78.853
545.32	79.349
545.52	79.823
545.73	80.330
545.93	80.835
546.13	81.314
546.34	81.789
546.54	82.262
546.74	82.721
546.95	83.199
547.15	83.656
547.35	84.085
547.56	84.524
547.76	84.952
547.96	85.346
548.17	85.731
548.37	86.106
548.57	86.423
548.78	86.726
548.98	86.995
549.18	87.234
549.39	87.444
549.59	87.624
549.79	87.797
550.00	87.923
550.20	88.045
550.40	88.117
550.61	88.169
550.81	88.183
551.01	88.168
551.22	88.119
551.42	88.036
551.62	87.925
551.82	87.765
552.03	87.591
552.23	87.388
552.43	87.147
552.64	86.882
552.84	86.595
553.04	86.272
553.25	85.929
553.45	85.555
553.65	85.169
553.85	84.780
554.06	84.363
554.26	83.922
554.46	83.450
554.67	82.982
554.87	82.495
555.07	82.015
555.27	81.516
555.48	81.009
555.68	80.512
555.88	80.008
556.09	79.510
556.29	78.992
556.49	78.493
556.69	77.986
556.90	77.490
557.10	77.024
557.30	76.583
557.50	76.133
557.71	75.723
557.91	75.327
558.11	74.927
558.31	74.562
558.52	74.222
558.72	73.914
558.92	73.631
559.13	73.378
559.33	73.146
559.53	72.936
559.73	72.771
559.94	72.624
560.14	72.503
560.34	72.409
560.54	72.354
560.75	72.339
560.95	72.350
561.15	72.406
561.35	72.477
561.55	72.566
561.76	72.701
561.96	72.846
562.16	73.037
562.36	73.270
562.57	73.512
562.77	73.784
562.97	74.078
563.17	74.390
563.38	74.716
563.58	75.074
563.78	75.455
563.98	75.845
564.18	76.245
564.39	76.673
564.59	77.106
564.79	77.560
564.99	78.005
565.20	78.454
565.40	78.892
565.60	79.338
565.80	79.807
566.00	80.256
566.21	80.711
566.41	81.139
566.61	81.570
566.81	82.001
567.01	82.415
567.22	82.827
567.42	83.225
567.62	83.596
567.82	83.955
568.02	84.296
568.23	84.614
568.43	84.918
568.63	85.209
568.83	85.461
569.03	85.681
569.24	85.887
569.44	86.080
569.64	86.252
569.84	86.406
570.04	86.505
570.24	86.596
570.45	86.661
570.65	86.704
570.85	86.712
571.05	86.682
571.25	86.626
571.45	86.534
571.66	86.438
571.86	86.318
572.06	86.153
572.26	85.973
572.46	85.777
572.66	85.564
572.87	85.306
573.07	85.048
573.27	84.762
573.47	84.460
573.67	84.129
573.87	83.772
574.08	83.392
574.28	83.021
574.48	82.627
574.68	82.210
574.88	81.788
575.08	81.337
575.28	80.891
575.49	80.447
575.69	79.996
575.89	79.519
576.09	79.065
576.29	78.593
576.49	78.120
576.69	77.648
576.90	77.181
577.10	76.728
577.30	76.276
577.50	75.843
577.70	75.405
577.90	74.984
578.10	74.596
578.30	74.212
578.51	73.842
578.71	73.497
578.91	73.168
579.11	72.851
579.31	72.562
579.51	72.291
579.71	72.048
579.91	71.818
580.12	71.625
580.32	71.453
580.52	71.320
580.72	71.198
580.92	71.102
581.12	71.021
581.32	70.978
581.52	70.975
581.72	70.980
581.92	71.017
582.13	71.092
582.33	71.169
582.53	71.287
582.73	71.418
582.93	71.581
583.13	71.771
583.33	71.995
583.53	72.236
583.73	72.502
583.93	72.789
584.13	73.102
584.34	73.441
584.54	73.765
584.74	74.100
584.94	74.476
585.14	74.859
585.34	75.256
585.54	75.629
585.74	76.020
585.94	76.434
586.14	76.867
586.34	77.280
586.54	77.717
586.74	78.155
586.94	78.601
587.15	79.048
587.35	79.481
587.55	79.905
587.75	80.330
587.95	80.732
588.15	81.125
588.35	81.507
588.55	81.887
588.75	82.268
588.95	82.638
589.15	82.985
589.35	83.319
589.55	83.636
589.75	83.972
589.95	84.265
590.15	84.537
590.35	84.778
590.55	85.014
590.75	85.221
590.95	85.399
591.15	85.559
591.35	85.684
591.56	85.792
591.76	85.877
591.96	85.938
592.16	85.991
592.36	86.014
592.56	86.023
592.76	85.995
592.96	85.956
593.16	85.875
593.36	85.776
593.56	85.667
593.76	85.545
593.96	85.374
594.16	85.202
594.36	85.010
594.56	84.796
594.76	84.560
594.96	84.314
595.16	84.031
595.36	83.740
595.56	83.423
595.76	83.085
595.96	82.729
596.16	82.379
596.36	82.006
596.56	81.634
596.76	81.230
596.96	80.820
597.16	80.411
597.36	80.008
597.56	79.588
597.76	79.154
597.96	78.715
598.16	78.283
598.36	77.848
598.56	77.404
598.76	76.970
598.96	76.550
599.16	76.125
599.36	75.733
599.56	75.337
599.76	74.944
599.96	74.571
600.15	74.206
600.35	73.854
600.55	73.518
600.75	73.176
600.95	72.869
601.15	72.565
601.35	72.270
601.55	71.997
601.75	71.757
601.95	71.530
602.15	71.331
602.35	71.129
602.55	70.964
602.75	70.826
602.95	70.697
603.15	70.578
603.35	70.497
603.55	70.427
603.75	70.376
603.95	70.359
604.15	70.363
604.35	70.398
604.54	70.444
604.74	70.534
604.94	70.635
605.14	70.749
605.34	70.894
605.54	71.071
605.74	71.271
605.94	71.476
606.14	71.708
606.34	71.950
606.54	72.226
606.74	72.515
606.94	72.815
607.14	73.142
607.33	73.492
607.53	73.839
607.73	74.193
607.93	74.551
608.13	74.921
608.33	75.305
608.53	75.679
608.73	76.077
608.93	76.451
609.13	76.846
609.33	77.251
609.52	77.654
609.72	78.052
609.92	78.437
610.12	78.833
610.32	79.225
610.52	79.630
610.72	80.011
610.92	80.387
611.12	80.763
611.31	81.127
611.51	81.479
611.71	81.825
611.91	82.173
612.11	82.521
612.31	82.856
612.51	83.162
612.71	83.473
612.91	83.749
613.10	84.028
613.30	84.312
613.50	84.561
613.70	84.791
613.90	84.992
614.10	85.178
614.30	85.334
614.50	85.480
614.69	85.582
614.89	85.686
615.09	85.767
615.29	85.829
615.49	85.872
615.69	85.891
615.89	85.897
616.08	85.884
616.28	85.843
616.48	85.783
616.68	85.700
616.88	85.599
617.08	85.474
617.27	85.346
617.47	85.179
617.67	84.995
617.87	84.792
618.07	84.588
618.27	84.371
618.47	84.147
618.66	83.896
618.86	83.642
619.06	83.357
619.26	83.069
619.46	82.768
619.66	82.440
619.85	82.105
620.05	81.757
620.25	81.384
620.45	81.015
620.65	80.632
620.84	80.273
621.04	79.894
621.24	79.535
621.44	79.135
621.64	78.723
621.84	78.331
622.03	77.934
622.23	77.539
622.43	77.142
622.63	76.751
622.83	76.361
623.02	75.973
623.22	75.603
623.42	75.215
623.62	74.844
623.82	74.495
624.01	74.141
624.21	73.796
624.41	73.473
624.61	73.164
624.81	72.873
625.00	72.569
625.20	72.286
625.40	72.007
625.60	71.758
625.79	71.535
625.99	71.333
626.19	71.136
626.39	70.959
626.59	70.798
626.78	70.664
626.98	70.545
627.18	70.440
627.38	70.359
627.57	70.321
627.77	70.287
627.97	70.267
628.17	70.282
628.37	70.307
628.56	70.369
628.76	70.431
628.96	70.512
629.16	70.613
629.35	70.756
629.55	70.907
629.75	71.080
629.95	71.270
630.14	71.463
630.34	71.689
630.54	71.924
630.74	72.168
630.93	72.427
631.13	72.699
631.33	72.978
631.53	73.254
631.72	73.543
631.92	73.854
632.12	74.185
632.31	74.511
632.51	74.871
632.71	75.223
632.91	75.578
633.10	75.945
633.30	76.331
633.50	76.690
633.70	77.075
633.89	77.449
634.09	77.833
634.29	78.216
634.48	78.592
634.68	78.983
634.88	79.371
635.08	79.759
635.27	80.154
635.47	80.544
635.67	80.942
635.86	81.331
636.06	81.703
636.26	82.052
636.46	82.407
636.65	82.744
636.85	83.089
637.05	83.422
637.24	83.722
637.44	84.016
637.64	84.308
637.83	84.590
638.03	84.866
638.23	85.102
638.43	85.341
638.62	85.554
638.82	85.737
639.02	85.919
639.21	86.077
639.41	86.206
639.61	86.343
639.80	86.455
640.00	86.549
640.20	86.648
640.39	86.738
640.59	86.798
640.79	86.844
640.98	86.858
641.18	86.867
641.38	86.873
641.57	86.845
641.77	86.796
641.97	86.718
642.16	86.632
642.36	86.544
642.56	86.433
642.75	86.324
642.95	86.185
643.15	86.034
643.34	85.881
643.54	85.711
643.74	85.504
643.93	85.291
644.13	85.044
644.33	84.777
644.52	84.506
644.72	84.238
644.91	83.950
645.11	83.640
645.31	83.331
645.50	83.021
645.70	82.708
645.90	82.392
646.09	82.056
646.29	81.708
646.48	81.353
646.68	80.982
646.88	80.613
647.07	80.249
647.27	79.876
647.47	79.494
647.66	79.123
647.86	78.746
648.05	78.377
648.25	78.019
648.45	77.659
648.64	77.290
648.84	76.932
649.04	76.566
649.23	76.211
649.43	75.862
649.62	75.513
649.82	75.161
650.02	74.827
650.21	74.507
650.41	74.213
650.60	73.924
650.80	73.665
651.00	73.385
651.19	73.136
651.39	72.892
651.58	72.659
651.78	72.445
651.97	72.265
652.17	72.081
652.37	71.906
652.56	71.764
652.76	71.631
652.95	71.511
653.15	71.433
653.35	71.356
653.54	71.288
653.74	71.227
653.93	71.196
654.13	71.180
654.32	71.170
654.52	71.159
654.72	71.182
654.91	71.215
655.11	71.277
655.30	71.356
655.50	71.451
655.69	71.564
655.89	71.679
656.08	71.801
656.28	71.952
656.48	72.123
656.67	72.299
656.87	72.490
657.06	72.683
657.26	72.883
657.45	73.110
657.65	73.359
657.84	73.627
658.04	73.893
658.23	74.178
658.43	74.479
658.62	74.798
658.82	75.115
659.02	75.440
659.21	75.785
659.41	76.119
659.60	76.460
659.80	76.813
659.99	77.190
660.19	77.558
660.38	77.934
660.58	78.295
660.77	78.678
660.97	79.044
661.16	79.417
661.36	79.777
661.55	80.155
661.75	80.524
661.94	80.882
662.14	81.255
662.33	81.625
662.53	81.985
662.72	82.340
662.92	82.684
663.11	83.014
663.31	83.352
663.50	83.686
663.70	84.026
663.89	84.352
664.09	84.652
664.28	84.965
664.48	85.252
664.67	85.553
664.87	85.812
665.06	86.085
665.26	86.338
665.45	86.585
665.65	86.810
665.84	87.037
666.04	87.250
666.23	87.419
666.43	87.569
666.62	87.714
666.82	87.844
667.01	87.964
667.21	88.077
667.40	88.160
667.59	88.252
667.79	88.303
667.98	88.327
668.18	88.343
668.37	88.339
668.57	88.349
668.76	88.328
668.96	88.285
669.15	88.232
669.35	88.186
669.54	88.109
669.73	88.026
669.93	87.921
670.12	87.813
670.32	87.716
670.51	87.590
670.71	87.454
670.90	87.311
671.10	87.158
671.29	86.977
671.48	86.780
671.68	86.566
671.87	86.353
672.07	86.126
672.26	85.925
672.46	85.688
672.65	85.433
672.84	85.169
673.04	84.910
673.23	84.638
673.43	84.346
673.62	84.065
673.82	83.772
674.01	83.444
674.20	83.125
674.40	82.789
674.59	82.464
674.79	82.143
674.98	81.802
675.17	81.460
675.37	81.131
675.56	80.800
675.76	80.461
675.95	80.104
676.14	79.771
676.34	79.401
676.53	79.057
676.73	78.703
676.92	78.347
677.11	78.000
677.31	77.652
677.50	77.322
677.70	76.982
677.89	76.643
678.08	76.336
678.28	76.029
678.47	75.741
678.66	75.459
678.86	75.182
679.05	74.911
679.25	74.660
679.44	74.415
679.63	74.196
679.83	73.970
680.02	73.773
680.21	73.580
680.41	73.401
680.60	73.215
680.79	73.052
680.99	72.908
681.18	72.760
681.38	72.640
681.57	72.539
681.76	72.460
681.96	72.394
682.15	72.330
682.34	72.266
682.54	72.216
682.73	72.187
682.92	72.160
683.12	72.167
683.31	72.183
683.50	72.210
683.70	72.249
683.89	72.292
684.08	72.361
684.28	72.443
684.47	72.537
684.66	72.657
684.86	72.787
685.05	72.933
685.24	73.102
685.44	73.266
685.63	73.437
685.82	73.628
686.02	73.817
686.21	74.049
686.40	74.285
686.60	74.542
686.79	74.805
686.98	75.074
687.18	75.354
687.37	75.634
687.56	75.916
687.75	76.213
687.95	76.520
688.14	76.824
688.33	77.148
688.53	77.470
688.72	77.813
688.91	78.154
689.11	78.485
689.30	78.849
689.49	79.218
689.68	79.580
689.88	79.931
690.07	80.288
690.26	80.628
690.46	80.987
690.65	81.324
690.84	81.665
691.03	82.022
691.23	82.366
691.42	82.708
691.61	83.058
691.80	83.386
692.00	83.721
692.19	84.042
692.38	84.358
692.58	84.681
692.77	84.984
692.96	85.275
693.15	85.575
693.35	85.846
693.54	86.134
693.73	86.420
693.92	86.682
694.12	86.957
694.31	87.208
694.50	87.470
694.69	87.698
694.89	87.919
695.08	88.120
695.27	88.338
695.46	88.528
695.66	88.719
695.85	88.905
696.04	89.079
696.23	89.264
696.43	89.425
696.62	89.554
696.81	89.671
697.00	89.795
697.19	89.906
697.39	89.994
697.58	90.063
697.77	90.109
697.96	90.173
698.16	90.204
698.35	90.252
698.54	90.257
698.73	90.287
698.92	90.271
699.12	90.255
699.31	90.213
699.50	90.177
699.69	90.125
699.89	90.054
700.08	89.982
700.27	89.880
700.46	89.780
700.65	89.664
700.85	89.566
701.04	89.432
701.23	89.280
701.42	89.124
701.61	88.960
701.81	88.782
702.00	88.588
702.19	88.390
702.38	88.162
702.57	87.946
702.76	87.696
702.96	87.469
703.15	87.223
703.34	86.957
703.53	86.683
703.72	86.385
703.92	86.085
704.11	85.780
704.30	85.464
704.49	85.149
704.68	84.844
704.87	84.498
705.07	84.173
705.26	83.849
705.45	83.548
705.64	83.213
705.83	82.912
706.02	82.588
706.21	82.278
706.41	81.958
706.60	81.624
706.79	81.314
706.98	81.008
707.17	80.681
707.36	80.369
707.56	80.073
707.75	79.779
707.94	79.490
708.13	79.204
708.32	78.936
708.51	78.654
708.70	78.399
708.89	78.139
709.09	77.875
709.28	77.628
709.47	77.343
709.66	77.083
709.85	76.824
710.04	76.575
710.23	76.312
710.42	76.093
710.62	75.870
710.81	75.628
711.00	75.395
711.19	75.200
711.38	75.004
711.57	74.801
711.76	74.616
711.95	74.459
712.15	74.310
712.34	74.164
712.53	74.031
712.72	73.894
712.91	73.801
713.10	73.707
713.29	73.625
713.48	73.553
713.67	73.514
713.86	73.485
714.05	73.460
714.25	73.450
714.44	73.430
714.63	73.433
714.82	73.478
715.01	73.523
715.20	73.595
715.39	73.654
715.58	73.739
715.77	73.840
715.96	73.941
716.15	74.045
716.34	74.143
716.54	74.266
716.73	74.404
716.92	74.531
717.11	74.684
717.30	74.847
717.49	75.029
717.68	75.219
717.87	75.380
718.06	75.593
718.25	75.818
718.44	76.051
718.63	76.296
718.82	76.535
719.01	76.780
719.20	77.028
719.39	77.298
719.58	77.565
719.77	77.827
719.96	78.079
720.16	78.346
720.35	78.643
720.54	78.930
720.73	79.225
720.92	79.526
721.11	79.846
721.30	80.152
721.49	80.462
721.68	80.780
721.87	81.125
722.06	81.445
722.25	81.762
722.44	82.086
722.63	82.395
722.82	82.698
723.01	82.997
723.20	83.285
723.39	83.590
723.58	83.921
723.77	84.249
723.96	84.582
724.15	84.925
724.34	85.244
724.53	85.563
724.72	85.853
724.91	86.170
725.10	86.481
725.29	86.773
725.48	87.092
725.67	87.355
725.86	87.605
726.05	87.868
726.24	88.117
726.43	88.354
726.62	88.597
726.81	88.867
727.00	89.112
727.19	89.370
727.38	89.608
727.57	89.813
727.76	90.012
727.95	90.204
728.14	90.362
728.33	90.526
728.52	90.681
728.71	90.832
728.90	90.973
729.09	91.080
729.28	91.178
729.47	91.259
729.65	91.354
729.84	91.453
730.03	91.537
730.22	91.612
730.41	91.692
730.60	91.761
730.79	91.775
730.98	91.815
731.17	91.846
731.36	91.841
731.55	91.822
731.74	91.806
731.93	91.777
732.12	91.748
732.31	91.724
732.50	91.705
732.69	91.685
732.88	91.617
733.06	91.542
733.25	91.476
733.44	91.406
733.63	91.304
733.82	91.197
734.01	91.057
734.20	90.923
734.39	90.759
734.58	90.609
734.77	90.471
734.96	90.295
735.15	90.102
735.33	89.910
735.52	89.730
735.71	89.527
735.90	89.313
736.09	89.084
736.28	88.828
736.47	88.568
736.66	88.300
736.85	88.039
737.04	87.752
737.23	87.477
737.41	87.177
737.60	86.921
737.79	86.619
737.98	86.341
738.17	86.056
738.36	85.798
738.55	85.519
738.74	85.242
738.92	84.955
739.11	84.675
739.30	84.377
739.49	84.071
739.68	83.785
739.87	83.518
740.06	83.253
740.25	82.965
740.43	82.695
740.62	82.408
740.81	82.111
741.00	81.848
741.19	81.556
741.38	81.266
741.57	80.966
741.75	80.701
741.94	80.415
742.13	80.130
742.32	79.825
742.51	79.539
742.70	79.260
742.89	79.000
743.07	78.727
743.26	78.471
743.45	78.195
743.64	77.950
743.83	77.683
744.02	77.397
744.20	77.164
744.39	76.918
744.58	76.697
744.77	76.495
744.96	76.308
745.15	76.147
745.33	75.996
745.52	75.845
745.71	75.692
745.90	75.551
746.09	75.431
746.28	75.320
746.46	75.189
746.65	75.057
746.84	74.952
747.03	74.847
747.22	74.761
747.40	74.709
747.59	74.639
747.78	74.584
747.97	74.577
748.16	74.555
748.34	74.519
748.53	74.507
748.72	74.506
748.91	74.487
749.10	74.479
749.28	74.491
749.47	74.524
749.66	74.554
749.85	74.576
750.04	74.611
750.22	74.651
750.41	74.717
750.60	74.809
750.79	74.870
750.97	74.953
751.16	75.062
751.35	75.157
751.54	75.254
751.73	75.384
751.91	75.502
752.10	75.658
752.29	75.800
752.48	75.965
752.66	76.133
752.85	76.311
753.04	76.490
753.23	76.693
753.41	76.869
753.60	77.084
753.79	77.312
753.98	77.525
754.16	77.752
754.35	77.980
754.54	78.202
754.73	78.463
754.91	78.728
755.10	78.979
755.29	79.252
755.48	79.510
755.66	79.775
755.85	80.046
756.04	80.294
756.22	80.580
756.41	80.840
756.60	81.109
756.79	81.398
756.97	81.692
757.16	81.945
757.35	82.233
757.54	82.519
757.72	82.800
757.91	83.093
758.10	83.382
758.28	83.666
758.47	83.948
758.66	84.253
758.85	84.532
759.03	84.821
759.22	85.107
759.41	85.406
759.59	85.696
759.78	85.979
759.97	86.248
760.15	86.512
760.34	86.810
760.53	87.076
760.71	87.325
760.90	87.599
761.09	87.861
761.28	88.122
761.46	88.367
761.65	88.618
761.84	88.877
762.02	89.133
762.21	89.399
762.40	89.621
762.58	89.817
762.77	90.023
762.96	90.236
763.14	90.460
763.33	90.652
763.52	90.816
763.70	90.967
763.89	91.140
764.08	91.315
764.26	91.436
764.45	91.590
764.64	91.744
764.82	91.852
765.01	91.969
765.20	92.056
765.38	92.161
765.57	92.234
765.75	92.302
765.94	92.341
766.13	92.401
766.31	92.476
766.50	92.527
766.69	92.605
766.87	92.673
767.06	92.695
767.25	92.739
767.43	92.799
767.62	92.859
767.80	92.888
767.99	92.891
768.18	92.886
768.36	92.872
768.55	92.853
768.74	92.828
768.92	92.797
769.11	92.792
769.29	92.744
769.48	92.716
769.67	92.644
769.85	92.601
770.04	92.474
770.22	92.367
770.41	92.234
770.60	92.081
770.78	91.905
770.97	91.753
771.15	91.597
771.34	91.401
771.53	91.232
771.71	91.052
771.90	90.889
772.08	90.771
772.27	90.601
772.46	90.399
772.64	90.201
772.83	90.002
773.01	89.749
773.20	89.514
773.39	89.290
773.57	89.055
773.76	88.816
773.94	88.628
774.13	88.391
774.31	88.144
774.50	87.926
774.68	87.679
774.87	87.426
775.06	87.130
775.24	86.866
775.43	86.568
775.61	86.280
775.80	85.999
775.98	85.683
776.17	85.374
776.36	85.082
776.54	84.793
776.73	84.494
776.91	84.220
777.10	83.941
777.28	83.625
777.47	83.347
777.65	83.050
777.84	82.749
778.02	82.472
778.21	82.207
778.39	81.904
778.58	81.635
778.77	81.369
778.95	81.131
779.14	80.891
779.32	80.661
779.51	80.428
779.69	80.171
779.88	79.936
780.06	79.712
780.25	79.476
780.43	79.236
780.62	79.019
780.80	78.795
780.99	78.565
781.17	78.342
781.36	78.115
781.54	77.907
781.73	77.662
781.91	77.452
782.10	77.253
782.28	77.056
782.47	76.857
782.65	76.640
782.84	76.442
783.02	76.260
783.21	76.091
783.39	75.925
783.58	75.772
783.76	75.597
783.95	75.448
784.13	75.340
784.32	75.229
784.50	75.108
784.69	75.025
784.87	74.938
785.05	74.868
785.24	74.802
785.42	74.750
785.61	74.702
785.79	74.662
785.98	74.635
786.16	74.592
786.35	74.587
786.53	74.582
786.72	74.566
786.90	74.557
787.09	74.536
787.27	74.548
787.45	74.575
787.64	74.599
787.82	74.613
788.01	74.629
788.19	74.673
788.38	74.714
788.56	74.701
788.75	74.759
788.93	74.831
789.11	74.873
789.30	74.910
789.48	74.987
789.67	75.068
789.85	75.135
790.04	75.260
790.22	75.358
790.40	75.479
790.59	75.592
790.77	75.711
790.96	75.866
791.14	76.008
791.32	76.136
791.51	76.290
791.69	76.457
791.88	76.630
792.06	76.801
792.25	76.965
792.43	77.188
792.61	77.373
792.80	77.530
792.98	77.753
793.17	77.955
793.35	78.127
793.53	78.324
793.72	78.561
793.90	78.766
794.08	78.970
794.27	79.185
794.45	79.426
794.64	79.652
794.82	79.876
795.00	80.065
795.19	80.301
795.37	80.529
795.55	80.713
795.74	80.940
795.92	81.173
796.11	81.437
796.29	81.685
796.47	81.919
796.66	82.152
796.84	82.414
797.02	82.676
797.21	82.959
797.39	83.219
797.58	83.465
797.76	83.699
797.94	83.964
798.13	84.220
798.31	84.491
798.49	84.723
798.68	84.953
798.86	85.239
799.04	85.465
799.23	85.710
799.41	85.973
799.59	86.210
799.78	86.403
799.96	86.615
800.14	86.839
800.33	87.074
800.51	87.326
800.69	87.503
800.88	87.725
801.06	87.957
801.24	88.125
801.43	88.312
801.61	88.487
801.79	88.654
801.98	88.818
802.16	88.995
802.34	89.197
802.52	89.383
802.71	89.511
802.89	89.692
803.07	89.847
803.26	89.987
803.44	90.101
803.62	90.247
803.81	90.370
803.99	90.447
804.17	90.524
804.35	90.600
804.54	90.675
804.72	90.770
804.90	90.839
805.09	90.960
805.27	91.060
805.45	91.162
805.63	91.223
805.82	91.292
806.00	91.283
806.18	91.314
806.37	91.356
806.55	91.369
806.73	91.392
806.91	91.399
807.10	91.427
807.28	91.440
807.46	91.448
807.64	91.433
807.83	91.441
808.01	91.436
808.19	91.378
808.37	91.327
808.56	91.251
808.74	91.191
808.92	91.119
809.10	91.005
809.29	90.937
809.47	90.861
809.65	90.733
809.83	90.676
810.02	90.559
810.20	90.450
810.38	90.351
810.56	90.215
810.75	90.127
810.93	90.014
811.11	89.898
811.29	89.777
811.47	89.652
811.66	89.488
811.84	89.339
812.02	89.261
812.20	89.147
812.39	89.028
812.57	88.892
812.75	88.758
812.93	88.660
813.11	88.505
813.30	88.373
813.48	88.259
813.66	88.096
813.84	87.949
814.02	87.775
814.21	87.629
814.39	87.429
814.57	87.231
814.75	87.027
814.93	86.827
815.12	86.610
815.30	86.393
815.48	86.194
815.66	85.975
815.84	85.721
816.03	85.478
816.21	85.201
816.39	84.954
816.57	84.649
816.75	84.340
816.93	84.052
817.12	83.740
817.30	83.433
817.48	83.134
817.66	82.871
817.84	82.613
818.02	82.365
818.21	82.095
818.39	81.842
818.57	81.571
818.75	81.344
818.93	81.090
819.11	80.838
819.30	80.588
819.48	80.359
819.66	80.143
819.84	79.944
820.02	79.725
820.20	79.496
820.38	79.284
820.57	79.078
820.75	78.896
820.93	78.704
821.11	78.514
821.29	78.338
821.47	78.125
821.65	77.916
821.83	77.694
822.02	77.512
822.20	77.302
822.38	77.144
822.56	76.907
822.74	76.693
822.92	76.458
823.10	76.260
823.28	76.030
823.46	75.810
823.65	75.582
823.83	75.384
824.01	75.178
824.19	74.975
824.37	74.770
824.55	74.540
824.73	74.361
824.91	74.166
825.09	73.976
825.27	73.795
825.46	73.599
825.64	73.402
825.82	73.246
826.00	73.066
826.18	72.897
826.36	72.757
826.54	72.634
826.72	72.556
826.90	72.456
827.08	72.377
827.26	72.301
827.44	72.208
827.63	72.129
827.81	72.069
827.99	72.036
828.17	71.987
828.35	71.945
828.53	71.896
828.71	71.890
828.89	71.861
829.07	71.845
829.25	71.820
829.43	71.837
829.61	71.816
829.79	71.814
829.97	71.820
830.15	71.801
830.33	71.810
830.51	71.798
830.69	71.816
830.87	71.782
831.06	71.800
831.24	71.825
831.42	71.848
831.60	71.852
831.78	71.880
831.96	71.931
832.14	72.004
832.32	72.068
832.50	72.113
832.68	72.161
832.86	72.202
833.04	72.307
833.22	72.361
833.40	72.461
833.58	72.538
833.76	72.609
833.94	72.737
834.12	72.859
834.30	72.989
834.48	73.085
834.66	73.246
834.84	73.336
835.02	73.485
835.20	73.629
835.38	73.790
835.56	73.953
835.74	74.124
835.92	74.295
836.10	74.448
836.28	74.606
836.46	74.789
836.64	74.962
836.82	75.092
837.00	75.262
837.18	75.426
837.36	75.624
837.54	75.799
837.72	75.974
837.90	76.166
838.08	76.349
838.26	76.541
838.43	76.724
838.61	76.938
838.79	77.123
838.97	77.319
839.15	77.515
839.33	77.706
839.51	77.854
839.69	78.024
839.87	78.218
840.05	78.437
840.23	78.626
840.41	78.820
840.59	78.987
840.77	79.192
840.95	79.366
841.13	79.533
841.31	79.712
841.49	79.869
841.67	79.998
841.84	80.173
842.02	80.297
842.20	80.486
842.38	80.609
842.56	80.759
842.74	80.907
842.92	81.010
843.10	81.150
843.28	81.333
843.46	81.462
843.64	81.550
843.82	81.681
843.99	81.799
844.17	81.964
844.35	82.192
844.53	82.347
844.71	82.540
844.89	82.665
845.07	82.840
845.25	83.021
845.43	83.200
845.61	83.352
845.78	83.565
845.96	83.720
846.14	83.919
846.32	84.105
846.50	84.255
846.68	84.480
846.86	84.637
847.04	84.786
847.22	84.888
847.39	85.073
847.57	85.183
847.75	85.306
847.93	85.369
848.11	85.453
848.29	85.588
848.47	85.646
848.65	85.772
848.82	85.815
849.00	85.886
849.18	85.933
849.36	85.965
849.54	86.019
849.72	86.009
849.89	86.055
850.07	86.111
850.25	86.117
850.43	86.088
850.61	86.085
850.79	86.046
850.97	86.114
851.14	86.123
851.32	86.107
851.50	86.127
851.68	86.181
851.86	86.232
852.04	86.200
852.21	86.232
852.39	86.244
852.57	86.316
852.75	86.326
852.93	86.332
853.10	86.323
853.28	86.281
853.46	86.284
853.64	86.212
853.82	86.128
854.00	86.147
854.17	86.095
854.35	86.019
854.53	85.988
854.71	85.903
854.89	85.798
855.06	85.763
855.24	85.704
855.42	85.622
855.60	85.489
855.78	85.399
855.95	85.279
856.13	85.176
856.31	84.993
856.49	84.853
856.66	84.754
856.84	84.593
857.02	84.526
857.20	84.452
857.38	84.305
857.55	84.172
857.73	83.951
857.91	83.849
858.09	83.688
858.26	83.541
858.44	83.403
858.62	83.264
858.80	83.091
858.97	82.918
859.15	82.730
859.33	82.513
859.51	82.352
859.68	82.169
859.86	81.983
860.04	81.810
860.22	81.609
860.39	81.400
860.57	81.194
860.75	80.923
860.93	80.688
861.10	80.547
861.28	80.370
861.46	80.165
861.64	79.966
861.81	79.809
861.99	79.586
862.17	79.361
862.35	79.178
862.52	79.014
862.70	78.811
862.88	78.643
863.05	78.443
863.23	78.228
863.41	78.046
863.59	77.828
863.76	77.666
863.94	77.479
864.12	77.299
864.29	77.140
864.47	76.925
864.65	76.735
864.83	76.482
865.00	76.257
865.18	76.095
865.36	75.908
865.53	75.708
865.71	75.570
865.89	75.380
866.06	75.164
866.24	74.920
866.42	74.713
866.59	74.487
866.77	74.334
866.95	74.134
867.12	73.884
867.30	73.720
867.48	73.490
867.65	73.286
867.83	73.071
868.01	72.898
868.18	72.707
868.36	72.512
868.54	72.354
868.71	72.195
868.89	72.037
869.07	71.846
869.24	71.682
869.42	71.483
869.60	71.327
869.77	71.215
869.95	71.064
870.13	70.919
870.30	70.807
870.48	70.613
870.66	70.465
870.83	70.356
871.01	70.157
871.18	70.032
871.36	69.900
871.54	69.746
871.71	69.614
871.89	69.520
872.07	69.352
872.24	69.218
872.42	69.123
872.59	69.005
872.77	68.880
872.95	68.779
873.12	68.648
873.30	68.513
873.48	68.400
873.65	68.304
873.83	68.208
874.00	68.082
874.18	68.001
874.36	67.937
874.53	67.856
874.71	67.785
874.88	67.716
875.06	67.682
875.24	67.674
875.41	67.623
875.59	67.589
875.76	67.608
875.94	67.568
876.11	67.452
876.29	67.359
876.47	67.324
876.64	67.263
876.82	67.214
876.99	67.177
877.17	67.133
877.35	67.113
877.52	67.075
877.70	67.037
877.87	67.029
878.05	67.026
878.22	67.035
878.40	67.072
878.57	67.064
878.75	67.027
878.93	66.987
879.10	66.983
879.28	66.989
879.45	66.993
879.63	66.975
879.80	66.983
879.98	67.027
880.15	67.053
880.33	67.098
880.50	67.137
880.68	67.241
880.86	67.303
881.03	67.371
881.21	67.454
881.38	67.539
881.56	67.701
881.73	67.755
881.91	67.819
882.08	67.886
882.26	68.013
882.43	68.132
882.61	68.311
882.78	68.426
882.96	68.560
883.13	68.668
883.31	68.818
883.48	69.015
883.66	69.171
883.83	69.321
884.01	69.433
884.18	69.655
884.36	69.800
884.53	69.923
884.71	70.067
884.88	70.175
885.06	70.326
885.23	70.388
885.41	70.516
885.58	70.628
885.76	70.788
885.93	70.862
886.11	71.035
886.28	71.129
886.46	71.261
886.63	71.383
886.81	71.505
886.98	71.687
887.15	71.791
887.33	71.957
887.50	72.153
887.68	72.314
887.85	72.400
888.03	72.528
888.20	72.685
888.38	72.834
888.55	73.007
888.73	73.085
888.90	73.219
889.08	73.361
889.25	73.486
889.42	73.613
889.60	73.802
889.77	73.872
889.95	74.009
890.12	74.096
890.30	74.193
890.47	74.276
890.64	74.396
890.82	74.532
890.99	74.642
891.17	74.726
891.34	74.853
891.52	74.958
891.69	75.085
891.86	75.203
892.04	75.314
892.21	75.458
892.39	75.691
892.56	75.855
892.73	75.957
892.91	76.105
893.08	76.306
893.26	76.396
893.43	76.561
893.60	76.658
893.78	76.826
893.95	76.985
894.13	77.238
894.30	77.387
894.47	77.579
894.65	77.707
894.82	77.862
895.00	77.985
895.17	78.163
895.34	78.336
895.52	78.508
895.69	78.625
895.86	78.760
896.04	78.803
896.21	78.958
896.39	79.140
896.56	79.310
896.73	79.314
896.91	79.373
897.08	79.472
897.25	79.655
897.43	79.708
897.60	79.801
897.77	79.799
897.95	79.786
898.12	79.787
898.30	79.896
898.47	79.912
898.64	79.962
898.82	79.977
898.99	79.967
899.16	79.970
899.34	79.964
899.51	79.885
899.68	79.863
899.86	79.816
900.03	79.751
900.20	79.702
900.38	79.740
900.55	79.820
900.72	79.770
900.90	79.690
901.07	79.792
901.24	79.760
901.41	79.773
901.59	79.794
901.76	79.790
901.93	79.743
902.11	79.668
902.28	79.673
902.45	79.776
902.63	79.809
902.80	79.769
902.97	79.772
903.15	79.864
903.32	79.935
903.49	79.931
903.66	79.980
903.84	79.994
904.01	79.975
904.18	79.956
904.36	79.980
904.53	79.949
904.70	79.882
904.87	79.883
905.05	79.813
905.22	79.845
905.39	79.809
905.56	79.729
905.74	79.718
905.91	79.634
906.08	79.505
906.26	79.411
906.43	79.317
906.60	79.214
906.77	79.061
906.95	78.954
907.12	78.836
907.29	78.669
907.46	78.631
907.64	78.530
907.81	78.416
907.98	78.242
908.15	78.148
908.33	78.037
908.50	77.895
908.67	77.810
908.84	77.676
909.01	77.532
909.19	77.462
909.36	77.345
909.53	77.202
909.70	76.977
909.88	76.873
910.05	76.724
910.22	76.653
910.39	76.541
910.57	76.442
910.74	76.363
910.91	76.314
911.08	76.114
911.25	75.970
911.43	75.850
911.60	75.718
911.77	75.572
911.94	75.343
912.11	75.186
912.29	74.976
912.46	74.737
912.63	74.539
912.80	74.318
912.97	74.127
913.15	73.997
913.32	73.885
913.49	73.667
913.66	73.595
913.83	73.387
914.00	73.172
914.18	72.975
914.35	72.775
914.52	72.511
914.69	72.304
914.86	72.108
915.03	71.907
915.21	71.778
915.38	71.579
915.55	71.494
915.72	71.326
915.89	71.191
916.06	71.124
916.24	71.042
916.41	70.896
916.58	70.772
916.75	70.577
916.92	70.400
917.09	70.208
917.26	69.935
917.44	69.723
917.61	69.598
917.78	69.370
917.95	69.206
918.12	69.009
918.29	68.923
918.46	68.740
918.64	68.580
918.81	68.439
918.98	68.295
919.15	68.109
919.32	67.969
919.49	67.751
919.66	67.528
919.83	67.332
920.00	67.143
920.18	66.997
920.35	66.942
920.52	66.820
920.69	66.757
920.86	66.738
921.03	66.632
921.20	66.493
921.37	66.401
921.54	66.161
921.71	66.067
921.89	65.890
922.06	65.813
922.23	65.707
922.40	65.570
922.57	65.373
922.74	65.278
922.91	65.205
923.08	65.143
923.25	65.061
923.42	64.964
923.59	64.938
923.76	64.730
923.93	64.527
924.11	64.366
924.28	64.245
924.45	64.110
924.62	64.090
924.79	63.991
924.96	63.827
925.13	63.799
925.30	63.697
925.47	63.556
925.64	63.465
925.81	63.381
925.98	63.325
926.15	63.309
926.32	63.152
926.49	63.025
926.66	62.933
926.83	62.831
927.00	62.806
927.17	62.683
927.34	62.749
927.51	62.714
927.69	62.752
927.86	62.698
928.03	62.584
928.20	62.549
928.37	62.471
928.54	62.509
928.71	62.460
928.88	62.485
929.05	62.492
929.22	62.481
929.39	62.435
929.56	62.362
929.73	62.318
929.90	62.366
930.07	62.353
930.24	62.297
930.41	62.306
930.58	62.352
930.75	62.419
930.92	62.355
931.09	62.336
931.26	62.290
931.43	62.256
931.60	62.276
931.77	62.205
931.94	62.252
932.11	62.276
932.27	62.294
932.44	62.302
932.61	62.338
932.78	62.292
932.95	62.388
933.12	62.348
933.29	62.365
933.46	62.369
933.63	62.330
933.80	62.367
933.97	62.363
934.14	62.328
934.31	62.265
934.48	62.302
934.65	62.326
934.82	62.397
934.99	62.462
935.16	62.519
935.33	62.600
935.50	62.721
935.67	62.798
935.84	62.844
936.00	62.876
936.17	62.935
936.34	63.062
936.51	63.040
936.68	63.094
936.85	63.127
937.02	63.225
937.19	63.272
937.36	63.411
937.53	63.414
937.70	63.519
937.87	63.601
938.03	63.618
938.20	63.692
938.37	63.766
938.54	63.825
938.71	63.863
938.88	63.979
939.05	63.925
939.22	63.890
939.39	63.982
939.56	64.147
939.72	64.209
939.89	64.243
940.06	64.293
940.23	64.389
940.40	64.484
940.57	64.624
940.74	64.779
940.91	64.846
941.08	65.064
941.24	65.128
941.41	65.295
941.58	65.522
941.75	65.644
941.92	65.787
942.09	65.907
942.26	65.999
942.42	66.044
942.59	66.246
942.76	66.588
942.93	66.742
943.10	66.751
943.27	66.910
943.44	67.055
943.60	67.238
943.77	67.242
943.94	67.448
944.11	67.491
944.28	67.571
944.45	67.697
944.61	67.771
944.78	67.788
944.95	67.829
945.12	68.015
945.29	68.135
945.46	68.080
945.62	68.105
945.79	68.322
945.96	68.628
946.13	68.784
946.30	68.776
946.46	68.936
946.63	69.060
946.80	69.177
946.97	69.354
947.14	69.429
947.31	69.932
947.47	70.176
947.64	70.354
947.81	70.533
947.98	70.724
948.15	70.823
948.31	71.064
948.48	71.207
948.65	71.190
948.82	71.316
948.98	71.494
949.15	71.832
949.32	71.879
949.49	71.851
949.66	71.929
949.82	71.989
949.99	72.104
950.16	72.220
950.33	72.186
950.49	72.258
950.66	72.233
950.83	72.080
951.00	71.917
951.16	71.716
951.33	71.759
951.50	71.674
951.67	71.742
951.83	71.769
952.00	71.780
952.17	71.737
952.34	71.763
952.50	71.932
952.67	71.851
952.84	71.897
953.01	71.819
953.17	71.808
953.34	71.916
953.51	71.819
953.68	71.722
953.84	71.694
954.01	71.602
954.18	71.565
954.34	71.607
954.51	71.672
954.68	71.825
954.85	71.809
955.01	71.961
955.18	72.189
955.35	71.954
955.51	71.918
955.68	72.050
955.85	72.210
956.02	72.062
956.18	72.125
956.35	72.048
956.52	72.113
956.68	72.136
956.85	71.990
957.02	72.074
957.18	72.112
957.35	72.138
957.52	72.259
957.69	72.362
957.85	72.404
958.02	72.310
958.19	72.189
958.35	72.151
958.52	71.907
958.69	71.557
958.85	71.748
959.02	71.840
959.19	71.545
959.35	71.467
959.52	71.542
959.69	71.527
959.85	71.596
960.02	71.609
960.19	71.476
960.35	71.427
960.52	71.303
960.68	71.254
960.85	71.349
961.02	71.103
961.18	71.111
961.35	70.888
961.52	70.945
961.68	71.001
961.85	70.943
962.02	71.011
962.18	71.050
962.35	70.779
962.51	70.633
962.68	70.699
962.85	70.538
963.01	70.231
963.18	70.112
963.35	69.701
963.51	69.516
963.68	69.536
963.84	69.312
964.01	69.382
964.18	69.267
964.34	68.993
964.51	68.802
964.67	68.566
964.84	68.560
965.01	68.306
965.17	67.997
965.34	67.970
965.50	67.698
965.67	67.647
965.84	67.703
966.00	67.816
966.17	67.935
966.33	67.806
966.50	67.731
966.66	67.702
966.83	67.823
967.00	67.699
967.16	67.511
967.33	67.472
967.49	67.269
967.66	67.440
967.82	67.348
967.99	67.564
968.16	67.588
968.32	67.449
968.49	67.289
968.65	67.492
968.82	67.400
968.98	67.493
969.15	67.164
969.31	66.891
969.48	66.602
969.64	66.249
969.81	66.242
969.98	66.197
970.14	65.802
970.31	65.762
970.47	65.535
970.64	65.318
970.80	65.327
970.97	64.810
971.13	64.483
971.30	64.381
971.46	64.156
971.63	63.959
971.79	64.013
971.96	63.993
972.12	63.721
972.29	63.282
972.45	63.136
972.62	63.165
972.78	63.218
972.95	62.834
973.11	62.645
973.28	62.517
973.44	62.510
973.61	62.749
973.77	62.545
973.94	62.568
974.10	62.721
974.27	62.726
974.43	63.086
974.60	63.033
974.76	63.015
974.93	62.942
975.09	62.772
975.26	62.537
975.42	62.571
975.59	62.377
975.75	62.798
975.92	62.694
976.08	62.231
976.24	62.048
976.41	61.911
976.57	61.992
976.74	61.862
976.90	61.469
977.07	60.971
977.23	60.956
977.40	60.808
977.56	60.188
977.73	59.896
977.89	59.552
978.05	59.171
978.22	58.946
978.38	58.678
978.55	58.446
978.71	58.261
978.88	58.160
979.04	58.134
979.20	57.863
979.37	57.830
979.53	57.867
979.70	57.972
979.86	58.230
980.03	58.055
980.19	57.981
980.35	58.111
980.52	57.976
980.68	58.009
980.85	57.929
981.01	58.112
981.17	58.016
981.34	57.856
981.50	57.906
981.67	57.928
981.83	57.842
981.99	57.788
982.16	57.610
982.32	56.857
982.49	56.863
982.65	56.709
982.81	56.747
982.98	56.760
983.14	56.747
983.30	56.387
983.47	56.237
983.63	56.037
983.80	55.746
983.96	55.483
984.12	55.892
984.29	56.062
984.45	56.235
984.61	55.986
984.78	56.248
984.94	56.393
985.10	56.804
985.27	56.682
985.43	57.119
985.59	57.487
985.76	57.998
985.92	58.161
986.08	58.565
986.25	58.164
986.41	58.652
986.57	57.965
986.74	58.302
986.90	58.284
987.06	58.151
987.23	58.275
987.39	58.190
987.55	57.213
987.72	56.948
987.88	56.193
988.04	56.603
988.21	57.029
988.37	56.776
988.53	56.114
988.70	56.453
988.86	55.910
989.02	55.552
989.19	55.252
989.35	55.269
989.51	54.460
989.67	54.414
989.84	53.922
990.00	54.037
990.16	54.278
990.33	54.464
990.49	54.767
990.65	54.872
990.82	55.188
990.98	55.276
991.14	55.264
991.30	56.128
991.47	55.456
991.63	55.311
991.79	56.265
991.95	56.493
992.12	56.713
992.28	57.092
992.44	57.271
992.61	57.482
992.77	57.479
992.93	58.147
993.09	58.292
993.26	58.643
993.42	59.225
993.58	58.727
993.74	58.675
993.91	58.413
994.07	58.217
994.23	58.645
994.39	58.776
994.55	58.918
994.72	58.424
994.88	58.789
995.04	58.419
995.20	58.009
995.37	57.771
995.53	57.673
995.69	57.459
995.85	57.045
996.02	56.996
996.18	57.298
996.34	56.873
996.50	57.090
996.66	57.934
996.83	57.462
996.99	56.787
997.15	57.430
997.31	57.395
997.47	57.717
997.64	57.435
997.80	57.764
997.96	58.423
998.12	58.628
998.28	59.467
998.45	59.926
998.61	59.748
998.77	59.515
998.93	59.687
999.09	60.781
999.25	61.177
999.42	62.457
999.58	62.234
999.74	61.949
999.90	61.752
1000.06	60.943
1000.22	61.060
1000.39	61.913
1000.55	61.483
1000.71	62.077
1000.87	61.912
1001.03	61.767
1001.19	61.713
1001.36	60.931
1001.52	60.570
1001.68	60.206
1001.84	60.757
1002.00	59.717
1002.16	59.855
1002.32	59.257
1002.49	57.628
1002.65	57.285
1002.81	56.495
1002.97	56.410
1003.13	56.480
1003.29	57.367
1003.45	56.782
1003.62	57.815
1003.78	57.434
1003.94	57.756
1004.10	57.210
1004.26	57.341
1004.42	57.148
1004.58	57.300
1004.74	57.844
1004.90	59.574
1005.07	59.184
1005.23	58.098
1005.39	59.466
1005.55	59.880
1005.71	59.315
1005.87	60.806
1006.03	61.699
1006.19	61.823
1006.35	61.558
1006.51	62.663
1006.67	62.183
1006.84	62.390
1007.00	61.970
1007.16	63.304
1007.32	61.589
1007.48	62.248
1007.64	63.593
1007.80	63.650
1007.96	62.292
1008.12	62.742
1008.28	60.784
1008.44	61.919
1008.60	62.371
1008.76	61.269
1008.92	60.476
1009.09	60.726
1009.25	59.825
1009.41	59.227
1009.57	59.819
1009.73	60.597
1009.89	61.294
1010.05	62.084
1010.21	63.890
1010.37	63.595
1010.53	64.862
1010.69	67.182
1010.85	66.736
1011.01	65.414
1011.17	64.520
1011.33	66.799
1011.49	67.366
1011.65	67.820
1011.81	67.412
1011.97	67.862
1012.13	70.232
1012.29	72.340
1012.45	73.716
1012.61	77.619
1012.77	75.304
1012.93	74.853
1013.09	73.393
1013.25	72.884
1013.41	73.728
1013.57	71.010
1013.73	69.961
1013.89	65.981
1014.05	67.424
1014.21	65.653
1014.37	64.178
1014.53	63.562
1014.69	63.209
1014.85	63.075
1015.01	65.101
1015.17	67.349
1015.33	68.286
1015.49	66.593
1015.65	68.148
1015.81	68.620
1015.97	65.609
1016.13	69.560
1016.29	68.623
1016.45	70.183
1016.61	71.551
1016.77	69.099
1016.93	69.731
1017.09	69.896
1017.25	71.320
1017.41	70.492
1017.56	72.370
1017.72	79.015
1017.88	80.354
1018.04	82.475
1018.20	80.284
1018.36	80.035
1018.52	77.843
1018.68	78.198
1018.84	79.553
1019.00	77.799
1019.16	79.784
1019.32	82.321
1019.48	82.486
1019.64	85.854
1019.79	83.028
1019.95	78.308
1020.11	83.054
1020.27	83.528
1020.43	89.238
1020.59	92.172
1020.75	89.798
1020.91	93.816
1021.07	85.976
1021.23	87.056
1021.39	81.331
1021.54	87.212
1021.70	84.009
1021.86	83.563
1022.02	81.827
1022.18	78.607
1022.34	80.899
1022.50	78.816
1022.66	76.381
1022.82	76.895
1022.97	76.827
1023.13	80.189
1023.29	86.921
1023.45	85.448
1023.61	86.326
1023.77	84.569
1023.93	84.310
1024.08	84.143
1024.24	81.163
1024.40	82.901
1024.56	89.659
1024.72	94.183
1024.88	82.157
1025.04	87.998
1025.19	85.844
1025.35	82.251
1025.51	88.679
1025.67	91.989
1025.83	88.946
1025.99	90.985
1026.14	88.021
1026.30	97.009
1026.46	99.614
1026.62	91.184
1026.78	83.021
1026.94	80.832
1027.09	77.267
1027.25	75.039
1027.41	76.735
1027.57	76.775
1027.73	75.534
1027.89	69.443
1028.04	68.450
1028.20	67.729
1028.36	68.332
1028.52	67.813
1028.68	68.635
1028.83	69.260
1028.99	65.642
1029.15	66.405
1029.31	66.234
1029.47	67.862
1029.62	65.614
1029.78	65.211
1029.94	65.978
1030.10	69.032
1030.25	70.980
1030.41	75.767
1030.57	78.449
1030.73	81.669
1030.89	82.554
1031.04	86.523
1031.20	93.716
1031.36	102.165
1031.52	111.315
1031.67	115.592
1031.83	122.965
1031.99	138.579
1032.15	120.835
1032.30	137.276
1032.46	161.330
1032.62	150.529
1032.78	135.831
1032.93	156.774
1033.09	134.957
1033.25	127.184
1033.41	131.130
1033.56	125.408
1033.72	-0.588
1033.88	381.071
1034.04	72.468
1034.19	78.727
1034.35	88.435
1034.51	-33.641
1034.66	54.397
1034.82	1995.000
1034.98	1995.000
1035.14	1995.000
