345.22	42.488
345.43	42.488
345.65	42.488
345.86	45.100
346.08	137.803
346.29	10.870
346.51	26.637
346.72	31.869
346.94	-206.795
347.15	-72.724
347.37	145.976
347.58	175.322
347.80	204.040
348.01	175.265
348.23	122.635
348.44	113.566
348.66	105.569
348.87	106.994
349.09	100.664
349.30	90.223
349.52	84.781
349.73	88.076
349.95	87.538
350.16	89.001
350.38	86.128
350.59	80.225
350.81	79.537
351.02	77.993
351.24	76.967
351.45	75.991
351.67	78.414
351.88	77.782
352.10	74.470
352.31	73.297
352.53	76.852
352.74	78.267
352.96	79.073
353.17	77.954
353.39	79.267
353.60	81.721
353.82	82.535
354.03	82.142
354.25	77.708
354.46	73.446
354.67	70.596
354.89	68.950
355.10	72.378
355.32	71.142
355.53	72.731
355.75	74.719
355.96	75.789
356.18	74.884
356.39	74.878
356.61	78.945
356.82	79.042
357.04	75.348
357.25	75.833
357.46	75.482
357.68	74.893
357.89	73.202
358.11	71.523
358.32	74.582
358.54	73.075
358.75	74.271
358.97	76.247
359.18	79.365
359.40	79.155
359.61	79.814
359.82	81.277
360.04	80.784
360.25	78.528
360.47	74.949
360.68	74.564
360.90	74.825
361.11	72.512
361.32	72.240
361.54	75.851
361.75	75.737
361.97	76.908
362.18	78.083
362.40	79.547
362.61	80.817
362.83	80.242
363.04	81.333
363.25	82.817
363.47	83.961
363.68	81.517
363.90	84.969
364.11	85.369
364.32	85.170
364.54	83.832
364.75	81.436
364.97	85.012
365.18	84.106
365.40	82.134
365.61	82.226
365.82	82.991
366.04	81.684
366.25	81.156
366.47	79.192
366.68	77.872
366.89	79.101
367.11	77.334
367.32	77.726
367.54	75.165
367.75	74.946
367.96	74.008
368.18	75.351
368.39	74.286
368.61	74.474
368.82	75.545
369.03	77.643
369.25	81.427
369.46	82.035
369.68	82.623
369.89	83.736
370.10	84.377
370.32	84.607
370.53	83.964
370.75	80.088
370.96	82.223
371.17	82.890
371.39	80.542
371.60	80.684
371.81	81.322
372.03	83.503
372.24	84.041
372.46	87.345
372.67	87.894
372.88	86.553
373.10	86.018
373.31	84.995
373.52	85.028
373.74	83.178
373.95	82.045
374.17	83.404
374.38	85.316
374.59	85.531
374.81	83.729
375.02	82.065
375.23	85.425
375.45	83.219
375.66	80.874
375.87	81.927
376.09	82.109
376.30	80.653
376.52	82.240
376.73	79.689
376.94	77.762
377.16	78.686
377.37	82.437
377.58	82.526
377.80	84.023
378.01	85.135
378.22	86.944
378.44	88.016
378.65	89.821
378.86	90.350
379.08	90.939
379.29	91.848
379.50	94.981
379.72	95.166
379.93	98.575
380.14	101.927
380.36	102.816
380.57	104.447
380.78	105.063
381.00	105.916
381.21	107.583
381.42	108.838
381.64	109.369
381.85	109.237
382.06	109.680
382.28	109.764
382.49	109.407
382.70	109.940
382.92	110.267
383.13	109.756
383.34	110.133
383.56	111.169
383.77	112.360
383.98	111.999
384.20	113.109
384.41	113.250
384.62	113.552
384.83	114.170
385.05	114.595
385.26	115.523
385.47	116.373
385.69	117.297
385.90	118.104
386.11	118.851
386.33	119.790
386.54	120.570
386.75	121.227
386.97	122.369
387.18	123.146
387.39	124.006
387.60	124.390
387.82	124.885
388.03	125.236
388.24	125.797
388.46	126.248
388.67	126.385
388.88	126.354
389.09	126.238
389.31	126.002
389.52	125.757
389.73	125.247
389.95	124.778
390.16	124.243
390.37	123.809
390.58	123.319
390.80	122.581
391.01	122.050
391.22	121.499
391.44	120.597
391.65	119.849
391.86	119.137
392.07	118.823
392.29	118.361
392.50	117.853
392.71	117.350
392.92	117.063
393.14	116.671
393.35	116.491
393.56	116.482
393.78	116.539
393.99	116.825
394.20	117.198
394.41	117.496
394.63	117.821
394.84	118.367
395.05	119.080
395.26	119.737
395.48	120.440
395.69	121.094
395.90	122.049
396.11	122.938
396.33	123.771
396.54	124.648
396.75	125.364
396.96	126.122
397.18	126.746
397.39	127.369
397.60	128.028
397.81	128.551
398.03	128.893
398.24	129.171
398.45	129.251
398.66	129.268
398.87	129.257
399.09	129.116
399.30	128.751
399.51	128.184
399.72	127.688
399.94	127.078
400.15	126.406
400.36	125.559
400.57	124.673
400.79	123.787
401.00	122.781
401.21	121.868
401.42	120.933
401.63	120.016
401.85	119.134
402.06	118.362
402.27	117.599
402.48	116.974
402.69	116.415
402.91	115.885
403.12	115.420
403.33	115.172
403.54	115.084
403.76	114.939
403.97	115.017
404.18	115.204
404.39	115.517
404.60	115.951
404.82	116.504
405.03	117.161
405.24	117.829
405.45	118.578
405.66	119.393
405.88	120.230
406.09	121.154
406.30	121.980
406.51	122.720
406.72	123.535
406.94	124.293
407.15	124.987
407.36	125.705
407.57	126.358
407.78	126.853
407.99	127.200
408.21	127.549
408.42	127.773
408.63	127.933
408.84	127.888
409.05	127.777
409.27	127.466
409.48	126.990
409.69	126.454
409.90	125.907
410.11	125.250
410.32	124.529
410.54	123.668
410.75	122.744
410.96	121.799
411.17	120.798
411.38	119.798
411.59	118.817
411.81	117.768
412.02	116.746
412.23	115.778
412.44	114.888
412.65	114.126
412.86	113.448
413.08	112.762
413.29	112.163
413.50	111.735
413.71	111.432
413.92	111.212
414.13	111.113
414.34	111.099
414.56	111.125
414.77	111.313
414.98	111.585
415.19	112.074
415.40	112.660
415.61	113.307
415.82	113.979
416.04	114.751
416.25	115.518
416.46	116.356
416.67	117.265
416.88	118.124
417.09	118.978
417.30	119.757
417.52	120.592
417.73	121.325
417.94	121.991
418.15	122.616
418.36	123.254
418.57	123.708
418.78	124.067
418.99	124.414
419.21	124.629
419.42	124.762
419.63	124.751
419.84	124.615
420.05	124.364
420.26	123.993
420.47	123.469
420.68	122.967
420.89	122.357
421.11	121.583
421.32	120.853
421.53	120.004
421.74	119.146
421.95	118.258
422.16	117.375
422.37	116.484
422.58	115.508
422.79	114.541
423.01	113.670
423.22	112.809
423.43	112.034
423.64	111.293
423.85	110.648
424.06	110.103
424.27	109.608
424.48	109.225
424.69	109.017
424.90	108.885
425.11	108.837
425.33	108.914
425.54	109.075
425.75	109.294
425.96	109.617
426.17	110.059
426.38	110.570
426.59	111.165
426.80	111.820
427.01	112.580
427.22	113.412
427.43	114.330
427.64	115.205
427.85	116.051
428.07	116.957
428.28	117.794
428.49	118.651
428.70	119.495
428.91	120.290
429.12	120.982
429.33	121.673
429.54	122.294
429.75	122.809
429.96	123.326
430.17	123.742
430.38	124.063
430.59	124.211
430.80	124.257
431.01	124.218
431.22	124.111
431.44	123.872
431.65	123.557
431.86	123.098
432.07	122.601
432.28	122.035
432.49	121.367
432.70	120.642
432.91	119.804
433.12	118.907
433.33	117.976
433.54	117.076
433.75	116.143
433.96	115.216
434.17	114.207
434.38	113.254
434.59	112.335
434.80	111.438
435.01	110.684
435.22	109.986
435.43	109.358
435.64	108.772
435.85	108.271
436.06	107.841
436.27	107.539
436.48	107.334
436.69	107.179
436.90	107.163
437.11	107.253
437.33	107.443
437.54	107.735
437.75	108.154
437.96	108.587
438.17	109.097
438.38	109.635
438.59	110.310
438.80	111.001
439.01	111.800
439.22	112.668
439.43	113.407
439.64	114.198
439.85	115.007
440.06	115.784
440.27	116.607
440.48	117.360
440.69	118.072
440.90	118.741
441.11	119.417
441.32	119.989
441.53	120.493
441.74	120.900
441.95	121.275
442.16	121.535
442.37	121.683
442.58	121.781
442.79	121.806
443.00	121.733
443.21	121.574
443.42	121.247
443.62	120.769
443.83	120.393
444.04	119.889
444.25	119.310
444.46	118.657
444.67	117.910
444.88	117.142
445.09	116.310
445.30	115.439
445.51	114.501
445.72	113.543
445.93	112.644
446.14	111.716
446.35	110.758
446.56	109.874
446.77	109.023
446.98	108.173
447.19	107.352
447.40	106.621
447.61	105.901
447.82	105.277
448.03	104.767
448.24	104.266
448.45	103.870
448.66	103.571
448.87	103.347
449.08	103.239
449.29	103.206
449.49	103.260
449.70	103.417
449.91	103.641
450.12	103.972
450.33	104.326
450.54	104.782
450.75	105.322
450.96	105.886
451.17	106.518
451.38	107.176
451.59	107.884
451.80	108.588
452.01	109.347
452.22	110.130
452.43	110.867
452.64	111.598
452.84	112.337
453.05	113.014
453.26	113.709
453.47	114.317
453.68	114.910
453.89	115.456
454.10	115.892
454.31	116.315
454.52	116.631
454.73	116.910
454.94	117.075
455.15	117.143
455.36	117.120
455.56	117.035
455.77	116.867
455.98	116.643
456.19	116.343
456.40	115.977
456.61	115.546
456.82	115.011
457.03	114.425
457.24	113.755
457.45	113.069
457.65	112.271
457.86	111.479
458.07	110.646
458.28	109.727
458.49	108.865
458.70	107.936
458.91	107.035
459.12	106.120
459.33	105.195
459.54	104.335
459.74	103.498
459.95	102.677
460.16	101.942
460.37	101.255
460.58	100.626
460.79	100.029
461.00	99.471
461.21	99.017
461.41	98.636
461.62	98.329
461.83	98.121
462.04	98.005
462.25	97.911
462.46	97.937
462.67	98.066
462.88	98.265
463.08	98.556
463.29	98.880
463.50	99.284
463.71	99.778
463.92	100.297
464.13	100.843
464.34	101.449
464.54	102.109
464.75	102.794
464.96	103.487
465.17	104.205
465.38	104.897
465.59	105.639
465.80	106.349
466.00	107.031
466.21	107.691
466.42	108.313
466.63	108.963
466.84	109.551
467.05	110.079
467.26	110.549
467.46	110.911
467.67	111.265
467.88	111.568
468.09	111.771
468.30	111.939
468.51	112.042
468.71	112.045
468.92	111.982
469.13	111.838
469.34	111.639
469.55	111.341
469.76	111.027
469.96	110.603
470.17	110.128
470.38	109.618
470.59	109.025
470.80	108.380
471.00	107.728
471.21	106.997
471.42	106.258
471.63	105.488
471.84	104.709
472.05	103.894
472.25	103.061
472.46	102.239
472.67	101.377
472.88	100.575
473.09	99.766
473.29	98.960
473.50	98.215
473.71	97.475
473.92	96.781
474.13	96.130
474.33	95.549
474.54	95.015
474.75	94.536
474.96	94.110
475.17	93.757
475.37	93.427
475.58	93.194
475.79	93.039
476.00	92.951
476.21	92.951
476.41	93.008
476.62	93.144
476.83	93.331
477.04	93.628
477.24	93.940
477.45	94.324
477.66	94.759
477.87	95.218
478.08	95.750
478.28	96.293
478.49	96.885
478.70	97.515
478.91	98.139
479.11	98.780
479.32	99.457
479.53	100.111
479.74	100.800
479.94	101.453
480.15	102.065
480.36	102.663
480.57	103.236
480.78	103.803
480.98	104.287
481.19	104.742
481.40	105.141
481.61	105.536
481.81	105.858
482.02	106.118
482.23	106.355
482.44	106.489
482.64	106.601
482.85	106.635
483.06	106.584
483.27	106.513
483.47	106.390
483.68	106.186
483.89	105.925
484.10	105.594
484.30	105.221
484.51	104.777
484.72	104.314
484.92	103.762
485.13	103.194
485.34	102.597
485.55	101.955
485.75	101.286
485.96	100.556
486.17	99.827
486.38	99.090
486.58	98.321
486.79	97.571
487.00	96.798
487.20	96.027
487.41	95.287
487.62	94.551
487.83	93.821
488.03	93.116
488.24	92.446
488.45	91.795
488.65	91.175
488.86	90.611
489.07	90.081
489.28	89.615
489.48	89.185
489.69	88.844
489.90	88.529
490.10	88.285
490.31	88.103
490.52	87.955
490.73	87.882
490.93	87.868
491.14	87.910
491.35	88.014
491.55	88.169
491.76	88.376
491.97	88.630
492.17	88.924
492.38	89.276
492.59	89.670
492.79	90.116
493.00	90.595
493.21	91.108
493.41	91.637
493.62	92.189
493.83	92.765
494.04	93.314
494.24	93.900
494.45	94.487
494.66	95.053
494.86	95.649
495.07	96.202
495.28	96.768
495.48	97.290
495.69	97.795
495.90	98.285
496.10	98.743
496.31	99.149
496.52	99.518
496.72	99.879
496.93	100.189
497.14	100.441
497.34	100.629
497.55	100.798
497.76	100.910
497.96	100.967
498.17	100.969
498.37	100.935
498.58	100.821
498.79	100.656
498.99	100.471
499.20	100.212
499.41	99.908
499.61	99.533
499.82	99.138
500.03	98.684
500.23	98.212
500.44	97.678
500.65	97.125
500.85	96.550
501.06	95.913
501.26	95.267
501.47	94.599
501.68	93.933
501.88	93.226
502.09	92.525
502.30	91.812
502.50	91.102
502.71	90.399
502.91	89.706
503.12	89.020
503.33	88.345
503.53	87.704
503.74	87.073
503.95	86.466
504.15	85.892
504.36	85.348
504.56	84.832
504.77	84.375
504.98	83.939
505.18	83.563
505.39	83.222
505.59	82.927
505.80	82.685
506.01	82.497
506.21	82.359
506.42	82.269
506.62	82.225
506.83	82.226
507.04	82.287
507.24	82.391
507.45	82.551
507.65	82.753
507.86	82.979
508.07	83.260
508.27	83.586
508.48	83.940
508.68	84.345
508.89	84.767
509.10	85.205
509.30	85.674
509.51	86.150
509.71	86.644
509.92	87.152
510.12	87.665
510.33	88.183
510.54	88.695
510.74	89.215
510.95	89.720
511.15	90.220
511.36	90.718
511.56	91.199
511.77	91.646
511.98	92.078
512.18	92.499
512.39	92.884
512.59	93.237
512.80	93.552
513.00	93.833
513.21	94.074
513.42	94.292
513.62	94.461
513.83	94.602
514.03	94.688
514.24	94.728
514.44	94.718
514.65	94.678
514.85	94.599
515.06	94.479
515.26	94.306
515.47	94.098
515.68	93.837
515.88	93.540
516.09	93.205
516.29	92.836
516.50	92.423
516.70	91.975
516.91	91.502
517.11	91.003
517.32	90.479
517.52	89.930
517.73	89.373
517.93	88.789
518.14	88.187
518.34	87.585
518.55	86.972
518.76	86.360
518.96	85.725
519.17	85.091
519.37	84.452
519.58	83.846
519.78	83.235
519.99	82.628
520.19	82.043
520.40	81.492
520.60	80.953
520.81	80.437
521.01	79.938
521.22	79.484
521.42	79.057
521.63	78.659
521.83	78.299
522.04	77.963
522.24	77.686
522.45	77.447
522.65	77.250
522.86	77.100
523.06	76.983
523.27	76.920
523.47	76.894
523.68	76.912
523.88	76.954
524.09	77.046
524.29	77.189
524.50	77.365
524.70	77.572
524.91	77.812
525.11	78.099
525.32	78.429
525.52	78.771
525.72	79.163
525.93	79.571
526.13	80.006
526.34	80.445
526.54	80.917
526.75	81.382
526.95	81.865
527.16	82.344
527.36	82.843
527.57	83.336
527.77	83.823
527.98	84.324
528.18	84.821
528.39	85.295
528.59	85.768
528.79	86.219
529.00	86.668
529.20	87.090
529.41	87.514
529.61	87.902
529.82	88.255
530.02	88.572
530.23	88.874
530.43	89.128
530.64	89.370
530.84	89.558
531.04	89.712
531.25	89.856
531.45	89.971
531.66	90.041
531.86	90.073
532.07	90.062
532.27	90.011
532.47	89.932
532.68	89.835
532.88	89.698
533.09	89.524
533.29	89.294
533.50	89.041
533.70	88.721
533.90	88.394
534.11	88.053
534.31	87.678
534.52	87.267
534.72	86.860
534.93	86.425
535.13	85.955
535.33	85.486
535.54	84.971
535.74	84.453
535.95	83.909
536.15	83.383
536.35	82.845
536.56	82.302
536.76	81.739
536.97	81.191
537.17	80.632
537.37	80.083
537.58	79.562
537.78	79.044
537.99	78.546
538.19	78.041
538.39	77.553
538.60	77.090
538.80	76.664
539.01	76.235
539.21	75.839
539.41	75.483
539.62	75.145
539.82	74.844
540.03	74.566
540.23	74.341
540.43	74.131
540.64	73.977
540.84	73.846
541.04	73.765
541.25	73.722
541.45	73.709
541.66	73.729
541.86	73.784
542.06	73.882
542.27	74.012
542.47	74.196
542.67	74.391
542.88	74.625
543.08	74.888
543.28	75.189
543.49	75.507
543.69	75.857
543.90	76.241
544.10	76.628
544.30	77.062
544.51	77.491
544.71	77.963
544.91	78.420
545.12	78.901
545.32	79.394
545.52	79.870
545.73	80.377
545.93	80.878
546.13	81.355
546.34	81.829
546.54	82.302
546.74	82.761
546.95	83.235
547.15	83.692
547.35	84.117
547.56	84.552
547.76	84.977
547.96	85.368
548.17	85.752
548.37	86.123
548.57	86.436
548.78	86.738
548.98	87.005
549.18	87.239
549.39	87.446
549.59	87.624
549.79	87.795
550.00	87.916
550.20	88.039
550.40	88.108
550.61	88.155
550.81	88.166
551.01	88.146
551.22	88.095
551.42	88.007
551.62	87.894
551.82	87.732
552.03	87.557
552.23	87.348
552.43	87.102
552.64	86.836
552.84	86.545
553.04	86.224
553.25	85.880
553.45	85.506
553.65	85.119
553.85	84.729
554.06	84.311
554.26	83.870
554.46	83.395
554.67	82.930
554.87	82.443
555.07	81.965
555.27	81.466
555.48	80.958
555.68	80.462
555.88	79.957
556.09	79.460
556.29	78.941
556.49	78.448
556.69	77.942
556.90	77.450
557.10	76.987
557.30	76.548
557.50	76.100
557.71	75.695
557.91	75.298
558.11	74.901
558.31	74.537
558.52	74.201
558.72	73.894
558.92	73.614
559.13	73.364
559.33	73.134
559.53	72.926
559.73	72.765
559.94	72.620
560.14	72.505
560.34	72.416
560.54	72.365
560.75	72.354
560.95	72.368
561.15	72.425
561.35	72.497
561.55	72.587
561.76	72.725
561.96	72.874
562.16	73.068
562.36	73.301
562.57	73.546
562.77	73.818
562.97	74.118
563.17	74.430
563.38	74.757
563.58	75.116
563.78	75.500
563.98	75.890
564.18	76.291
564.39	76.719
564.59	77.151
564.79	77.606
564.99	78.050
565.20	78.501
565.40	78.941
565.60	79.385
565.80	79.852
566.00	80.297
566.21	80.750
566.41	81.177
566.61	81.606
566.81	82.038
567.01	82.453
567.22	82.862
567.42	83.259
567.62	83.628
567.82	83.981
568.02	84.317
568.23	84.636
568.43	84.935
568.63	85.221
568.83	85.471
569.03	85.687
569.24	85.891
569.44	86.079
569.64	86.246
569.84	86.398
570.04	86.495
570.24	86.583
570.45	86.646
570.65	86.687
570.85	86.693
571.05	86.657
571.25	86.598
571.45	86.503
571.66	86.404
571.86	86.284
572.06	86.118
572.26	85.941
572.46	85.742
572.66	85.529
572.87	85.272
573.07	85.010
573.27	84.723
573.47	84.420
573.67	84.088
573.87	83.730
574.08	83.349
574.28	82.979
574.48	82.585
574.68	82.168
574.88	81.745
575.08	81.295
575.28	80.851
575.49	80.406
575.69	79.956
575.89	79.480
576.09	79.024
576.29	78.555
576.49	78.084
576.69	77.611
576.90	77.145
577.10	76.693
577.30	76.246
577.50	75.813
577.70	75.378
577.90	74.958
578.10	74.570
578.30	74.190
578.51	73.821
578.71	73.476
578.91	73.147
579.11	72.832
579.31	72.546
579.51	72.278
579.71	72.037
579.91	71.810
580.12	71.620
580.32	71.450
580.52	71.319
580.72	71.198
580.92	71.105
581.12	71.026
581.32	70.984
581.52	70.982
581.72	70.990
581.92	71.029
582.13	71.108
582.33	71.188
582.53	71.308
582.73	71.441
582.93	71.608
583.13	71.803
583.33	72.029
583.53	72.271
583.73	72.538
583.93	72.824
584.13	73.138
584.34	73.477
584.54	73.803
584.74	74.141
584.94	74.519
585.14	74.901
585.34	75.300
585.54	75.674
585.74	76.064
585.94	76.478
586.14	76.910
586.34	77.323
586.54	77.763
586.74	78.200
586.94	78.646
587.15	79.092
587.35	79.522
587.55	79.945
587.75	80.369
587.95	80.773
588.15	81.167
588.35	81.545
588.55	81.921
588.75	82.300
588.95	82.666
589.15	83.009
589.35	83.343
589.55	83.658
589.75	83.993
589.95	84.285
590.15	84.555
590.35	84.795
590.55	85.028
590.75	85.227
590.95	85.404
591.15	85.560
591.35	85.682
591.56	85.787
591.76	85.869
591.96	85.927
592.16	85.974
592.36	85.994
592.56	86.002
592.76	85.971
592.96	85.928
593.16	85.844
593.36	85.743
593.56	85.632
593.76	85.508
593.96	85.334
594.16	85.163
594.36	84.968
594.56	84.750
594.76	84.511
594.96	84.265
595.16	83.981
595.36	83.691
595.56	83.375
595.76	83.038
595.96	82.680
596.16	82.328
596.36	81.954
596.56	81.578
596.76	81.171
596.96	80.766
597.16	80.354
597.36	79.951
597.56	79.532
597.76	79.095
597.96	78.657
598.16	78.225
598.36	77.786
598.56	77.344
598.76	76.911
598.96	76.492
599.16	76.070
599.36	75.678
599.56	75.282
599.76	74.890
599.96	74.517
600.15	74.157
600.35	73.810
600.55	73.476
600.75	73.141
600.95	72.839
601.15	72.536
601.35	72.248
601.55	71.979
601.75	71.741
601.95	71.518
602.15	71.322
602.35	71.127
602.55	70.966
602.75	70.828
602.95	70.703
603.15	70.587
603.35	70.511
603.55	70.445
603.75	70.397
603.95	70.382
604.15	70.388
604.35	70.425
604.54	70.472
604.74	70.565
604.94	70.668
605.14	70.781
605.34	70.927
605.54	71.104
605.74	71.304
605.94	71.510
606.14	71.742
606.34	71.987
606.54	72.260
606.74	72.553
606.94	72.854
607.14	73.180
607.33	73.530
607.53	73.875
607.73	74.227
607.93	74.587
608.13	74.959
608.33	75.345
608.53	75.719
608.73	76.114
608.93	76.488
609.13	76.882
609.33	77.286
609.52	77.692
609.72	78.087
609.92	78.475
610.12	78.874
610.32	79.266
610.52	79.669
610.72	80.048
610.92	80.419
611.12	80.793
611.31	81.155
611.51	81.506
611.71	81.851
611.91	82.200
612.11	82.544
612.31	82.876
612.51	83.182
612.71	83.490
612.91	83.766
613.10	84.042
613.30	84.324
613.50	84.570
613.70	84.797
613.90	85.000
614.10	85.182
614.30	85.333
614.50	85.476
614.69	85.576
614.89	85.679
615.09	85.760
615.29	85.821
615.49	85.862
615.69	85.880
615.89	85.883
616.08	85.868
616.28	85.824
616.48	85.761
616.68	85.674
616.88	85.568
617.08	85.443
617.27	85.312
617.47	85.144
617.67	84.960
617.87	84.755
618.07	84.546
618.27	84.327
618.47	84.100
618.66	83.849
618.86	83.593
619.06	83.308
619.26	83.019
619.46	82.716
619.66	82.389
619.85	82.052
620.05	81.704
620.25	81.330
620.45	80.963
620.65	80.581
620.84	80.222
621.04	79.845
621.24	79.487
621.44	79.090
621.64	78.677
621.84	78.286
622.03	77.890
622.23	77.498
622.43	77.103
622.63	76.715
622.83	76.326
623.02	75.941
623.22	75.572
623.42	75.184
623.62	74.817
623.82	74.468
624.01	74.116
624.21	73.775
624.41	73.454
624.61	73.147
624.81	72.860
625.00	72.560
625.20	72.279
625.40	72.002
625.60	71.754
625.79	71.537
625.99	71.337
626.19	71.144
626.39	70.967
626.59	70.805
626.78	70.676
626.98	70.560
627.18	70.456
627.38	70.377
627.57	70.343
627.77	70.308
627.97	70.291
628.17	70.310
628.37	70.334
628.56	70.396
628.76	70.461
628.96	70.542
629.16	70.642
629.35	70.789
629.55	70.942
629.75	71.115
629.95	71.304
630.14	71.498
630.34	71.724
630.54	71.962
630.74	72.210
630.93	72.470
631.13	72.742
631.33	73.023
631.53	73.299
631.72	73.587
631.92	73.899
632.12	74.230
632.31	74.557
632.51	74.919
632.71	75.272
632.91	75.626
633.10	75.991
633.30	76.378
633.50	76.735
633.70	77.118
633.89	77.492
634.09	77.877
634.29	78.260
634.48	78.635
634.68	79.025
634.88	79.412
635.08	79.798
635.27	80.191
635.47	80.577
635.67	80.972
635.86	81.362
636.06	81.735
636.26	82.083
636.46	82.433
636.65	82.766
636.85	83.109
637.05	83.440
637.24	83.739
637.44	84.031
637.64	84.319
637.83	84.603
638.03	84.880
638.23	85.113
638.43	85.346
638.62	85.558
638.82	85.740
639.02	85.919
639.21	86.072
639.41	86.203
639.61	86.338
639.80	86.451
640.00	86.542
640.20	86.640
640.39	86.729
640.59	86.788
640.79	86.833
640.98	86.844
641.18	86.850
641.38	86.857
641.57	86.827
641.77	86.775
641.97	86.693
642.16	86.604
642.36	86.510
642.56	86.398
642.75	86.289
642.95	86.149
643.15	85.997
643.34	85.842
643.54	85.668
643.74	85.461
643.93	85.249
644.13	85.000
644.33	84.733
644.52	84.462
644.72	84.192
644.91	83.903
645.11	83.593
645.31	83.284
645.50	82.971
645.70	82.657
645.90	82.343
646.09	82.007
646.29	81.659
646.48	81.307
646.68	80.939
646.88	80.570
647.07	80.206
647.27	79.833
647.47	79.452
647.66	79.083
647.86	78.708
648.05	78.340
648.25	77.983
648.45	77.621
648.64	77.250
648.84	76.897
649.04	76.533
649.23	76.177
649.43	75.833
649.62	75.483
649.82	75.132
650.02	74.798
650.21	74.477
650.41	74.184
650.60	73.893
650.80	73.637
651.00	73.357
651.19	73.106
651.39	72.864
651.58	72.630
651.78	72.420
651.97	72.237
652.17	72.057
652.37	71.883
652.56	71.743
652.76	71.613
652.95	71.495
653.15	71.419
653.35	71.345
653.54	71.279
653.74	71.222
653.93	71.196
654.13	71.182
654.32	71.176
654.52	71.168
654.72	71.195
654.91	71.231
655.11	71.297
655.30	71.380
655.50	71.480
655.69	71.595
655.89	71.710
656.08	71.836
656.28	71.987
656.48	72.158
656.67	72.337
656.87	72.531
657.06	72.723
657.26	72.924
657.45	73.153
657.65	73.400
657.84	73.670
658.04	73.936
658.23	74.224
658.43	74.528
658.62	74.846
658.82	75.162
659.02	75.484
659.21	75.826
659.41	76.159
659.60	76.499
659.80	76.850
659.99	77.226
660.19	77.593
660.38	77.968
660.58	78.332
660.77	78.709
660.97	79.073
661.16	79.445
661.36	79.807
661.55	80.185
661.75	80.552
661.94	80.908
662.14	81.279
662.33	81.647
662.53	82.004
662.72	82.360
662.92	82.702
663.11	83.030
663.31	83.368
663.50	83.703
663.70	84.041
663.89	84.366
664.09	84.666
664.28	84.978
664.48	85.261
664.67	85.559
664.87	85.821
665.06	86.091
665.26	86.341
665.45	86.586
665.65	86.810
665.84	87.038
666.04	87.245
666.23	87.414
666.43	87.563
666.62	87.706
666.82	87.834
667.01	87.955
667.21	88.067
667.40	88.147
667.59	88.234
667.79	88.284
667.98	88.306
668.18	88.323
668.37	88.316
668.57	88.327
668.76	88.302
668.96	88.259
669.15	88.204
669.35	88.156
669.54	88.075
669.73	87.989
669.93	87.882
670.12	87.775
670.32	87.675
670.51	87.546
670.71	87.408
670.90	87.264
671.10	87.107
671.29	86.928
671.48	86.732
671.68	86.519
671.87	86.304
672.07	86.078
672.26	85.876
672.46	85.639
672.65	85.385
672.84	85.122
673.04	84.864
673.23	84.591
673.43	84.299
673.62	84.019
673.82	83.726
674.01	83.398
674.20	83.080
674.40	82.746
674.59	82.419
674.79	82.098
674.98	81.759
675.17	81.419
675.37	81.091
675.56	80.760
675.76	80.423
675.95	80.069
676.14	79.738
676.34	79.369
676.53	79.025
676.73	78.670
676.92	78.315
677.11	77.967
677.31	77.620
677.50	77.291
677.70	76.950
677.89	76.611
678.08	76.307
678.28	76.001
678.47	75.712
678.66	75.432
678.86	75.158
679.05	74.888
679.25	74.635
679.44	74.390
679.63	74.170
679.83	73.943
680.02	73.747
680.21	73.554
680.41	73.374
680.60	73.190
680.79	73.032
680.99	72.887
681.18	72.739
681.38	72.621
681.57	72.522
681.76	72.446
681.96	72.382
682.15	72.320
682.34	72.258
682.54	72.210
682.73	72.185
682.92	72.158
683.12	72.166
683.31	72.184
683.50	72.215
683.70	72.256
683.89	72.301
684.08	72.371
684.28	72.454
684.47	72.552
684.66	72.672
684.86	72.800
685.05	72.946
685.24	73.116
685.44	73.284
685.63	73.457
685.82	73.650
686.02	73.840
686.21	74.074
686.40	74.313
686.60	74.572
686.79	74.836
686.98	75.109
687.18	75.390
687.37	75.671
687.56	75.948
687.75	76.244
687.95	76.552
688.14	76.858
688.33	77.179
688.53	77.503
688.72	77.850
688.91	78.190
689.11	78.525
689.30	78.891
689.49	79.258
689.68	79.619
689.88	79.969
690.07	80.325
690.26	80.663
690.46	81.017
690.65	81.349
690.84	81.689
691.03	82.044
691.23	82.386
691.42	82.730
691.61	83.080
691.80	83.406
692.00	83.741
692.19	84.057
692.38	84.372
692.58	84.692
692.77	84.989
692.96	85.279
693.15	85.574
693.35	85.845
693.54	86.135
693.73	86.422
693.92	86.684
694.12	86.954
694.31	87.201
694.50	87.461
694.69	87.690
694.89	87.909
695.08	88.108
695.27	88.325
695.46	88.515
695.66	88.704
695.85	88.892
696.04	89.066
696.23	89.251
696.43	89.410
696.62	89.535
696.81	89.654
697.00	89.777
697.19	89.886
697.39	89.971
697.58	90.035
697.77	90.077
697.96	90.136
698.16	90.167
698.35	90.216
698.54	90.218
698.73	90.246
698.92	90.228
699.12	90.209
699.31	90.166
699.50	90.122
699.69	90.068
699.89	89.994
700.08	89.916
700.27	89.811
700.46	89.711
700.65	89.600
700.85	89.497
701.04	89.364
701.23	89.213
701.42	89.054
701.61	88.889
701.81	88.712
702.00	88.518
702.19	88.325
702.38	88.095
702.57	87.881
702.76	87.633
702.96	87.405
703.15	87.160
703.34	86.894
703.53	86.624
703.72	86.326
703.92	86.028
704.11	85.725
704.30	85.411
704.49	85.098
704.68	84.792
704.87	84.450
705.07	84.123
705.26	83.799
705.45	83.502
705.64	83.167
705.83	82.862
706.02	82.540
706.21	82.227
706.41	81.909
706.60	81.574
706.79	81.263
706.98	80.956
707.17	80.626
707.36	80.314
707.56	80.020
707.75	79.727
707.94	79.437
708.13	79.153
708.32	78.886
708.51	78.605
708.70	78.346
708.89	78.085
709.09	77.825
709.28	77.580
709.47	77.292
709.66	77.031
709.85	76.777
710.04	76.529
710.23	76.270
710.42	76.054
710.62	75.836
710.81	75.597
711.00	75.371
711.19	75.178
711.38	74.985
711.57	74.784
711.76	74.599
711.95	74.444
712.15	74.296
712.34	74.153
712.53	74.022
712.72	73.891
712.91	73.799
713.10	73.705
713.29	73.627
713.48	73.558
713.67	73.520
713.86	73.492
714.05	73.466
714.25	73.458
714.44	73.435
714.63	73.440
714.82	73.483
715.01	73.528
715.20	73.605
715.39	73.667
715.58	73.749
715.77	73.852
715.96	73.954
716.15	74.056
716.34	74.155
716.54	74.280
716.73	74.418
716.92	74.544
717.11	74.697
717.30	74.855
717.49	75.043
717.68	75.235
717.87	75.396
718.06	75.611
718.25	75.839
718.44	76.076
718.63	76.322
718.82	76.560
719.01	76.805
719.20	77.049
719.39	77.317
719.58	77.589
719.77	77.851
719.96	78.103
720.16	78.373
720.35	78.670
720.54	78.959
720.73	79.253
720.92	79.556
721.11	79.875
721.30	80.184
721.49	80.492
721.68	80.810
721.87	81.159
722.06	81.478
722.25	81.791
722.44	82.112
722.63	82.420
722.82	82.726
723.01	83.024
723.20	83.312
723.39	83.617
723.58	83.948
723.77	84.277
723.96	84.608
724.15	84.950
724.34	85.264
724.53	85.578
724.72	85.868
724.91	86.185
725.10	86.497
725.29	86.789
725.48	87.107
725.67	87.368
725.86	87.615
726.05	87.879
726.24	88.129
726.43	88.367
726.62	88.607
726.81	88.877
727.00	89.120
727.19	89.379
727.38	89.617
727.57	89.816
727.76	90.012
727.95	90.202
728.14	90.359
728.33	90.524
728.52	90.680
728.71	90.833
728.90	90.971
729.09	91.078
729.28	91.170
729.47	91.247
729.65	91.344
729.84	91.443
730.03	91.524
730.22	91.600
730.41	91.675
730.60	91.744
730.79	91.755
730.98	91.790
731.17	91.816
731.36	91.807
731.55	91.790
731.74	91.774
731.93	91.745
732.12	91.715
732.31	91.689
732.50	91.669
732.69	91.644
732.88	91.576
733.06	91.497
733.25	91.432
733.44	91.361
733.63	91.257
733.82	91.149
734.01	91.008
734.20	90.870
734.39	90.707
734.58	90.555
734.77	90.413
734.96	90.237
735.15	90.044
735.33	89.850
735.52	89.665
735.71	89.464
735.90	89.248
736.09	89.017
736.28	88.762
736.47	88.502
736.66	88.233
736.85	87.972
737.04	87.688
737.23	87.413
737.41	87.113
737.60	86.856
737.79	86.555
737.98	86.278
738.17	85.992
738.36	85.728
738.55	85.447
738.74	85.172
738.92	84.889
739.11	84.611
739.30	84.318
739.49	84.011
739.68	83.721
739.87	83.457
740.06	83.193
740.25	82.903
740.43	82.632
740.62	82.343
740.81	82.046
741.00	81.782
741.19	81.493
741.38	81.201
741.57	80.902
741.75	80.637
741.94	80.352
742.13	80.065
742.32	79.766
742.51	79.484
742.70	79.207
742.89	78.947
743.07	78.674
743.26	78.417
743.45	78.143
743.64	77.900
743.83	77.635
744.02	77.351
744.20	77.121
744.39	76.877
744.58	76.656
744.77	76.454
744.96	76.269
745.15	76.111
745.33	75.965
745.52	75.815
745.71	75.661
745.90	75.524
746.09	75.408
746.28	75.297
746.46	75.166
746.65	75.037
746.84	74.932
747.03	74.832
747.22	74.753
747.40	74.704
747.59	74.637
747.78	74.584
747.97	74.577
748.16	74.554
748.34	74.521
748.53	74.515
748.72	74.516
748.91	74.502
749.10	74.490
749.28	74.504
749.47	74.539
749.66	74.570
749.85	74.591
750.04	74.626
750.22	74.665
750.41	74.737
750.60	74.825
750.79	74.888
750.97	74.972
751.16	75.078
751.35	75.173
751.54	75.269
751.73	75.399
751.91	75.517
752.10	75.675
752.29	75.815
752.48	75.982
752.66	76.152
752.85	76.328
753.04	76.513
753.23	76.714
753.41	76.892
753.60	77.108
753.79	77.339
753.98	77.554
754.16	77.785
754.35	78.012
754.54	78.235
754.73	78.498
754.91	78.762
755.10	79.015
755.29	79.288
755.48	79.548
755.66	79.811
755.85	80.086
756.04	80.333
756.22	80.624
756.41	80.878
756.60	81.145
756.79	81.432
756.97	81.722
757.16	81.968
757.35	82.256
757.54	82.536
757.72	82.814
757.91	83.108
758.10	83.399
758.28	83.682
758.47	83.962
758.66	84.265
758.85	84.544
759.03	84.837
759.22	85.121
759.41	85.421
759.59	85.713
759.78	85.993
759.97	86.259
760.15	86.517
760.34	86.815
760.53	87.077
760.71	87.327
760.90	87.602
761.09	87.870
761.28	88.129
761.46	88.375
761.65	88.627
761.84	88.880
762.02	89.127
762.21	89.389
762.40	89.611
762.58	89.809
762.77	90.011
762.96	90.215
763.14	90.436
763.33	90.624
763.52	90.785
763.70	90.934
763.89	91.113
764.08	91.288
764.26	91.403
764.45	91.560
764.64	91.716
764.82	91.820
765.01	91.935
765.20	92.024
765.38	92.127
765.57	92.195
765.75	92.264
765.94	92.308
766.13	92.369
766.31	92.444
766.50	92.491
766.69	92.569
766.87	92.635
767.06	92.660
767.25	92.701
767.43	92.758
767.62	92.815
767.80	92.844
767.99	92.844
768.18	92.841
768.36	92.823
768.55	92.797
768.74	92.767
768.92	92.734
769.11	92.724
769.29	92.675
769.48	92.649
769.67	92.577
769.85	92.529
770.04	92.401
770.22	92.292
770.41	92.156
770.60	92.000
770.78	91.824
770.97	91.668
771.15	91.513
771.34	91.314
771.53	91.146
771.71	90.961
771.90	90.802
772.08	90.683
772.27	90.515
772.46	90.311
772.64	90.115
772.83	89.911
773.01	89.660
773.20	89.428
773.39	89.202
773.57	88.972
773.76	88.732
773.94	88.542
774.13	88.304
774.31	88.054
774.50	87.840
774.68	87.594
774.87	87.346
775.06	87.052
775.24	86.797
775.43	86.503
775.61	86.217
775.80	85.934
775.98	85.618
776.17	85.310
776.36	85.024
776.54	84.738
776.73	84.440
776.91	84.166
777.10	83.889
777.28	83.576
777.47	83.295
777.65	83.003
777.84	82.699
778.02	82.425
778.21	82.167
778.39	81.864
778.58	81.591
778.77	81.322
778.95	81.081
779.14	80.839
779.32	80.602
779.51	80.371
779.69	80.120
779.88	79.888
780.06	79.666
780.25	79.430
780.43	79.192
780.62	78.984
780.80	78.763
780.99	78.532
781.17	78.311
781.36	78.079
781.54	77.868
781.73	77.627
781.91	77.420
782.10	77.223
782.28	77.028
782.47	76.835
782.65	76.622
782.84	76.426
783.02	76.245
783.21	76.084
783.39	75.914
783.58	75.756
783.76	75.582
783.95	75.431
784.13	75.321
784.32	75.209
784.50	75.079
784.69	74.995
784.87	74.906
785.05	74.838
785.24	74.780
785.42	74.735
785.61	74.690
785.79	74.649
785.98	74.621
786.16	74.579
786.35	74.569
786.53	74.564
786.72	74.549
786.90	74.540
787.09	74.516
787.27	74.529
787.45	74.559
787.64	74.584
787.82	74.601
788.01	74.623
788.19	74.669
788.38	74.720
788.56	74.711
788.75	74.771
788.93	74.839
789.11	74.880
789.30	74.913
789.48	74.984
789.67	75.068
789.85	75.137
790.04	75.258
790.22	75.359
790.40	75.482
790.59	75.595
790.77	75.718
790.96	75.875
791.14	76.017
791.32	76.145
791.51	76.300
791.69	76.472
791.88	76.640
792.06	76.809
792.25	76.971
792.43	77.190
792.61	77.377
792.80	77.540
792.98	77.760
793.17	77.970
793.35	78.148
793.53	78.342
793.72	78.579
793.90	78.788
794.08	78.996
794.27	79.208
794.45	79.453
794.64	79.674
794.82	79.895
795.00	80.086
795.19	80.324
795.37	80.548
795.55	80.728
795.74	80.959
795.92	81.194
796.11	81.450
796.29	81.695
796.47	81.932
796.66	82.163
796.84	82.421
797.02	82.680
797.21	82.963
797.39	83.226
797.58	83.470
797.76	83.703
797.94	83.966
798.13	84.224
798.31	84.492
798.49	84.730
798.68	84.967
798.86	85.252
799.04	85.478
799.23	85.727
799.41	85.991
799.59	86.221
799.78	86.414
799.96	86.630
800.14	86.856
800.33	87.085
800.51	87.339
800.69	87.519
800.88	87.738
801.06	87.963
801.24	88.126
801.43	88.313
801.61	88.481
801.79	88.643
801.98	88.803
802.16	88.978
802.34	89.174
802.52	89.356
802.71	89.486
802.89	89.661
803.07	89.815
803.26	89.952
803.44	90.070
803.62	90.215
803.81	90.336
803.99	90.418
804.17	90.489
804.35	90.556
804.54	90.630
804.72	90.722
804.90	90.792
805.09	90.911
805.27	91.009
805.45	91.111
805.63	91.174
805.82	91.240
806.00	91.230
806.18	91.257
806.37	91.297
806.55	91.302
806.73	91.322
806.91	91.328
807.10	91.357
807.28	91.370
807.46	91.378
807.64	91.367
807.83	91.366
808.01	91.362
808.19	91.302
808.37	91.246
808.56	91.167
808.74	91.101
808.92	91.030
809.10	90.917
809.29	90.850
809.47	90.772
809.65	90.644
809.83	90.591
810.02	90.476
810.20	90.369
810.38	90.275
810.56	90.140
810.75	90.044
810.93	89.927
811.11	89.804
811.29	89.681
811.47	89.549
811.66	89.386
811.84	89.242
812.02	89.169
812.20	89.061
812.39	88.948
812.57	88.815
812.75	88.679
812.93	88.579
813.11	88.417
813.30	88.285
813.48	88.181
813.66	88.015
813.84	87.863
814.02	87.682
814.21	87.532
814.39	87.337
814.57	87.140
814.75	86.941
814.93	86.745
815.12	86.525
815.30	86.316
815.48	86.118
815.66	85.898
815.84	85.642
816.03	85.393
816.21	85.112
816.39	84.866
816.57	84.566
816.75	84.260
816.93	83.982
817.12	83.673
817.30	83.359
817.48	83.056
817.66	82.798
817.84	82.540
818.02	82.294
818.21	82.020
818.39	81.771
818.57	81.498
818.75	81.280
818.93	81.026
819.11	80.765
819.30	80.519
819.48	80.295
819.66	80.081
819.84	79.890
820.02	79.676
820.20	79.453
820.38	79.243
820.57	79.036
820.75	78.852
820.93	78.660
821.11	78.471
821.29	78.298
821.47	78.085
821.65	77.881
821.83	77.656
822.02	77.477
822.20	77.267
822.38	77.115
822.56	76.866
822.74	76.656
822.92	76.423
823.10	76.224
823.28	75.993
823.46	75.768
823.65	75.538
823.83	75.342
824.01	75.139
824.19	74.931
824.37	74.731
824.55	74.501
824.73	74.323
824.91	74.131
825.09	73.944
825.27	73.768
825.46	73.567
825.64	73.373
825.82	73.216
826.00	73.030
826.18	72.865
826.36	72.730
826.54	72.613
826.72	72.545
826.90	72.447
827.08	72.366
827.26	72.292
827.44	72.198
827.63	72.117
827.81	72.055
827.99	72.020
828.17	71.971
828.35	71.934
828.53	71.892
828.71	71.885
828.89	71.858
829.07	71.836
829.25	71.820
829.43	71.837
829.61	71.821
829.79	71.824
829.97	71.824
830.15	71.803
830.33	71.811
830.51	71.795
830.69	71.804
830.87	71.770
831.06	71.788
831.24	71.815
831.42	71.835
831.60	71.832
831.78	71.870
831.96	71.921
832.14	71.994
832.32	72.061
832.50	72.107
832.68	72.156
832.86	72.200
833.04	72.297
833.22	72.357
833.40	72.450
833.58	72.525
833.76	72.597
833.94	72.720
834.12	72.837
834.30	72.963
834.48	73.065
834.66	73.227
834.84	73.323
835.02	73.466
835.20	73.621
835.38	73.791
835.56	73.951
835.74	74.118
835.92	74.279
836.10	74.425
836.28	74.576
836.46	74.756
836.64	74.935
836.82	75.071
837.00	75.245
837.18	75.416
837.36	75.615
837.54	75.790
837.72	75.980
837.90	76.167
838.08	76.361
838.26	76.559
838.43	76.736
838.61	76.944
838.79	77.137
838.97	77.325
839.15	77.518
839.33	77.708
839.51	77.850
839.69	78.023
839.87	78.212
840.05	78.435
840.23	78.622
840.41	78.811
840.59	78.977
840.77	79.174
840.95	79.344
841.13	79.507
841.31	79.678
841.49	79.825
841.67	79.955
841.84	80.120
842.02	80.242
842.20	80.433
842.38	80.559
842.56	80.698
842.74	80.849
842.92	80.954
843.10	81.085
843.28	81.270
843.46	81.400
843.64	81.489
843.82	81.616
843.99	81.739
844.17	81.907
844.35	82.136
844.53	82.294
844.71	82.488
844.89	82.609
845.07	82.790
845.25	82.971
845.43	83.156
845.61	83.311
845.78	83.527
845.96	83.681
846.14	83.872
846.32	84.062
846.50	84.207
846.68	84.427
846.86	84.585
847.04	84.731
847.22	84.831
847.39	85.019
847.57	85.132
847.75	85.246
847.93	85.304
848.11	85.393
848.29	85.523
848.47	85.582
848.65	85.717
848.82	85.770
849.00	85.842
849.18	85.881
849.36	85.917
849.54	85.968
849.72	85.958
849.89	86.016
850.07	86.070
850.25	86.080
850.43	86.044
850.61	86.050
850.79	86.011
850.97	86.081
851.14	86.087
851.32	86.079
851.50	86.100
851.68	86.155
851.86	86.203
852.04	86.180
852.21	86.212
852.39	86.217
852.57	86.278
852.75	86.283
852.93	86.286
853.10	86.272
853.28	86.220
853.46	86.225
853.64	86.150
853.82	86.064
854.00	86.082
854.17	86.036
854.35	85.956
854.53	85.924
854.71	85.836
854.89	85.730
855.06	85.688
855.24	85.629
855.42	85.533
855.60	85.384
855.78	85.279
855.95	85.155
856.13	85.055
856.31	84.868
856.49	84.730
856.66	84.633
856.84	84.471
857.02	84.411
857.20	84.327
857.38	84.170
857.55	84.039
857.73	83.816
857.91	83.704
858.09	83.537
858.26	83.390
858.44	83.251
858.62	83.119
858.80	82.940
858.97	82.770
859.15	82.590
859.33	82.386
859.51	82.231
859.68	82.049
859.86	81.857
860.04	81.694
860.22	81.491
860.39	81.287
860.57	81.083
860.75	80.804
860.93	80.575
861.10	80.447
861.28	80.266
861.46	80.058
861.64	79.860
861.81	79.714
861.99	79.505
862.17	79.287
862.35	79.087
862.52	78.924
862.70	78.722
862.88	78.554
863.05	78.356
863.23	78.145
863.41	77.960
863.59	77.750
863.76	77.585
863.94	77.389
864.12	77.196
864.29	77.038
864.47	76.838
864.65	76.656
864.83	76.398
865.00	76.170
865.18	76.016
865.36	75.825
865.53	75.617
865.71	75.476
865.89	75.281
866.06	75.075
866.24	74.832
866.42	74.627
866.59	74.400
866.77	74.245
866.95	74.039
867.12	73.789
867.30	73.622
867.48	73.389
867.65	73.193
867.83	72.988
868.01	72.810
868.18	72.608
868.36	72.409
868.54	72.256
868.71	72.108
868.89	71.948
869.07	71.768
869.24	71.606
869.42	71.403
869.60	71.246
869.77	71.130
869.95	70.985
870.13	70.836
870.30	70.730
870.48	70.537
870.66	70.394
870.83	70.292
871.01	70.099
871.18	69.984
871.36	69.860
871.54	69.707
871.71	69.578
871.89	69.485
872.07	69.320
872.24	69.183
872.42	69.087
872.59	68.966
872.77	68.836
872.95	68.740
873.12	68.597
873.30	68.466
873.48	68.360
873.65	68.259
873.83	68.164
874.00	68.032
874.18	67.959
874.36	67.894
874.53	67.816
874.71	67.748
874.88	67.680
875.06	67.647
875.24	67.652
875.41	67.603
875.59	67.568
875.76	67.583
875.94	67.537
876.11	67.427
876.29	67.332
876.47	67.305
876.64	67.242
876.82	67.199
876.99	67.172
877.17	67.130
877.35	67.102
877.52	67.069
877.70	67.031
877.87	67.011
878.05	67.004
878.22	67.008
878.40	67.036
878.57	67.019
878.75	66.984
878.93	66.936
879.10	66.935
879.28	66.955
879.45	66.954
879.63	66.939
879.80	66.936
879.98	67.002
880.15	67.022
880.33	67.072
880.50	67.120
880.68	67.216
880.86	67.272
881.03	67.356
881.21	67.437
881.38	67.521
881.56	67.684
881.73	67.728
881.91	67.778
882.08	67.850
882.26	67.976
882.43	68.096
882.61	68.255
882.78	68.365
882.96	68.490
883.13	68.610
883.31	68.758
883.48	68.958
883.66	69.111
883.83	69.269
884.01	69.384
884.18	69.594
884.36	69.744
884.53	69.865
884.71	70.001
884.88	70.111
885.06	70.273
885.23	70.338
885.41	70.489
885.58	70.610
885.76	70.760
885.93	70.841
886.11	71.007
886.28	71.117
886.46	71.249
886.63	71.373
886.81	71.498
886.98	71.685
887.15	71.786
887.33	71.943
887.50	72.123
887.68	72.277
887.85	72.366
888.03	72.497
888.20	72.664
888.38	72.811
888.55	72.979
888.73	73.053
888.90	73.192
889.08	73.332
889.25	73.459
889.42	73.597
889.60	73.784
889.77	73.852
889.95	73.986
890.12	74.068
890.30	74.157
890.47	74.233
890.64	74.358
890.82	74.497
890.99	74.593
891.17	74.682
891.34	74.800
891.52	74.919
891.69	75.031
891.86	75.147
892.04	75.255
892.21	75.399
892.39	75.632
892.56	75.801
892.73	75.893
892.91	76.044
893.08	76.239
893.26	76.328
893.43	76.496
893.60	76.599
893.78	76.766
893.95	76.929
894.13	77.174
894.30	77.327
894.47	77.521
894.65	77.647
894.82	77.800
895.00	77.929
895.17	78.085
895.34	78.265
895.52	78.435
895.69	78.552
895.86	78.689
896.04	78.730
896.21	78.868
896.39	79.056
896.56	79.215
896.73	79.226
896.91	79.287
897.08	79.381
897.25	79.546
897.43	79.601
897.60	79.681
897.77	79.687
897.95	79.670
898.12	79.662
898.30	79.779
898.47	79.791
898.64	79.842
898.82	79.860
898.99	79.840
899.16	79.837
899.34	79.822
899.51	79.741
899.68	79.715
899.86	79.669
900.03	79.608
900.20	79.558
900.38	79.581
900.55	79.657
900.72	79.596
900.90	79.530
901.07	79.628
901.24	79.598
901.41	79.608
901.59	79.632
901.76	79.639
901.93	79.591
902.11	79.540
902.28	79.542
902.45	79.650
902.63	79.691
902.80	79.666
902.97	79.685
903.15	79.775
903.32	79.851
903.49	79.850
903.66	79.878
903.84	79.906
904.01	79.891
904.18	79.860
904.36	79.900
904.53	79.870
904.70	79.818
904.87	79.817
905.05	79.744
905.22	79.761
905.39	79.729
905.56	79.661
905.74	79.618
905.91	79.527
906.08	79.406
906.26	79.310
906.43	79.210
906.60	79.108
906.77	78.957
906.95	78.840
907.12	78.714
907.29	78.562
907.46	78.522
907.64	78.427
907.81	78.324
907.98	78.143
908.15	78.051
908.33	77.916
908.50	77.786
908.67	77.699
908.84	77.569
909.01	77.424
909.19	77.349
909.36	77.235
909.53	77.108
909.70	76.874
909.88	76.779
910.05	76.615
910.22	76.546
910.39	76.423
910.57	76.332
910.74	76.255
910.91	76.209
911.08	75.997
911.25	75.851
911.43	75.726
911.60	75.617
911.77	75.477
911.94	75.250
912.11	75.101
912.29	74.899
912.46	74.663
912.63	74.450
912.80	74.223
912.97	74.047
913.15	73.901
913.32	73.789
913.49	73.568
913.66	73.499
913.83	73.274
914.00	73.066
914.18	72.868
914.35	72.678
914.52	72.399
914.69	72.201
914.86	72.012
915.03	71.806
915.21	71.672
915.38	71.450
915.55	71.373
915.72	71.204
915.89	71.072
916.06	71.002
916.24	70.919
916.41	70.760
916.58	70.638
916.75	70.450
916.92	70.264
917.09	70.065
917.26	69.794
917.44	69.584
917.61	69.468
917.78	69.245
917.95	69.076
918.12	68.893
918.29	68.803
918.46	68.606
918.64	68.458
918.81	68.308
918.98	68.182
919.15	67.999
919.32	67.840
919.49	67.616
919.66	67.396
919.83	67.214
920.00	67.042
920.18	66.889
920.35	66.834
920.52	66.730
920.69	66.693
920.86	66.673
921.03	66.583
921.20	66.438
921.37	66.329
921.54	66.088
921.71	65.996
921.89	65.820
922.06	65.751
922.23	65.618
922.40	65.492
922.57	65.291
922.74	65.191
922.91	65.110
923.08	65.043
923.25	64.951
923.42	64.850
923.59	64.819
923.76	64.626
923.93	64.422
924.11	64.249
924.28	64.095
924.45	63.982
924.62	63.961
924.79	63.858
924.96	63.706
925.13	63.670
925.30	63.569
925.47	63.407
925.64	63.331
925.81	63.262
925.98	63.189
926.15	63.165
926.32	63.006
926.49	62.893
926.66	62.810
926.83	62.698
927.00	62.663
927.17	62.539
927.34	62.590
927.51	62.544
927.69	62.587
927.86	62.550
928.03	62.423
928.20	62.373
928.37	62.273
928.54	62.314
928.71	62.284
928.88	62.295
929.05	62.332
929.22	62.297
929.39	62.262
929.56	62.193
929.73	62.164
929.90	62.210
930.07	62.207
930.24	62.174
930.41	62.193
930.58	62.239
930.75	62.295
930.92	62.217
931.09	62.210
931.26	62.167
931.43	62.131
931.60	62.146
931.77	62.087
931.94	62.169
932.11	62.184
932.27	62.191
932.44	62.208
932.61	62.232
932.78	62.188
932.95	62.280
933.12	62.240
933.29	62.263
933.46	62.273
933.63	62.227
933.80	62.242
933.97	62.245
934.14	62.209
934.31	62.165
934.48	62.221
934.65	62.258
934.82	62.326
934.99	62.381
935.16	62.431
935.33	62.506
935.50	62.614
935.67	62.695
935.84	62.752
936.00	62.754
936.17	62.834
936.34	62.976
936.51	62.965
936.68	63.032
936.85	63.065
937.02	63.174
937.19	63.227
937.36	63.372
937.53	63.378
937.70	63.468
937.87	63.549
938.03	63.566
938.20	63.623
938.37	63.695
938.54	63.764
938.71	63.824
938.88	63.934
939.05	63.870
939.22	63.824
939.39	63.902
939.56	64.087
939.72	64.130
939.89	64.161
940.06	64.202
940.23	64.270
940.40	64.355
940.57	64.484
940.74	64.641
940.91	64.682
941.08	64.878
941.24	64.977
941.41	65.135
941.58	65.371
941.75	65.494
941.92	65.642
942.09	65.758
942.26	65.861
942.42	65.907
942.59	66.129
942.76	66.468
942.93	66.627
943.10	66.646
943.27	66.823
943.44	66.963
943.60	67.150
943.77	67.163
943.94	67.373
944.11	67.417
944.28	67.490
944.45	67.624
944.61	67.701
944.78	67.706
944.95	67.734
945.12	67.903
945.29	68.038
945.46	67.991
945.62	68.032
945.79	68.227
945.96	68.509
946.13	68.681
946.30	68.674
946.46	68.837
946.63	68.947
946.80	69.058
946.97	69.227
947.14	69.321
947.31	69.830
947.47	70.065
947.64	70.238
947.81	70.401
947.98	70.595
948.15	70.712
948.31	70.935
948.48	71.101
948.65	71.116
948.82	71.265
948.98	71.431
949.15	71.738
949.32	71.785
949.49	71.763
949.66	71.797
949.82	71.872
949.99	71.969
950.16	72.078
950.33	72.051
950.49	72.111
950.66	72.073
950.83	71.901
951.00	71.711
951.16	71.529
951.33	71.586
951.50	71.493
951.67	71.560
951.83	71.594
952.00	71.598
952.17	71.534
952.34	71.498
952.50	71.659
952.67	71.578
952.84	71.612
953.01	71.557
953.17	71.564
953.34	71.673
953.51	71.592
953.68	71.513
953.84	71.483
954.01	71.425
954.18	71.347
954.34	71.389
954.51	71.476
954.68	71.594
954.85	71.603
955.01	71.725
955.18	71.938
955.35	71.701
955.51	71.663
955.68	71.763
955.85	71.970
956.02	71.796
956.18	71.824
956.35	71.790
956.52	71.833
956.68	71.853
956.85	71.741
957.02	71.815
957.18	71.890
957.35	71.895
957.52	71.976
957.69	72.100
957.85	72.174
958.02	72.059
958.19	71.970
958.35	71.926
958.52	71.691
958.69	71.368
958.85	71.569
959.02	71.669
959.19	71.402
959.35	71.241
959.52	71.317
959.69	71.330
959.85	71.329
960.02	71.374
960.19	71.251
960.35	71.166
960.52	71.050
960.68	70.978
960.85	71.061
961.02	70.839
961.18	70.834
961.35	70.576
961.52	70.612
961.68	70.617
961.85	70.540
962.02	70.602
962.18	70.639
962.35	70.367
962.51	70.215
962.68	70.276
962.85	70.189
963.01	69.927
963.18	69.826
963.35	69.476
963.51	69.275
963.68	69.276
963.84	69.012
964.01	69.028
964.18	68.877
964.34	68.623
964.51	68.460
964.67	68.237
964.84	68.176
965.01	67.951
965.17	67.670
965.34	67.646
965.50	67.433
965.67	67.368
965.84	67.398
966.00	67.517
966.17	67.581
966.33	67.409
966.50	67.258
966.66	67.185
966.83	67.275
967.00	67.172
967.16	66.951
967.33	66.918
967.49	66.738
967.66	66.926
967.82	66.732
967.99	66.896
968.16	66.904
968.32	66.835
968.49	66.633
968.65	66.834
968.82	66.668
968.98	66.707
969.15	66.367
969.31	66.089
969.48	65.782
969.64	65.446
969.81	65.510
969.98	65.520
970.14	65.142
970.31	65.051
970.47	64.734
970.64	64.548
970.80	64.618
970.97	64.144
971.13	63.799
971.30	63.708
971.46	63.437
971.63	63.263
971.79	63.341
971.96	63.361
972.12	63.075
972.29	62.728
972.45	62.612
972.62	62.658
972.78	62.735
972.95	62.399
973.11	62.255
973.28	62.066
973.44	62.079
973.61	62.324
973.77	62.162
973.94	62.231
974.10	62.354
974.27	62.323
974.43	62.623
974.60	62.559
974.76	62.546
974.93	62.513
975.09	62.359
975.26	62.058
975.42	62.053
975.59	61.856
975.75	62.235
975.92	62.178
976.08	61.689
976.24	61.555
976.41	61.322
976.57	61.344
976.74	61.222
976.90	60.787
977.07	60.329
977.23	60.295
977.40	60.164
977.56	59.568
977.73	59.173
977.89	58.850
978.05	58.505
978.22	58.321
978.38	58.078
978.55	57.779
978.71	57.609
978.88	57.608
979.04	57.627
979.20	57.333
979.37	57.182
979.53	57.219
979.70	57.243
979.86	57.534
980.03	57.330
980.19	57.211
980.35	57.280
980.52	57.111
980.68	57.129
980.85	57.012
981.01	57.165
981.17	57.144
981.34	57.036
981.50	56.962
981.67	57.022
981.83	56.910
981.99	56.829
982.16	56.689
982.32	55.839
982.49	55.748
982.65	55.640
982.81	55.781
982.98	55.776
983.14	55.668
983.30	55.320
983.47	55.286
983.63	55.067
983.80	54.812
983.96	54.621
984.12	54.992
984.29	55.186
984.45	55.382
984.61	55.167
984.78	55.403
984.94	55.617
985.10	56.009
985.27	55.816
985.43	56.408
985.59	56.739
985.76	57.381
985.92	57.579
986.08	57.898
986.25	57.337
986.41	57.915
986.57	57.366
986.74	57.649
986.90	57.560
987.06	57.457
987.23	57.427
987.39	57.256
987.55	56.277
987.72	55.926
987.88	55.109
988.04	55.531
988.21	55.843
988.37	55.627
988.53	54.951
988.70	55.403
988.86	54.727
989.02	54.297
989.19	53.747
989.35	53.704
989.51	53.002
989.67	53.173
989.84	52.681
990.00	52.855
990.16	53.098
990.33	53.344
990.49	53.719
990.65	54.004
990.82	54.463
990.98	54.580
991.14	54.692
991.30	55.589
991.47	54.965
991.63	54.870
991.79	55.768
991.95	55.988
992.12	55.953
992.28	56.131
992.44	56.331
992.61	56.599
992.77	56.688
992.93	57.366
993.09	57.388
993.26	57.546
993.42	58.025
993.58	57.551
993.74	57.281
993.91	56.961
994.07	56.815
994.23	56.880
994.39	56.924
994.55	57.015
994.72	56.473
994.88	56.602
995.04	56.146
995.20	55.814
995.37	55.530
995.53	55.438
995.69	55.312
995.85	54.959
996.02	55.010
996.18	55.270
996.34	54.722
996.50	54.792
996.66	55.721
996.83	55.216
996.99	54.593
997.15	55.198
997.31	55.202
997.47	55.357
997.64	55.375
997.80	55.990
997.96	56.575
998.12	56.957
998.28	57.807
998.45	58.430
998.61	58.172
998.77	58.068
998.93	58.360
999.09	59.565
999.25	59.799
999.42	60.964
999.58	60.580
999.74	60.394
999.90	60.043
1000.06	59.002
1000.22	59.383
1000.39	60.117
1000.55	59.914
1000.71	60.543
1000.87	60.375
1001.03	60.014
1001.19	59.997
1001.36	59.209
1001.52	58.747
1001.68	58.583
1001.84	59.004
1002.00	58.120
1002.16	58.188
1002.32	57.514
1002.49	55.578
1002.65	55.468
1002.81	54.823
1002.97	54.799
1003.13	54.798
1003.29	55.851
1003.45	55.669
1003.62	56.110
1003.78	55.685
1003.94	56.000
1004.10	55.086
1004.26	55.391
1004.42	55.443
1004.58	55.140
1004.74	55.642
1004.90	57.179
1005.07	56.894
1005.23	55.627
1005.39	56.711
1005.55	57.199
1005.71	57.124
1005.87	58.951
1006.03	59.880
1006.19	59.954
1006.35	59.786
1006.51	60.803
1006.67	60.513
1006.84	60.561
1007.00	60.316
1007.16	61.618
1007.32	60.099
1007.48	60.809
1007.64	62.182
1007.80	62.062
1007.96	61.024
1008.12	61.502
1008.28	59.630
1008.44	60.689
1008.60	61.473
1008.76	60.255
1008.92	59.384
1009.09	59.259
1009.25	58.350
1009.41	57.499
1009.57	58.395
1009.73	59.089
1009.89	59.418
1010.05	60.265
1010.21	61.932
1010.37	61.733
1010.53	63.105
1010.69	65.129
1010.85	64.814
1011.01	63.384
1011.17	62.442
1011.33	64.297
1011.49	64.519
1011.65	64.646
1011.81	63.854
1011.97	64.087
1012.13	66.561
1012.29	68.070
1012.45	69.506
1012.61	72.959
1012.77	70.847
1012.93	69.585
1013.09	68.070
1013.25	68.271
1013.41	68.745
1013.57	65.610
1013.73	64.678
1013.89	61.114
1014.05	62.574
1014.21	60.536
1014.37	58.864
1014.53	57.910
1014.69	58.106
1014.85	58.817
1015.01	60.943
1015.17	63.480
1015.33	63.629
1015.49	61.957
1015.65	63.883
1015.81	64.755
1015.97	61.770
1016.13	65.581
1016.29	64.958
1016.45	66.394
1016.61	66.763
1016.77	63.748
1016.93	64.897
1017.09	64.510
1017.25	65.803
1017.41	64.339
1017.56	67.029
1017.72	73.688
1017.88	75.735
1018.04	77.064
1018.20	74.224
1018.36	74.209
1018.52	71.358
1018.68	72.455
1018.84	74.111
1019.00	72.701
1019.16	74.113
1019.32	76.969
1019.48	77.206
1019.64	80.531
1019.79	77.961
1019.95	74.227
1020.11	79.554
1020.27	79.783
1020.43	85.999
1020.59	88.178
1020.75	85.766
1020.91	88.583
1021.07	80.874
1021.23	80.003
1021.39	75.596
1021.54	81.275
1021.70	78.352
1021.86	77.389
1022.02	75.266
1022.18	72.493
1022.34	73.870
1022.50	72.408
1022.66	69.843
1022.82	69.282
1022.97	67.629
1023.13	71.092
1023.29	75.551
1023.45	73.967
1023.61	73.944
1023.77	71.635
1023.93	72.543
1024.08	73.177
1024.24	70.138
1024.40	70.829
1024.56	78.541
1024.72	79.928
1024.88	68.272
1025.04	73.195
1025.19	73.055
1025.35	71.222
1025.51	75.567
1025.67	77.559
1025.83	72.989
1025.99	75.601
1026.14	73.950
1026.30	82.721
1026.46	84.814
1026.62	79.705
1026.78	73.777
1026.94	71.747
1027.09	68.352
1027.25	65.282
1027.41	65.491
1027.57	66.218
1027.73	65.819
1027.89	61.117
1028.04	60.481
1028.20	60.006
1028.36	60.135
1028.52	59.873
1028.68	60.071
1028.83	60.538
1028.99	58.448
1029.15	59.590
1029.31	58.713
1029.47	60.019
1029.62	58.145
1029.78	56.216
1029.94	56.880
1030.10	59.277
1030.25	60.732
1030.41	65.497
1030.57	67.502
1030.73	69.467
1030.89	67.758
1031.04	70.822
1031.20	73.859
1031.36	81.227
1031.52	89.758
1031.67	92.938
1031.83	95.235
1031.99	106.383
1032.15	91.807
1032.30	102.593
1032.46	113.767
1032.62	105.082
1032.78	94.111
1032.93	105.693
1033.09	94.144
1033.25	85.190
1033.41	80.419
1033.56	75.782
1033.72	-42.255
1033.88	315.238
1034.04	43.249
1034.19	48.848
1034.35	64.854
1034.51	-19.402
1034.66	52.541
1034.82	2195.000
1034.98	2195.000
1035.14	2195.000
