345.22	43.349
345.43	43.349
345.65	43.349
345.86	50.758
346.08	110.795
346.29	20.725
346.51	29.189
346.72	53.838
346.94	-137.179
347.15	-50.771
347.37	124.354
347.58	152.769
347.80	182.387
348.01	157.203
348.23	114.200
348.44	107.451
348.66	100.633
348.87	102.500
349.09	97.348
349.30	87.737
349.52	82.783
349.73	86.571
349.95	86.510
350.16	88.425
350.38	84.858
350.59	78.888
350.81	78.015
351.02	76.820
351.24	76.110
351.45	74.983
351.67	76.999
351.88	76.095
352.10	72.568
352.31	71.084
352.53	74.222
352.74	75.440
352.96	76.145
353.17	75.439
353.39	76.700
353.60	78.622
353.82	79.528
354.03	79.796
354.25	75.362
354.46	70.907
354.67	67.847
354.89	66.049
355.10	69.742
355.32	68.321
355.53	69.730
355.75	71.535
355.96	73.064
356.18	72.978
356.39	72.370
356.61	76.718
356.82	76.444
357.04	73.211
357.25	73.414
357.46	73.107
357.68	72.718
357.89	70.751
358.11	69.712
358.32	72.531
358.54	70.017
358.75	71.261
358.97	72.904
359.18	75.519
359.40	75.204
359.61	75.359
359.82	76.994
360.04	76.872
360.25	75.020
360.47	70.814
360.68	70.458
360.90	70.897
361.11	68.546
361.32	68.553
361.54	71.566
361.75	71.091
361.97	72.291
362.18	72.894
362.40	74.201
362.61	75.428
362.83	74.549
363.04	76.272
363.25	77.503
363.47	78.563
363.68	76.632
363.90	80.155
364.11	80.846
364.32	80.860
364.54	79.233
364.75	76.537
364.97	79.948
365.18	78.534
365.40	77.043
365.61	76.767
365.82	77.825
366.04	77.211
366.25	76.978
366.47	75.215
366.68	73.507
366.89	74.577
367.11	72.251
367.32	72.836
367.54	70.724
367.75	70.288
367.96	69.635
368.18	70.855
368.39	70.333
368.61	70.498
368.82	71.786
369.03	74.303
369.25	77.521
369.46	78.635
369.68	79.505
369.89	80.294
370.10	81.040
370.32	81.051
370.53	80.703
370.75	77.460
370.96	79.251
371.17	80.345
371.39	78.063
371.60	78.787
371.81	79.523
372.03	81.234
372.24	82.080
372.46	85.029
372.67	85.873
372.88	84.092
373.10	83.271
373.31	81.912
373.52	81.519
373.74	80.380
373.95	79.199
374.17	80.225
374.38	81.982
374.59	82.611
374.81	81.231
375.02	79.512
375.23	82.376
375.45	80.505
375.66	78.258
375.87	79.589
376.09	79.522
376.30	78.490
376.52	80.308
376.73	77.850
376.94	76.376
377.16	77.451
377.37	81.338
377.58	82.037
377.80	83.394
378.01	84.376
378.22	85.857
378.44	86.857
378.65	88.991
378.86	89.597
379.08	90.378
379.29	90.971
379.50	93.938
379.72	94.176
379.93	97.345
380.14	100.585
380.36	101.797
380.57	103.539
380.78	104.009
381.00	104.906
381.21	106.584
381.42	107.817
381.64	108.326
381.85	108.177
382.06	108.497
382.28	108.659
382.49	108.500
382.70	109.199
382.92	109.670
383.13	109.104
383.34	109.685
383.56	110.701
383.77	112.063
383.98	111.764
384.20	113.008
384.41	113.179
384.62	113.552
384.83	114.094
385.05	114.582
385.26	115.487
385.47	116.338
385.69	117.313
385.90	118.128
386.11	118.874
386.33	119.820
386.54	120.664
386.75	121.323
386.97	122.442
387.18	123.175
387.39	124.060
387.60	124.472
387.82	124.901
388.03	125.245
388.24	125.730
388.46	126.155
388.67	126.234
388.88	126.223
389.09	126.111
389.31	125.867
389.52	125.603
389.73	125.103
389.95	124.639
390.16	124.101
390.37	123.677
390.58	123.187
390.80	122.474
391.01	121.925
391.22	121.393
391.44	120.524
391.65	119.772
391.86	119.064
392.07	118.778
392.29	118.346
392.50	117.861
392.71	117.388
392.92	117.126
393.14	116.770
393.35	116.626
393.56	116.628
393.78	116.700
393.99	116.985
394.20	117.381
394.41	117.704
394.63	118.035
394.84	118.613
395.05	119.332
395.26	119.973
395.48	120.686
395.69	121.335
395.90	122.275
396.11	123.180
396.33	123.998
396.54	124.866
396.75	125.562
396.96	126.307
397.18	126.934
397.39	127.554
397.60	128.171
397.81	128.657
398.03	128.988
398.24	129.243
398.45	129.323
398.66	129.326
398.87	129.280
399.09	129.133
399.30	128.726
399.51	128.136
399.72	127.636
399.94	127.009
400.15	126.322
400.36	125.489
400.57	124.598
400.79	123.707
401.00	122.692
401.21	121.785
401.42	120.849
401.63	119.934
401.85	119.050
402.06	118.310
402.27	117.570
402.48	116.962
402.69	116.430
402.91	115.918
403.12	115.471
403.33	115.245
403.54	115.159
403.76	115.042
403.97	115.150
404.18	115.374
404.39	115.705
404.60	116.169
404.82	116.716
405.03	117.373
405.24	118.062
405.45	118.824
405.66	119.650
405.88	120.479
406.09	121.404
406.30	122.224
406.51	122.951
406.72	123.745
406.94	124.473
407.15	125.150
407.36	125.858
407.57	126.485
407.78	126.968
407.99	127.291
408.21	127.612
408.42	127.813
408.63	127.931
408.84	127.868
409.05	127.734
409.27	127.411
409.48	126.920
409.69	126.358
409.90	125.788
410.11	125.122
410.32	124.400
410.54	123.529
410.75	122.606
410.96	121.670
411.17	120.681
411.38	119.697
411.59	118.721
411.81	117.676
412.02	116.668
412.23	115.708
412.44	114.843
412.65	114.101
412.86	113.448
413.08	112.789
413.29	112.210
413.50	111.807
413.71	111.529
413.92	111.353
414.13	111.278
414.34	111.286
414.56	111.332
414.77	111.532
414.98	111.817
415.19	112.322
415.40	112.912
415.61	113.557
415.82	114.239
416.04	115.024
416.25	115.789
416.46	116.624
416.67	117.525
416.88	118.376
417.09	119.217
417.30	119.988
417.52	120.810
417.73	121.531
417.94	122.168
418.15	122.771
418.36	123.374
418.57	123.802
418.78	124.145
418.99	124.467
419.21	124.662
419.42	124.782
419.63	124.754
419.84	124.606
420.05	124.337
420.26	123.946
420.47	123.399
420.68	122.885
420.89	122.273
421.11	121.495
421.32	120.761
421.53	119.914
421.74	119.047
421.95	118.155
422.16	117.279
422.37	116.399
422.58	115.430
422.79	114.480
423.01	113.624
423.22	112.775
423.43	112.012
423.64	111.292
423.85	110.662
424.06	110.131
424.27	109.658
424.48	109.296
424.69	109.106
424.90	108.997
425.11	108.968
425.33	109.054
425.54	109.234
425.75	109.466
425.96	109.813
426.17	110.266
426.38	110.795
426.59	111.399
426.80	112.066
427.01	112.830
427.22	113.663
427.43	114.589
427.64	115.462
427.85	116.296
428.07	117.192
428.28	118.027
428.49	118.865
428.70	119.691
428.91	120.472
429.12	121.152
429.33	121.826
429.54	122.429
429.75	122.928
429.96	123.426
430.17	123.821
430.38	124.112
430.59	124.242
430.80	124.266
431.01	124.207
431.22	124.082
431.44	123.825
431.65	123.488
431.86	123.006
432.07	122.497
432.28	121.926
432.49	121.255
432.70	120.512
432.91	119.676
433.12	118.780
433.33	117.851
433.54	116.955
433.75	116.025
433.96	115.108
434.17	114.108
434.38	113.170
434.59	112.268
434.80	111.392
435.01	110.653
435.22	109.972
435.43	109.357
435.64	108.786
435.85	108.308
436.06	107.901
436.27	107.623
436.48	107.441
436.69	107.310
436.90	107.310
437.11	107.424
437.33	107.625
437.54	107.931
437.75	108.372
437.96	108.812
438.17	109.336
438.38	109.883
438.59	110.571
438.80	111.261
439.01	112.062
439.22	112.923
439.43	113.663
439.64	114.458
439.85	115.265
440.06	116.041
440.27	116.857
440.48	117.593
440.69	118.289
440.90	118.935
441.11	119.595
441.32	120.152
441.53	120.632
441.74	121.025
441.95	121.382
442.16	121.618
442.37	121.752
442.58	121.832
442.79	121.832
443.00	121.743
443.21	121.570
443.42	121.227
443.62	120.741
443.83	120.346
444.04	119.824
444.25	119.237
444.46	118.571
444.67	117.812
444.88	117.046
445.09	116.210
445.30	115.338
445.51	114.402
445.72	113.449
445.93	112.558
446.14	111.634
446.35	110.685
446.56	109.814
446.77	108.978
446.98	108.136
447.19	107.333
447.40	106.617
447.61	105.913
447.82	105.309
448.03	104.813
448.24	104.343
448.45	103.966
448.66	103.674
448.87	103.466
449.08	103.375
449.29	103.352
449.49	103.429
449.70	103.602
449.91	103.843
450.12	104.188
450.33	104.555
450.54	105.025
450.75	105.576
450.96	106.142
451.17	106.778
451.38	107.444
451.59	108.160
451.80	108.864
452.01	109.617
452.22	110.394
452.43	111.125
452.64	111.841
452.84	112.564
453.05	113.244
453.26	113.930
453.47	114.530
453.68	115.110
453.89	115.635
454.10	116.060
454.31	116.458
454.52	116.753
454.73	117.014
454.94	117.163
455.15	117.211
455.36	117.172
455.56	117.074
455.77	116.887
455.98	116.636
456.19	116.316
456.40	115.937
456.61	115.489
456.82	114.936
457.03	114.343
457.24	113.674
457.45	112.975
457.65	112.170
457.86	111.373
458.07	110.542
458.28	109.625
458.49	108.763
458.70	107.839
458.91	106.941
459.12	106.032
459.33	105.117
459.54	104.263
459.74	103.434
459.95	102.621
460.16	101.899
460.37	101.230
460.58	100.617
460.79	100.034
461.00	99.498
461.21	99.069
461.41	98.702
461.62	98.412
461.83	98.224
462.04	98.129
462.25	98.053
462.46	98.094
462.67	98.239
462.88	98.448
463.08	98.758
463.29	99.094
463.50	99.509
463.71	100.009
463.92	100.538
464.13	101.097
464.34	101.709
464.54	102.367
464.75	103.054
464.96	103.745
465.17	104.453
465.38	105.139
465.59	105.872
465.80	106.576
466.00	107.252
466.21	107.902
466.42	108.510
466.63	109.140
466.84	109.716
467.05	110.226
467.26	110.685
467.46	111.027
467.67	111.363
467.88	111.648
468.09	111.831
468.30	111.979
468.51	112.062
468.71	112.048
468.92	111.971
469.13	111.817
469.34	111.604
469.55	111.302
469.76	110.971
469.96	110.539
470.17	110.051
470.38	109.526
470.59	108.923
470.80	108.272
471.00	107.617
471.21	106.883
471.42	106.144
471.63	105.368
471.84	104.594
472.05	103.779
472.25	102.957
472.46	102.143
472.67	101.288
472.88	100.495
473.09	99.692
473.29	98.896
473.50	98.159
473.71	97.433
473.92	96.751
474.13	96.114
474.33	95.546
474.54	95.028
474.75	94.567
474.96	94.161
475.17	93.824
475.37	93.509
475.58	93.293
475.79	93.152
476.00	93.084
476.21	93.097
476.41	93.169
476.62	93.313
476.83	93.511
477.04	93.821
477.24	94.143
477.45	94.539
477.66	94.980
477.87	95.444
478.08	95.983
478.28	96.527
478.49	97.128
478.70	97.757
478.91	98.385
479.11	99.023
479.32	99.698
479.53	100.345
479.74	101.031
479.94	101.673
480.15	102.280
480.36	102.865
480.57	103.429
480.78	103.988
480.98	104.463
481.19	104.906
481.40	105.294
481.61	105.669
481.81	105.978
482.02	106.225
482.23	106.446
482.44	106.566
482.64	106.664
482.85	106.681
483.06	106.617
483.27	106.528
483.47	106.391
483.68	106.173
483.89	105.902
484.10	105.553
484.30	105.172
484.51	104.715
484.72	104.242
484.92	103.683
485.13	103.108
485.34	102.504
485.55	101.856
485.75	101.185
485.96	100.455
486.17	99.719
486.38	98.984
486.58	98.217
486.79	97.465
487.00	96.695
487.20	95.930
487.41	95.195
487.62	94.472
487.83	93.752
488.03	93.056
488.24	92.396
488.45	91.762
488.65	91.155
488.86	90.607
489.07	90.093
489.28	89.639
489.48	89.222
489.69	88.894
489.90	88.595
490.10	88.368
490.31	88.199
490.52	88.072
490.73	88.012
490.93	88.013
491.14	88.069
491.35	88.190
491.55	88.355
491.76	88.572
491.97	88.831
492.17	89.130
492.38	89.488
492.59	89.888
492.79	90.338
493.00	90.822
493.21	91.332
493.41	91.863
493.62	92.415
493.83	92.991
494.04	93.539
494.24	94.121
494.45	94.700
494.66	95.260
494.86	95.848
495.07	96.392
495.28	96.949
495.48	97.466
495.69	97.960
495.90	98.439
496.10	98.887
496.31	99.285
496.52	99.644
496.72	99.996
496.93	100.295
497.14	100.534
497.34	100.710
497.55	100.869
497.76	100.966
497.96	101.012
498.17	101.001
498.37	100.956
498.58	100.831
498.79	100.657
498.99	100.460
499.20	100.189
499.41	99.876
499.61	99.494
499.82	99.087
500.03	98.621
500.23	98.142
500.44	97.603
500.65	97.043
500.85	96.463
501.06	95.823
501.26	95.172
501.47	94.504
501.68	93.837
501.88	93.131
502.09	92.433
502.30	91.724
502.50	91.014
502.71	90.315
502.91	89.631
503.12	88.953
503.33	88.287
503.53	87.656
503.74	87.035
503.95	86.438
504.15	85.875
504.36	85.345
504.56	84.840
504.77	84.393
504.98	83.966
505.18	83.602
505.39	83.271
505.59	82.989
505.80	82.759
506.01	82.580
506.21	82.457
506.42	82.381
506.62	82.349
506.83	82.361
507.04	82.432
507.24	82.541
507.45	82.709
507.65	82.916
507.86	83.151
508.07	83.436
508.27	83.767
508.48	84.125
508.68	84.535
508.89	84.962
509.10	85.406
509.30	85.876
509.51	86.354
509.71	86.852
509.92	87.361
510.12	87.870
510.33	88.385
510.54	88.889
510.74	89.402
510.95	89.900
511.15	90.394
511.36	90.883
511.56	91.357
511.77	91.797
511.98	92.225
512.18	92.634
512.39	93.013
512.59	93.357
512.80	93.666
513.00	93.934
513.21	94.164
513.42	94.369
513.62	94.529
513.83	94.657
514.03	94.730
514.24	94.758
514.44	94.738
514.65	94.686
514.85	94.599
515.06	94.468
515.26	94.287
515.47	94.074
515.68	93.806
515.88	93.501
516.09	93.157
516.29	92.780
516.50	92.361
516.70	91.907
516.91	91.425
517.11	90.921
517.32	90.394
517.52	89.842
517.73	89.285
517.93	88.699
518.14	88.096
518.34	87.494
518.55	86.882
518.76	86.271
518.96	85.642
519.17	85.011
519.37	84.379
519.58	83.777
519.78	83.170
519.99	82.569
520.19	81.991
520.40	81.450
520.60	80.916
520.81	80.409
521.01	79.919
521.22	79.479
521.42	79.064
521.63	78.677
521.83	78.326
522.04	78.001
522.24	77.736
522.45	77.508
522.65	77.322
522.86	77.184
523.06	77.080
523.27	77.027
523.47	77.013
523.68	77.037
523.88	77.094
524.09	77.195
524.29	77.349
524.50	77.535
524.70	77.749
524.91	77.998
525.11	78.291
525.32	78.625
525.52	78.971
525.72	79.363
525.93	79.772
526.13	80.212
526.34	80.649
526.54	81.123
526.75	81.586
526.95	82.069
527.16	82.548
527.36	83.045
527.57	83.534
527.77	84.019
527.98	84.517
528.18	85.006
528.39	85.477
528.59	85.942
528.79	86.387
529.00	86.826
529.20	87.238
529.41	87.652
529.61	88.034
529.82	88.378
530.02	88.689
530.23	88.983
530.43	89.231
530.64	89.465
530.84	89.643
531.04	89.791
531.25	89.926
531.45	90.028
531.66	90.088
531.86	90.107
532.07	90.087
532.27	90.029
532.47	89.939
532.68	89.830
532.88	89.682
533.09	89.498
533.29	89.261
533.50	89.002
533.70	88.675
533.90	88.341
534.11	87.995
534.31	87.613
534.52	87.195
534.72	86.781
534.93	86.343
535.13	85.868
535.33	85.398
535.54	84.881
535.74	84.361
535.95	83.817
536.15	83.294
536.35	82.756
536.56	82.214
536.76	81.655
536.97	81.112
537.17	80.558
537.37	80.015
537.58	79.501
537.78	78.991
537.99	78.501
538.19	78.006
538.39	77.527
538.60	77.073
538.80	76.658
539.01	76.241
539.21	75.854
539.41	75.510
539.62	75.179
539.82	74.889
540.03	74.619
540.23	74.402
540.43	74.201
540.64	74.057
540.84	73.935
541.04	73.860
541.25	73.828
541.45	73.825
541.66	73.855
541.86	73.920
542.06	74.024
542.27	74.163
542.47	74.350
542.67	74.551
542.88	74.793
543.08	75.060
543.28	75.365
543.49	75.688
543.69	76.041
543.90	76.425
544.10	76.817
544.30	77.251
544.51	77.684
544.71	78.157
544.91	78.615
545.12	79.094
545.32	79.591
545.52	80.062
545.73	80.566
545.93	81.062
546.13	81.536
546.34	82.004
546.54	82.470
546.74	82.925
546.95	83.392
547.15	83.841
547.35	84.260
547.56	84.686
547.76	85.101
547.96	85.486
548.17	85.864
548.37	86.227
548.57	86.537
548.78	86.828
548.98	87.088
549.18	87.314
549.39	87.511
549.59	87.680
549.79	87.842
550.00	87.956
550.20	88.068
550.40	88.131
550.61	88.176
550.81	88.178
551.01	88.153
551.22	88.097
551.42	88.003
551.62	87.882
551.82	87.714
552.03	87.533
552.23	87.321
552.43	87.069
552.64	86.797
552.84	86.497
553.04	86.170
553.25	85.819
553.45	85.442
553.65	85.052
553.85	84.659
554.06	84.238
554.26	83.794
554.46	83.319
554.67	82.850
554.87	82.360
555.07	81.883
555.27	81.383
555.48	80.875
555.68	80.381
555.88	79.878
556.09	79.384
556.29	78.870
556.49	78.377
556.69	77.874
556.90	77.388
557.10	76.935
557.30	76.504
557.50	76.062
557.71	75.661
557.91	75.274
558.11	74.885
558.31	74.531
558.52	74.203
558.72	73.907
558.92	73.634
559.13	73.394
559.33	73.176
559.53	72.976
559.73	72.822
559.94	72.687
560.14	72.580
560.34	72.501
560.54	72.460
560.75	72.456
560.95	72.480
561.15	72.542
561.35	72.620
561.55	72.719
561.76	72.865
561.96	73.020
562.16	73.218
562.36	73.455
562.57	73.704
562.77	73.980
562.97	74.283
563.17	74.599
563.38	74.929
563.58	75.288
563.78	75.672
563.98	76.065
564.18	76.466
564.39	76.894
564.59	77.325
564.79	77.777
564.99	78.220
565.20	78.668
565.40	79.106
565.60	79.547
565.80	80.012
566.00	80.455
566.21	80.906
566.41	81.328
566.61	81.756
566.81	82.180
567.01	82.589
567.22	82.993
567.42	83.382
567.62	83.742
567.82	84.090
568.02	84.419
568.23	84.729
568.43	85.023
568.63	85.302
568.83	85.544
569.03	85.755
569.24	85.950
569.44	86.135
569.64	86.295
569.84	86.440
570.04	86.530
570.24	86.609
570.45	86.662
570.65	86.698
570.85	86.694
571.05	86.652
571.25	86.585
571.45	86.484
571.66	86.376
571.86	86.249
572.06	86.077
572.26	85.894
572.46	85.688
572.66	85.467
572.87	85.204
573.07	84.939
573.27	84.646
573.47	84.337
573.67	83.998
573.87	83.636
574.08	83.251
574.28	82.875
574.48	82.479
574.68	82.061
574.88	81.637
575.08	81.188
575.28	80.744
575.49	80.303
575.69	79.856
575.89	79.384
576.09	78.932
576.29	78.466
576.49	77.998
576.69	77.531
576.90	77.072
577.10	76.626
577.30	76.182
577.50	75.756
577.70	75.325
577.90	74.912
578.10	74.531
578.30	74.156
578.51	73.797
578.71	73.460
578.91	73.140
579.11	72.832
579.31	72.552
579.51	72.293
579.71	72.060
579.91	71.839
580.12	71.658
580.32	71.498
580.52	71.377
580.72	71.265
580.92	71.181
581.12	71.108
581.32	71.073
581.52	71.082
581.72	71.098
581.92	71.148
582.13	71.235
582.33	71.323
582.53	71.450
582.73	71.590
582.93	71.760
583.13	71.958
583.33	72.189
583.53	72.436
583.73	72.708
583.93	72.997
584.13	73.313
584.34	73.655
584.54	73.981
584.74	74.317
584.94	74.697
585.14	75.080
585.34	75.480
585.54	75.855
585.74	76.246
585.94	76.663
586.14	77.091
586.34	77.502
586.54	77.937
586.74	78.369
586.94	78.809
587.15	79.253
587.35	79.682
587.55	80.101
587.75	80.521
587.95	80.918
588.15	81.308
588.35	81.684
588.55	82.055
588.75	82.430
588.95	82.790
589.15	83.127
589.35	83.455
589.55	83.761
589.75	84.088
589.95	84.369
590.15	84.627
590.35	84.858
590.55	85.084
590.75	85.279
590.95	85.450
591.15	85.598
591.35	85.716
591.56	85.812
591.76	85.889
591.96	85.940
592.16	85.980
592.36	85.993
592.56	85.992
592.76	85.954
592.96	85.905
593.16	85.816
593.36	85.710
593.56	85.592
593.76	85.465
593.96	85.287
594.16	85.112
594.36	84.914
594.56	84.694
594.76	84.451
594.96	84.200
595.16	83.913
595.36	83.622
595.56	83.301
595.76	82.959
595.96	82.599
596.16	82.245
596.36	81.871
596.56	81.500
596.76	81.095
596.96	80.686
597.16	80.276
597.36	79.871
597.56	79.451
597.76	79.017
597.96	78.579
598.16	78.148
598.36	77.713
598.56	77.273
598.76	76.844
598.96	76.429
599.16	76.012
599.36	75.626
599.56	75.238
599.76	74.854
599.96	74.489
600.15	74.136
600.35	73.793
600.55	73.465
600.75	73.133
600.95	72.835
601.15	72.541
601.35	72.258
601.55	71.998
601.75	71.770
601.95	71.553
602.15	71.364
602.35	71.178
602.55	71.024
602.75	70.897
602.95	70.781
603.15	70.672
603.35	70.602
603.55	70.543
603.75	70.500
603.95	70.489
604.15	70.503
604.35	70.545
604.54	70.599
604.74	70.697
604.94	70.805
605.14	70.925
605.34	71.075
605.54	71.258
605.74	71.463
605.94	71.671
606.14	71.909
606.34	72.156
606.54	72.432
606.74	72.726
606.94	73.029
607.14	73.356
607.33	73.706
607.53	74.054
607.73	74.408
607.93	74.768
608.13	75.141
608.33	75.523
608.53	75.897
608.73	76.292
608.93	76.666
609.13	77.057
609.33	77.457
609.52	77.860
609.72	78.257
609.92	78.640
610.12	79.037
610.32	79.425
610.52	79.823
610.72	80.198
610.92	80.568
611.12	80.936
611.31	81.295
611.51	81.643
611.71	81.979
611.91	82.321
612.11	82.660
612.31	82.984
612.51	83.283
612.71	83.586
612.91	83.855
613.10	84.124
613.30	84.403
613.50	84.648
613.70	84.867
613.90	85.059
614.10	85.234
614.30	85.378
614.50	85.514
614.69	85.610
614.89	85.706
615.09	85.779
615.29	85.835
615.49	85.867
615.69	85.877
615.89	85.875
616.08	85.853
616.28	85.802
616.48	85.734
616.68	85.641
616.88	85.531
617.08	85.399
617.27	85.262
617.47	85.087
617.67	84.895
617.87	84.686
618.07	84.477
618.27	84.251
618.47	84.023
618.66	83.767
618.86	83.508
619.06	83.220
619.26	82.929
619.46	82.623
619.66	82.296
619.85	81.957
620.05	81.608
620.25	81.235
620.45	80.869
620.65	80.486
620.84	80.128
621.04	79.749
621.24	79.390
621.44	78.994
621.64	78.586
621.84	78.197
622.03	77.804
622.23	77.411
622.43	77.022
622.63	76.632
622.83	76.246
623.02	75.866
623.22	75.503
623.42	75.122
623.62	74.758
623.82	74.416
624.01	74.074
624.21	73.739
624.41	73.425
624.61	73.123
624.81	72.843
625.00	72.551
625.20	72.278
625.40	72.009
625.60	71.770
625.79	71.555
625.99	71.362
626.19	71.175
626.39	71.008
626.59	70.853
626.78	70.732
626.98	70.623
627.18	70.525
627.38	70.453
627.57	70.424
627.77	70.396
627.97	70.383
628.17	70.405
628.37	70.438
628.56	70.507
628.76	70.578
628.96	70.666
629.16	70.774
629.35	70.926
629.55	71.085
629.75	71.263
629.95	71.458
630.14	71.660
630.34	71.890
630.54	72.131
630.74	72.382
630.93	72.645
631.13	72.919
631.33	73.204
631.53	73.479
631.72	73.768
631.92	74.084
632.12	74.416
632.31	74.744
632.51	75.104
632.71	75.456
632.91	75.809
633.10	76.175
633.30	76.559
633.50	76.914
633.70	77.296
633.89	77.666
634.09	78.050
634.29	78.428
634.48	78.801
634.68	79.189
634.88	79.574
635.08	79.961
635.27	80.354
635.47	80.737
635.67	81.130
635.86	81.515
636.06	81.881
636.26	82.225
636.46	82.569
636.65	82.895
636.85	83.229
637.05	83.553
637.24	83.846
637.44	84.134
637.64	84.416
637.83	84.692
638.03	84.963
638.23	85.189
638.43	85.419
638.62	85.625
638.82	85.799
639.02	85.970
639.21	86.113
639.41	86.234
639.61	86.363
639.80	86.467
640.00	86.554
640.20	86.648
640.39	86.733
640.59	86.789
640.79	86.833
640.98	86.842
641.18	86.844
641.38	86.842
641.57	86.804
641.77	86.751
641.97	86.666
642.16	86.573
642.36	86.477
642.56	86.357
642.75	86.242
642.95	86.097
643.15	85.945
643.34	85.787
643.54	85.611
643.74	85.401
643.93	85.185
644.13	84.932
644.33	84.657
644.52	84.381
644.72	84.107
644.91	83.813
645.11	83.500
645.31	83.189
645.50	82.878
645.70	82.565
645.90	82.247
646.09	81.911
646.29	81.563
646.48	81.210
646.68	80.846
646.88	80.478
647.07	80.117
647.27	79.745
647.47	79.366
647.66	78.999
647.86	78.624
648.05	78.264
648.25	77.910
648.45	77.555
648.64	77.189
648.84	76.839
649.04	76.478
649.23	76.127
649.43	75.787
649.62	75.442
649.82	75.097
650.02	74.766
650.21	74.450
650.41	74.160
650.60	73.878
650.80	73.625
651.00	73.352
651.19	73.108
651.39	72.872
651.58	72.643
651.78	72.438
651.97	72.261
652.17	72.082
652.37	71.914
652.56	71.780
652.76	71.655
652.95	71.543
653.15	71.472
653.35	71.406
653.54	71.345
653.74	71.292
653.93	71.268
654.13	71.262
654.32	71.257
654.52	71.255
654.72	71.284
654.91	71.322
655.11	71.389
655.30	71.477
655.50	71.581
655.69	71.705
655.89	71.826
656.08	71.958
656.28	72.116
656.48	72.294
656.67	72.474
656.87	72.673
657.06	72.869
657.26	73.071
657.45	73.301
657.65	73.553
657.84	73.826
658.04	74.095
658.23	74.382
658.43	74.689
658.62	75.009
658.82	75.325
659.02	75.651
659.21	75.993
659.41	76.324
659.60	76.665
659.80	77.012
659.99	77.385
660.19	77.752
660.38	78.124
660.58	78.482
660.77	78.860
660.97	79.221
661.16	79.591
661.36	79.952
661.55	80.328
661.75	80.693
661.94	81.046
662.14	81.415
662.33	81.783
662.53	82.135
662.72	82.484
662.92	82.823
663.11	83.146
663.31	83.480
663.50	83.811
663.70	84.141
663.89	84.459
664.09	84.754
664.28	85.058
664.48	85.337
664.67	85.632
664.87	85.885
665.06	86.148
665.26	86.392
665.45	86.630
665.65	86.849
665.84	87.072
666.04	87.274
666.23	87.437
666.43	87.579
666.62	87.719
666.82	87.845
667.01	87.961
667.21	88.068
667.40	88.144
667.59	88.226
667.79	88.272
667.98	88.292
668.18	88.302
668.37	88.288
668.57	88.291
668.76	88.262
668.96	88.215
669.15	88.160
669.35	88.109
669.54	88.026
669.73	87.934
669.93	87.824
670.12	87.711
670.32	87.606
670.51	87.475
670.71	87.332
670.90	87.184
671.10	87.025
671.29	86.841
671.48	86.640
671.68	86.427
671.87	86.211
672.07	85.984
672.26	85.782
672.46	85.545
672.65	85.288
672.84	85.021
673.04	84.761
673.23	84.486
673.43	84.194
673.62	83.911
673.82	83.619
674.01	83.293
674.20	82.978
674.40	82.645
674.59	82.323
674.79	82.005
674.98	81.668
675.17	81.331
675.37	81.005
675.56	80.678
675.76	80.340
675.95	79.987
676.14	79.657
676.34	79.292
676.53	78.954
676.73	78.608
676.92	78.260
677.11	77.916
677.31	77.575
677.50	77.252
677.70	76.921
677.89	76.586
678.08	76.284
678.28	75.982
678.47	75.696
678.66	75.418
678.86	75.148
679.05	74.881
679.25	74.632
679.44	74.394
679.63	74.179
679.83	73.961
680.02	73.772
680.21	73.583
680.41	73.412
680.60	73.233
680.79	73.075
680.99	72.935
681.18	72.793
681.38	72.675
681.57	72.579
681.76	72.505
681.96	72.443
682.15	72.384
682.34	72.327
682.54	72.282
682.73	72.263
682.92	72.243
683.12	72.257
683.31	72.281
683.50	72.313
683.70	72.361
683.89	72.410
684.08	72.482
684.28	72.571
684.47	72.667
684.66	72.790
684.86	72.925
685.05	73.078
685.24	73.251
685.44	73.421
685.63	73.595
685.82	73.788
686.02	73.983
686.21	74.219
686.40	74.460
686.60	74.724
686.79	74.988
686.98	75.259
687.18	75.540
687.37	75.818
687.56	76.098
687.75	76.391
687.95	76.699
688.14	77.002
688.33	77.323
688.53	77.648
688.72	77.991
688.91	78.328
689.11	78.659
689.30	79.025
689.49	79.394
689.68	79.756
689.88	80.108
690.07	80.463
690.26	80.799
690.46	81.150
690.65	81.480
690.84	81.820
691.03	82.174
691.23	82.511
691.42	82.855
691.61	83.205
691.80	83.532
692.00	83.862
692.19	84.178
692.38	84.490
692.58	84.805
692.77	85.105
692.96	85.395
693.15	85.688
693.35	85.953
693.54	86.238
693.73	86.517
693.92	86.770
694.12	87.038
694.31	87.276
694.50	87.532
694.69	87.755
694.89	87.969
695.08	88.160
695.27	88.371
695.46	88.553
695.66	88.733
695.85	88.908
696.04	89.078
696.23	89.259
696.43	89.413
696.62	89.535
696.81	89.646
697.00	89.761
697.19	89.866
697.39	89.945
697.58	90.006
697.77	90.044
697.96	90.102
698.16	90.131
698.35	90.178
698.54	90.177
698.73	90.205
698.92	90.184
699.12	90.163
699.31	90.121
699.50	90.075
699.69	90.020
699.89	89.947
700.08	89.865
700.27	89.756
700.46	89.652
700.65	89.535
700.85	89.430
701.04	89.294
701.23	89.135
701.42	88.978
701.61	88.809
701.81	88.629
702.00	88.432
702.19	88.232
702.38	88.000
702.57	87.783
702.76	87.531
702.96	87.299
703.15	87.050
703.34	86.784
703.53	86.513
703.72	86.213
703.92	85.915
704.11	85.615
704.30	85.305
704.49	84.994
704.68	84.689
704.87	84.347
705.07	84.022
705.26	83.703
705.45	83.404
705.64	83.073
705.83	82.772
706.02	82.454
706.21	82.147
706.41	81.831
706.60	81.498
706.79	81.185
706.98	80.879
707.17	80.555
707.36	80.245
707.56	79.954
707.75	79.665
707.94	79.378
708.13	79.095
708.32	78.828
708.51	78.548
708.70	78.293
708.89	78.034
709.09	77.775
709.28	77.531
709.47	77.252
709.66	76.994
709.85	76.741
710.04	76.492
710.23	76.233
710.42	76.021
710.62	75.807
710.81	75.574
711.00	75.355
711.19	75.166
711.38	74.977
711.57	74.782
711.76	74.603
711.95	74.454
712.15	74.312
712.34	74.173
712.53	74.048
712.72	73.924
712.91	73.839
713.10	73.753
713.29	73.674
713.48	73.607
713.67	73.574
713.86	73.552
714.05	73.532
714.25	73.529
714.44	73.512
714.63	73.522
714.82	73.572
715.01	73.620
715.20	73.697
715.39	73.760
715.58	73.847
715.77	73.951
715.96	74.055
716.15	74.159
716.34	74.260
716.54	74.384
716.73	74.523
716.92	74.652
717.11	74.805
717.30	74.974
717.49	75.159
717.68	75.351
717.87	75.516
718.06	75.735
718.25	75.966
718.44	76.204
718.63	76.448
718.82	76.686
719.01	76.931
719.20	77.182
719.39	77.455
719.58	77.729
719.77	77.991
719.96	78.243
720.16	78.515
720.35	78.814
720.54	79.101
720.73	79.394
720.92	79.695
721.11	80.014
721.30	80.319
721.49	80.630
721.68	80.948
721.87	81.293
722.06	81.607
722.25	81.919
722.44	82.236
722.63	82.547
722.82	82.849
723.01	83.144
723.20	83.427
723.39	83.724
723.58	84.043
723.77	84.367
723.96	84.695
724.15	85.029
724.34	85.342
724.53	85.657
724.72	85.942
724.91	86.254
725.10	86.558
725.29	86.842
725.48	87.151
725.67	87.408
725.86	87.649
726.05	87.905
726.24	88.148
726.43	88.382
726.62	88.617
726.81	88.880
727.00	89.120
727.19	89.373
727.38	89.607
727.57	89.809
727.76	90.005
727.95	90.193
728.14	90.349
728.33	90.512
728.52	90.668
728.71	90.818
728.90	90.955
729.09	91.060
729.28	91.154
729.47	91.231
729.65	91.324
729.84	91.420
730.03	91.503
730.22	91.576
730.41	91.649
730.60	91.714
730.79	91.723
730.98	91.753
731.17	91.783
731.36	91.775
731.55	91.747
731.74	91.724
731.93	91.693
732.12	91.656
732.31	91.621
732.50	91.588
732.69	91.560
732.88	91.484
733.06	91.405
733.25	91.335
733.44	91.260
733.63	91.150
733.82	91.038
734.01	90.894
734.20	90.751
734.39	90.583
734.58	90.427
734.77	90.285
734.96	90.109
735.15	89.908
735.33	89.710
735.52	89.528
735.71	89.324
735.90	89.102
736.09	88.870
736.28	88.613
736.47	88.352
736.66	88.081
736.85	87.821
737.04	87.533
737.23	87.261
737.41	86.964
737.60	86.707
737.79	86.406
737.98	86.127
738.17	85.843
738.36	85.583
738.55	85.305
738.74	85.031
738.92	84.746
739.11	84.472
739.30	84.178
739.49	83.874
739.68	83.590
739.87	83.329
740.06	83.069
740.25	82.782
740.43	82.517
740.62	82.230
740.81	81.937
741.00	81.681
741.19	81.392
741.38	81.100
741.57	80.804
741.75	80.545
741.94	80.264
742.13	79.987
742.32	79.689
742.51	79.406
742.70	79.130
742.89	78.874
743.07	78.604
743.26	78.351
743.45	78.082
743.64	77.841
743.83	77.577
744.02	77.296
744.20	77.065
744.39	76.823
744.58	76.607
744.77	76.412
744.96	76.231
745.15	76.076
745.33	75.935
745.52	75.791
745.71	75.643
745.90	75.511
746.09	75.393
746.28	75.290
746.46	75.166
746.65	75.045
746.84	74.948
747.03	74.854
747.22	74.778
747.40	74.733
747.59	74.671
747.78	74.623
747.97	74.622
748.16	74.609
748.34	74.580
748.53	74.581
748.72	74.587
748.91	74.573
749.10	74.567
749.28	74.582
749.47	74.620
749.66	74.651
749.85	74.677
750.04	74.718
750.22	74.759
750.41	74.831
750.60	74.921
750.79	74.982
750.97	75.066
751.16	75.174
751.35	75.270
751.54	75.365
751.73	75.500
751.91	75.616
752.10	75.773
752.29	75.916
752.48	76.078
752.66	76.243
752.85	76.420
753.04	76.604
753.23	76.809
753.41	76.985
753.60	77.200
753.79	77.429
753.98	77.647
754.16	77.877
754.35	78.103
754.54	78.328
754.73	78.588
754.91	78.850
755.10	79.102
755.29	79.377
755.48	79.637
755.66	79.898
755.85	80.170
756.04	80.418
756.22	80.707
756.41	80.964
756.60	81.232
756.79	81.518
756.97	81.805
757.16	82.049
757.35	82.337
757.54	82.621
757.72	82.897
757.91	83.184
758.10	83.472
758.28	83.752
758.47	84.027
758.66	84.330
758.85	84.614
759.03	84.902
759.22	85.189
759.41	85.487
759.59	85.776
759.78	86.063
759.97	86.331
760.15	86.584
760.34	86.876
760.53	87.138
760.71	87.381
760.90	87.651
761.09	87.913
761.28	88.173
761.46	88.410
761.65	88.656
761.84	88.907
762.02	89.147
762.21	89.411
762.40	89.631
762.58	89.820
762.77	90.015
762.96	90.219
763.14	90.430
763.33	90.615
763.52	90.774
763.70	90.915
763.89	91.082
764.08	91.256
764.26	91.374
764.45	91.526
764.64	91.681
764.82	91.785
765.01	91.898
765.20	91.981
765.38	92.085
765.57	92.149
765.75	92.215
765.94	92.255
766.13	92.306
766.31	92.374
766.50	92.420
766.69	92.494
766.87	92.555
767.06	92.575
767.25	92.611
767.43	92.662
767.62	92.717
767.80	92.741
767.99	92.740
768.18	92.729
768.36	92.713
768.55	92.684
768.74	92.652
768.92	92.619
769.11	92.606
769.29	92.555
769.48	92.528
769.67	92.454
769.85	92.407
770.04	92.281
770.22	92.174
770.41	92.043
770.60	91.886
770.78	91.708
770.97	91.551
771.15	91.394
771.34	91.197
771.53	91.025
771.71	90.843
771.90	90.680
772.08	90.561
772.27	90.385
772.46	90.183
772.64	89.987
772.83	89.782
773.01	89.530
773.20	89.295
773.39	89.070
773.57	88.835
773.76	88.595
773.94	88.403
774.13	88.163
774.31	87.912
774.50	87.697
774.68	87.448
774.87	87.198
775.06	86.902
775.24	86.642
775.43	86.348
775.61	86.065
775.80	85.785
775.98	85.472
776.17	85.167
776.36	84.878
776.54	84.588
776.73	84.292
776.91	84.016
777.10	83.738
777.28	83.422
777.47	83.145
777.65	82.852
777.84	82.549
778.02	82.278
778.21	82.014
778.39	81.713
778.58	81.444
778.77	81.178
778.95	80.941
779.14	80.703
779.32	80.474
779.51	80.247
779.69	79.990
779.88	79.758
780.06	79.539
780.25	79.305
780.43	79.073
780.62	78.862
780.80	78.646
780.99	78.420
781.17	78.203
781.36	77.981
781.54	77.780
781.73	77.546
781.91	77.337
782.10	77.147
782.28	76.957
782.47	76.769
782.65	76.562
782.84	76.370
783.02	76.192
783.21	76.027
783.39	75.862
783.58	75.712
783.76	75.544
783.95	75.396
784.13	75.291
784.32	75.182
784.50	75.065
784.69	74.983
784.87	74.901
785.05	74.836
785.24	74.772
785.42	74.721
785.61	74.677
785.79	74.644
785.98	74.616
786.16	74.572
786.35	74.568
786.53	74.564
786.72	74.553
786.90	74.549
787.09	74.531
787.27	74.542
787.45	74.571
787.64	74.594
787.82	74.616
788.01	74.643
788.19	74.689
788.38	74.737
788.56	74.730
788.75	74.792
788.93	74.870
789.11	74.917
789.30	74.957
789.48	75.035
789.67	75.118
789.85	75.191
790.04	75.319
790.22	75.422
790.40	75.545
790.59	75.658
790.77	75.782
790.96	75.942
791.14	76.087
791.32	76.223
791.51	76.377
791.69	76.547
791.88	76.713
792.06	76.885
792.25	77.047
792.43	77.272
792.61	77.453
792.80	77.613
792.98	77.832
793.17	78.035
793.35	78.214
793.53	78.406
793.72	78.646
793.90	78.852
794.08	79.058
794.27	79.270
794.45	79.514
794.64	79.734
794.82	79.949
795.00	80.143
795.19	80.375
795.37	80.598
795.55	80.779
795.74	81.004
795.92	81.233
796.11	81.491
796.29	81.733
796.47	81.965
796.66	82.187
796.84	82.443
797.02	82.703
797.21	82.980
797.39	83.238
797.58	83.475
797.76	83.705
797.94	83.971
798.13	84.228
798.31	84.495
798.49	84.729
798.68	84.966
798.86	85.251
799.04	85.475
799.23	85.728
799.41	85.997
799.59	86.233
799.78	86.429
799.96	86.643
800.14	86.866
800.33	87.096
800.51	87.352
800.69	87.534
800.88	87.753
801.06	87.979
801.24	88.149
801.43	88.331
801.61	88.500
801.79	88.656
801.98	88.813
802.16	88.985
802.34	89.176
802.52	89.351
802.71	89.472
802.89	89.645
803.07	89.789
803.26	89.913
803.44	90.020
803.62	90.159
803.81	90.272
803.99	90.346
804.17	90.421
804.35	90.488
804.54	90.550
804.72	90.641
804.90	90.702
805.09	90.810
805.27	90.905
805.45	91.000
805.63	91.059
805.82	91.125
806.00	91.113
806.18	91.136
806.37	91.174
806.55	91.174
806.73	91.189
806.91	91.192
807.10	91.218
807.28	91.229
807.46	91.236
807.64	91.225
807.83	91.223
808.01	91.212
808.19	91.145
808.37	91.093
808.56	91.012
808.74	90.952
808.92	90.879
809.10	90.765
809.29	90.700
809.47	90.620
809.65	90.488
809.83	90.427
810.02	90.310
810.20	90.200
810.38	90.104
810.56	89.972
810.75	89.877
810.93	89.758
811.11	89.636
811.29	89.510
811.47	89.374
811.66	89.215
811.84	89.065
812.02	88.990
812.20	88.878
812.39	88.755
812.57	88.610
812.75	88.476
812.93	88.375
813.11	88.212
813.30	88.076
813.48	87.963
813.66	87.799
813.84	87.653
814.02	87.477
814.21	87.327
814.39	87.132
814.57	86.937
814.75	86.743
814.93	86.546
815.12	86.332
815.30	86.125
815.48	85.923
815.66	85.698
815.84	85.443
816.03	85.195
816.21	84.923
816.39	84.679
816.57	84.381
816.75	84.075
816.93	83.792
817.12	83.488
817.30	83.180
817.48	82.884
817.66	82.620
817.84	82.366
818.02	82.120
818.21	81.844
818.39	81.593
818.57	81.318
818.75	81.097
818.93	80.847
819.11	80.585
819.30	80.341
819.48	80.122
819.66	79.916
819.84	79.727
820.02	79.514
820.20	79.295
820.38	79.078
820.57	78.876
820.75	78.699
820.93	78.506
821.11	78.324
821.29	78.147
821.47	77.941
821.65	77.736
821.83	77.520
822.02	77.341
822.20	77.137
822.38	76.985
822.56	76.750
822.74	76.534
822.92	76.302
823.10	76.107
823.28	75.883
823.46	75.661
823.65	75.436
823.83	75.245
824.01	75.044
824.19	74.848
824.37	74.649
824.55	74.424
824.73	74.245
824.91	74.049
825.09	73.869
825.27	73.689
825.46	73.492
825.64	73.296
825.82	73.138
826.00	72.961
826.18	72.800
826.36	72.666
826.54	72.550
826.72	72.488
826.90	72.391
827.08	72.315
827.26	72.246
827.44	72.163
827.63	72.078
827.81	72.020
827.99	71.993
828.17	71.946
828.35	71.908
828.53	71.870
828.71	71.868
828.89	71.847
829.07	71.836
829.25	71.819
829.43	71.840
829.61	71.834
829.79	71.836
829.97	71.842
830.15	71.824
830.33	71.841
830.51	71.829
830.69	71.845
830.87	71.812
831.06	71.830
831.24	71.850
831.42	71.875
831.60	71.879
831.78	71.913
831.96	71.971
832.14	72.045
832.32	72.117
832.50	72.162
832.68	72.197
832.86	72.239
833.04	72.341
833.22	72.399
833.40	72.493
833.58	72.564
833.76	72.634
833.94	72.759
834.12	72.879
834.30	73.007
834.48	73.108
834.66	73.274
834.84	73.372
835.02	73.522
835.20	73.667
835.38	73.833
835.56	73.992
835.74	74.159
835.92	74.326
836.10	74.471
836.28	74.630
836.46	74.827
836.64	75.002
836.82	75.144
837.00	75.317
837.18	75.488
837.36	75.690
837.54	75.871
837.72	76.057
837.90	76.244
838.08	76.429
838.26	76.619
838.43	76.791
838.61	76.990
838.79	77.175
838.97	77.370
839.15	77.559
839.33	77.739
839.51	77.878
839.69	78.038
839.87	78.225
840.05	78.439
840.23	78.619
840.41	78.814
840.59	78.967
840.77	79.168
840.95	79.336
841.13	79.492
841.31	79.658
841.49	79.802
841.67	79.921
841.84	80.087
842.02	80.209
842.20	80.402
842.38	80.533
842.56	80.672
842.74	80.827
842.92	80.927
843.10	81.066
843.28	81.250
843.46	81.390
843.64	81.484
843.82	81.609
843.99	81.724
844.17	81.881
844.35	82.110
844.53	82.260
844.71	82.453
844.89	82.578
845.07	82.761
845.25	82.939
845.43	83.120
845.61	83.270
845.78	83.482
845.96	83.629
846.14	83.827
846.32	84.012
846.50	84.154
846.68	84.377
846.86	84.533
847.04	84.676
847.22	84.775
847.39	84.951
847.57	85.070
847.75	85.190
847.93	85.251
848.11	85.334
848.29	85.460
848.47	85.509
848.65	85.641
848.82	85.684
849.00	85.757
849.18	85.801
849.36	85.837
849.54	85.888
849.72	85.881
849.89	85.914
850.07	85.967
850.25	85.966
850.43	85.929
850.61	85.920
850.79	85.878
850.97	85.938
851.14	85.951
851.32	85.927
851.50	85.940
851.68	85.983
851.86	86.030
852.04	86.004
852.21	86.039
852.39	86.047
852.57	86.107
852.75	86.107
852.93	86.109
853.10	86.093
853.28	86.049
853.46	86.046
853.64	85.977
853.82	85.888
854.00	85.909
854.17	85.849
854.35	85.772
854.53	85.738
854.71	85.649
854.89	85.528
855.06	85.490
855.24	85.438
855.42	85.353
855.60	85.210
855.78	85.112
855.95	84.984
856.13	84.879
856.31	84.692
856.49	84.552
856.66	84.446
856.84	84.284
857.02	84.213
857.20	84.131
857.38	83.974
857.55	83.839
857.73	83.620
857.91	83.523
858.09	83.363
858.26	83.215
858.44	83.077
858.62	82.950
858.80	82.770
858.97	82.591
859.15	82.411
859.33	82.202
859.51	82.040
859.68	81.859
859.86	81.668
860.04	81.496
860.22	81.291
860.39	81.091
860.57	80.891
860.75	80.616
860.93	80.393
861.10	80.264
861.28	80.095
861.46	79.890
861.64	79.691
861.81	79.541
861.99	79.330
862.17	79.119
862.35	78.928
862.52	78.769
862.70	78.575
862.88	78.407
863.05	78.210
863.23	77.995
863.41	77.811
863.59	77.593
863.76	77.437
863.94	77.245
864.12	77.057
864.29	76.898
864.47	76.685
864.65	76.492
864.83	76.231
865.00	76.000
865.18	75.839
865.36	75.655
865.53	75.446
865.71	75.308
865.89	75.110
866.06	74.895
866.24	74.653
866.42	74.447
866.59	74.218
866.77	74.065
866.95	73.871
867.12	73.628
867.30	73.464
867.48	73.237
867.65	73.050
867.83	72.844
868.01	72.661
868.18	72.473
868.36	72.282
868.54	72.135
868.71	71.986
868.89	71.822
869.07	71.634
869.24	71.470
869.42	71.270
869.60	71.115
869.77	71.004
869.95	70.856
870.13	70.707
870.30	70.592
870.48	70.399
870.66	70.255
870.83	70.141
871.01	69.951
871.18	69.827
871.36	69.695
871.54	69.542
871.71	69.420
871.89	69.328
872.07	69.157
872.24	69.023
872.42	68.928
872.59	68.813
872.77	68.684
872.95	68.592
873.12	68.452
873.30	68.323
873.48	68.217
873.65	68.118
873.83	68.023
874.00	67.909
874.18	67.834
874.36	67.765
874.53	67.701
874.71	67.630
874.88	67.558
875.06	67.527
875.24	67.539
875.41	67.491
875.59	67.456
875.76	67.490
875.94	67.456
876.11	67.347
876.29	67.268
876.47	67.242
876.64	67.188
876.82	67.155
876.99	67.128
877.17	67.094
877.35	67.080
877.52	67.048
877.70	67.013
877.87	67.009
878.05	67.008
878.22	67.013
878.40	67.063
878.57	67.061
878.75	67.022
878.93	66.978
879.10	66.977
879.28	66.991
879.45	66.986
879.63	66.973
879.80	66.980
879.98	67.025
880.15	67.051
880.33	67.098
880.50	67.136
880.68	67.231
880.86	67.285
881.03	67.355
881.21	67.440
881.38	67.522
881.56	67.683
881.73	67.736
881.91	67.803
882.08	67.857
882.26	67.981
882.43	68.102
882.61	68.266
882.78	68.383
882.96	68.516
883.13	68.631
883.31	68.776
883.48	68.974
883.66	69.135
883.83	69.295
884.01	69.412
884.18	69.618
884.36	69.770
884.53	69.905
884.71	70.047
884.88	70.150
885.06	70.306
885.23	70.365
885.41	70.509
885.58	70.622
885.76	70.789
885.93	70.866
886.11	71.037
886.28	71.146
886.46	71.271
886.63	71.395
886.81	71.523
886.98	71.692
887.15	71.788
887.33	71.949
887.50	72.131
887.68	72.280
887.85	72.378
888.03	72.506
888.20	72.649
888.38	72.793
888.55	72.958
888.73	73.036
888.90	73.163
889.08	73.298
889.25	73.409
889.42	73.530
889.60	73.725
889.77	73.801
889.95	73.928
890.12	74.006
890.30	74.090
890.47	74.166
890.64	74.291
890.82	74.434
890.99	74.538
891.17	74.635
891.34	74.753
891.52	74.863
891.69	74.989
891.86	75.113
892.04	75.224
892.21	75.383
892.39	75.610
892.56	75.783
892.73	75.870
892.91	76.020
893.08	76.213
893.26	76.304
893.43	76.465
893.60	76.565
893.78	76.738
893.95	76.897
894.13	77.134
894.30	77.286
894.47	77.485
894.65	77.612
894.82	77.756
895.00	77.888
895.17	78.049
895.34	78.211
895.52	78.390
895.69	78.513
895.86	78.638
896.04	78.671
896.21	78.809
896.39	79.010
896.56	79.173
896.73	79.183
896.91	79.221
897.08	79.306
897.25	79.468
897.43	79.527
897.60	79.615
897.77	79.618
897.95	79.616
898.12	79.593
898.30	79.698
898.47	79.711
898.64	79.759
898.82	79.773
898.99	79.757
899.16	79.740
899.34	79.723
899.51	79.640
899.68	79.634
899.86	79.595
900.03	79.513
900.20	79.458
900.38	79.481
900.55	79.571
900.72	79.521
900.90	79.455
901.07	79.548
901.24	79.515
901.41	79.530
901.59	79.545
901.76	79.547
901.93	79.487
902.11	79.426
902.28	79.422
902.45	79.520
902.63	79.557
902.80	79.514
902.97	79.508
903.15	79.596
903.32	79.659
903.49	79.639
903.66	79.678
903.84	79.709
904.01	79.691
904.18	79.659
904.36	79.682
904.53	79.661
904.70	79.588
904.87	79.586
905.05	79.510
905.22	79.520
905.39	79.501
905.56	79.433
905.74	79.390
905.91	79.314
906.08	79.195
906.26	79.093
906.43	79.023
906.60	78.939
906.77	78.782
906.95	78.674
907.12	78.566
907.29	78.410
907.46	78.369
907.64	78.272
907.81	78.181
907.98	78.001
908.15	77.891
908.33	77.778
908.50	77.639
908.67	77.547
908.84	77.419
909.01	77.272
909.19	77.189
909.36	77.078
909.53	76.934
909.70	76.700
909.88	76.596
910.05	76.425
910.22	76.341
910.39	76.236
910.57	76.140
910.74	76.058
910.91	76.009
911.08	75.802
911.25	75.669
911.43	75.530
911.60	75.418
911.77	75.289
911.94	75.055
912.11	74.900
912.29	74.699
912.46	74.462
912.63	74.239
912.80	74.025
912.97	73.848
913.15	73.718
913.32	73.599
913.49	73.389
913.66	73.315
913.83	73.102
914.00	72.881
914.18	72.676
914.35	72.482
914.52	72.214
914.69	72.007
914.86	71.799
915.03	71.604
915.21	71.479
915.38	71.254
915.55	71.185
915.72	71.025
915.89	70.900
916.06	70.809
916.24	70.752
916.41	70.601
916.58	70.474
916.75	70.272
916.92	70.104
917.09	69.910
917.26	69.639
917.44	69.428
917.61	69.318
917.78	69.105
917.95	68.946
918.12	68.766
918.29	68.681
918.46	68.500
918.64	68.338
918.81	68.195
918.98	68.070
919.15	67.875
919.32	67.728
919.49	67.500
919.66	67.314
919.83	67.114
920.00	66.937
920.18	66.793
920.35	66.752
920.52	66.625
920.69	66.575
920.86	66.553
921.03	66.472
921.20	66.324
921.37	66.214
921.54	65.964
921.71	65.868
921.89	65.693
922.06	65.629
922.23	65.503
922.40	65.374
922.57	65.171
922.74	65.088
922.91	64.997
923.08	64.948
923.25	64.849
923.42	64.759
923.59	64.739
923.76	64.542
923.93	64.340
924.11	64.185
924.28	64.057
924.45	63.936
924.62	63.912
924.79	63.816
924.96	63.660
925.13	63.638
925.30	63.534
925.47	63.387
925.64	63.284
925.81	63.227
925.98	63.153
926.15	63.140
926.32	62.969
926.49	62.869
926.66	62.784
926.83	62.685
927.00	62.644
927.17	62.501
927.34	62.568
927.51	62.538
927.69	62.576
927.86	62.544
928.03	62.431
928.20	62.377
928.37	62.285
928.54	62.320
928.71	62.277
928.88	62.290
929.05	62.322
929.22	62.330
929.39	62.278
929.56	62.215
929.73	62.163
929.90	62.224
930.07	62.219
930.24	62.160
930.41	62.154
930.58	62.202
930.75	62.279
930.92	62.191
931.09	62.158
931.26	62.118
931.43	62.072
931.60	62.084
931.77	62.030
931.94	62.100
932.11	62.133
932.27	62.169
932.44	62.184
932.61	62.218
932.78	62.170
932.95	62.248
933.12	62.209
933.29	62.249
933.46	62.272
933.63	62.209
933.80	62.236
933.97	62.246
934.14	62.207
934.31	62.144
934.48	62.188
934.65	62.228
934.82	62.303
934.99	62.345
935.16	62.396
935.33	62.450
935.50	62.578
935.67	62.655
935.84	62.693
936.00	62.702
936.17	62.762
936.34	62.859
936.51	62.864
936.68	62.914
936.85	62.957
937.02	63.034
937.19	63.117
937.36	63.264
937.53	63.278
937.70	63.373
937.87	63.450
938.03	63.455
938.20	63.505
938.37	63.561
938.54	63.624
938.71	63.684
938.88	63.809
939.05	63.735
939.22	63.687
939.39	63.764
939.56	63.954
939.72	64.009
939.89	64.061
940.06	64.108
940.23	64.195
940.40	64.273
940.57	64.425
940.74	64.566
940.91	64.617
941.08	64.823
941.24	64.902
941.41	65.096
941.58	65.330
941.75	65.484
941.92	65.652
942.09	65.778
942.26	65.880
942.42	65.934
942.59	66.156
942.76	66.497
942.93	66.655
943.10	66.654
943.27	66.813
943.44	66.964
943.60	67.155
943.77	67.160
943.94	67.369
944.11	67.389
944.28	67.460
944.45	67.592
944.61	67.664
944.78	67.682
944.95	67.701
945.12	67.900
945.29	68.002
945.46	67.945
945.62	67.967
945.79	68.163
945.96	68.470
946.13	68.612
946.30	68.597
946.46	68.735
946.63	68.853
946.80	68.962
946.97	69.121
947.14	69.195
947.31	69.691
947.47	69.908
947.64	70.103
947.81	70.263
947.98	70.435
948.15	70.528
948.31	70.766
948.48	70.910
948.65	70.922
948.82	71.047
948.98	71.217
949.15	71.527
949.32	71.569
949.49	71.526
949.66	71.582
949.82	71.627
949.99	71.756
950.16	71.865
950.33	71.845
950.49	71.915
950.66	71.859
950.83	71.711
951.00	71.547
951.16	71.349
951.33	71.390
951.50	71.333
951.67	71.398
951.83	71.415
952.00	71.405
952.17	71.303
952.34	71.297
952.50	71.449
952.67	71.380
952.84	71.422
953.01	71.351
953.17	71.387
953.34	71.507
953.51	71.408
953.68	71.337
953.84	71.281
954.01	71.232
954.18	71.196
954.34	71.248
954.51	71.319
954.68	71.429
954.85	71.411
955.01	71.529
955.18	71.773
955.35	71.544
955.51	71.514
955.68	71.627
955.85	71.778
956.02	71.647
956.18	71.693
956.35	71.602
956.52	71.670
956.68	71.651
956.85	71.543
957.02	71.632
957.18	71.661
957.35	71.667
957.52	71.726
957.69	71.814
957.85	71.837
958.02	71.708
958.19	71.609
958.35	71.608
958.52	71.354
958.69	71.011
958.85	71.173
959.02	71.266
959.19	71.026
959.35	70.928
959.52	70.972
959.69	70.955
959.85	71.042
960.02	71.052
960.19	70.902
960.35	70.820
960.52	70.662
960.68	70.615
960.85	70.710
961.02	70.470
961.18	70.485
961.35	70.287
961.52	70.334
961.68	70.364
961.85	70.279
962.02	70.364
962.18	70.378
962.35	70.155
962.51	70.003
962.68	70.039
962.85	69.946
963.01	69.635
963.18	69.574
963.35	69.188
963.51	68.982
963.68	68.974
963.84	68.730
964.01	68.774
964.18	68.622
964.34	68.361
964.51	68.209
964.67	68.005
964.84	67.929
965.01	67.684
965.17	67.414
965.34	67.386
965.50	67.104
965.67	67.028
965.84	67.024
966.00	67.141
966.17	67.187
966.33	67.006
966.50	66.916
966.66	66.819
966.83	66.880
967.00	66.758
967.16	66.606
967.33	66.589
967.49	66.393
967.66	66.577
967.82	66.426
967.99	66.575
968.16	66.558
968.32	66.454
968.49	66.275
968.65	66.482
968.82	66.316
968.98	66.368
969.15	66.037
969.31	65.781
969.48	65.541
969.64	65.247
969.81	65.249
969.98	65.244
970.14	64.875
970.31	64.817
970.47	64.563
970.64	64.289
970.80	64.353
970.97	63.865
971.13	63.501
971.30	63.390
971.46	63.150
971.63	62.939
971.79	63.028
971.96	63.049
972.12	62.725
972.29	62.350
972.45	62.235
972.62	62.335
972.78	62.418
972.95	61.988
973.11	61.775
973.28	61.665
973.44	61.595
973.61	61.843
973.77	61.667
973.94	61.679
974.10	61.893
974.27	61.811
974.43	62.144
974.60	62.146
974.76	62.164
974.93	62.187
975.09	62.088
975.26	61.852
975.42	61.841
975.59	61.619
975.75	62.031
975.92	61.952
976.08	61.396
976.24	61.169
976.41	60.940
976.57	61.034
976.74	60.942
976.90	60.592
977.07	60.105
977.23	60.063
977.40	59.957
977.56	59.274
977.73	58.915
977.89	58.556
978.05	58.119
978.22	57.904
978.38	57.521
978.55	57.261
978.71	57.045
978.88	56.980
979.04	56.994
979.20	56.733
979.37	56.605
979.53	56.634
979.70	56.730
979.86	57.031
980.03	56.869
980.19	56.650
980.35	56.721
980.52	56.511
980.68	56.571
980.85	56.503
981.01	56.702
981.17	56.637
981.34	56.553
981.50	56.548
981.67	56.579
981.83	56.520
981.99	56.454
982.16	56.202
982.32	55.364
982.49	55.353
982.65	55.081
982.81	55.215
982.98	55.196
983.14	55.042
983.30	54.664
983.47	54.633
983.63	54.411
983.80	54.105
983.96	53.868
984.12	54.173
984.29	54.390
984.45	54.575
984.61	54.437
984.78	54.705
984.94	54.918
985.10	55.374
985.27	55.171
985.43	55.651
985.59	56.049
985.76	56.675
985.92	56.818
986.08	57.252
986.25	56.718
986.41	57.402
986.57	56.883
986.74	57.262
986.90	57.119
987.06	57.052
987.23	57.161
987.39	56.869
987.55	55.952
987.72	55.596
987.88	54.842
988.04	55.119
988.21	55.425
988.37	55.213
988.53	54.437
988.70	54.889
988.86	54.251
989.02	53.877
989.19	53.342
989.35	53.294
989.51	52.609
989.67	52.637
989.84	52.014
990.00	52.014
990.16	52.250
990.33	52.392
990.49	52.847
990.65	53.029
990.82	53.755
990.98	53.817
991.14	53.702
991.30	54.546
991.47	53.990
991.63	53.807
991.79	54.660
991.95	55.037
992.12	55.074
992.28	55.419
992.44	55.695
992.61	56.060
992.77	56.104
992.93	56.714
993.09	56.800
993.26	57.038
993.42	57.697
993.58	57.164
993.74	57.014
993.91	56.527
994.07	56.347
994.23	56.427
994.39	56.533
994.55	56.643
994.72	56.091
994.88	56.206
995.04	55.792
995.20	55.438
995.37	55.063
995.53	55.024
995.69	54.707
995.85	54.154
996.02	54.241
996.18	54.599
996.34	54.182
996.50	54.413
996.66	55.354
996.83	54.838
996.99	54.190
997.15	54.799
997.31	54.939
997.47	55.161
997.64	55.014
997.80	55.528
997.96	56.377
998.12	56.712
998.28	57.730
998.45	58.067
998.61	57.809
998.77	57.566
998.93	57.752
999.09	59.008
999.25	59.399
999.42	60.490
999.58	60.134
999.74	59.852
999.90	59.504
1000.06	58.540
1000.22	58.779
1000.39	59.721
1000.55	59.524
1000.71	59.991
1000.87	59.728
1001.03	59.530
1001.19	59.344
1001.36	58.555
1001.52	58.270
1001.68	57.767
1001.84	58.388
1002.00	57.496
1002.16	57.460
1002.32	56.742
1002.49	54.871
1002.65	54.545
1002.81	53.734
1002.97	53.786
1003.13	53.722
1003.29	54.684
1003.45	54.312
1003.62	54.881
1003.78	54.438
1003.94	54.438
1004.10	53.761
1004.26	54.067
1004.42	53.839
1004.58	53.590
1004.74	54.183
1004.90	55.684
1005.07	55.522
1005.23	54.407
1005.39	55.644
1005.55	56.296
1005.71	55.744
1005.87	56.947
1006.03	58.136
1006.19	58.323
1006.35	57.744
1006.51	58.619
1006.67	58.255
1006.84	58.024
1007.00	57.920
1007.16	59.018
1007.32	57.582
1007.48	58.280
1007.64	59.737
1007.80	59.733
1007.96	59.054
1008.12	59.254
1008.28	57.267
1008.44	58.229
1008.60	58.689
1008.76	57.290
1008.92	56.384
1009.09	56.543
1009.25	55.962
1009.41	54.823
1009.57	55.505
1009.73	56.304
1009.89	56.907
1010.05	57.587
1010.21	59.594
1010.37	59.340
1010.53	60.485
1010.69	62.534
1010.85	61.986
1011.01	60.243
1011.17	59.336
1011.33	61.089
1011.49	61.317
1011.65	61.386
1011.81	60.863
1011.97	61.471
1012.13	63.669
1012.29	65.146
1012.45	66.804
1012.61	70.502
1012.77	68.488
1012.93	67.627
1013.09	66.201
1013.25	66.537
1013.41	66.949
1013.57	64.030
1013.73	63.145
1013.89	59.641
1014.05	61.117
1014.21	59.490
1014.37	57.742
1014.53	56.621
1014.69	55.986
1014.85	56.184
1015.01	57.709
1015.17	60.532
1015.33	60.565
1015.49	59.484
1015.65	61.378
1015.81	62.230
1015.97	59.161
1016.13	62.379
1016.29	61.780
1016.45	62.928
1016.61	62.505
1016.77	59.648
1016.93	60.537
1017.09	59.711
1017.25	60.573
1017.41	59.225
1017.56	61.286
1017.72	67.383
1017.88	69.547
1018.04	71.845
1018.20	69.403
1018.36	70.167
1018.52	67.094
1018.68	68.417
1018.84	69.532
1019.00	67.065
1019.16	67.326
1019.32	70.084
1019.48	70.831
1019.64	73.540
1019.79	71.435
1019.95	68.183
1020.11	73.598
1020.27	73.194
1020.43	78.985
1020.59	81.130
1020.75	79.381
1020.91	83.441
1021.07	76.974
1021.23	76.420
1021.39	71.873
1021.54	76.916
1021.70	73.945
1021.86	72.188
1022.02	70.173
1022.18	67.192
1022.34	69.838
1022.50	69.252
1022.66	66.980
1022.82	67.203
1022.97	66.573
1023.13	69.236
1023.29	74.192
1023.45	72.471
1023.61	73.370
1023.77	71.950
1023.93	73.228
1024.08	74.148
1024.24	71.294
1024.40	71.456
1024.56	78.939
1024.72	79.872
1024.88	69.669
1025.04	73.653
1025.19	72.985
1025.35	69.275
1025.51	72.886
1025.67	74.848
1025.83	71.171
1025.99	72.832
1026.14	69.601
1026.30	75.473
1026.46	77.384
1026.62	73.412
1026.78	68.099
1026.94	66.200
1027.09	63.962
1027.25	61.041
1027.41	59.631
1027.57	59.018
1027.73	58.568
1027.89	54.145
1028.04	53.957
1028.20	53.737
1028.36	54.152
1028.52	53.397
1028.68	53.605
1028.83	54.016
1028.99	52.447
1029.15	52.852
1029.31	51.778
1029.47	53.573
1029.62	52.389
1029.78	50.893
1029.94	49.477
1030.10	51.061
1030.25	51.712
1030.41	54.247
1030.57	56.330
1030.73	59.865
1030.89	57.848
1031.04	62.284
1031.20	64.099
1031.36	72.160
1031.52	78.369
1031.67	80.909
1031.83	84.666
1031.99	95.400
1032.15	84.962
1032.30	91.235
1032.46	101.797
1032.62	93.989
1032.78	85.788
1032.93	92.638
1033.09	82.341
1033.25	73.901
1033.41	66.810
1033.56	60.087
1033.72	-13.529
1033.88	121.667
1034.04	40.738
1034.19	35.364
1034.35	71.014
1034.51	2.844
1034.66	48.593
1034.82	2945.833
1034.98	2945.833
1035.14	2945.833
